# y jRe_x jRe_y jRe_z jIm_x jIm_y jIm_z BRe_x BRe_y BRe_z BIm_x BIm_y BIm_z F_x F_y F_z VReGrad_x VReGrad_y VReGrad_z VImGrad_x VImGrad_y VImGrad_z s VRe VIm sigma mur
-0.075 -1808137.7 	-262.43728 	59.218823 	 -4452047.2 	-141.06446 	207.58088 	 1.3055931e-06 	0.0089903079 	0.03873982 	 1.0758687e-06 	0.011742039 	0.0053029843 	 -6.9366188 	46827.948 	-34265.523 	 0.16895692 	2.11586e-05 	-4.1106422e-05 	 0.35703689 	2.66609e-05 	-0.00017401637 		-0.075 -8.1316727e-06 -3.0611348e-05 1200000 1
-0.07375 -1901565.1 	0.043269 	-0.032683335 	 -4117333.5 	-0.12043 	-0.082189 	 7.70155e-09 	0.0091027714 	0.038114107 	 7.1122e-09 	0.011291131 	0.003966786 	 0.0010705 	44557.656 	-31872.659 	 0.15408872 	8.0358e-06 	9.71605e-08 	 0.29555079 	-8.0168e-06 	3.02074e-07 		-0.07375 8.0466159e-09 1.1525508e-06 1200000 1
-0.0725 -1926833.1 	0.214555 	0.015184915 	 -3775504.5 	0.269595 	-0.2049155 	 8.4161e-09 	0.0099753748 	0.036114471 	 6.8923e-09 	0.012176409 	0.00058518745 	 0.0047598 	36024.524 	-32591.864 	 0.12564012 	8.0543e-06 	4.89565e-08 	 0.17941263 	-8.5673e-06 	4.09165e-07 		-0.0725 1.8131847e-08 1.1422777e-06 1200000 1
-0.07125 -1929099.6 	0.421485 	0.05652525 	 -3456057.1 	0.573155 	-0.3034603 	 8.925e-09 	0.01056821 	0.034212598 	 6.53195e-09 	0.01255969 	-0.0021401723 	 0.00803965 	29398.62 	-31912.133 	 0.098837666 	8.03475e-06 	6.4065e-09 	 0.068201375 	-9.05035e-06 	4.9579811e-07 		-0.07125 2.8179517e-08 1.1311346e-06 1200000 1
-0.07 -1912585.6 	0.538975 	0.0699934 	 -3158295.8 	0.401855 	-0.3293363 	 9.697e-09 	0.010939503 	0.032363877 	 6.31195e-09 	0.012543588 	-0.0044822305 	 0.0095145 	23964.548 	-30294.012 	 0.073780147 	8.08225e-06 	-1.22005e-08 	 -0.038039157 	-9.14555e-06 	5.2183961e-07 		-0.07 3.8216992e-08 1.1196537e-06 1200000 1
-0.06875 -1880893.3 	0.62712 	0.0719865 	 -2881149.2 	0.1809 	-0.3847445 	 1.0649e-08 	0.011177759 	0.030591352 	 6.19065e-09 	0.012330624 	-0.0064839413 	 0.010871 	19498.709 	-28302.87 	 0.050455897 	8.15155e-06 	-2.0476e-08 	 -0.13943923 	-9.20605e-06 	5.7245225e-07 		-0.06875 4.8383903e-08 1.1082719e-06 1200000 1
-0.0675 -1836728.5 	0.7909 	0.0605468 	 -2623815.9 	0.28915 	-0.4044825 	 1.16475e-08 	0.011259315 	0.028890664 	 6.0326e-09 	0.011932966 	-0.008195535 	 0.012118 	15849.667 	-26029.553 	 0.028840097 	8.154305e-06 	-1.66905e-08 	 -0.2361252 	-9.5451e-06 	5.9323875e-07 		-0.0675 5.8594301e-08 1.0966405e-06 1200000 1
-0.06625 -1782524.8 	0.9599 	0.0530687 	 -2385299.4 	0.38925 	-0.402942 	 1.2587e-08 	0.011249258 	0.027267322 	 5.7755e-09 	0.011446306 	-0.009671629 	 0.013078 	12818.577 	-23708.306 	 0.0088855683 	8.149175e-06 	-1.54825e-08 	 -0.32819644 	-9.88125e-06 	5.96209e-07 		-0.06625 6.8767783e-08 1.0844116e-06 1200000 1
-0.065 -1720208.6 	1.07055 	0.05631195 	 -2164770.7 	0.1795 	-0.4151035 	 1.3499e-08 	0.011124251 	0.025723948 	 5.5885e-09 	0.010872551 	-0.010930555 	 0.014714 	10345.857 	-21373.165 	 -0.0094625939 	8.189685e-06 	-2.2484e-08 	 -0.41577071 	-9.9641e-06 	6.105495e-07 		-0.065 7.8965669e-08 1.0719381e-06 1200000 1
-0.06375 -1651528.9 	1.17145 	0.0587382 	 -1961213.8 	-0.0436 	-0.441019 	 1.449e-08 	0.010932797 	0.02426248 	 5.439e-09 	0.010262147 	-0.012013306 	 0.0163585 	8292.1689 	-19121.511 	 -0.026268511 	8.23454e-06 	-2.80595e-08 	 -0.49896802 	-1.003955e-05 	6.36271e-07 		-0.06375 8.9240827e-08 1.0594996e-06 1200000 1
-0.0625 -1577924.3 	1.30885 	0.0511334 	 -1773741 	0.00035 	-0.449215 	 1.55095e-08 	0.010658227 	0.022886337 	 5.175e-09 	0.0096212692 	-0.012927714 	 0.016769 	6629.5472 	-16977.586 	 -0.041600535 	8.244675e-06 	-2.46995e-08 	 -0.57792745 	-1.033925e-05 	6.47099e-07 		-0.0625 9.9551174e-08 1.046838e-06 1200000 1
-0.06125 -1500652.9 	1.44835 	0.04353935 	 -1601339.9 	0.05945 	-0.437708 	 1.64585e-08 	0.010336091 	0.021592757 	 4.837e-09 	0.0089732404 	-0.013708828 	 0.016859 	5252.6166 	-14968.729 	 -0.055531303 	8.251265e-06 	-2.0946e-08 	 -0.65279715 	-1.065345e-05 	6.41355e-07 		-0.06125 1.0985191e-07 1.0336545e-06 1200000 1
-0.06 -1420778.5 	1.5569 	0.0457748 	 -1443101.6 	-0.12875 	-0.4394405 	 1.7349e-08 	0.0099555387 	0.020385258 	 4.5885e-09 	0.0083276613 	-0.014359517 	 0.0183835 	4148.5743 	-13114.559 	 -0.068135167 	8.282685e-06 	-2.496865e-08 	 -0.72374249 	-1.076415e-05 	6.46529e-07 		-0.06 1.2017874e-07 1.020208e-06 1200000 1
-0.05875 -1339184.3 	1.65665 	0.05134045 	 -1298044.7 	-0.34475 	-0.463097 	 1.831e-08 	0.009542 	0.01925762 	 4.361e-09 	0.0076916254 	-0.014910132 	 0.02004745 	3237.4866 	-11407.804 	 -0.079488423 	8.31867e-06 	-3.133315e-08 	 -0.79093942 	-1.085415e-05 	6.698795e-07 		-0.05875 1.3055808e-07 1.0067444e-06 1200000 1
-0.0575 -1256634.3 	1.77035 	0.0468434 	 -1165274 	-0.3498 	-0.4767365 	 1.92915e-08 	0.009089076 	0.018213551 	 3.99e-09 	0.007076393 	-0.015360582 	 0.0202414 	2514.9194 	-9864.4743 	 -0.089668291 	8.338485e-06 	-2.903155e-08 	 -0.85457593 	-1.11198e-05 	6.84729e-07 		-0.0575 1.4097511e-07 9.9307284e-07 1200000 1
-0.05625 -1173721.9 	1.88865 	0.03930935 	 -1043865.4 	-0.32475 	-0.470079 	 2.01985e-08 	0.0086143227 	0.017244507 	 3.5495e-09 	0.0064795507 	-0.015737048 	 0.02009925 	1920.6858 	-8461.7573 	 -0.098752941 	8.35232e-06 	-2.402285e-08 	 -0.91484683 	-1.14101e-05 	6.824675e-07 		-0.05625 1.5140405e-07 9.7894674e-07 1200000 1
-0.055 -1090970.6 	1.9934 	0.0426598 	 -932963.17 	-0.48725 	-0.471625 	 2.1068e-08 	0.0081145575 	0.016354528 	 3.2315e-09 	0.005912647 	-0.016037644 	 0.02142575 	1454.9474 	-7212.6336 	 -0.10682041 	8.378315e-06 	-2.78115e-08 	 -0.9719563 	-1.15458e-05 	6.86901e-07 		-0.055 1.6185558e-07 9.6454862e-07 1200000 1
-0.05375 -1008750.2 	2.08595 	0.0511064 	 -831710.32 	-0.6741 	-0.4962125 	 2.2001e-08 	0.0076013166 	0.01553365 	 2.9565e-09 	0.0053680282 	-0.016284785 	 0.02285915 	1072.8958 	-6088.9421 	 -0.11394917 	8.41363e-06 	-3.550205e-08 	 -1.0261138 	-1.16627e-05 	7.104345e-07 		-0.05375 1.723495e-07 9.5008149e-07 1200000 1
-0.0525 -927393.1 	2.1807 	0.04827365 	 -739306.75 	-0.6771 	-0.5068625 	 2.2977e-08 	0.0070736182 	0.014786338 	 2.567e-09 	0.004856616 	-0.016475359 	 0.0227545 	777.09632 	-5101.2185 	 -0.12021759 	8.44337e-06 	-3.3549085e-08 	 -1.0775333 	-1.193155e-05 	7.22186e-07 		-0.0525 1.8288946e-07 9.3539184e-07 1200000 1
-0.05125 -847098.15 	2.28415 	0.0407375 	 -654971.47 	-0.6436 	-0.492151 	 2.3887e-08 	0.0065384921 	0.014101866 	 2.121e-09 	0.0043682302 	-0.016628457 	 0.0223165 	534.54691 	-4221.2165 	 -0.12570433 	8.46342e-06 	-2.752465e-08 	 -1.1264297 	-1.22291e-05 	7.12609e-07 		-0.05125 1.9345793e-07 9.2025366e-07 1200000 1
-0.05 -768048.25 	2.3826 	0.04482226 	 -577967.16 	-0.7865 	-0.4853125 	 2.4744e-08 	0.0059963601 	0.013485169 	 1.793e-09 	0.0039126001 	-0.016740253 	 0.02347475 	348.78156 	-3457.6201 	 -0.13048746 	8.48905e-06 	-3.0936465e-08 	 -1.1730216 	-1.237925e-05 	7.0942975e-07 		-0.05 2.0404812e-07 9.0481947e-07 1200000 1
-0.04875 -690313.02 	2.4712 	0.05398946 	 -507584.77 	-0.9667 	-0.5037655 	 2.5659e-08 	0.0054509921 	0.012925248 	 1.502e-09 	0.0034787671 	-0.016826926 	 0.024901005 	195.84887 	-2784.5841 	 -0.13464521 	8.52359e-06 	-3.827245e-08 	 -1.2175279 	-1.24993e-05 	7.2719475e-07 		-0.04875 2.1468081e-07 8.8930726e-07 1200000 1
-0.0475 -613959.69 	2.56485 	0.05310536 	 -443150.79 	-0.97355 	-0.509263 	 2.6607e-08 	0.0049035954 	0.012427541 	 1.106e-09 	0.0030749391 	-0.016884106 	 0.02482972 	79.412737 	-2209.4907 	 -0.13825556 	8.55069e-06 	-3.70341e-08 	 -1.2601672 	-1.27621e-05 	7.339604e-07 		-0.0475 2.2535733e-07 8.7357303e-07 1200000 1
-0.04625 -538962.86 	2.6637 	0.04785672 	 -384026.4 	-0.94375 	-0.4885025 	 2.74905e-08 	0.0043556775 	0.011981099 	 6.63e-10 	0.0026904574 	-0.016925495 	 0.024432265 	-17.652795 	-1709.856 	 -0.14139673 	8.570955e-06 	-3.20706e-08 	 -1.3011559 	-1.30522e-05 	7.186334e-07 		-0.04625 2.3605759e-07 8.5740178e-07 1200000 1
-0.045 -465302.08 	2.7492 	0.053456855 	 -329597.94 	-1.08875 	-0.479252 	 2.8325e-08 	0.0038087783 	0.011591863 	 3.405e-10 	0.0023318426 	-0.016946437 	 0.02564356 	-92.124879 	-1292.2568 	 -0.14414642 	8.60445e-06 	-3.597695e-08 	 -1.3407102 	-1.319575e-05 	7.127442e-07 		-0.045 2.4678473e-07 8.40943e-07 1200000 1
-0.04375 -392883.32 	2.82635 	0.063886545 	 -279284.61 	-1.27165 	-0.49512 	 2.92095e-08 	0.0032629393 	0.011249171 	 5.9e-11 	0.0019894192 	-0.016958524 	 0.02716664 	-155.93427 	-937.70419 	 -0.14658253 	8.64686e-06 	-4.367465e-08 	 -1.3790451 	-1.3308e-05 	7.276482e-07 		-0.04375 2.575688e-07 8.2441371e-07 1200000 1
-0.0425 -321621.15 	2.9181 	0.0642212 	 -232525.48 	-1.2818 	-0.5001245 	 3.01365e-08 	0.0027197111 	0.010959484 	 -3.085e-10 	0.0016679421 	-0.016956783 	 0.02723314 	-206.62214 	-652.4049 	 -0.14878297 	8.67508e-06 	-4.28521e-08 	 -1.4163729 	-1.356165e-05 	7.333107e-07 		-0.0425 2.6840214e-07 8.0767389e-07 1200000 1
-0.04125 -251374.89 	3.01295 	0.060087125 	 -188790.87 	-1.2512 	-0.481184 	 3.1004e-08 	0.0021782831 	0.010712558 	 -7.09e-10 	0.0013590996 	-0.016951073 	 0.0269573 	-252.22302 	-420.59395 	 -0.150826 	8.698667e-06 	-3.83057e-08 	 -1.4529026 	-1.38453e-05 	7.187922e-07 		-0.04125 2.7925677e-07 7.9050955e-07 1200000 1
-0.04 -182012.96 	3.0876 	0.065778675 	 -147562.76 	-1.38375 	-0.473915 	 3.1831e-08 	0.0016400183 	0.010515366 	 -9.765e-10 	0.0010658705 	-0.01693621 	 0.02819294 	-291.29104 	-248.49884 	 -0.15278971 	8.7419765e-06 	-4.18532e-08 	 -1.4888422 	-1.399135e-05 	7.1385975e-07 		-0.04 2.9014916e-07 7.730612e-07 1200000 1
-0.03875 -113364.93 	3.1541 	0.076716622 	 -108346.85 	-1.55195 	-0.4894335 	 3.26885e-08 	0.0011037184 	0.010358177 	 -1.199e-09 	0.0007815403 	-0.016920613 	 0.02973725 	-328.85842 	-123.124 	 -0.15475258 	8.7954045e-06 	-4.95955e-08 	 -1.524398 	-1.410725e-05 	7.2783025e-07 		-0.03875 3.0111213e-07 7.5553183e-07 1200000 1
-0.0375 -45268.649 	3.233 	0.076446372 	 -70657.089 	-1.557 	-0.494411 	 3.35905e-08 	0.00057046353 	0.010248499 	 -1.499e-09 	0.00050732417 	-0.016898721 	 0.02988825 	-364.67225 	-51.073015 	 -0.15679354 	8.837205e-06 	-4.79435e-08 	 -1.5597734 	-1.43558e-05 	7.3286915e-07 		-0.0375 3.1213807e-07 7.3779194e-07 1200000 1
-0.03625 22460.96 	3.3112 	0.069537287 	 -34025.707 	-1.5197 	-0.476803 	 3.44585e-08 	3.8997085e-05 	0.010177141 	 -1.8235e-09 	0.00023820149 	-0.016877814 	 0.0296933 	-401.47917 	-21.614503 	 -0.15899209 	8.877815e-06 	-4.0812e-08 	 -1.5951688 	-1.463515e-05 	7.1893465e-07 		-0.03625 3.2320514e-07 7.1962803e-07 1200000 1
-0.035 90002.982 	3.3727 	0.070770037 	 2013.7186 	-1.63665 	-0.4711885 	 3.52925e-08 	-0.00048987339 	0.010152139 	 -2.007e-09 	-2.6329196e-05 	-0.016851957 	 0.0309734 	-440.41915 	-42.060735 	 -0.16142809 	8.93573e-06 	-4.0405e-08 	 -1.6307837 	-1.478355e-05 	7.1489395e-07 		-0.035 3.3433241e-07 7.0118961e-07 1200000 1
-0.03375 157544.81 	3.4316 	0.077751573 	 37918.986 	-1.7877 	-0.4873195 	 3.6146e-08 	-0.0010172468 	0.010164872 	 -2.1375e-09 	-0.00028953585 	-0.016827488 	 0.03258845 	-482.41172 	-103.44451 	 -0.16418205 	9.00048e-06 	-4.46105e-08 	 -1.6668167 	-1.490245e-05 	7.2891445e-07 		-0.03375 3.4554647e-07 6.8268467e-07 1200000 1
-0.0325 225270.02 	3.50475 	0.072385823 	 74149.295 	-1.77525 	-0.4933555 	 3.70685e-08 	-0.0015424815 	0.010223919 	 -2.319e-09 	-0.0005535774 	-0.016797844 	 0.03282265 	-530.23409 	-214.09983 	 -0.16733549 	9.05319e-06 	-3.84625e-08 	 -1.7034637 	-1.515395e-05 	7.344152e-07 		-0.0325 3.5683669e-07 6.6395472e-07 1200000 1
-0.03125 293355.69 	3.5857 	0.06016641 	 111161.24 	-1.7174 	-0.4779635 	 3.7987e-08 	-0.0020664116 	0.010321213 	 -2.504e-09 	-0.00081997565 	-0.016768632 	 0.03275045 	-583.37015 	-366.35852 	 -0.17097084 	9.097925e-06 	-2.6632e-08 	 -1.7409185 	-1.54375e-05 	7.218632e-07 		-0.03125 3.6817789e-07 6.4481475e-07 1200000 1
-0.03 361977.44 	3.66405 	0.05881576 	 149419.69 	-1.81085 	-0.4736165 	 3.8871e-08 	-0.0025883415 	0.010465852 	 -2.532e-09 	-0.0010924412 	-0.016732578 	 0.03420835 	-646.55842 	-569.85785 	 -0.17517147 	9.148845e-06 	-2.3743e-08 	 -1.7793743 	-1.55915e-05 	7.183636e-07 		-0.03 3.7957811e-07 6.2537976e-07 1200000 1
-0.02875 431290.08 	3.7451 	0.06330274 	 189395.74 	-1.9379 	-0.490115 	 3.9765e-08 	-0.0031088313 	0.01065033 	 -2.501e-09 	-0.0013707542 	-0.016694661 	 0.0360341 	-718.09382 	-817.8025 	 -0.18002177 	9.20328e-06 	-2.54765e-08 	 -1.8190236 	-1.571625e-05 	7.321231e-07 		-0.02875 3.9104986e-07 6.0582976e-07 1200000 1
-0.0275 501448.06 	3.83855 	0.05807099 	 231572.1 	-1.903 	-0.4961715 	 4.0711e-08 	-0.0036267982 	0.01088425 	 -2.504e-09 	-0.0016600223 	-0.016646564 	 0.03652278 	-805.13973 	-1121.3557 	 -0.18560772 	9.24783e-06 	-1.89785e-08 	 -1.8600566 	-1.597165e-05 	7.3697185e-07 		-0.0275 4.0258614e-07 5.8605473e-07 1200000 1
-0.02625 572569.79 	3.9381 	0.04812574 	 276441.56 	-1.8192 	-0.4800115 	 4.16565e-08 	-0.0041426239 	0.011160638 	 -2.509e-09 	-0.0019583379 	-0.01659275 	 0.03670263 	-905.06941 	-1474.2015 	 -0.19201662 	9.285535e-06 	-8.52e-09 	 -1.9026614 	-1.62612e-05 	7.2303435e-07 		-0.02625 4.1417041e-07 5.6588967e-07 1200000 1
-0.025 644773.17 	4.0333 	0.05041079 	 324516.51 	-1.88005 	-0.473805 	 4.25585e-08 	-0.0046543582 	0.011489524 	 -2.356e-09 	-0.0022719384 	-0.016523699 	 0.03836552 	-1028.0716 	-1889.121 	 -0.19933724 	9.33121e-06 	-8.0725e-09 	 -1.9470249 	-1.642565e-05 	7.171661e-07 		-0.025 4.258037e-07 5.4541458e-07 1200000 1
-0.02375 718124.88 	4.1252 	0.05847045 	 376324.51 	-1.97175 	-0.486965 	 4.34555e-08 	-0.0051624046 	0.011864472 	 -2.128e-09 	-0.0025972885 	-0.016443351 	 0.0403627 	-1170.8268 	-2359.9112 	 -0.20765982 	9.38679e-06 	-1.21365e-08 	 -1.993333 	-1.65618e-05 	7.272566e-07 		-0.02375 4.3750003e-07 5.2481447e-07 1200000 1
-0.0225 792688.02 	4.2191 	0.05607895 	 432418.05 	-1.8997 	-0.488923 	 4.4397e-08 	-0.0056633057 	0.012295841 	 -1.918e-09 	-0.0029413352 	-0.016340592 	 0.04102024 	-1347.3884 	-2900.8185 	 -0.21707663 	9.44168e-06 	-7.324e-09 	 -2.0417678 	-1.6829e-05 	7.2779305e-07 		-0.0225 4.4927088e-07 5.0399933e-07 1200000 1
-0.02125 868458.14 	4.316 	0.0489129 	 493363.04 	-1.7753 	-0.4710165 	 4.53455e-08 	-0.0061578135 	0.012777712 	 -1.7065e-09 	-0.0032990536 	-0.016218818 	 0.04137133 	-1554.0917 	-3505.4007 	 -0.22768163 	9.491645e-06 	1.5219e-09 	 -2.0925081 	-1.713195e-05 	7.1148505e-07 		-0.02125 4.6110574e-07 4.8274916e-07 1200000 1
-0.02 945420.87 	4.4103 	0.05286145 	 559761.02 	-1.79825 	-0.4636895 	 4.6269e-08 	-0.0066401085 	0.013320575 	 -1.327e-09 	-0.0036774083 	-0.016065096 	 0.043239159 	-1809.8952 	-4188.7459 	 -0.23957062 	9.54822e-06 	1.3049e-09 	 -2.1457292 	-1.73062e-05 	7.0376325e-07 		-0.02 4.7300061e-07 4.6116397e-07 1200000 1
-0.01875 1023478.1 	4.50445 	0.0614441 	 632224.21 	-1.8563 	-0.4700835 	 4.72005e-08 	-0.0071117537 	0.013919038 	 -8.71e-10 	-0.0040700905 	-0.015882121 	 0.045519869 	-2111.2378 	-4943.8426 	 -0.25284108 	9.613125e-06 	-2.461e-09 	 -2.2016031 	-1.7448e-05 	7.0729225e-07 		-0.01875 4.8497703e-07 4.3948875e-07 1200000 1
-0.0175 1102509.7 	4.60905 	0.0603941 	 711409.64 	-1.7504 	-0.466231 	 4.8166e-08 	-0.0075634634 	0.014583457 	 -4.09e-10 	-0.0044829991 	-0.015654706 	 0.04663938 	-2483.3659 	-5785.1711 	 -0.26759262 	9.67021e-06 	1.9535e-09 	 -2.2602951 	-1.771995e-05 	7.0201305e-07 		-0.0175 4.9703447e-07 4.175735e-07 1200000 1
-0.01625 1182295.4 	4.71565 	0.05659495 	 797973.06 	-1.5926 	-0.4491135 	 4.9121e-08 	-0.0079982503 	0.015308947 	 8.7e-11 	-0.0049089071 	-0.015384632 	 0.04752505 	-2923.5491 	-6704.8498 	 -0.28392644 	9.72169e-06 	8.686e-09 	 -2.3219639 	-1.80258e-05 	6.8540155e-07 		-0.01625 5.0915241e-07 3.9519321e-07 1200000 1
-0.015 1262573.8 	4.80185 	0.0636894 	 892630.52 	-1.5897 	-0.443731 	 5.00515e-08 	-0.008401914 	0.016105319 	 7.775e-10 	-0.0053509278 	-0.01505419 	 0.0498218 	-3464.9644 	-7713.8278 	 -0.30194524 	9.793965e-06 	6.527e-09 	 -2.3867602 	-1.819505e-05 	6.783309e-07 		-0.015 5.2133988e-07 3.724779e-07 1200000 1
-0.01375 1342968.3 	4.8864 	0.07191545 	 996080.75 	-1.6129 	-0.448239 	 5.09965e-08 	-0.0087797469 	0.016968201 	 1.552e-09 	-0.0058014806 	-0.014663814 	 0.0524713 	-4106.8061 	-8803.1252 	 -0.32175242 	9.87647e-06 	3.7581e-09 	 -2.4548286 	-1.833725e-05 	6.792524e-07 		-0.01375 5.3363939e-07 3.4967756e-07 1200000 1
-0.0125 1423030.3 	5.00305 	0.0699518 	 1109099 	-1.43455 	-0.443509 	 5.1941e-08 	-0.0091107502 	0.017906314 	 2.4125e-09 	-0.0062582016 	-0.014192817 	 0.05408875 	-4892.2659 	-9974.7003 	 -0.34345251 	9.9327e-06 	9.6901e-09 	 -2.5263013 	-1.8639e-05 	6.721964e-07 		-0.0125 5.4603043e-07 3.2663719e-07 1200000 1
-0.01125 1502183.6 	5.1173 	0.06947835 	 1232415.4 	-1.19345 	-0.425364 	 5.2849e-08 	-0.0094035554 	0.018915804 	 3.378e-09 	-0.0067140179 	-0.013639625 	 0.05553245 	-5824.2608 	-11218.335 	 -0.3671487 	9.9847e-06 	1.45258e-08 	 -2.6013021 	-1.898225e-05 	6.536599e-07 		-0.01125 5.5846899e-07 3.0309678e-07 1200000 1
-0.01 1579732.5 	5.1778 	0.08059135 	 1366861.1 	-1.1558 	-0.41422 	 5.3754e-08 	-0.0096278228 	0.02000357 	 4.692e-09 	-0.007156805 	-0.012980191 	 0.0583061 	-6958.4766 	-12517.032 	 -0.39294337 	1.00846e-05 	1.00593e-08 	 -2.6799415 	-1.91474e-05 	6.406915e-07 		-0.01 5.7099358e-07 2.7918634e-07 1200000 1
-0.00875 1654843.9 	5.24085 	0.08444745 	 1513188.5 	-1.13565 	-0.4112045 	 5.46705e-08 	-0.009796758 	0.021166443 	 6.1205e-09 	-0.0075810967 	-0.012209564 	 0.0614376 	-8304.7788 	-13859.132 	 -0.42093251 	1.018985e-05 	1.2185e-08 	 -2.762325 	-1.92914e-05 	6.34277e-07 		-0.00875 5.8368425e-07 2.5523087e-07 1200000 1
-0.0075 1726489.6 	5.3767 	0.08618645 	 1672283.4 	-0.8378 	-0.394213 	 5.5549e-08 	-0.0098671143 	0.022408762 	 7.9045e-09 	-0.0079580678 	-0.011299296 	 0.06406855 	-9935.0814 	-15190.585 	 -0.45120829 	1.023315e-05 	1.653e-08 	 -2.8485427 	-1.965665e-05 	6.159007e-07 		-0.0075 5.9646998e-07 2.3094537e-07 1200000 1
-0.00625 1793489.5 	5.506 	0.09299495 	 1844913.2 	-0.52805 	-0.38477 	 5.63775e-08 	-0.0098577205 	0.023728942 	 1.00285e-08 	-0.0082844106 	-0.0102376 	 0.0670094 	-11873.701 	-16496.434 	 -0.483845 	1.0274e-05 	1.70205e-08 	 -2.9386899 	-2.00178e-05 	6.0349819e-07 		-0.00625 6.0926825e-07 2.0606985e-07 1200000 1
-0.005 1854336.8 	5.5635 	0.10986895 	 2032035.7 	-0.52715 	-0.39254469 	 5.73355e-08 	-0.0097071492 	0.025130153 	 1.2815e-08 	-0.0085030444 	-0.0089866298 	 0.0712194 	-14220.296 	-17652.136 	 -0.51890545 	1.03775e-05 	9.8235e-09 	 -3.0328506 	-2.011035e-05 	6.052117e-07 		-0.005 6.2215709e-07 1.809243e-07 1200000 1
-0.00375 1907277.7 	5.621015 	0.11939686 	 2234501.9 	-0.49935 	-0.36683669 	 5.8393e-08 	-0.009435928 	0.026617446 	 1.577e-08 	-0.0086036734 	-0.0075142828 	 0.07586975 	-17040.602 	-18618.401 	 -0.55640337 	1.048505e-05 	9.9562e-09 	 -3.1311491 	-2.02172e-05 	5.788857e-07 		-0.00375 6.3521408e-07 1.5582374e-07 1200000 1
-0.0025 1949972.2 	5.76886 	0.10956786 	 2453462.4 	-0.06365 	-0.345137 	 5.9489e-08 	-0.0089626417 	0.028186015 	 1.8732e-08 	-0.008457993 	-0.0057916066 	 0.080848 	-20443.751 	-19112.118 	 -0.5963282 	1.05063e-05 	2.74607e-08 	 -3.2337213 	-2.064985e-05 	5.55938e-07 		-0.0025 6.483722e-07 1.3036818e-07 1200000 1
-0.00125 1979545.3 	5.901105 	0.132418 	 2690021.3 	0.25775 	-0.3572475 	 6.05285e-08 	-0.0082118875 	0.029927056 	 2.20785e-08 	-0.0080152698 	-0.003638183 	 0.0870407 	-24808.115 	-18895.621 	 -0.63848122 	1.052195e-05 	1.9196e-08 	 -3.3405755 	-2.096575e-05 	5.61268e-07 		-0.00125 6.6148344e-07 1.0418263e-07 1200000 1
5.2475385e-17 1075863.6 	5.8921 	0.0925522 	 1527333.3 	0.13735 	-0.23780835 	 6.0853e-08 	-0.0071646235 	0.031180455 	 2.4033e-08 	-0.0071318136 	-0.0019431827 	 0.09116435 	-14794.634 	-9965.1266 	 -0.65784963 	-1.62021e-05 	-4.056e-08 	 -3.3785977 	-2.09794e-05 	6.163405e-07 		5.2475385e-17 6.5770383e-07 7.7842122e-08 650000 1
0.00125 156622.21 	5.79402 	0.03097137 	 238269.75 	0.0341 	-0.03647145 	 6.04669e-08 	-0.0060804735 	0.031358752 	 2.4378e-08 	-0.0061211011 	-0.0016486105 	 0.0908236 	-2260.274 	-1208.7521 	 -0.62962627 	-4.231965e-05 	-1.53398e-07 	 -3.2747111 	-2.11233e-05 	6.201445e-07 		0.00125 6.2098031e-07 5.1741622e-08 100000 1
0.0025 147892.52 	5.679865 	0.053427674 	 231090.63 	0.0788 	-0.03487885 	 5.927325e-08 	-0.0052084445 	0.031045466 	 2.3139e-08 	-0.0053324234 	-0.0020064115 	 0.0881416 	-2064.5079 	-1004.2765 	 -0.57859995 	-4.11245e-05 	-3.65791e-07 	 -3.1020905 	-2.15517e-05 	5.997985e-07 		0.0025 5.6888317e-07 2.5151095e-08 100000 1
0.00375 139720.33 	5.574865 	0.073284004 	 223977.33 	0.1194 	-0.03217585 	 5.805105e-08 	-0.0045627534 	0.030786143 	 2.17405e-08 	-0.0047532512 	-0.0022658448 	 0.0857636 	-1897.5292 	-853.45917 	 -0.52977138 	-4.00461e-05 	-5.538385e-07 	 -2.9339608 	-2.191945e-05 	5.6808545e-07 		0.00375 5.1817289e-07 -2.1494574e-09 100000 1
0.005 132060.18 	5.47547 	0.084179865 	 216997.54 	0.13255 	-0.02772715 	 5.71325e-08 	-0.0040433379 	0.030589358 	 2.0717e-08 	-0.0042916116 	-0.0024452467 	 0.08369835 	-1754.8134 	-735.04906 	 -0.48332609 	-3.90371e-05 	-6.536545e-07 	 -2.7704245 	-2.199855e-05 	5.1883345e-07 		0.005 4.6877246e-07 -2.965502e-08 100000 1
0.00625 124862.03 	5.38686 	0.093989215 	 210199.96 	0.14515 	-0.0260546 	 5.62219e-08 	-0.00359939 	0.030435346 	 1.9811e-08 	-0.0039009727 	-0.0025732276 	 0.08192815 	-1629.9947 	-636.64262 	 -0.43926873 	-3.81373e-05 	-7.43621e-07 	 -2.6114526 	-2.206385e-05 	4.974055e-07 		0.00625 4.2058194e-07 -5.7130573e-08 100000 1
0.0075 118099.39 	5.306785 	0.099633435 	 203610.19 	0.173 	-0.024655 	 5.54734e-08 	-0.0032344235 	0.030303012 	 1.93155e-08 	-0.0035782326 	-0.0026760143 	 0.0803032 	-1517.1374 	-557.25278 	 -0.39758448 	-3.732675e-05 	-7.92838e-07 	 -2.4570288 	-2.227265e-05 	4.788745e-07 		0.0075 3.7342782e-07 -8.4811113e-08 100000 1
0.00875 111742.9 	5.22608 	0.10198894 	 197260.73 	0.19785 	-0.0219337 	 5.48292e-08 	-0.0029133908 	0.030192178 	 1.89955e-08 	-0.0032943641 	-0.0027573291 	 0.0787313 	-1415.1476 	-489.34206 	 -0.35821059 	-3.652435e-05 	-8.10048e-07 	 -2.3071768 	-2.243635e-05 	4.47257e-07 		0.00875 3.2726459e-07 -1.1283164e-07 100000 1
0.01 105773.04 	5.145405 	0.10259785 	 191171.56 	0.2089 	-0.0200237 	 5.41958e-08 	-0.0026449879 	0.030094655 	 1.8805e-08 	-0.0030553444 	-0.0028263557 	 0.07723605 	-1321.5632 	-433.59603 	 -0.3210764 	-3.57323e-05 	-8.105515e-07 	 -2.1619094 	-2.245145e-05 	4.23915e-07 		0.01 2.8211977e-07 -1.4089216e-07 100000 1
0.01125 100166.25 	5.069135 	0.10526525 	 185367.55 	0.2217 	-0.01899415 	 5.34845e-08 	-0.0024058755 	0.030012412 	 1.8607e-08 	-0.0028418266 	-0.0028827342 	 0.0758631 	-1236.0871 	-385.31353 	 -0.28609425 	-3.498455e-05 	-8.32187e-07 	 -2.0212469 	-2.247725e-05 	4.095865e-07 		0.01125 2.3793739e-07 -1.6894265e-07 100000 1
0.0125 94905.203 	4.99358 	0.10672089 	 179864.77 	0.24355 	-0.01831115 	 5.278705e-08 	-0.0022034164 	0.029940373 	 1.84675e-08 	-0.002659736 	-0.0029314472 	 0.07450455 	-1157.1954 	-345.18743 	 -0.25317554 	-3.424745e-05 	-8.421815e-07 	 -1.8851951 	-2.258595e-05 	3.989095e-07 		0.0125 1.9465896e-07 -1.9710311e-07 100000 1
0.01375 89969.588 	4.913955 	0.10555711 	 174682.12 	0.26115 	-0.01566335 	 5.22031e-08 	-0.0020215978 	0.029880619 	 1.8467e-08 	-0.0024957321 	-0.0029713795 	 0.07311995 	-1084.7564 	-310.18449 	 -0.22222644 	-3.348425e-05 	-8.26533e-07 	 -1.7537556 	-2.26409e-05 	3.68708e-07 		0.01375 1.5231745e-07 -2.2542857e-07 100000 1
0.015 85343.571 	4.834475 	0.10462304 	 169832.13 	0.27175 	-0.01404225 	 5.15966e-08 	-0.0018660738 	0.029829356 	 1.84965e-08 	-0.0023546647 	-0.0030058999 	 0.0717816 	-1017.6726 	-280.83345 	 -0.19315475 	-3.27335e-05 	-8.13662e-07 	 -1.6269179 	-2.2615e-05 	3.48881e-07 		0.015 1.1094939e-07 -2.5371252e-07 100000 1
0.01625 81009.343 	4.75795 	0.10679872 	 165329.15 	0.2843 	-0.01311845 	 5.08053e-08 	-0.0017255669 	0.029788405 	 1.8299e-08 	-0.0022270332 	-0.0030338587 	 0.0705229 	-955.84898 	-255.12104 	 -0.16586822 	-3.20137e-05 	-8.322005e-07 	 -1.5046671 	-2.26032e-05 	3.361775e-07 		0.01625 7.0485693e-08 -2.8195944e-07 100000 1
0.0175 76952.565 	4.678885 	0.10853428 	 161182.76 	0.29735 	-0.01402665 	 4.99853e-08 	-0.0016043981 	0.029754743 	 1.8089e-08 	-0.0021167445 	-0.0030577322 	 0.0692386 	-898.45495 	-233.43776 	 -0.14027796 	-3.12735e-05 	-8.46663e-07 	 -1.3869789 	-2.259015e-05 	3.419395e-07 		0.0175 3.0916758e-08 -3.1021285e-07 100000 1
0.01875 73157.613 	4.59518 	0.10700018 	 157403.73 	0.3083 	-0.01315845 	 4.93077e-08 	-0.001494429 	0.029729947 	 1.8062e-08 	-0.002016814 	-0.0030764946 	 0.0679057 	-845.40744 	-214.41241 	 -0.11629738 	-3.05005e-05 	-8.28792e-07 	 -1.2738246 	-2.254455e-05 	3.3002e-07 		0.01875 -7.6968247e-09 -3.3843525e-07 100000 1
0.02 69611.612 	4.513335 	0.10559723 	 153999.48 	0.32305 	-0.01052805 	 4.86274e-08 	-0.001399004 	0.029711538 	 1.806e-08 	-0.0019304315 	-0.0030920271 	 0.0666172 	-796.06505 	-198.33632 	 -0.093843514 	-2.97552e-05 	-8.12518e-07 	 -1.1651709 	-2.253025e-05 	3.005575e-07 		0.02 -4.5334145e-08 -3.6657664e-07 100000 1
0.02125 66300.82 	4.432405 	0.1068643 	 150978.54 	0.343 	-0.0066794 	 4.783215e-08 	-0.0013121095 	0.029700897 	 1.7956e-08 	-0.0018523005 	-0.0031034442 	 0.06536285 	-750.34967 	-184.25365 	 -0.072836652 	-2.901967e-05 	-8.23104e-07 	 -1.0609843 	-2.25633e-05 	2.59023e-07 		0.02125 -8.2084632e-08 -3.9476402e-07 100000 1
0.0225 63213.766 	4.346645 	0.10616228 	 148346.99 	0.3549 	0.00160845 	 4.696525e-08 	-0.0012363845 	0.029695972 	 1.77085e-08 	-0.0017850892 	-0.0031121744 	 0.06406325 	-707.76354 	-172.3885 	 -0.053201132 	-2.823931e-05 	-8.141555e-07 	 -0.96122856 	-2.25085e-05 	1.732015e-07 		0.0225 -1.1788294e-07 -4.2298488e-07 100000 1
0.02375 60338.38 	4.260255 	0.10419711 	 146111.91 	0.35605 	0.0124615 	 4.610715e-08 	-0.0011672872 	0.029697999 	 1.735e-08 	-0.0017246542 	-0.0031174753 	 0.06278265 	-668.23123 	-162.05975 	 -0.034864954 	-2.7464515e-05 	-7.92836e-07 	 -0.86586907 	-2.23376e-05 	6.1777e-08 		0.02375 -1.5268228e-07 -4.5103324e-07 100000 1
0.025 57664.463 	4.17707 	0.10524386 	 144278.86 	0.3607 	0.0164317 	 4.52163e-08 	-0.0011069423 	0.02970525 	 1.69755e-08 	-0.0016732852 	-0.0031204094 	 0.0615528 	-631.3658 	-153.44727 	 -0.017759821 	-2.673042e-05 	-8.018974e-07 	 -0.77487329 	-2.219555e-05 	1.92175e-08 		0.025 -1.8654366e-07 -4.7882909e-07 100000 1
0.02625 55181.362 	4.094305 	0.10451512 	 142854.56 	0.36935 	0.0134858 	 4.44709e-08 	-0.0010518444 	0.029718855 	 1.70625e-08 	-0.0016276426 	-0.0031203654 	 0.06033475 	-597.09212 	-146.05583 	 -0.0018210946 	-2.6002235e-05 	-7.933629e-07 	 -0.68821336 	-2.20883e-05 	4.5924e-08 		0.02625 -2.1950814e-07 -5.0652394e-07 100000 1
0.0275 52880.034 	4.006935 	0.10461749 	 141844.67 	0.37135 	0.01568275 	 4.369375e-08 	-0.0010037399 	0.029737353 	 1.71025e-08 	-0.0015897423 	-0.0031180979 	 0.0590715 	-565.11213 	-140.03764 	 0.013012092 	-2.5231195e-05 	-7.9326205e-07 	 -0.60586436 	-2.190965e-05 	2.1264e-08 		0.0275 -2.515492e-07 -5.3404977e-07 100000 1
0.02875 50751.066 	3.91574 	0.10652548 	 141256.04 	0.37015 	0.02378755 	 4.27575e-08 	-0.00095985903 	0.029761798 	 1.66749e-08 	-0.0015568099 	-0.0031131202 	 0.05776775 	-535.34993 	-135.02493 	 0.026797051 	-2.4431825e-05 	-8.1141855e-07 	 -0.52780792 	-2.169255e-05 	-6.24525e-08 		0.02875 -2.8258599e-07 -5.612971e-07 100000 1
0.03 48786.409 	3.827815 	0.10765159 	 141095.11 	0.37335 	0.0254434 	 4.18244e-08 	-0.00092167409 	0.02979093 	 1.62718e-08 	-0.0015306622 	-0.0031059167 	 0.0565091 	-507.57945 	-131.15481 	 0.039587755 	-2.367295e-05 	-8.2196545e-07 	 -0.45403202 	-2.151345e-05 	-8.1638e-08 		0.03 -3.126287e-07 -5.8828293e-07 100000 1
0.03125 46977.672 	3.74198 	0.10690579 	 141369.69 	0.37945 	0.01941575 	 4.10268e-08 	-0.00088695336 	0.02982575 	 1.62918e-08 	-0.0015089295 	-0.003096118 	 0.05528375 	-481.72201 	-128.14866 	 0.051434899 	-2.2936175e-05 	-8.1391095e-07 	 -0.38453345 	-2.136035e-05 	-2.39195e-08 		0.03125 -3.4176838e-07 -6.1508274e-07 100000 1
0.0325 45317.667 	3.65012 	0.10707875 	 142087.37 	0.3802 	0.0200492 	 4.02038e-08 	-0.00085695923 	0.029865174 	 1.62742e-08 	-0.0014932814 	-0.003083966 	 0.05398685 	-457.61297 	-126.1378 	 0.062385912 	-2.214159e-05 	-8.151282e-07 	 -0.31931571 	-2.11474e-05 	-3.27445e-08 		0.0325 -3.6996886e-07 -6.4168305e-07 100000 1
0.03375 43798.878 	3.55384 	0.10902393 	 143257.17 	0.37615 	0.02795155 	 3.92322e-08 	-0.00082984768 	0.029910163 	 1.583055e-08 	-0.0014816385 	-0.0030692012 	 0.0526405 	-435.17038 	-124.9058 	 0.072485097 	-2.1311435e-05 	-8.3422825e-07 	 -0.25839186 	-2.08797e-05 	-1.142375e-07 		0.03375 -3.9712197e-07 -6.6795086e-07 100000 1
0.035 42414.82 	3.461555 	0.11014726 	 144888.34 	0.37805 	0.02961517 	 3.826065e-08 	-0.00080673221 	0.029959763 	 1.54067e-08 	-0.00147556 	-0.0030518425 	 0.0513457 	-414.28325 	-124.58619 	 0.081773926 	-2.0528155e-05 	-8.4528645e-07 	 -0.20178416 	-2.06681e-05 	-1.333025e-07 		0.035 -4.2324724e-07 -6.9388316e-07 100000 1
0.03625 41158.659 	3.371515 	0.10929501 	 146991.67 	0.3835 	0.02464917 	 3.741785e-08 	-0.00078605986 	0.030014916 	 1.53703e-08 	-0.0014731786 	-0.0030317345 	 0.0500825 	-394.86482 	-125.00647 	 0.090291065 	-1.9768045e-05 	-8.3667995e-07 	 -0.14952609 	-2.04902e-05 	-8.6004e-08 		0.03625 -4.4844238e-07 -7.1962195e-07 100000 1
0.0375 40024.482 	3.275535 	0.10894342 	 149578.28 	0.38035 	0.02556487 	 3.65527e-08 	-0.00076882741 	0.030074781 	 1.52956e-08 	-0.0014759644 	-0.0030086837 	 0.048749 	-376.85474 	-126.30865 	 0.098072419 	-1.8950505e-05 	-8.331442e-07 	 -0.10165995 	-2.02236e-05 	-9.74638e-08 		0.0375 -4.7266748e-07 -7.4511028e-07 100000 1
0.03875 39005.999 	3.17605 	0.11035323 	 152660.86 	0.372 	0.03296872 	 3.554885e-08 	-0.00075369187 	0.030140295 	 1.48282e-08 	-0.0014822045 	-0.0029826314 	 0.04737692 	-360.16136 	-128.35011 	 0.10515123 	-1.8105745e-05 	-8.473715e-07 	 -0.058239395 	-1.98985e-05 	-1.737688e-07 		0.03875 -4.958185e-07 -7.7018197e-07 100000 1
0.04 38097.715 	3.081535 	0.11103089 	 156252.7 	0.371095 	0.03448788 	 3.455175e-08 	-0.00074157197 	0.030210697 	 1.43897e-08 	-0.0014932916 	-0.002953181 	 0.046068505 	-344.77378 	-131.28729 	 0.11155838 	-1.7316815e-05 	-8.5444595e-07 	 -0.019328624 	-1.96423e-05 	-1.91205e-07 		0.04 -5.1793173e-07 -7.9485665e-07 100000 1
0.04125 37293.706 	2.989745 	0.10977819 	 160368.75 	0.373855 	0.02957363 	 3.36809e-08 	-0.00073128453 	0.030286931 	 1.431055e-08 	-0.0015076305 	-0.0029203627 	 0.04479563 	-330.59463 	-134.99759 	 0.11732236 	-1.655538e-05 	-8.4230135e-07 	 0.014995756 	-1.942215e-05 	-1.442275e-07 		0.04125 -5.3911058e-07 -8.1928882e-07 100000 1
0.0425 36588.748 	2.89242 	0.109101 	 165024.58 	0.367515 	0.02996728 	 3.27953e-08 	-0.00072368723 	0.030368311 	 1.420025e-08 	-0.0015265325 	-0.0028835772 	 0.04345535 	-317.66554 	-139.65611 	 0.12246938 	-1.57402e-05 	-8.3597265e-07 	 0.044647566 	-1.910875e-05 	-1.5029135e-07 		0.0425 -5.5932024e-07 -8.4341288e-07 100000 1
0.04375 35977.147 	2.79181 	0.11023572 	 170237.4 	0.35646 	0.03656138 	 3.17804e-08 	-0.00071770878 	0.030455804 	 1.37353e-08 	-0.0015484934 	-0.0028429345 	 0.042076015 	-305.88413 	-145.15191 	 0.12702338 	-1.4898875e-05 	-8.4790455e-07 	 0.06952865 	-1.8743545e-05 	-2.1836135e-07 		0.04375 -5.7846126e-07 -8.6706099e-07 100000 1
0.045 35453.782 	2.69606 	0.11089333 	 176025.19 	0.35361 	0.037846721 	 3.077205e-08 	-0.00071417317 	0.030548767 	 1.329595e-08 	-0.0015747294 	-0.0027976356 	 0.0407568 	-295.34937 	-151.68222 	 0.1310063 	-1.411123e-05 	-8.5522065e-07 	 0.08953027 	-1.845711e-05 	-2.3330096e-07 		0.045 -5.965677e-07 -8.902726e-07 100000 1
0.04625 35013 	2.60301 	0.10968576 	 182407.64 	0.354415 	0.032841855 	 2.98815e-08 	-0.00071209323 	0.030648206 	 1.317895e-08 	-0.0016038165 	-0.0027478577 	 0.039470475 	-285.95447 	-159.14165 	 0.13443812 	-1.335055e-05 	-8.4395885e-07 	 0.10453142 	-1.8206425e-05 	-1.8527785e-07 		0.04625 -6.137396e-07 -9.1320435e-07 100000 1
0.0475 34649.618 	2.50465 	0.10911962 	 189405.1 	0.345795 	0.03290361 	 2.897735e-08 	-0.0007122697 	0.030753522 	 1.303095e-08 	-0.0016368404 	-0.0026925967 	 0.038116295 	-277.8651 	-167.74994 	 0.1373368 	-1.253752e-05 	-8.3916785e-07 	 0.11440212 	-1.786016e-05 	-1.8787825e-07 		0.0475 -6.2994421e-07 -9.3578909e-07 100000 1
0.04875 34357.872 	2.402715 	0.11045187 	 197039.57 	0.33236 	0.039210725 	 2.7954e-08 	-0.00071376797 	0.030865771 	 1.256445e-08 	-0.0016724545 	-0.0026320825 	 0.036716175 	-270.97274 	-177.40146 	 0.1397184 	-1.1694504e-05 	-8.5349485e-07 	 0.11900133 	-1.746253e-05 	-2.529231e-07 		0.04875 -6.4508359e-07 -9.5785534e-07 100000 1
0.05 34132.314 	2.30509 	0.11139355 	 205333.75 	0.3274 	0.04056841 	 2.69371e-08 	-0.00071738774 	0.030984372 	 1.212315e-08 	-0.0017115614 	-0.0025651056 	 0.03536646 	-265.52133 	-188.33535 	 0.14159727 	-1.0898712e-05 	-8.6406195e-07 	 0.11817896 	-1.7147375e-05 	-2.6844685e-07 		0.05 -6.5918088e-07 -9.7944573e-07 100000 1
0.05125 33966.858 	2.210052 	0.11035433 	 214311.95 	0.32634 	0.035645235 	 2.602885e-08 	-0.00072222975 	0.031110452 	 1.196925e-08 	-0.0017529061 	-0.0024919284 	 0.03404433 	-261.40434 	-200.44173 	 0.14298602 	-1.0128131e-05 	-8.548918e-07 	 0.11177452 	-1.687127e-05 	-2.2109732e-07 		0.05125 -6.7233079e-07 -1.0007241e-06 100000 1
0.0525 33855.581 	2.109745 	0.10983003 	 223999.01 	0.315845 	0.03557396 	 2.511105e-08 	-0.00072910193 	0.031243448 	 1.178805e-08 	-0.001797118 	-0.0024111279 	 0.0326505 	-258.96088 	-213.96803 	 0.14389552 	-9.3052185e-06 	-8.50927e-07 	 0.099621091 	-1.650035e-05 	-2.2221183e-07 		0.0525 -6.8450135e-07 -1.0216246e-06 100000 1
0.05375 33791.886 	2.00589 	0.11125083 	 234421.17 	0.300585 	0.04172844 	 2.408705e-08 	-0.00073711653 	0.031384571 	 1.13265e-08 	-0.0018430614 	-0.0023229733 	 0.03120696 	-258.0936 	-228.79645 	 0.14433494 	-8.4512804e-06 	-8.665454e-07 	 0.08154357 	-1.6079725e-05 	-2.8556325e-07 		0.05375 -6.9559403e-07 -1.0419755e-06 100000 1
0.055 33769.118 	1.906392 	0.11224843 	 245605.13 	0.29391 	0.043057205 	 2.30732e-08 	-0.00074711181 	0.031533252 	 1.08915e-08 	-0.0018909638 	-0.0022258287 	 0.02981275 	-259.25662 	-245.16009 	 0.1443119 	-7.6439664e-06 	-8.780807e-07 	 0.057361667 	-1.57439e-05 	-3.0062165e-07 		0.055 -7.0563007e-07 -1.0618242e-06 100000 1
0.05625 33779.922 	1.809518 	0.11122229 	 257578.86 	0.29103 	0.038112495 	 2.215895e-08 	-0.00075819872 	0.031690809 	 1.070985e-08 	-0.0019398603 	-0.0021199339 	 0.02844367 	-262.37233 	-262.93202 	 0.14383248 	-6.8619235e-06 	-8.694595e-07 	 0.026888804 	-1.54471e-05 	-2.5285435e-07 		0.05625 -7.1470443e-07 -1.081336e-06 100000 1
0.0575 33816.622 	1.7073535 	0.11065611 	 270370.44 	0.278365 	0.037861195 	 2.12408e-08 	-0.0007712596 	0.031856665 	 1.050615e-08 	-0.0019893773 	-0.002003435 	 0.026996765 	-268.03583 	-282.28692 	 0.14290115 	-6.0268595e-06 	-8.655053e-07 	 -0.010062857 	-1.50531e-05 	-2.5193385e-07 		0.0575 -7.2278519e-07 -1.1004425e-06 100000 1
0.05875 33870.863 	1.6015115 	0.11201617 	 284008.94 	0.26089 	0.04368215 	 2.02305e-08 	-0.00078538301 	0.032032264 	 1.006135e-08 	-0.0020387974 	-0.0018764945 	 0.02549246 	-276.2064 	-303.08934 	 0.14152078 	-5.1583205e-06 	-8.809587e-07 	 -0.053684069 	-1.460995e-05 	-3.116855e-07 		0.05875 -7.2977193e-07 -1.118969e-06 100000 1
0.06 33933.6 	1.499793 	0.11277935 	 298523.3 	0.25189 	0.0445296 	 1.92344e-08 	-0.00080152563 	0.032216997 	 9.64865e-09 	-0.0020868531 	-0.0017370455 	 0.024031285 	-287.64975 	-325.37755 	 0.13969283 	-4.333019e-06 	-8.906078e-07 	 -0.10416408 	-1.42518e-05 	-3.21624e-07 		0.06 -7.3568158e-07 -1.1369677e-06 100000 1
0.06125 33995.169 	1.400489 	0.11133201 	 313943.23 	0.24672 	0.0390253 	 1.832965e-08 	-0.00081874149 	0.032412455 	 9.4581e-09 	-0.0021331925 	-0.0015851022 	 0.02258746 	-302.38788 	-349.01331 	 0.1374173 	-3.53052e-06 	-8.782544e-07 	 -0.16169215 	-1.393395e-05 	-2.679395e-07 		0.06125 -7.406052e-07 -1.1545995e-06 100000 1
0.0625 34044.734 	1.295828 	0.10999104 	 330297.83 	0.233 	0.03774965 	 1.743275e-08 	-0.00083809387 	0.032617991 	 9.25965e-09 	-0.0021752027 	-0.001418385 	 0.021054205 	-321.39367 	-373.7606 	 0.1346927 	-2.673785e-06 	-8.670588e-07 	 -0.22645083 	-1.353235e-05 	-2.564025e-07 		0.0625 -7.4450842e-07 -1.1718038e-06 100000 1
0.06375 34070.994 	1.1871925 	0.11076821 	 347616.71 	0.21477 	0.0427619 	 1.64663e-08 	-0.00085857835 	0.032835367 	 8.8633e-09 	-0.0022130573 	-0.0012366496 	 0.01945076 	-344.79398 	-399.48886 	 0.13151618 	-1.779565e-06 	-8.772098e-07 	 -0.29861914 	-1.308635e-05 	-3.076025e-07 		0.06375 -7.4729017e-07 -1.1884304e-06 100000 1
0.065 34060.77 	1.081302 	0.11069181 	 365928.5 	0.202265 	0.04268115 	 1.55287e-08 	-0.00088143269 	0.033063883 	 8.5181e-09 	-0.0022420992 	-0.0010374026 	 0.017865725 	-373.81203 	-425.44821 	 0.12788358 	-9.13925e-07 	-8.790169e-07 	 -0.37836576 	-1.269885e-05 	-3.077415e-07 		0.065 -7.4895789e-07 -1.2045181e-06 100000 1
0.06625 34000.657 	0.97661 	0.10740959 	 385262.32 	0.194325 	0.03485975 	 1.46715e-08 	-0.00090554157 	0.033305529 	 8.3738e-09 	-0.002263227 	-0.00081993077 	 0.016269525 	-408.7549 	-451.52882 	 0.12378985 	-5.871e-08 	-8.4890925e-07 	 -0.46585446 	-1.23597e-05 	-2.3029e-07 		0.06625 -7.4957548e-07 -1.2201752e-06 100000 1
0.0675 33874.351 	0.86488 	0.10293466 	 405645.93 	0.18046 	0.0316792 	 1.384045e-08 	-0.00093244087 	0.03355966 	 8.2679e-09 	-0.0022685912 	-0.00058145067 	 0.0145411 	-451.16502 	-476.03987 	 0.1192287 	8.67865e-07 	-8.0700055e-07 	 -0.56123434 	-1.19641e-05 	-1.99026e-07 		0.0675 -7.4910538e-07 -1.2354162e-06 100000 1
0.06875 33665.621 	0.747859 	0.099860328 	 427108.28 	0.16192 	0.03492685 	 1.29629e-08 	-0.00096048448 	0.033828873 	 8.023e-09 	-0.0022599364 	-0.00032024415 	 0.012707705 	-501.70874 	-498.86792 	 0.11419375 	1.84609e-06 	-7.792826e-07 	 -0.66465344 	-1.15237e-05 	-2.3187e-07 		0.06875 -7.4740676e-07 -1.2500853e-06 100000 1
0.07 33353.602 	0.630738 	0.094322304 	 449677.2 	0.14098 	0.0315029 	 1.21811e-08 	-0.0009918326 	0.03411323 	 7.8646e-09 	-0.0022242776 	-3.2443108e-05 	 0.01083397 	-562.51095 	-516.60328 	 0.10867802 	2.82612e-06 	-7.27097e-07 	 -0.77624541 	-1.106315e-05 	-1.97784e-07 		0.07 -7.4449095e-07 -1.2642258e-06 100000 1
0.07125 32916.85 	0.503386 	0.083130307 	 473384.88 	0.11631 	0.02271355 	 1.154125e-08 	-0.001021009 	0.03441864 	 7.90975e-09 	-0.002162905 	0.00028673099 	 0.00874152 	-635.25175 	-528.66284 	 0.102677 	3.91004e-06 	-6.1850885e-07 	 -0.89615992 	-1.056925e-05 	-1.09824e-07 		0.07125 -7.4034216e-07 -1.2777438e-06 100000 1
0.0725 32326.166 	0.3528054 	0.064424699 	 498267.09 	0.0877875 	0.0125398 	 1.099e-08 	-0.0010358338 	0.034736349 	 8.05435e-09 	-0.0020553248 	0.00064138463 	 0.006195665 	-722.45091 	-528.43028 	 0.096185871 	5.22702e-06 	-4.349215e-07 	 -1.0245553 	-1.00404e-05 	-7.875e-09 		0.0725 -7.3471664e-07 -1.2906498e-06 100000 1
0.07375 31541.92 	0.18055475 	0.043945397 	 524308.6 	0.0468295 	0.00265675 	 1.03337e-08 	-0.0010673338 	0.035039302 	 8.11965e-09 	-0.0018785344 	0.0010652538 	 0.0032059485 	-833.30105 	-508.71273 	 0.08922489 	6.75991e-06 	-2.3374645e-07 	 -1.1612565 	-9.3905e-06 	9.12555e-08 		0.07375 -7.2727559e-07 -1.3028458e-06 100000 1
0.075 30288.932 	0.081965395 	0.035513715 	 543362.75 	0.0323785 	-0.0021042 	 9.9917e-09 	-0.0010907949 	0.035189852 	 8.0936e-09 	-0.001775905 	0.0012911371 	 0.001481855 	-883.70485 	-499.0367 	 0.085633141 	7.56651e-06 	-1.529562e-07 	 -1.2316285 	-9.0245e-06 	1.3917e-07 		0.075 -7.1835265e-07 -1.3135926e-06 100000 1
