# y jRe_x jRe_y jRe_z jIm_x jIm_y jIm_z BRe_x BRe_y BRe_z BIm_x BIm_y BIm_z F_x F_y F_z VReGrad_x VReGrad_y VReGrad_z VImGrad_x VImGrad_y VImGrad_z s VRe VIm sigma mur
-0.075 -508797.17 	-38698.666 	-16191.156 	 -2101023.9 	-172678.14 	-151811.43 	 -0.0045028064 	0.0027658715 	0.041344941 	 0.00016758314 	-0.00040921211 	0.0045223564 	 -1199.0678 	15295.934 	-348.17501 	 -0.47032812 	-0.61771537 	0.0023901082 	 -1.5881565 	-3.1979406 	0.12817839 		-0.075 -0.00043518973 -0.0030817765 1200000 1
-0.07375 -555039.54 	-149250.43 	-16469.191 	 -1857316.7 	-321410 	-133703.99 	 -0.0044989008 	0.0026822676 	0.041017731 	 0.0002763634 	-0.00043237179 	0.0034016288 	 -3513.6148 	14648.686 	-628.85384 	 -0.47255093 	-0.58668636 	0.0015623338 	 -1.6569582 	-3.055395 	0.11326749 		-0.07375 -0.0012073339 -0.0070792021 1200000 1
-0.0725 -577945.76 	-296951.38 	-14437.122 	 -1564602.4 	-619584.41 	-100007.96 	 -0.0045054086 	0.0025347105 	0.040526768 	 0.00044022537 	-0.00046300627 	0.0018079674 	 -6530.8696 	13137.76 	-901.70218 	 -0.47620042 	-0.52855296 	5.4092876e-05 	 -1.774259 	-2.7845975 	0.08522025 		-0.0725 -0.0019094165 -0.010755749 1200000 1
-0.07125 -580415.04 	-439457.64 	-11938.22 	 -1344058.7 	-872977.36 	-74616.251 	 -0.004514253 	0.0023980815 	0.039969713 	 0.00055756261 	-0.00046937548 	0.00063020999 	 -8808.4346 	12112.721 	-1113.951 	 -0.47884296 	-0.47737026 	-0.00094765679 	 -1.8427279 	-2.5464973 	0.063946601 		-0.07125 -0.0025106624 -0.013954876 1200000 1
-0.07 -582884.31 	-581963.9 	-9439.3176 	 -1123515.1 	-1126370.3 	-49224.547 	 -0.0045230973 	0.0022614524 	0.039412658 	 0.00067489985 	-0.00047574468 	-0.00054754743 	 -11086 	11087.681 	-1326.1999 	 -0.48148551 	-0.42618757 	-0.0019494065 	 -1.9111967 	-2.3083971 	0.042672953 		-0.07 -0.0031119084 -0.017154003 1200000 1
-0.06875 -568408.24 	-719134.32 	-7066.4672 	 -972884.83 	-1329935.4 	-33505.116 	 -0.0045217419 	0.0021337653 	0.038771587 	 0.00076713623 	-0.00046695679 	-0.0015571925 	 -12805.903 	10175.364 	-1490.6486 	 -0.48187481 	-0.38013476 	-0.0023941556 	 -1.935696 	-2.1068755 	0.029340904 		-0.06875 -0.003584447 -0.019764878 1200000 1
-0.0675 -553932.17 	-856304.74 	-4693.6168 	 -822254.61 	-1533500.6 	-17785.684 	 -0.0045203864 	0.0020060782 	0.038130516 	 0.00085937261 	-0.00045816889 	-0.0025668375 	 -14525.807 	9263.0468 	-1655.0972 	 -0.48226412 	-0.33408195 	-0.0028389048 	 -1.9601954 	-1.9053539 	0.016008856 		-0.0675 -0.0040569857 -0.022375754 1200000 1
-0.06625 -531316.94 	-983829.98 	-2694.4126 	 -715577.63 	-1692704.5 	-8068.4157 	 -0.0045223169 	0.0019032797 	0.037676995 	 0.00090698933 	-0.00044090442 	-0.003038746 	 -16131.761 	8696.1355 	-1816.9844 	 -0.47863425 	-0.29230739 	-0.0029503419 	 -1.9610334 	-1.7387782 	0.0076232197 		-0.06625 -0.0044196519 -0.024528263 1200000 1
-0.065 -508701.72 	-1111355.2 	-695.20854 	 -608900.65 	-1851908.4 	1648.853 	 -0.0045242474 	0.0018004812 	0.037223473 	 0.00095460605 	-0.00042363994 	-0.0035106546 	 -17737.715 	8129.2242 	-1978.8716 	 -0.47500439 	-0.25053282 	-0.0030617791 	 -1.9618715 	-1.5722025 	-0.00076241622 		-0.065 -0.0047823181 -0.026680772 1200000 1
-0.06375 -482404.22 	-1226973 	820.36376 	 -531177.08 	-1973823.2 	7370.4035 	 -0.0045287654 	0.0017108311 	0.036850633 	 0.00098249952 	-0.00040433215 	-0.0037575899 	 -19216.069 	7638.7741 	-2136.0141 	 -0.46766456 	-0.21314371 	-0.002950521 	 -1.9501048 	-1.4364692 	-0.0058261304 		-0.06375 -0.005045984 -0.028458769 1200000 1
-0.0625 -456106.72 	-1342590.7 	2335.9361 	 -453453.51 	-2095737.9 	13091.954 	 -0.0045332833 	0.001621181 	0.036477794 	 0.001010393 	-0.00038502436 	-0.0040045252 	 -20694.423 	7148.324 	-2293.1566 	 -0.46032473 	-0.17575461 	-0.0028392629 	 -1.9383382 	-1.3007358 	-0.010889845 		-0.0625 -0.0053096498 -0.030236766 1200000 1
-0.06125 -428683.03 	-1445351.5 	3395.2013 	 -395784.61 	-2188236.7 	16237.191 	 -0.0045395613 	0.0015423572 	0.036176885 	 0.0010265566 	-0.00036618824 	-0.0041097041 	 -22066.259 	6696.7209 	-2444.5277 	 -0.4498133 	-0.14278716 	-0.0025894861 	 -1.9199432 	-1.190686 	-0.013786527 		-0.06125 -0.0054853705 -0.031710609 1200000 1
-0.06 -401259.34 	-1548112.3 	4454.4666 	 -338115.71 	-2280735.4 	19382.429 	 -0.0045458393 	0.0014635335 	0.035875976 	 0.0010427203 	-0.00034735212 	-0.0042148829 	 -23438.094 	6245.1178 	-2595.8989 	 -0.43930187 	-0.10981972 	-0.0023397092 	 -1.9015482 	-1.0806362 	-0.01668321 		-0.06 -0.0056610912 -0.033184451 1200000 1
-0.05875 -374157.38 	-1637870.7 	5135.1972 	 -294838.72 	-2350445.7 	20904.14 	 -0.0045531332 	0.0013937145 	0.035635833 	 0.0010520089 	-0.00033000582 	-0.0042324728 	 -24698.125 	5820.6264 	-2738.3022 	 -0.42620187 	-0.08123473 	-0.0020126456 	 -1.8798933 	-0.991819 	-0.018192994 		-0.05875 -0.0057599198 -0.034412199 1200000 1
-0.0575 -347055.43 	-1727629 	5815.9278 	 -251561.73 	-2420156 	22425.852 	 -0.0045604271 	0.0013238955 	0.03539569 	 0.0010612975 	-0.00031265952 	-0.0042500626 	 -25958.156 	5396.135 	-2880.7056 	 -0.41310188 	-0.052649743 	-0.0016855821 	 -1.8582384 	-0.9030018 	-0.019702779 		-0.0575 -0.0058587484 -0.035639948 1200000 1
-0.05625 -321055.59 	-1804715.9 	6204.8328 	 -218861.52 	-2472311.5 	22946.375 	 -0.0045681504 	0.0012616524 	0.035205112 	 0.0010666344 	-0.00029708872 	-0.0042156869 	 -27093.961 	4995.7316 	-3010.9711 	 -0.39795961 	-0.028340324 	-0.0013234668 	 -1.8352753 	-0.83185879 	-0.020339659 		-0.05625 -0.0058915441 -0.036669704 1200000 1
-0.055 -295055.75 	-1881802.8 	6593.7378 	 -186161.31 	-2524467.1 	23466.897 	 -0.0045758738 	0.0011994093 	0.035014534 	 0.0010719713 	-0.00028151793 	-0.0041813112 	 -28229.766 	4595.3281 	-3141.2366 	 -0.38281734 	-0.0040309038 	-0.00096135146 	 -1.8123122 	-0.76071578 	-0.020976539 		-0.055 -0.0059243399 -0.03769946 1200000 1
-0.05375 -270525.56 	-1946808.1 	6768.9926 	 -161348.63 	-2563123.8 	23386.21 	 -0.0045836016 	0.00114361 	0.034863267 	 0.0010751013 	-0.00026767528 	-0.0041185594 	 -29229.465 	4218.3025 	-3256.9252 	 -0.36611194 	0.016156432 	-0.00059147416 	 -1.7891863 	-0.70445612 	-0.021074808 		-0.05375 -0.0059016214 -0.038571493 1200000 1
-0.0525 -245995.36 	-2011813.5 	6944.2474 	 -136535.94 	-2601780.5 	23305.522 	 -0.0045913295 	0.0010878106 	0.034712001 	 0.0010782314 	-0.00025383264 	-0.0040558076 	 -30229.163 	3841.2769 	-3372.6139 	 -0.34940655 	0.036343768 	-0.00022159686 	 -1.7660604 	-0.64819647 	-0.021173078 		-0.0525 -0.0058789029 -0.039443526 1200000 1
-0.05125 -223042.76 	-2065440.5 	6969.8853 	 -117646.47 	-2630058.6 	22877.805 	 -0.0045987752 	0.0010375452 	0.034591122 	 0.0010801845 	-0.00024153685 	-0.0039803333 	 -31083.875 	3486.9338 	-3472.1011 	 -0.33154327 	0.052585705 	0.0001399921 	 -1.7434413 	-0.60464255 	-0.020948636 		-0.05125 -0.005810762 -0.040191984 1200000 1
-0.05 -200090.17 	-2119067.5 	6995.5232 	 -98756.99 	-2658336.8 	22450.089 	 -0.004606221 	0.00098727981 	0.034470244 	 0.0010821376 	-0.00022924106 	-0.0039048589 	 -31938.586 	3132.5907 	-3571.5883 	 -0.31367999 	0.068827643 	0.00050158105 	 -1.7208221 	-0.56108863 	-0.020724194 		-0.05 -0.005742621 -0.040940443 1200000 1
-0.04875 -178658.66 	-2162036.6 	6921.2558 	 -84313.249 	-2678622 	21835.408 	 -0.0046132058 	0.000941806 	0.034372253 	 0.0010835124 	-0.00021827137 	-0.0038270166 	 -32642.708 	2799.5369 	-3653.9246 	 -0.2949943 	0.081303571 	0.00084695265 	 -1.6990912 	-0.52854812 	-0.020316013 		-0.04875 -0.0056386929 -0.041594706 1200000 1
-0.0475 -157227.14 	-2205005.8 	6846.9883 	 -69869.508 	-2698907.2 	21220.728 	 -0.0046201906 	0.00089633219 	0.034274263 	 0.0010848872 	-0.00020730169 	-0.0037491743 	 -33346.829 	2466.4832 	-3736.2609 	 -0.27630862 	0.093779499 	0.0011923242 	 -1.6773603 	-0.4960076 	-0.019907833 		-0.0475 -0.0055347647 -0.042248969 1200000 1
-0.04625 -137155.83 	-2237991 	6710.2313 	 -58730.495 	-2713004.9 	20519.174 	 -0.0046266153 	0.00085503579 	0.034193051 	 0.0010860241 	-0.00019743933 	-0.0036757461 	 -33897.498 	2152.5196 	-3800.9779 	 -0.25707509 	0.10265531 	0.0015191862 	 -1.6567221 	-0.47317683 	-0.019405448 		-0.04625 -0.0054042441 -0.042834725 1200000 1
-0.045 -117084.53 	-2270976.2 	6573.4743 	 -47591.482 	-2727102.6 	19817.62 	 -0.00463304 	0.00081373939 	0.034111839 	 0.0010871609 	-0.00018757698 	-0.0036023179 	 -34448.166 	1838.5561 	-3865.6949 	 -0.23784157 	0.11153113 	0.0018460481 	 -1.6360838 	-0.45034605 	-0.018903063 		-0.045 -0.0052737236 -0.043420481 1200000 1
-0.04375 -98146.889 	-2294563.7 	6402.0361 	 -38851.62 	-2736353.2 	19091.699 	 -0.0046388624 	0.00077610622 	0.034042598 	 0.0010882464 	-0.00017862014 	-0.0035376548 	 -34844.51 	1540.7849 	-3912.6243 	 -0.21828444 	0.11694716 	0.0021558425 	 -1.6166338 	-0.43623953 	-0.018364711 		-0.04375 -0.0051254163 -0.04396059 1200000 1
-0.0425 -79209.25 	-2318151.2 	6230.5979 	 -30111.758 	-2745603.8 	18365.778 	 -0.0046446848 	0.00073847305 	0.033973357 	 0.0010893318 	-0.0001696633 	-0.0034729918 	 -35240.855 	1243.0137 	-3959.5537 	 -0.19872732 	0.12236319 	0.0024656368 	 -1.5971838 	-0.42213302 	-0.017826358 		-0.0425 -0.004977109 -0.0445007 1200000 1
-0.04125 -61138.166 	-2332813.1 	6045.3584 	 -23028.701 	-2750966.6 	17655.21 	 -0.0046499027 	0.00070406876 	0.033912486 	 0.0010904611 	-0.00016142929 	-0.0034197673 	 -35483.292 	958.0052 	-3988.6811 	 -0.17903149 	0.12442551 	0.0027621175 	 -1.5789525 	-0.41603315 	-0.017291054 		-0.04125 -0.0048195083 -0.045015923 1200000 1
-0.04 -43067.081 	-2347475 	5860.1189 	 -15945.643 	-2756329.5 	16944.642 	 -0.0046551207 	0.00066966446 	0.033851614 	 0.0010915903 	-0.00015319528 	-0.0033665429 	 -35725.73 	672.99674 	-4017.8084 	 -0.15933567 	0.12648782 	0.0030585983 	 -1.5607212 	-0.40993328 	-0.01675575 		-0.04 -0.0046619076 -0.045531146 1200000 1
-0.03875 -25571.408 	-2353552.5 	5677.4698 	 -9885.2979 	-2758441.5 	16276.387 	 -0.0046597612 	0.00063812001 	0.03379663 	 0.0010928023 	-0.00014551671 	-0.0033262394 	 -35815.405 	396.95861 	-4029.1654 	 -0.13965748 	0.1252622 	0.0033467664 	 -1.5437026 	-0.4113555 	-0.016251576 		-0.03875 -0.0045032887 -0.046040756 1200000 1
-0.0375 -8075.7344 	-2359630.1 	5494.8207 	 -3824.9528 	-2760553.6 	15608.131 	 -0.0046644018 	0.00060657555 	0.033741646 	 0.0010940143 	-0.00013783813 	-0.0032859359 	 -35905.081 	120.92047 	-4040.5225 	 -0.11997929 	0.12403658 	0.0036349346 	 -1.526684 	-0.41277771 	-0.015747402 		-0.0375 -0.0043446699 -0.046550366 1200000 1
-0.03625 9148.4298 	-2357324.5 	5328.8495 	 1783.3613 	-2759767.8 	15003.635 	 -0.0046685152 	0.0005775765 	0.033691123 	 0.0010953095 	-0.0001305563 	-0.0032591372 	 -35843.482 	-150.15013 	-4034.117 	 -0.10045694 	0.11954454 	0.0039202059 	 -1.5108561 	-0.42144812 	-0.015297556 		-0.03625 -0.0041931973 -0.0470727 1200000 1
-0.035 26372.594 	-2355018.9 	5162.8782 	 7391.6755 	-2758982 	14399.139 	 -0.0046726286 	0.00054857744 	0.033640599 	 0.0010966046 	-0.00012327446 	-0.0032323385 	 -35781.883 	-421.22072 	-4027.7116 	 -0.08093458 	0.11505251 	0.0042054772 	 -1.4950283 	-0.43011853 	-0.014847709 		-0.035 -0.0040417247 -0.047595034 1200000 1
-0.03375 43633.51 	-2344386.5 	5027.3712 	 13094.863 	-2755386.8 	13880.239 	 -0.0046762872 	0.00052185584 	0.03359413 	 0.0010979492 	-0.00011623141 	-0.0032188695 	 -35570.643 	-691.39981 	-4003.4921 	 -0.061698179 	0.10726905 	0.0044929664 	 -1.4803696 	-0.44596221 	-0.014475477 		-0.03375 -0.003905566 -0.048147997 1200000 1
-0.0325 60894.426 	-2333754.2 	4891.8641 	 18798.051 	-2751791.7 	13361.339 	 -0.0046799458 	0.00049513424 	0.03354766 	 0.0010992937 	-0.00010918837 	-0.0032054004 	 -35359.403 	-961.5789 	-3979.2725 	 -0.042461777 	0.099485595 	0.0047804557 	 -1.4657109 	-0.4618059 	-0.014103246 		-0.0325 -0.0037694074 -0.048700959 1200000 1
-0.03125 78497.261 	-2314706.2 	4802.2371 	 25157.581 	-2745213.8 	12956.016 	 -0.0046832471 	0.00047046217 	0.033505858 	 0.0011006122 	-0.00010221824 	-0.0032043315 	 -35000.284 	-1234.8872 	-3937.1251 	 -0.023643197 	0.088338358 	0.0050742659 	 -1.4522151 	-0.48494503 	-0.01383684 		-0.03125 -0.003656852 -0.049302511 1200000 1
-0.03 96100.095 	-2295658.2 	4712.61 	 31517.11 	-2738636 	12550.694 	 -0.0046865485 	0.0004457901 	0.033464056 	 0.0011019307 	-9.5248106e-05 	-0.0032032626 	 -34641.165 	-1508.1955 	-3894.9777 	 -0.0048246174 	0.077191122 	0.0053680761 	 -1.4387192 	-0.50808415 	-0.013570435 		-0.03 -0.0035442967 -0.049904064 1200000 1
-0.02875 114338.62 	-2267964.1 	4687.8652 	 39149.773 	-2728626.2 	12299.822 	 -0.0046896234 	0.00042297383 	0.033428582 	 0.0011030855 	-8.816806e-05 	-0.0032127774 	 -34136.234 	-1788.4694 	-3834.7589 	 0.013432815 	0.062560859 	0.0056704829 	 -1.4264125 	-0.53884592 	-0.013448596 		-0.02875 -0.0034638742 -0.050572722 1200000 1
-0.0275 132577.14 	-2240269.9 	4663.1203 	 46782.436 	-2718616.4 	12048.951 	 -0.0046926984 	0.00040015755 	0.033393108 	 0.0011042403 	-8.1088013e-05 	-0.0032222923 	 -33631.304 	-2068.7433 	-3774.54 	 0.031690247 	0.047930596 	0.0059728896 	 -1.4141057 	-0.56960769 	-0.013326756 		-0.0275 -0.0033834518 -0.05124138 1200000 1
-0.02625 151722.55 	-2203565.2 	4727.8842 	 56407.868 	-2704415.9 	12015.358 	 -0.0046957239 	0.00037903147 	0.033366734 	 0.001104993 	-7.3689478e-05 	-0.0032393957 	 -32983.291 	-2359.498 	-3696.1469 	 0.049222072 	0.029653071 	0.0062833095 	 -1.4030695 	-0.60854318 	-0.013406168 		-0.02625 -0.0033440477 -0.051996741 1200000 1
-0.025 170867.96 	-2166860.5 	4792.6481 	 66033.3 	-2690215.5 	11981.765 	 -0.0046987495 	0.00035790538 	0.03334036 	 0.0011057458 	-6.6290944e-05 	-0.003256499 	 -32335.279 	-2650.2527 	-3617.7537 	 0.066753896 	0.011375546 	0.0065937294 	 -1.3920332 	-0.64747866 	-0.013485579 		-0.025 -0.0033046437 -0.052752102 1200000 1
-0.02375 191152.09 	-2120661.4 	4979.2381 	 78534.323 	-2670702.2 	12263.339 	 -0.0047019676 	0.00033832451 	0.033327052 	 0.0011056915 	-5.8332688e-05 	-0.0032765175 	 -31548.119 	-2954.5339 	-3521.2398 	 0.083365015 	-0.010755032 	0.0069073561 	 -1.3824374 	-0.6953944 	-0.013851472 		-0.02375 -0.0033156089 -0.053615437 1200000 1
-0.0225 211436.22 	-2074462.2 	5165.828 	 91035.346 	-2651188.9 	12544.913 	 -0.0047051856 	0.00031874363 	0.033313745 	 0.0011056372 	-5.0374432e-05 	-0.0032965359 	 -30760.96 	-3258.8151 	-3424.7259 	 0.099976134 	-0.03288561 	0.0072209827 	 -1.3728415 	-0.74331013 	-0.014217365 		-0.0225 -0.003326574 -0.054478773 1200000 1
-0.02125 233025.11 	-2018188 	5516.0783 	 107540.49 	-2624796.4 	13294.216 	 -0.0047089278 	0.00030057298 	0.033318769 	 0.0011040954 	-4.1581007e-05 	-0.0033123247 	 -29840.489 	-3579.052 	-3310.4683 	 0.11543202 	-0.059111658 	0.0075269713 	 -1.3649964 	-0.80131541 	-0.014999239 		-0.02125 -0.0033978229 -0.055473713 1200000 1
-0.02 254613.99 	-1961913.8 	5866.3286 	 124045.63 	-2598404 	14043.518 	 -0.00471267 	0.00028240234 	0.033323794 	 0.0011025537 	-3.2787581e-05 	-0.0033281134 	 -28920.018 	-3899.2889 	-3196.2107 	 0.1308879 	-0.085337706 	0.0078329599 	 -1.3571512 	-0.85932069 	-0.015781112 		-0.02 -0.0034690718 -0.056468653 1200000 1
-0.01875 277565.37 	-1894922.8 	6432.465 	 146049.81 	-2563010.8 	15497.358 	 -0.0047173882 	0.00026550107 	0.033353802 	 0.0010983901 	-2.2860687e-05 	-0.0033288245 	 -27874.723 	-4237.2022 	-3065.128 	 0.14490771 	-0.11593244 	0.0081120587 	 -1.3515916 	-0.92889466 	-0.017176315 		-0.01875 -0.0036111672 -0.057622015 1200000 1
-0.0175 300516.75 	-1827931.8 	6998.6015 	 168053.99 	-2527617.5 	16951.198 	 -0.0047221064 	0.00024859981 	0.033383811 	 0.0010942265 	-1.2933793e-05 	-0.0033295356 	 -26829.429 	-4575.1156 	-2934.0454 	 0.15892751 	-0.14652718 	0.0083911575 	 -1.346032 	-0.99846864 	-0.018571518 		-0.0175 -0.0037532626 -0.058775376 1200000 1
-0.01625 324710.8 	-1749573.4 	7841.6161 	 197607.15 	-2480397.3 	19474.995 	 -0.0047284066 	0.00023279695 	0.033446869 	 0.0010855602 	-1.5915487e-06 	-0.0032987031 	 -25670.99 	-4931.8398 	-2787.8476 	 0.17118179 	-0.18179002 	0.0086127114 	 -1.3436597 	-1.0815508 	-0.020880514 		-0.01625 -0.0039774851 -0.060118186 1200000 1
-0.015 348904.84 	-1671215 	8684.6308 	 227160.31 	-2433177.1 	21998.792 	 -0.0047347068 	0.00021699408 	0.033509928 	 0.0010768939 	9.750695e-06 	-0.0032678705 	 -24512.551 	-5288.564 	-2641.6498 	 0.18343607 	-0.21705286 	0.0088342653 	 -1.3412874 	-1.1646329 	-0.023189511 		-0.015 -0.0042017077 -0.061460996 1200000 1
-0.01375 373928.62 	-1580905.2 	9867.0191 	 267183.28 	-2370418.3 	26151.643 	 -0.0047433788 	0.00020205227 	0.033615362 	 0.0010606165 	2.2677809e-05 	-0.0031803987 	 -23255.509 	-5665.4161 	-2483.0392 	 0.19355503 	-0.25731148 	0.0089525614 	 -1.3436232 	-1.2637317 	-0.026867512 		-0.01375 -0.0045201173 -0.063029768 1200000 1
-0.0125 398952.4 	-1490595.4 	11049.407 	 307206.25 	-2307659.5 	30304.493 	 -0.0047520508 	0.00018711046 	0.033720797 	 0.001044339 	3.5604922e-05 	-0.0030929268 	 -21998.467 	-6042.2683 	-2324.4286 	 0.20367399 	-0.29757011 	0.0090708575 	 -1.345959 	-1.3628304 	-0.030545514 		-0.0125 -0.0048385269 -0.064598541 1200000 1
-0.01125 423901.43 	-1387920.9 	12616.159 	 362056.19 	-2224605.5 	36929.949 	 -0.0047640755 	0.00017267453 	0.033878622 	 0.0010153234 	4.9970318e-05 	-0.0029102676 	 -20657.511 	-6443.3498 	-2157.0266 	 0.21127904 	-0.3432019 	0.0090208436 	 -1.3556105 	-1.4811031 	-0.036274417 		-0.01125 -0.0052640426 -0.066436844 1200000 1
-0.01 448850.46 	-1285246.5 	14182.91 	 416906.13 	-2141551.5 	43555.406 	 -0.0047761001 	0.0001582386 	0.034036448 	 0.00098630774 	6.4335714e-05 	-0.0027276083 	 -19316.555 	-6844.4314 	-1989.6245 	 0.21888409 	-0.38883369 	0.0089708297 	 -1.3652619 	-1.5993759 	-0.04200332 		-0.01 -0.0056895582 -0.068275148 1200000 1
-0.00875 471974.17 	-1170106.7 	16119.436 	 493458.05 	-2032529 	53893.886 	 -0.0047925983 	0.00014377126 	0.03425572 	 0.00093611347 	7.9290178e-05 	-0.0023899811 	 -17898.195 	-7284.3614 	-1817.0545 	 0.22367045 	-0.44032853 	0.0086631355 	 -1.3868383 	-1.7404573 	-0.050780441 		-0.00875 -0.0062361268 -0.070435284 1200000 1
-0.0075 495097.87 	-1054966.9 	18055.962 	 570009.97 	-1923506.5 	64232.366 	 -0.0048090965 	0.00012930392 	0.034474991 	 0.0008859192 	9.4244641e-05 	-0.0020523539 	 -16479.835 	-7724.2914 	-1644.4845 	 0.22845681 	-0.49182336 	0.0083554413 	 -1.4084146 	-1.8815387 	-0.059557562 		-0.0075 -0.0067826953 -0.07259542 1200000 1
-0.00625 513143.4 	-927792.44 	20203.688 	 679885.51 	-1783545 	80017.748 	 -0.0048331154 	0.0001129195 	0.034827274 	 0.00078616836 	0.00010730021 	-0.0013450394 	 -15073.513 	-8330.7462 	-1479.2674 	 0.23038202 	-0.54989221 	0.0076698097 	 -1.4504347 	-2.0481143 	-0.072770409 		-0.00625 -0.0074656852 -0.075139131 1200000 1
-0.005 531188.93 	-800617.97 	22351.413 	 789761.05 	-1643583.6 	95803.13 	 -0.0048571342 	9.6535084e-05 	0.035179556 	 0.00068641752 	0.00012035578 	-0.0006377248 	 -13667.191 	-8937.2009 	-1314.0503 	 0.23230723 	-0.60796107 	0.0069841781 	 -1.4924549 	-2.2146899 	-0.085983256 		-0.005 -0.0081486751 -0.077682841 1200000 1
-0.00375 536131.71 	-663679.04 	24518.49 	 952584.02 	-1468188.9 	120507.51 	 -0.0048704565 	7.8683027e-05 	0.035451893 	 0.00056301236 	0.00011839928 	9.9591553e-05 	 -11828.914 	-9514.6882 	-1119.1655 	 0.23417745 	-0.67466601 	0.0056320407 	 -1.5704224 	-2.4076947 	-0.10646168 		-0.00375 -0.0089969027 -0.08070695 1200000 1
-0.0025 541074.5 	-526740.1 	26685.566 	 1115407 	-1292794.2 	145211.89 	 -0.0048837787 	6.0830971e-05 	0.035724231 	 0.0004396072 	0.00011644277 	0.0008369079 	 -9990.6377 	-10092.176 	-924.2807 	 0.23604767 	-0.74137096 	0.0042799033 	 -1.64839 	-2.6006996 	-0.12694011 		-0.0025 -0.0098451303 -0.083731058 1200000 1
-0.00125 530521.95 	-376896.45 	28216.27 	 1333069.3 	-1085715.2 	177248 	 -0.0049003436 	4.2032614e-05 	0.035974309 	 0.00026840296 	0.00010681125 	0.001891889 	 -7773.5781 	-10865.143 	-691.36852 	 0.23846222 	-0.81975403 	0.0023376175 	 -1.7652468 	-2.8171363 	-0.15332608 		-0.00125 -0.01082675 -0.087139359 1200000 1
5.2475385e-17 281569.2 	-254361.11 	15398.199 	 788239.45 	-914491.54 	105136.23 	 -0.0049265242 	2.1678077e-05 	0.036216125 	 8.8835069e-05 	0.00010023716 	0.0031197466 	 -6030.1486 	-6198.5911 	-540.22325 	 0.23953114 	0.091784104 	0.0011625487 	 -1.8076602 	0.90903206 	-0.16691604 		5.2475385e-17 -0.011280539 -0.088331286 650000 1
0.00125 39721.063 	-205106.28 	1919.5926 	 115547.84 	-843489.45 	14785.416 	 -0.0049338327 	8.8832e-07 	0.036119388 	 2.77641e-05 	8.9810239e-05 	0.0034455021 	 -5161.885 	-919.78269 	-489.77188 	 0.23963184 	1.0041332 	0.0018201553 	 -1.6693455 	4.6342353 	-0.1523961 		0.00125 -0.01059729 -0.084866778 100000 1
0.0025 37525.784 	-193656.82 	1543.5725 	 101212.21 	-824838.71 	12103.251 	 -0.0049432293 	-1.7748357e-05 	0.035919957 	 3.0213275e-05 	7.9694722e-05 	0.0033474615 	 -4866.369 	-843.13428 	-463.53921 	 0.23866335 	0.92835408 	0.0032489837 	 -1.4559424 	4.4138186 	-0.12509212 		0.0025 -0.0093846391 -0.079187574 100000 1
0.00375 35423.397 	-184031.75 	1267.769 	 90620.966 	-807605.25 	10003.503 	 -0.0049536329 	-3.6611723e-05 	0.03574117 	 3.3042523e-05 	6.9897072e-05 	0.0032359372 	 -4610.1767 	-777.48366 	-441.33563 	 0.23950701 	0.86611103 	0.0041376516 	 -1.2815827 	4.2123131 	-0.10370848 		0.00375 -0.0082984935 -0.073904238 100000 1
0.005 33321.009 	-174406.67 	991.96551 	 80029.721 	-790371.79 	7903.7561 	 -0.0049640365 	-5.5475089e-05 	0.035562383 	 3.5871771e-05 	6.0099421e-05 	0.0031244129 	 -4353.9845 	-711.83303 	-419.13205 	 0.24035068 	0.80386798 	0.0050263194 	 -1.107223 	4.0108077 	-0.082324831 		0.005 -0.0072123479 -0.068620903 100000 1
0.00625 31323.127 	-166423.75 	821.86579 	 73037.672 	-774715.61 	6521.3951 	 -0.0049630299 	-7.5504003e-05 	0.035372499 	 4.0570448e-05 	5.0803453e-05 	0.002937597 	 -4100.4722 	-656.16614 	-398.30996 	 0.24354816 	0.75176393 	0.0053543942 	 -0.97083848 	3.8307607 	-0.068216196 		0.00625 -0.0062778024 -0.063845759 100000 1
0.0075 29325.245 	-158440.82 	651.76607 	 66045.623 	-759059.42 	5139.0341 	 -0.0049620232 	-9.5532918e-05 	0.035182614 	 4.5269124e-05 	4.1507485e-05 	0.0027507811 	 -3846.9599 	-600.49925 	-377.48786 	 0.24674564 	0.69965989 	0.005682469 	 -0.83445399 	3.6507137 	-0.054107561 		0.0075 -0.0053432569 -0.059070616 100000 1
0.00875 27605.556 	-151557.63 	538.97917 	 61196.867 	-745084.04 	4195.5999 	 -0.0049602228 	-0.00011419754 	0.035046804 	 4.8329841e-05 	3.5269957e-05 	0.002603502 	 -3642.2068 	-557.78949 	-359.79415 	 0.24960219 	0.65492837 	0.0057432042 	 -0.72092857 	3.4915274 	-0.044450776 		0.00875 -0.0045286527 -0.054718975 100000 1
0.01 25885.868 	-144674.45 	426.19227 	 56348.11 	-731108.66 	3252.1657 	 -0.0049584223 	-0.00013286216 	0.034910993 	 5.1390559e-05 	2.9032429e-05 	0.002456223 	 -3437.4536 	-515.07973 	-342.10043 	 0.25245874 	0.61019686 	0.0058039393 	 -0.60740315 	3.332341 	-0.034793991 		0.01 -0.0037140485 -0.050367334 100000 1
0.01125 24413.447 	-138661.08 	351.19327 	 52826.413 	-718675.9 	2610.146 	 -0.0049565502 	-0.00015155891 	0.034804497 	 5.4005642e-05 	2.4730661e-05 	0.0023308314 	 -3265.3034 	-480.93426 	-326.65556 	 0.25483981 	0.57134393 	0.0057089001 	 -0.50825935 	3.1919277 	-0.028196784 		0.01125 -0.0030031605 -0.046388122 100000 1
0.0125 22941.027 	-132647.71 	276.19427 	 49304.716 	-706243.15 	1968.1263 	 -0.004954678 	-0.00017025567 	0.034698001 	 5.6620725e-05 	2.0428894e-05 	0.0022054398 	 -3093.1531 	-446.78878 	-311.2107 	 0.25722088 	0.532491 	0.0056138608 	 -0.40911556 	3.0515144 	-0.021599576 		0.0125 -0.0022922725 -0.042408911 100000 1
0.01375 21681.571 	-127340.62 	226.21356 	 46668.777 	-695079.67 	1528.1078 	 -0.0049526869 	-0.00018923582 	0.034615329 	 5.8927644e-05 	1.7506217e-05 	0.0020981935 	 -2946.6245 	-419.03302 	-297.58873 	 0.25912831 	0.49847523 	0.0054343681 	 -0.31966317 	2.9266141 	-0.017056395 		0.01375 -0.001671933 -0.038759336 100000 1
0.015 20422.114 	-122033.52 	176.23286 	 44032.839 	-683916.18 	1088.0894 	 -0.0049506958 	-0.00020821597 	0.034532657 	 6.1234562e-05 	1.458354e-05 	0.0019909473 	 -2800.096 	-391.27727 	-283.96676 	 0.26103575 	0.46445946 	0.0052548753 	 -0.23021078 	2.8017138 	-0.012513214 		0.015 -0.0010515935 -0.035109762 100000 1
0.01625 19344.467 	-117312.73 	142.8362 	 42029.179 	-673766.14 	781.68284 	 -0.0049485528 	-0.00022769459 	0.034469619 	 6.3280283e-05 	1.2638196e-05 	0.0018981925 	 -2673.8236 	-368.43885 	-271.86918 	 0.26251944 	0.43452802 	0.0050358824 	 -0.14766731 	2.6893698 	-0.0093322272 		0.01625 -0.00051078434 -0.031755052 100000 1
0.0175 18266.82 	-112591.94 	109.43953 	 40025.52 	-663616.1 	475.27626 	 -0.0049464097 	-0.00024717321 	0.034406581 	 6.5326004e-05 	1.0692852e-05 	0.0018054377 	 -2547.5513 	-345.60044 	-259.77161 	 0.26400314 	0.40459657 	0.0048168895 	 -0.065123843 	2.5770257 	-0.0061512408 		0.0175 3.002479e-05 -0.028400342 100000 1
0.01875 17344.676 	-108364.85 	87.024793 	 38501.398 	-654262.87 	256.49706 	 -0.0049440859 	-0.00026734574 	0.034360064 	 6.7131243e-05 	9.4455869e-06 	0.0017241525 	 -2437.4867 	-326.65015 	-248.96994 	 0.26512423 	0.37816841 	0.004586044 	 0.01226319 	2.4747654 	-0.0038668904 		0.01875 0.00050070708 -0.025312488 100000 1
0.02 16422.532 	-104137.76 	64.610054 	 36977.275 	-644909.63 	37.717865 	 -0.004941762 	-0.00028751828 	0.034313548 	 6.8936482e-05 	8.1983212e-06 	0.0016428674 	 -2327.4222 	-307.69986 	-238.16827 	 0.26624532 	0.35174025 	0.0043551986 	 0.089650224 	2.372505 	-0.0015825399 		0.02 0.00097138938 -0.022224633 100000 1
0.02125 15634.247 	-100329.57 	49.447062 	 35837.281 	-636170.73 	-124.05152 	 -0.0049392287 	-0.000308573 	0.034281257 	 7.0518109e-05 	7.4555785e-06 	0.0015706756 	 -2230.4763 	-291.89665 	-228.47617 	 0.2670623 	0.32834126 	0.0041288852 	 0.16304309 	2.2782647 	0.00011558044 		0.02125 0.0013800577 -0.019381225 100000 1
0.0225 14845.962 	-96521.38 	34.284069 	 34697.287 	-627431.83 	-285.82091 	 -0.0049366954 	-0.00032962773 	0.034248966 	 7.2099735e-05 	6.7128358e-06 	0.0014984839 	 -2133.5303 	-276.09345 	-218.78407 	 0.26787928 	0.30494227 	0.0039025718 	 0.23643595 	2.1840244 	0.0018137008 		0.0225 0.001788726 -0.016537817 100000 1
0.02375 14173.849 	-93069.558 	23.888428 	 33880.637 	-619150.14 	-410.90392 	 -0.0049339226 	-0.00035175456 	0.034229215 	 7.3476389e-05 	6.3398058e-06 	0.0014335481 	 -2047.301 	-262.8895 	-210.0438 	 0.26844321 	0.28417045 	0.0036899481 	 0.30663859 	2.0960447 	0.0031320239 		0.02375 0.0021424134 -0.013921164 100000 1
0.025 13501.737 	-89617.737 	13.492787 	 33063.988 	-610868.44 	-535.98692 	 -0.0049311498 	-0.0003738814 	0.034209464 	 7.4853043e-05 	5.9667759e-06 	0.0013686122 	 -1961.0717 	-249.68555 	-201.30354 	 0.26900714 	0.26339863 	0.0034773244 	 0.37684123 	2.008065 	0.004450347 		0.025 0.0024961008 -0.011304511 100000 1
0.02625 12931.316 	-86468.723 	6.2120091 	 32532.075 	-602904.45 	-637.87001 	 -0.0049281058 	-0.00039727847 	0.034201028 	 7.6045371e-05 	5.8691533e-06 	0.0013095178 	 -1883.6546 	-238.66628 	-193.37887 	 0.26936035 	0.24490484 	0.0032830075 	 0.44442769 	1.9248019 	0.0055261963 		0.02625 0.00280091 -0.0089010016 100000 1
0.0275 12360.896 	-83319.709 	-1.0687687 	 32000.162 	-594940.46 	-739.7531 	 -0.0049250618 	-0.00042067555 	0.034192591 	 7.7237699e-05 	5.7715307e-06 	0.0012504234 	 -1806.2376 	-227.64701 	-185.45419 	 0.26971356 	0.22641104 	0.0030886907 	 0.51201416 	1.8415387 	0.0066020456 		0.0275 0.0031057192 -0.0064974921 100000 1
0.02875 11880.237 	-80426.818 	-6.3299139 	 31729.445 	-587166.25 	-827.3833 	 -0.0049217126 	-0.00044555482 	0.034194596 	 7.8267125e-05 	5.8833494e-06 	0.0011960827 	 -1736.0954 	-218.49207 	-178.22612 	 0.26988961 	0.20988762 	0.0029145224 	 0.57740294 	1.7615945 	0.0075268056 		0.02875 0.0033669376 -0.0042971548 100000 1
0.03 11399.579 	-77533.927 	-11.591059 	 31458.728 	-579392.03 	-915.01351 	 -0.0049183634 	-0.00047043409 	0.034196601 	 7.9296551e-05 	5.9951681e-06 	0.001141742 	 -1665.9533 	-209.33713 	-170.99805 	 0.27006567 	0.1933642 	0.0027403542 	 0.64279171 	1.6816503 	0.0084515657 		0.03 0.003628156 -0.0020968174 100000 1
0.03125 10998.761 	-74855.951 	-15.552694 	 31436.59 	-571686.44 	-994.30012 	 -0.0049146724 	-0.00049702659 	0.034208452 	 8.0184006e-05 	6.2706211e-06 	0.0010913223 	 -1601.8254 	-201.79414 	-164.36211 	 0.27008991 	0.17853763 	0.0025865434 	 0.70628991 	1.6037202 	0.0092858353 		0.03125 0.0038503481 -9.3028946e-05 100000 1
0.0325 10597.944 	-72177.974 	-19.514329 	 31414.451 	-563980.85 	-1073.5867 	 -0.0049109813 	-0.0005236191 	0.034220304 	 8.1071461e-05 	6.5460741e-06 	0.0010409027 	 -1537.6975 	-194.25115 	-157.72617 	 0.27011414 	0.16371107 	0.0024327326 	 0.7697881 	1.5257902 	0.010120105 		0.0325 0.0040725402 0.0019107595 100000 1
0.03375 10268.614 	-69678.188 	-22.642166 	 31636.81 	-556225.65 	-1148.3576 	 -0.0049069085 	-0.00055218028 	0.03424163 	 8.183642e-05 	6.9540156e-06 	0.00099377555 	 -1478.5372 	-188.11757 	-151.59039 	 0.27000419 	0.15033669 	0.0022985844 	 0.8316177 	1.4486191 	0.010903357 		0.03375 0.0042596257 0.0037214465 100000 1
0.035 9939.2836 	-67178.401 	-25.770004 	 31859.168 	-548470.45 	-1223.1285 	 -0.0049028357 	-0.00058074146 	0.034262956 	 8.2601379e-05 	7.3619571e-06 	0.00094664845 	 -1419.3768 	-181.98399 	-145.45461 	 0.26989424 	0.13696231 	0.0021644362 	 0.8934473 	1.3714481 	0.011686609 		0.035 0.0044467113 0.0055321335 100000 1
0.03625 9674.3038 	-64823.837 	-28.354707 	 32329.214 	-540547.02 	-1295.7103 	 -0.0048983376 	-0.00061155678 	0.034293574 	 8.3261191e-05 	7.8821889e-06 	0.00090235651 	 -1364.3067 	-177.09445 	-139.73801 	 0.26966051 	0.12482033 	0.0020488097 	 0.95376003 	1.2937943 	0.012443063 		0.03625 0.0046020315 0.0071500667 100000 1
0.0375 9409.324 	-62469.272 	-30.93941 	 32799.261 	-532623.6 	-1368.292 	 -0.0048938395 	-0.0006423721 	0.034324191 	 8.3921003e-05 	8.4024208e-06 	0.00085806457 	 -1309.2367 	-172.20492 	-134.02142 	 0.26942678 	0.11267835 	0.0019331831 	 1.0140728 	1.2161405 	0.013199517 		0.0375 0.0047573517 0.0087679999 100000 1
0.03875 9202.483 	-60230.186 	-33.147196 	 33526.959 	-524409.87 	-1439.8128 	 -0.0048888683 	-0.00067576337 	0.03436408 	 8.4490267e-05 	9.0231765e-06 	0.00081630243 	 -1257.5176 	-168.42204 	-128.65296 	 0.26907274 	0.10157075 	0.0018347615 	 1.0729571 	1.1367428 	0.013941218 		0.03875 0.0048837274 0.010190418 100000 1
0.04 8995.6421 	-57991.1 	-35.354981 	 34254.657 	-516196.14 	-1511.3335 	 -0.0048838971 	-0.00070915464 	0.034403969 	 8.5059531e-05 	9.6439322e-06 	0.00077454028 	 -1205.7984 	-164.63917 	-123.2845 	 0.26871871 	0.090463146 	0.0017363398 	 1.1318413 	1.057345 	0.014682919 		0.04 0.005010103 0.011612836 100000 1
0.04125 8841.3969 	-55840.593 	-37.258112 	 35256.882 	-507563.61 	-1581.8015 	 -0.0048784 	-0.00074548724 	0.034453257 	 8.5549343e-05 	1.0360186e-05 	0.00073514804 	 -1156.807 	-161.84677 	-118.20232 	 0.26824119 	0.080211324 	0.0016537754 	 1.1893229 	0.97489081 	0.015410565 		0.04125 0.0051098852 0.012833781 100000 1
0.0425 8687.1516 	-53690.087 	-39.161243 	 36259.106 	-498931.07 	-1652.2695 	 -0.004872903 	-0.00078181984 	0.034502544 	 8.6039155e-05 	1.1076439e-05 	0.0006957558 	 -1107.8156 	-159.05438 	-113.12015 	 0.26776368 	0.069959501 	0.0015712109 	 1.2468045 	0.89243658 	0.016138211 		0.0425 0.0052096675 0.014054725 100000 1
0.04375 8580.384 	-51603.848 	-40.754076 	 37560.394 	-489741.53 	-1720.439 	 -0.0048668217 	-0.00082151116 	0.034561493 	 8.6455943e-05 	1.188877e-05 	0.00065872453 	 -1061.0292 	-157.15227 	-108.27126 	 0.26715308 	0.060402422 	0.0015031816 	 1.302841 	0.80552828 	0.016839841 		0.04375 0.005284784 0.015064872 100000 1
0.045 8473.6164 	-49517.609 	-42.346909 	 38861.681 	-480552 	-1788.6084 	 -0.0048607405 	-0.00086120249 	0.034620442 	 8.687273e-05 	1.2701101e-05 	0.00062169326 	 -1014.2428 	-155.25017 	-103.42238 	 0.26654249 	0.050845342 	0.0014351523 	 1.3588774 	0.71861998 	0.01754147 		0.045 0.0053599005 0.016075019 100000 1
0.04625 8409.3866 	-47473.768 	-43.551443 	 40495.702 	-470653.93 	-1851.6046 	 -0.0048540104 	-0.00090473189 	0.03468945 	 8.7216319e-05 	1.3614885e-05 	0.00058718355 	 -969.22864 	-154.15037 	-98.762595 	 0.26578301 	0.041838219 	0.0013803551 	 1.4133453 	0.62573737 	0.018188735 		0.04625 0.0054118974 0.016861422 100000 1
0.0475 8345.1569 	-45429.928 	-44.755977 	 42129.723 	-460755.87 	-1914.6008 	 -0.0048472804 	-0.0009482613 	0.034758457 	 8.7559908e-05 	1.452867e-05 	0.00055267384 	 -924.21451 	-153.05056 	-94.102813 	 0.26502353 	0.032831096 	0.0013255579 	 1.4678131 	0.53285476 	0.018836001 		0.0475 0.0054638942 0.017647825 100000 1
0.04875 8318.4285 	-43409.039 	-45.419266 	 44141.721 	-449979.97 	-1967.2326 	 -0.0048398297 	-0.00099618198 	0.034838052 	 8.7820277e-05 	1.5553332e-05 	0.00052105026 	 -880.62307 	-152.67457 	-89.597123 	 0.26409345 	0.024244586 	0.0012826482 	 1.5204856 	0.43230992 	0.019377314 		0.04875 0.0054939751 0.018193559 100000 1
0.05 8291.7003 	-41388.151 	-46.082555 	 46153.72 	-439204.07 	-2019.8643 	 -0.0048323791 	-0.0010441027 	0.034917647 	 8.8080648e-05 	1.6577995e-05 	0.00048942669 	 -837.03163 	-152.29858 	-85.091433 	 0.26316338 	0.015658076 	0.0012397384 	 1.5731581 	0.33176508 	0.019918627 		0.05 0.005524056 0.018739293 100000 1
0.05125 8297.0059 	-39373.304 	-45.968457 	 48604.396 	-427357.71 	-2053.4965 	 -0.0048241281 	-0.0010970559 	0.035008491 	 8.8232557e-05 	1.7725946e-05 	0.00046131366 	 -794.59124 	-152.57622 	-80.714659 	 0.26203557 	0.0073780268 	0.0012072189 	 1.6236688 	0.22164631 	0.0202679 		0.05125 0.0055331203 0.019022971 100000 1
0.0525 8302.3116 	-37358.458 	-45.854359 	 51055.072 	-415511.35 	-2087.1287 	 -0.0048158772 	-0.0011500092 	0.035099336 	 8.8384468e-05 	1.8873897e-05 	0.00043320064 	 -752.15085 	-152.85385 	-76.337885 	 0.26090776 	-0.00090202258 	0.0011746995 	 1.6741794 	0.11152754 	0.020617173 		0.0525 0.0055421846 0.01930665 100000 1
0.05375 8333.31 	-35335.555 	-44.632894 	 54026.754 	-402371.35 	-2087.9071 	 -0.004806737 	-0.0012087413 	0.035202227 	 8.8378635e-05 	2.0158516e-05 	0.00040956892 	 -710.66259 	-153.72406 	-72.075612 	 0.25955054 	-0.0089742177 	0.0011507613 	 1.7219622 	-0.010373361 	0.020636081 		0.05375 0.0055308652 0.01930179 100000 1
0.055 8364.3084 	-33312.653 	-43.41143 	 56998.436 	-389231.35 	-2088.6855 	 -0.0047975968 	-0.0012674734 	0.035305118 	 8.8372802e-05 	2.1443135e-05 	0.00038593719 	 -669.17433 	-154.59426 	-67.813339 	 0.25819332 	-0.017046413 	0.0011268232 	 1.7697449 	-0.13227426 	0.020654989 		0.055 0.0055195459 0.01929693 100000 1
0.05625 8413.1569 	-31270.896 	-40.651663 	 60605.156 	-374534.34 	-2034.7999 	 -0.0047874682 	-0.0013328561 	0.03542099 	 8.8121521e-05 	2.2874597e-05 	0.00036823626 	 -628.50298 	-156.00979 	-63.662802 	 0.25657215 	-0.024992839 	0.001109135 	 1.8139363 	-0.26855833 	0.020125621 		0.05625 0.0054882492 0.018971104 100000 1
0.0575 8462.0055 	-29229.139 	-37.891896 	 64211.875 	-359837.34 	-1980.9144 	 -0.0047773396 	-0.0013982387 	0.035536862 	 8.7870239e-05 	2.4306059e-05 	0.00035053534 	 -587.83163 	-157.42533 	-59.512265 	 0.25495099 	-0.032939265 	0.0010914467 	 1.8581277 	-0.4048424 	0.019596253 		0.0575 0.0054569525 0.018645279 100000 1
0.05875 8518.417 	-27161.779 	-33.069793 	 68616.407 	-343267.13 	-1838.4482 	 -0.0047661109 	-0.0014712929 	0.035666782 	 8.7224007e-05 	2.5882734e-05 	0.00034089736 	 -547.88578 	-159.36514 	-55.482479 	 0.25303165 	-0.040824 	0.0010768933 	 1.8973985 	-0.5586307 	0.018179621 		0.05875 0.005405901 0.017958999 100000 1
0.06 8574.8285 	-25094.419 	-28.24769 	 73020.94 	-326696.92 	-1695.982 	 -0.0047548822 	-0.0015443471 	0.035796701 	 8.6577776e-05 	2.7459409e-05 	0.00033125939 	 -507.93993 	-161.30495 	-51.452693 	 0.25111231 	-0.048708734 	0.0010623399 	 1.9366693 	-0.71241901 	0.016762988 		0.06 0.0053548495 0.017272718 100000 1
0.06125 8624.5758 	-22999.849 	-20.792099 	 78465.027 	-307868.83 	-1412.7678 	 -0.0047424262 	-0.0016262702 	0.035941846 	 8.5287362e-05 	2.9150544e-05 	0.00033281716 	 -468.62722 	-163.80315 	-47.56215 	 0.24886692 	-0.05657632 	0.0010467202 	 1.968925 	-0.88750913 	0.01393761 		0.06125 0.0052841292 0.016177951 100000 1
0.0625 8674.3231 	-20905.279 	-13.336508 	 83909.114 	-289040.74 	-1129.5537 	 -0.0047299702 	-0.0017081933 	0.036086991 	 8.3996949e-05 	3.0841679e-05 	0.00033437494 	 -429.3145 	-166.30136 	-43.671607 	 0.24662152 	-0.064443905 	0.0010311006 	 2.0011807 	-1.0625992 	0.011112231 		0.0625 0.0052134088 0.015083184 100000 1
0.06375 8696.7421 	-18788.538 	-2.7579721 	 90769.888 	-267488.34 	-626.51598 	 -0.004716139 	-0.0018003876 	0.036248607 	 8.1652e-05 	3.2553418e-05 	0.00035176547 	 -390.44412 	-169.51383 	-39.939701 	 0.24404011 	-0.072319154 	0.001008806 	 2.0229991 	-1.2635995 	0.0060875836 		0.06375 0.0051230194 0.013521453 100000 1
0.065 8719.1612 	-16671.796 	7.8205638 	 97630.663 	-245935.94 	-123.47826 	 -0.0047023077 	-0.0018925818 	0.036410223 	 7.9307051e-05 	3.4265158e-05 	0.000369156 	 -351.57374 	-172.7263 	-36.207795 	 0.24145871 	-0.080194404 	0.00098651151 	 2.0448175 	-1.4645997 	0.0010629362 		0.065 0.00503263 0.011959722 100000 1
0.06625 8682.7518 	-14546.488 	21.634487 	 106531.88 	-221127.96 	716.23572 	 -0.0046869251 	-0.0019966784 	0.036589462 	 7.5237778e-05 	3.5776403e-05 	0.00040931754 	 -312.65523 	-177.0868 	-32.631595 	 0.23857219 	-0.088086968 	0.00095021883 	 2.0503378 	-1.6967625 	-0.0073291943 		0.06625 0.0049225334 0.0098599538 100000 1
0.0675 8646.3425 	-12421.179 	35.448411 	 115433.09 	-196319.97 	1555.9497 	 -0.0046715425 	-0.002100775 	0.0367687 	 7.1168505e-05 	3.7287649e-05 	0.00044947908 	 -273.73672 	-181.44731 	-29.055396 	 0.23568567 	-0.095979531 	0.00091392614 	 2.055858 	-1.9289252 	-0.015721325 		0.0675 0.0048124368 0.0077601855 100000 1
0.06875 8500.7071 	-10311.746 	51.626181 	 127479.27 	-167839.47 	2896.4729 	 -0.004652199 	-0.0022271423 	0.036994323 	 6.3284842e-05 	3.8045274e-05 	0.00054229488 	 -234.73389 	-189.74003 	-25.645676 	 0.2326111 	-0.10389868 	0.00085431399 	 2.0344374 	-2.1963639 	-0.029121839 		0.06875 0.0046825846 0.0050376408 100000 1
0.07 8355.0717 	-8202.3121 	67.80395 	 139525.45 	-139358.96 	4236.9961 	 -0.0046328555 	-0.0023535095 	0.037219946 	 5.5401179e-05 	3.8802898e-05 	0.00063511068 	 -195.73106 	-198.03276 	-22.235956 	 0.22953653 	-0.11181784 	0.00079470185 	 2.0130168 	-2.4638026 	-0.042522352 		0.07 0.0045527324 0.0023150961 100000 1
0.07125 7991.7335 	-6144.1056 	84.489409 	 156515.5 	-106901.39 	6381.3315 	 -0.0046024763 	-0.0024864006 	0.037410235 	 4.5411852e-05 	3.8254922e-05 	0.00074036079 	 -151.74243 	-207.33666 	-18.481044 	 0.22689438 	-0.11997793 	0.00069345279 	 1.9473943 	-2.7694479 	-0.063960789 		0.07125 0.0044017923 -0.0011709773 100000 1
0.0725 7628.3952 	-4085.8991 	101.17487 	 173505.54 	-74443.813 	8525.6668 	 -0.0045720971 	-0.0026192917 	0.037600523 	 3.5422524e-05 	3.7706946e-05 	0.0008456109 	 -107.7538 	-216.64056 	-14.726132 	 0.22425222 	-0.12813803 	0.00059220374 	 1.8817718 	-3.0750933 	-0.085399226 		0.0725 0.0042508523 -0.0046570508 100000 1
0.07375 7023.8415 	-2038.098 	114.26868 	 195737.02 	-38200.638 	11355.998 	 -0.0045421922 	-0.0027594584 	0.037773847 	 2.1519485e-05 	3.5084261e-05 	0.0009847407 	 -56.322177 	-229.85303 	-10.417037 	 0.22219659 	-0.13696577 	0.00045213863 	 1.7677654 	-3.4174213 	-0.11369702 		0.07375 0.0040842822 -0.0087493624 100000 1
0.075 6136.9668 	-479.92228 	110.47616 	 213588.45 	-18154.801 	12861.49 	 -0.0045314261 	-0.0028378586 	0.03788835 	 1.2291541e-05 	3.3099874e-05 	0.0010846211 	 -18.98801 	-232.35427 	-6.1744828 	 0.22122073 	-0.14160143 	0.000376388 	 1.7002069 	-3.5969873 	-0.12874565 		0.075 0.0039072804 -0.013245597 100000 1
