# y jRe_x jRe_y jRe_z jIm_x jIm_y jIm_z BRe_x BRe_y BRe_z BIm_x BIm_y BIm_z F_x F_y F_z VReGrad_x VReGrad_y VReGrad_z VImGrad_x VImGrad_y VImGrad_z s VRe VIm sigma mur
-0.075 -1767117.7 	-3905.2956 	-116.93982 	 -3462546.3 	-2043.0472 	-116.4249 	 2.441262e-06 	0.0079941289 	0.033361359 	 -5.52798e-06 	0.0067918524 	-0.0015778302 	 -65.477748 	26750.94 	-18806.196 	 0.042304114 	0.0005235536 	5.840234e-05 	 -0.036989854 	-0.001573633 	9.397957e-05 		-0.075 -0.00012305996 -0.00039851685 1200000 1
-0.07375 -1862971.7 	0.44205975 	0.26849947 	 -3183872 	0.20147342 	-0.99128702 	 2.6910111e-09 	0.0078282675 	0.033432257 	 -1.5662091e-08 	0.0066061084 	-0.0016143392 	 0.0093483777 	28573.263 	-17824.098 	 0.033493406 	4.597579e-06 	-4.5803707e-06 	 -0.059583725 	-1.043201e-05 	1.6527722e-06 		-0.07375 -1.4772785e-07 6.1629042e-07 1200000 1
-0.0725 -1880391 	0.45318317 	0.19406148 	 -3013713.7 	0.079353228 	-0.97655914 	 2.847882e-09 	0.0078529948 	0.032767576 	 -1.5671853e-08 	0.0066623903 	-0.0022398763 	 0.0099060022 	28053.281 	-17522.637 	 0.026873937 	4.5519301e-06 	-4.6071058e-06 	 -0.089157384 	-1.0461417e-05 	1.6559938e-06 		-0.0725 -1.4418165e-07 6.0637201e-07 1200000 1
-0.07125 -1862780.5 	0.47522053 	0.1466347 	 -2849577.5 	-0.015945307 	-1.0068838 	 2.8521127e-09 	0.0077685517 	0.031767345 	 -1.5755315e-08 	0.00655044 	-0.0031760775 	 0.01046991 	26446.949 	-16759.852 	 0.017079234 	4.4879685e-06 	-4.6467508e-06 	 -0.13379309 	-1.0514879e-05 	1.6981169e-06 		-0.07125 -1.4076993e-07 5.9600738e-07 1200000 1
-0.07 -1845170 	0.49725789 	0.09920792 	 -2685441.4 	-0.11124384 	-1.0372084 	 2.8563435e-09 	0.0076841087 	0.030767115 	 -1.5838776e-08 	0.0064384897 	-0.0041122787 	 0.011033818 	24840.617 	-15997.066 	 0.007284532 	4.424007e-06 	-4.6863958e-06 	 -0.1784288 	-1.0568341e-05 	1.74024e-06 		-0.07 -1.3735821e-07 5.8564274e-07 1200000 1
-0.06875 -1827559.5 	0.51929525 	0.051781142 	 -2521305.2 	-0.20654238 	-1.0675331 	 2.8605743e-09 	0.0075996656 	0.029766885 	 -1.5922238e-08 	0.0063265395 	-0.0050484799 	 0.011597726 	23234.285 	-15234.281 	 -0.0025101703 	4.3600455e-06 	-4.7260408e-06 	 -0.22306451 	-1.0621802e-05 	1.782363e-06 		-0.06875 -1.3394649e-07 5.7527811e-07 1200000 1
-0.0675 -1760288.2 	0.54768939 	0.0082646063 	 -2324884.7 	-0.28736668 	-1.177368 	 2.5397935e-09 	0.0072999307 	0.028050133 	 -1.6037492e-08 	0.005890803 	-0.0066249399 	 0.012170641 	19859.478 	-13697.975 	 -0.018878363 	4.2603825e-06 	-4.7895212e-06 	 -0.29855218 	-1.0723313e-05 	1.9000694e-06 		-0.0675 -1.291555e-07 5.6188525e-07 1200000 1
-0.06625 -1686254.8 	0.58467287 	-0.039027417 	 -2109658.8 	-0.38597365 	-1.2588698 	 2.4452655e-09 	0.0070862917 	0.026094188 	 -1.6191928e-08 	0.0055955492 	-0.0084461508 	 0.01312341 	16015.529 	-12297.095 	 -0.037893017 	4.1384767e-06 	-4.8656163e-06 	 -0.38548509 	-1.0830913e-05 	1.9966708e-06 		-0.06625 -1.2385702e-07 5.4805964e-07 1200000 1
-0.065 -1634323.7 	0.6283313 	-0.090238366 	 -1893877.4 	-0.51873598 	-1.2481868 	 2.9066107e-09 	0.0071238668 	0.024301785 	 -1.6398179e-08 	0.0057051885 	-0.010123209 	 0.014569286 	12825.891 	-11613.934 	 -0.055913009 	4.0079909e-06 	-4.9453293e-06 	 -0.46731082 	-1.0914527e-05 	2.0134294e-06 		-0.065 -1.1881774e-07 5.3553177e-07 1200000 1
-0.06375 -1559351.5 	0.65486976 	-0.10467183 	 -1721925.7 	-0.61938982 	-1.3105864 	 3.1108415e-09 	0.0068635482 	0.022688957 	 -1.6704333e-08 	0.0054413661 	-0.011283743 	 0.015273132 	10537.273 	-10534.075 	 -0.070725853 	3.8826448e-06 	-5.0322909e-06 	 -0.542418 	-1.1006065e-05 	2.0892105e-06 		-0.06375 -1.1426359e-07 5.2146258e-07 1200000 1
-0.0625 -1484379.4 	0.68140823 	-0.11910529 	 -1549974 	-0.72004367 	-1.3729861 	 3.3150722e-09 	0.0066032297 	0.021076128 	 -1.7010487e-08 	0.0051775437 	-0.012444278 	 0.015976978 	8248.6555 	-9454.2172 	 -0.085538698 	3.7572986e-06 	-5.1192524e-06 	 -0.61752517 	-1.1097604e-05 	2.1649917e-06 		-0.0625 -1.0970944e-07 5.0739338e-07 1200000 1
-0.06125 -1409407.2 	0.70794669 	-0.13353875 	 -1378022.3 	-0.82069752 	-1.4353857 	 3.519303e-09 	0.0063429111 	0.0194633 	 -1.7316641e-08 	0.0049137214 	-0.013604813 	 0.016680824 	5960.038 	-8374.3589 	 -0.10035154 	3.6319525e-06 	-5.2062139e-06 	 -0.69263235 	-1.1189142e-05 	2.2407728e-06 		-0.06125 -1.0515529e-07 4.9332419e-07 1200000 1
-0.06 -1331876.1 	0.73005677 	-0.14670516 	 -1211090.8 	-0.92043683 	-1.5027806 	 3.7005488e-09 	0.0060636032 	0.017867569 	 -1.7608839e-08 	0.0046264053 	-0.014717509 	 0.017324971 	3748.0313 	-7291.1314 	 -0.11484051 	3.5077084e-06 	-5.2928287e-06 	 -0.76685241 	-1.1279861e-05 	2.3209497e-06 		-0.06 -1.0062023e-07 4.7913105e-07 1200000 1
-0.05875 -1222287.3 	0.69668898 	-0.14399822 	 -1107050.8 	-1.0087191 	-1.6327562 	 3.5938429e-09 	0.0055464001 	0.01648604 	 -1.7726207e-08 	0.0040447649 	-0.01523089 	 0.017221218 	2495.7907 	-6165.6938 	 -0.12527197 	3.3972702e-06 	-5.3750986e-06 	 -0.8299589 	-1.1360305e-05 	2.4561949e-06 		-0.05875 -9.6324175e-08 4.6338502e-07 1200000 1
-0.0575 -1144628.2 	0.68227852 	-0.14626708 	 -997616.99 	-1.1103336 	-1.6360046 	 4.2752522e-09 	0.0053138067 	0.01542391 	 -1.8343222e-08 	0.0039249307 	-0.015615363 	 0.017737011 	1803.8172 	-5507.5715 	 -0.13450374 	3.2740431e-06 	-5.4717995e-06 	 -0.88615828 	-1.1429579e-05 	2.4789479e-06 		-0.0575 -9.2454872e-08 4.5089169e-07 1200000 1
-0.05625 -1070394.6 	0.67020866 	-0.14467147 	 -897873.83 	-1.1890049 	-1.6445599 	 4.8736673e-09 	0.0050340159 	0.014477748 	 -1.8978717e-08 	0.0037768029 	-0.015904859 	 0.01802188 	1320.0743 	-4922.7874 	 -0.1425366 	3.1591122e-06 	-5.5611657e-06 	 -0.93930736 	-1.1524418e-05 	2.5052967e-06 		-0.05625 -8.8837689e-08 4.3782624e-07 1200000 1
-0.055 -992055.65 	0.6559779 	-0.13847389 	 -808075.31 	-1.2440049 	-1.6864368 	 5.2198211e-09 	0.0046476087 	0.013564123 	 -1.9518332e-08 	0.0034991812 	-0.016137826 	 0.017959187 	897.73725 	-4298.8245 	 -0.14975959 	3.0545353e-06 	-5.6406746e-06 	 -0.99126414 	-1.1644802e-05 	2.5602198e-06 		-0.055 -8.5351521e-08 4.2351282e-07 1200000 1
-0.05375 -913716.7 	0.64174713 	-0.13227631 	 -718276.79 	-1.2990049 	-1.7283138 	 5.565975e-09 	0.0042612014 	0.012650498 	 -2.0057947e-08 	0.0032215595 	-0.016370794 	 0.017896495 	475.40019 	-3674.8617 	 -0.15698258 	2.9499584e-06 	-5.7201834e-06 	 -1.0432209 	-1.1765187e-05 	2.6151429e-06 		-0.05375 -8.1865354e-08 4.091994e-07 1200000 1
-0.0525 -835377.76 	0.62751636 	-0.12607874 	 -628478.27 	-1.3540049 	-1.7701907 	 5.9121288e-09 	0.0038747941 	0.011736872 	 -2.0597563e-08 	0.0029439377 	-0.016603762 	 0.017833803 	53.063123 	-3050.8989 	 -0.16420557 	2.8453815e-06 	-5.7996923e-06 	 -1.0951777 	-1.1885572e-05 	2.6700659e-06 		-0.0525 -7.8379186e-08 3.9488598e-07 1200000 1
-0.05125 -749062.02 	0.59578041 	-0.12592914 	 -559551.98 	-1.4122563 	-1.8487091 	 6.0016043e-09 	0.0034495587 	0.01088039 	 -2.095244e-08 	0.0025937909 	-0.016764578 	 0.017706316 	-364.89079 	-2501.6316 	 -0.17034336 	2.7496927e-06 	-5.8629058e-06 	 -1.1441714 	-1.2011102e-05 	2.7582861e-06 		-0.05125 -7.4953171e-08 3.7938674e-07 1200000 1
-0.05 -661518.44 	0.5509228 	-0.13137377 	 -511657 	-1.4549339 	-1.9276002 	 6.0125057e-09 	0.0030080492 	0.010174479 	 -2.1300302e-08 	0.0022435514 	-0.01682033 	 0.017403004 	-693.90429 	-2071.0269 	 -0.17502142 	2.6646548e-06 	-5.9155733e-06 	 -1.1881878 	-1.2153804e-05 	2.8474324e-06 		-0.05 -7.1710348e-08 3.6377207e-07 1200000 1
-0.04875 -601169.31 	0.52679272 	-0.13361948 	 -459166.16 	-1.4264809 	-1.8618972 	 6.7525461e-09 	0.002660447 	0.0098033646 	 -2.2357997e-08 	0.0021819186 	-0.016771072 	 0.016701047 	-708.14146 	-1786.0889 	 -0.17857027 	2.583992e-06 	-5.9937687e-06 	 -1.2254174 	-1.2340157e-05 	2.8073766e-06 		-0.04875 -6.8912185e-08 3.5245073e-07 1200000 1
-0.0475 -533565.27 	0.48499037 	-0.13350317 	 -411061.89 	-1.3473891 	-1.8742781 	 7.2731484e-09 	0.0022411137 	0.0094189699 	 -2.2779638e-08 	0.0019634288 	-0.016747706 	 0.015512149 	-736.95343 	-1538.0435 	 -0.18215422 	2.5220428e-06 	-6.0434637e-06 	 -1.264511 	-1.2591023e-05 	2.8338563e-06 		-0.0475 -6.6172492e-08 3.3766403e-07 1200000 1
-0.04625 -465280.1 	0.44152883 	-0.13316509 	 -363369.46 	-1.2635429 	-1.89399 	 7.7731484e-09 	0.0018150459 	0.0090333283 	 -2.3141561e-08 	0.0017302121 	-0.016726772 	 0.014277533 	-767.13378 	-1293.462 	 -0.18574147 	2.4618505e-06 	-6.090483e-06 	 -1.3037795 	-1.2847946e-05 	2.8665829e-06 		-0.04625 -6.3438289e-08 3.2255197e-07 1200000 1
-0.045 -396994.93 	0.39806729 	-0.13282701 	 -315677.03 	-1.1796968 	-1.9137019 	 8.2731484e-09 	0.0013889781 	0.0086476866 	 -2.3503484e-08 	0.0014969955 	-0.016705838 	 0.013042918 	-797.31414 	-1048.8804 	 -0.18932872 	2.4016582e-06 	-6.1375022e-06 	 -1.343048 	-1.3104869e-05 	2.8993094e-06 		-0.045 -6.0704086e-08 3.0743992e-07 1200000 1
-0.04375 -328709.75 	0.35460575 	-0.13248894 	 -267984.6 	-1.0958506 	-1.9334139 	 8.7731484e-09 	0.00096291025 	0.008262045 	 -2.3865407e-08 	0.0012637789 	-0.016684903 	 0.011808302 	-827.49449 	-804.29882 	 -0.19291596 	2.3414659e-06 	-6.1845214e-06 	 -1.3823166 	-1.3361792e-05 	2.9320359e-06 		-0.04375 -5.7969883e-08 2.9232786e-07 1200000 1
-0.0425 -249419.99 	0.27723227 	-0.14879861 	 -241938.34 	-1.0465748 	-2.0491804 	 9.0016377e-09 	0.00062209747 	0.0079088353 	 -2.350623e-08 	0.00096527537 	-0.016689867 	 0.010879082 	-973.98149 	-675.50713 	 -0.19641584 	2.2831777e-06 	-6.1929829e-06 	 -1.4206442 	-1.3618403e-05 	3.0481928e-06 		-0.0425 -5.5149222e-08 2.7409745e-07 1200000 1
-0.04125 -186255.41 	0.21617096 	-0.15303752 	 -217727.86 	-0.86736338 	-2.034813 	 9.767153e-09 	0.00019754701 	0.0077860675 	 -2.3693364e-08 	0.00078121274 	-0.01662103 	 0.0087805306 	-1037.4642 	-589.11251 	 -0.1988679 	2.2560587e-06 	-6.2257625e-06 	 -1.4535233 	-1.3965035e-05 	3.0496078e-06 		-0.04125 -5.2837209e-08 2.5980332e-07 1200000 1
-0.04 -131493.64 	0.16347131 	-0.1545766 	 -190974.86 	-0.61717057 	-1.9652781 	 1.0730096e-08 	-0.00027377019 	0.0078103909 	 -2.4103662e-08 	0.00064613122 	-0.016521452 	 0.0060741132 	-1036.5885 	-544.45381 	 -0.20120518 	2.2351338e-06 	-6.2627127e-06 	 -1.4844964 	-1.436074e-05 	3.0006422e-06 		-0.04 -5.0768646e-08 2.4681146e-07 1200000 1
-0.03875 -69074.168 	0.099240545 	-0.17229226 	 -157853.47 	-0.41217057 	-1.9909589 	 1.1241635e-08 	-0.00070909272 	0.0078228877 	 -2.4044816e-08 	0.00043139784 	-0.01647296 	 0.0038525747 	-1030.1642 	-551.66872 	 -0.20502163 	2.1772107e-06 	-6.2630743e-06 	 -1.5197409 	-1.4728432e-05 	3.030996e-06 		-0.03875 -4.844256e-08 2.2997075e-07 1200000 1
-0.0375 -6654.6993 	0.035009776 	-0.19000791 	 -124732.08 	-0.20717057 	-2.0166396 	 1.1753173e-08 	-0.0011444153 	0.0078353846 	 -2.398597e-08 	0.00021666447 	-0.016424469 	 0.0016310362 	-1023.74 	-558.88363 	 -0.20883809 	2.1192876e-06 	-6.2634358e-06 	 -1.5549855 	-1.5096124e-05 	3.0613499e-06 		-0.0375 -4.6116474e-08 2.1313004e-07 1200000 1
-0.03625 55764.77 	-0.029220993 	-0.20772356 	 -91610.695 	-0.0021705726 	-2.0423204 	 1.2264712e-08 	-0.0015797378 	0.0078478814 	 -2.3927123e-08 	1.9310961e-06 	-0.016375978 	 -0.00059050221 	-1017.3157 	-566.09855 	 -0.21265455 	2.0613645e-06 	-6.2637974e-06 	 -1.59023 	-1.5463817e-05 	3.0917037e-06 		-0.03625 -4.3790388e-08 1.9628934e-07 1200000 1
-0.035 122474.69 	-0.099904957 	-0.23046014 	 -60655.379 	0.15273187 	-2.1072922 	 1.2609131e-08 	-0.00195327 	0.0078714288 	 -2.3667328e-08 	-0.00021876725 	-0.016351119 	 -0.0023715447 	-1042.0383 	-592.13498 	 -0.21716163 	1.9833997e-06 	-6.2481879e-06 	 -1.6265898 	-1.5791874e-05 	3.1542467e-06 		-0.035 -4.1474002e-08 1.7805419e-07 1200000 1
-0.03375 199904.74 	-0.18671288 	-0.26574198 	 -35112.208 	0.18246049 	-2.2704365 	 1.2535986e-08 	-0.0021724131 	0.0079225873 	 -2.2905442e-08 	-0.00045436966 	-0.016385308 	 -0.0030519631 	-1144.5848 	-665.19887 	 -0.22339431 	1.8553585e-06 	-6.1926734e-06 	 -1.6657359 	-1.60209e-05 	3.2972173e-06 		-0.03375 -3.9181852e-08 1.563349e-07 1200000 1
-0.0325 250320.9 	-0.25812112 	-0.29590904 	 -17276.862 	0.58481976 	-2.1845291 	 1.3216863e-08 	-0.0028014255 	0.0082460227 	 -2.3264295e-08 	-0.00063315569 	-0.016278282 	 -0.0073023294 	-1241.0629 	-821.65582 	 -0.22656791 	1.825174e-06 	-6.192223e-06 	 -1.6940487 	-1.6537085e-05 	3.2275841e-06 		-0.0325 -3.7214905e-08 1.434028e-07 1200000 1
-0.03125 310967.27 	-0.29679765 	-0.31403509 	 16372.716 	0.85971354 	-2.1654921 	 1.3798174e-08 	-0.003280974 	0.0086204181 	 -2.3331206e-08 	-0.00084991158 	-0.016190438 	 -0.010033895 	-1334.6864 	-1035.9017 	 -0.23313038 	1.7291131e-06 	-6.1669106e-06 	 -1.7297554 	-1.6933807e-05 	3.2107749e-06 		-0.03125 -3.5439207e-08 1.2670148e-07 1200000 1
-0.03 375790.32 	-0.32256688 	-0.32741047 	 56326.251 	1.0824058 	-2.1740805 	 1.4336635e-08 	-0.003699433 	0.0090137971 	 -2.327736e-08 	-0.0010819748 	-0.016110832 	 -0.012147357 	-1427.2054 	-1272.6841 	 -0.24105005 	1.6064977e-06 	-6.1314952e-06 	 -1.7684419 	-1.7281884e-05 	3.2158596e-06 		-0.03 -3.3737874e-08 1.0846654e-07 1200000 1
-0.02875 440613.36 	-0.34833611 	-0.34078586 	 96279.786 	1.3050982 	-2.182669 	 1.4875097e-08 	-0.004117892 	0.0094071761 	 -2.3223513e-08 	-0.001314038 	-0.016031226 	 -0.014260818 	-1519.7244 	-1509.4665 	 -0.24896972 	1.4838823e-06 	-6.0960798e-06 	 -1.8071284 	-1.7629961e-05 	3.2209442e-06 		-0.02875 -3.203654e-08 9.0231595e-08 1200000 1
-0.0275 505436.41 	-0.37410534 	-0.35416124 	 136233.32 	1.5277905 	-2.1912574 	 1.5413558e-08 	-0.004536351 	0.009800555 	 -2.3169667e-08 	-0.0015461012 	-0.01595162 	 -0.01637428 	-1612.2434 	-1746.2489 	 -0.25688938 	1.3612669e-06 	-6.0606644e-06 	 -1.8458149 	-1.7978038e-05 	3.2260288e-06 		-0.0275 -3.0335207e-08 7.1996651e-08 1200000 1
-0.02625 584545 	-0.38714383 	-0.34813055 	 183683.75 	1.519231 	-2.2570691 	 1.5925655e-08 	-0.0047174193 	0.010278463 	 -2.2770082e-08 	-0.0017625185 	-0.015892922 	 -0.016484268 	-1795.0935 	-1987.6093 	 -0.26862777 	1.1719898e-06 	-6.0001229e-06 	 -1.8912178 	-1.8117034e-05 	3.2735891e-06 		-0.02625 -2.9061486e-08 5.0292924e-08 1200000 1
-0.025 658889.11 	-0.39089414 	-0.33677707 	 225013.92 	1.6566108 	-2.2587374 	 1.6613226e-08 	-0.0050373045 	0.010839502 	 -2.2733881e-08 	-0.0019969074 	-0.015789543 	 -0.017936588 	-2054.774 	-2319.4601 	 -0.27981184 	1.0015943e-06 	-5.9532476e-06 	 -1.9337087 	-1.8363837e-05 	3.2658999e-06 		-0.025 -2.8022962e-08 3.1321646e-08 1200000 1
-0.02375 717562.76 	-0.38303936 	-0.3283612 	 257143.8 	2.1364776 	-2.1458065 	 1.7574816e-08 	-0.0056957197 	0.0114954 	 -2.3325153e-08 	-0.0022705589 	-0.015584214 	 -0.022320034 	-2386.6151 	-2793.2808 	 -0.28848274 	8.9797651e-07 	-5.9414971e-06 	 -1.9689827 	-1.8889685e-05 	3.162296e-06 		-0.02375 -2.7074342e-08 1.8104667e-08 1200000 1
-0.0225 789020.97 	-0.32727013 	-0.29802274 	 326851.15 	2.3095546 	-2.1933219 	 1.8478662e-08 	-0.0060630875 	0.012369698 	 -2.274823e-08 	-0.0025507939 	-0.015241955 	 -0.022985034 	-2874.2481 	-3333.3446 	 -0.30470824 	7.2555344e-07 	-5.9047209e-06 	 -2.0182989 	-1.9176992e-05 	3.1819883e-06 		-0.0225 -2.6454698e-08 -1.0869185e-09 1200000 1
-0.02125 860479.17 	-0.2715009 	-0.26768428 	 396558.51 	2.4826315 	-2.2408373 	 1.9382508e-08 	-0.0064304552 	0.013243997 	 -2.2171307e-08 	-0.0028310289 	-0.014899697 	 -0.023650034 	-3361.8811 	-3873.4084 	 -0.32093374 	5.5313036e-07 	-5.8679448e-06 	 -2.0676151 	-1.94643e-05 	3.2016806e-06 		-0.02125 -2.5835054e-08 -2.0278504e-08 1200000 1
-0.02 931937.38 	-0.21573167 	-0.23734581 	 466265.87 	2.6557084 	-2.2883526 	 2.0286355e-08 	-0.0067978229 	0.014118295 	 -2.1594384e-08 	-0.0031112639 	-0.014557438 	 -0.024315034 	-3849.5142 	-4413.4721 	 -0.33715924 	3.8070728e-07 	-5.8311686e-06 	 -2.1169313 	-1.9751608e-05 	3.2213729e-06 		-0.02 -2.5215411e-08 -3.947009e-08 1200000 1
-0.01875 1005040.3 	-0.15738125 	-0.20263059 	 539363.14 	2.7955633 	-2.3519073 	 2.1171822e-08 	-0.0071324499 	0.015018735 	 -2.0895009e-08 	-0.0033892826 	-0.014199385 	 -0.024705839 	-4367.5043 	-4953.7926 	 -0.35419223 	2.0284243e-07 	-5.7924157e-06 	 -2.1675809 	-2.0013589e-05 	3.2525436e-06 		-0.01875 -2.4683785e-08 -5.9175321e-08 1200000 1
-0.0175 1096103.5 	-0.070845039 	-0.12012239 	 649477.3 	2.5726431 	-2.5906065 	 2.1856597e-08 	-0.0071095585 	0.016204635 	 -1.8858494e-08 	-0.0036431008 	-0.013668862 	 -0.02210251 	-5216.9842 	-5496.917 	 -0.38004266 	-3.4445036e-08 	-5.7320766e-06 	 -2.2327913 	-1.9999009e-05 	3.4090553e-06 		-0.0175 -2.5113287e-08 -8.4489403e-08 1200000 1
-0.01625 1164211 	0.012402524 	-0.074881807 	 718130.01 	2.89136 	-2.6368472 	 2.3064263e-08 	-0.0076470234 	0.017278596 	 -1.8149248e-08 	-0.0039714144 	-0.01311707 	 -0.023733967 	-6068.0748 	-6300.0556 	 -0.39767994 	-1.7196806e-07 	-5.7195936e-06 	 -2.2803821 	-2.0418494e-05 	3.4179993e-06 		-0.01625 -2.5095184e-08 -9.9776595e-08 1200000 1
-0.015 1170432.2 	0.073460384 	-0.06144786 	 740410.7 	2.9465366 	-2.5614691 	 2.4181171e-08 	-0.0080146169 	0.018330289 	 -1.7626926e-08 	-0.004202108 	-0.012533669 	 -0.023697664 	-6453.4231 	-6638.8612 	 -0.41672187 	-4.3818187e-07 	-5.556703e-06 	 -2.3248425 	-2.0024524e-05 	3.3226195e-06 		-0.015 -2.3827836e-08 -1.1990977e-07 1159579.7 1
-0.01375 1123227.7 	0.11427507 	-0.06987003 	 727995.24 	2.633564 	-2.4135085 	 2.5097311e-08 	-0.0080984491 	0.019385561 	 -1.6989283e-08 	-0.0043241769 	-0.011925079 	 -0.021154068 	-6398.3481 	-6481.7376 	 -0.43889757 	-8.4793634e-07 	-5.2411696e-06 	 -2.3702205 	-1.8766463e-05 	3.1611248e-06 		-0.01375 -2.147856e-08 -1.4682727e-07 1080967.2 1
-0.0125 1076023.1 	0.15508976 	-0.0782922 	 715579.79 	2.3205913 	-2.265548 	 2.601345e-08 	-0.0081822813 	0.020440834 	 -1.635164e-08 	-0.0044462458 	-0.011316489 	 -0.018610472 	-6343.2731 	-6324.6141 	 -0.46107327 	-1.2576908e-06 	-4.9256363e-06 	 -2.4155986 	-1.7508402e-05 	2.9996301e-06 		-0.0125 -1.9129284e-08 -1.7374477e-07 1002354.8 1
-0.01125 1028818.6 	0.19590445 	-0.08671437 	 703164.33 	2.0076186 	-2.1175874 	 2.6929589e-08 	-0.0082661135 	0.021496107 	 -1.5713997e-08 	-0.0045683147 	-0.0107079 	 -0.016066875 	-6288.1981 	-6167.4906 	 -0.48324897 	-1.6674453e-06 	-4.6101029e-06 	 -2.4609766 	-1.6250341e-05 	2.8381355e-06 		-0.01125 -1.6780008e-08 -2.0066227e-07 923742.29 1
-0.01 920009.45 	0.24119459 	-0.092738638 	 656672.8 	1.3969163 	-1.8808543 	 2.7378416e-08 	-0.0080504517 	0.022561479 	 -1.4745434e-08 	-0.0045783544 	-0.010051144 	 -0.011807128 	-5744.5603 	-5503.5298 	 -0.50798414 	-2.170607e-06 	-4.097098e-06 	 -2.5044629 	-1.3868882e-05 	2.5515828e-06 		-0.01 -1.3861451e-08 -2.3397469e-07 806308.74 1
-0.00875 753487.66 	0.29336333 	-0.10128398 	 572351.4 	0.59449484 	-1.5403482 	 2.7649023e-08 	-0.0076764954 	0.023569912 	 -1.3917174e-08 	-0.0044957925 	-0.009382682 	 -0.0063170639 	-4739.067 	-4424.7099 	 -0.53302137 	-2.7619009e-06 	-3.4501407e-06 	 -2.5427948 	-1.0742784e-05 	2.1631017e-06 		-0.00875 -1.0231619e-08 -2.7048125e-07 655386.88 1
-0.0075 584664.65 	0.35644283 	-0.1288097 	 463130.95 	0.12975817 	-1.1140905 	 2.8940459e-08 	-0.0077804682 	0.024313119 	 -1.4877827e-08 	-0.0044584469 	-0.008846086 	 -0.0022725602 	-3698.6942 	-3566.7924 	 -0.54977137 	-3.3591881e-06 	-2.9999827e-06 	 -2.5675278 	-8.8058709e-06 	1.830865e-06 		-0.0075 -5.8686997e-09 -2.9603959e-07 514535.92 1
-0.00625 463477.1 	0.36831781 	-0.15336667 	 383776.18 	-0.30243552 	-0.82108541 	 2.9817636e-08 	-0.0077234764 	0.024957928 	 -1.5394962e-08 	-0.0043888852 	-0.0083756653 	 0.00057517604 	-2985.1808 	-2905.5926 	 -0.55801161 	-3.6442679e-06 	-2.664511e-06 	 -2.5699826 	-6.9149085e-06 	1.6605194e-06 		-0.00625 -2.5912376e-09 -3.1516136e-07 410282.34 1
-0.005 387790.19 	0.33128305 	-0.17508796 	 332948.64 	-0.70354465 	-0.65536116 	 3.0299117e-08 	-0.0075127337 	0.025508748 	 -1.5488453e-08 	-0.0042885513 	-0.0079684542 	 0.0022797789 	-2583.8783 	-2432.2943 	 -0.55812348 	-3.6311321e-06 	-2.4385859e-06 	 -2.5511576 	-5.0678375e-06 	1.6448094e-06 		-0.005 -3.5058755e-10 -3.2813502e-07 340985.99 1
-0.00375 312103.28 	0.29424829 	-0.19680924 	 282121.1 	-1.1046538 	-0.4896369 	 3.0780599e-08 	-0.007301991 	0.026059568 	 -1.5581945e-08 	-0.0041882175 	-0.007561243 	 0.0039843818 	-2182.5759 	-1958.9961 	 -0.55823534 	-3.6179963e-06 	-2.2126609e-06 	 -2.5323326 	-3.2207666e-06 	1.6290994e-06 		-0.00375 1.8900625e-09 -3.4110869e-07 271689.65 1
-0.0025 236416.37 	0.25721352 	-0.21853052 	 231293.56 	-1.5057629 	-0.32391265 	 3.1262081e-08 	-0.0070912483 	0.026610389 	 -1.5675437e-08 	-0.0040878836 	-0.0071540319 	 0.0056889846 	-1781.2734 	-1485.6978 	 -0.55834721 	-3.6048605e-06 	-1.9867358e-06 	 -2.5135076 	-1.3736957e-06 	1.6133895e-06 		-0.0025 4.1307125e-09 -3.5408235e-07 202393.31 1
-0.00125 160729.46 	0.22017876 	-0.2402518 	 180466.02 	-1.9068721 	-0.15818839 	 3.1743562e-08 	-0.0068805056 	0.027161209 	 -1.5768928e-08 	-0.0039875497 	-0.0067468207 	 0.0073935875 	-1379.9709 	-1012.3996 	 -0.55845907 	-3.5917248e-06 	-1.7608107e-06 	 -2.4946825 	4.7337528e-07 	1.5976795e-06 		-0.00125 6.3713626e-09 -3.6705601e-07 133096.96 1
5.2475385e-17 122997.19 	0.16659393 	-0.24675305 	 157454.6 	-2.2173876 	-0.094030868 	 3.1609516e-08 	-0.0065024734 	0.02760333 	 -1.5316865e-08 	-0.0038404828 	-0.0063972796 	 0.0079290232 	-1185.7481 	-757.7466 	 -0.54779356 	-3.2300511e-06 	-1.6033346e-06 	 -2.4466454 	2.4896423e-06 	1.7221825e-06 		5.2475385e-17 7.0380187e-09 -3.7227358e-07 100000 1
0.00125 119966.71 	0.097877428 	-0.23933869 	 159875.35 	-2.4450736 	-0.12273543 	 3.0912695e-08 	-0.0059714892 	0.027946068 	 -1.4366002e-08 	-0.003650688 	-0.0061004661 	 0.0073954936 	-1180.8574 	-703.00023 	 -0.52727433 	-2.5497105e-06 	-1.5084413e-06 	 -2.3718997 	4.6606046e-06 	1.9748816e-06 		0.00125 6.2655781e-09 -3.7039979e-07 100000 1
0.0025 117269.94 	0.040147637 	-0.21031921 	 160098.19 	-2.5288595 	-0.16117213 	 3.1779574e-08 	-0.0058452929 	0.028167185 	 -1.5281153e-08 	-0.003532013 	-0.0058883784 	 0.0066228945 	-1172.7451 	-678.75574 	 -0.50686176 	-1.992078e-06 	-1.6919903e-06 	 -2.3049545 	5.39297e-06 	2.3363364e-06 		0.0025 6.8965713e-09 -3.6481735e-07 100000 1
0.00375 114636.2 	-0.012998346 	-0.17772986 	 159804.19 	-2.5818753 	-0.19974789 	 3.2936776e-08 	-0.0058003875 	0.028358499 	 -1.6547598e-08 	-0.0034283834 	-0.0056975622 	 0.0058335673 	-1163.3561 	-660.72069 	 -0.48640323 	-1.4808394e-06 	-1.924989e-06 	 -2.2389835 	5.821045e-06 	2.7021999e-06 		0.00375 7.7974987e-09 -3.5824668e-07 100000 1
0.005 111789.15 	-0.036645405 	-0.16638927 	 159434.65 	-2.6746106 	-0.20736553 	 3.3021188e-08 	-0.0055671106 	0.028528103 	 -1.6604363e-08 	-0.0033027632 	-0.0055292883 	 0.0056109202 	-1146.3 	-629.71349 	 -0.46491419 	-1.229163e-06 	-1.9342508e-06 	 -2.1607601 	6.6945744e-06 	2.7636704e-06 		0.005 7.8719671e-09 -3.498577e-07 100000 1
0.00625 108942.1 	-0.060292464 	-0.15504869 	 159065.11 	-2.7673459 	-0.21498318 	 3.31056e-08 	-0.0053338338 	0.028697706 	 -1.6661127e-08 	-0.003177143 	-0.0053610145 	 0.0053882732 	-1129.2438 	-598.7063 	 -0.44342514 	-9.774865e-07 	-1.9435126e-06 	 -2.0825367 	7.5681038e-06 	2.825141e-06 		0.00625 7.9464354e-09 -3.4146872e-07 100000 1
0.0075 106095.05 	-0.083939523 	-0.1437081 	 158695.58 	-2.8600812 	-0.22260083 	 3.3190012e-08 	-0.0051005569 	0.028867309 	 -1.6717892e-08 	-0.0030515229 	-0.0051927406 	 0.0051656261 	-1112.1877 	-567.6991 	 -0.42193609 	-7.2581003e-07 	-1.9527743e-06 	 -2.0043133 	8.4416332e-06 	2.8866116e-06 		0.0075 8.0209038e-09 -3.3307973e-07 100000 1
0.00875 103248 	-0.10758658 	-0.13236751 	 158326.04 	-2.9528165 	-0.23021847 	 3.3274423e-08 	-0.00486728 	0.029036912 	 -1.6774657e-08 	-0.0029259027 	-0.0050244668 	 0.0049429791 	-1095.1315 	-536.6919 	 -0.40044704 	-4.7413356e-07 	-1.9620361e-06 	 -1.9260898 	9.3151626e-06 	2.9480822e-06 		0.00875 8.0953722e-09 -3.2469075e-07 100000 1
0.01 100246.01 	-0.12489388 	-0.12345555 	 157884.11 	-3.0417797 	-0.23503017 	 3.317227e-08 	-0.004604878 	0.029194765 	 -1.6664071e-08 	-0.0027925858 	-0.0048642918 	 0.0048023687 	-1074.4454 	-503.30253 	 -0.37826139 	-2.7477319e-07 	-1.9440875e-06 	 -1.8443083 	1.0159088e-05 	2.9826504e-06 		0.01 7.9799763e-09 -3.1547627e-07 100000 1
0.01125 96354.592 	-0.10580674 	-0.12848551 	 157026.6 	-3.1090886 	-0.22373382 	 3.199911e-08 	-0.0041752781 	0.029285161 	 -1.5592784e-08 	-0.0026150846 	-0.0047506095 	 0.0051327034 	-1032.9205 	-456.23791 	 -0.35207679 	-3.7574205e-07 	-1.7699336e-06 	 -1.742101 	1.0833067e-05 	2.8627811e-06 		0.01125 6.7746336e-09 -3.015229e-07 100000 1
0.0125 92917.35 	-0.090364748 	-0.12626991 	 155842.58 	-3.1652381 	-0.20642533 	 3.1681515e-08 	-0.003929722 	0.029367967 	 -1.5302799e-08 	-0.0024898757 	-0.0046469834 	 0.0053864034 	-997.5759 	-424.04033 	 -0.32794677 	-4.6592436e-07 	-1.6875386e-06 	 -1.6492381 	1.1381234e-05 	2.6834915e-06 		0.0125 6.1669815e-09 -2.8826047e-07 100000 1
0.01375 90161.369 	-0.080390486 	-0.11318596 	 154168.81 	-3.2046484 	-0.18009861 	 3.2647265e-08 	-0.0039602319 	0.029439388 	 -1.6184764e-08 	-0.0024431053 	-0.0045584417 	 0.005525151 	-971.5016 	-414.14329 	 -0.30689859 	-5.3992686e-07 	-1.7427819e-06 	 -1.5703918 	1.1740683e-05 	2.4150715e-06 		0.01375 6.4558649e-09 -2.7603446e-07 100000 1
0.015 87393.048 	-0.068770336 	-0.10679795 	 152821.96 	-3.2216162 	-0.16390133 	 3.2860067e-08 	-0.0038692633 	0.029501678 	 -1.6332538e-08 	-0.002370761 	-0.0044824012 	 0.0056593482 	-942.60094 	-397.00093 	 -0.28595119 	-6.0210226e-07 	-1.7290279e-06 	 -1.4880852 	1.1919947e-05 	2.2508131e-06 		0.015 6.1844036e-09 -2.6363563e-07 100000 1
0.01625 84618.129 	-0.056270336 	-0.10398942 	 151649.88 	-3.2265868 	-0.15311898 	 3.2670361e-08 	-0.0037133557 	0.029559088 	 -1.6087832e-08 	-0.0022847456 	-0.0044130436 	 0.005791113 	-912.18938 	-375.98542 	 -0.26505765 	-6.579552e-07 	-1.6783897e-06 	 -1.403929 	1.2002888e-05 	2.1422366e-06 		0.01625 5.6133966e-09 -2.5114442e-07 100000 1
0.0175 81843.21 	-0.043770336 	-0.10118089 	 150477.8 	-3.2315574 	-0.14233662 	 3.2480655e-08 	-0.0035574481 	0.029616499 	 -1.5843126e-08 	-0.0021987303 	-0.0043436859 	 0.0059228777 	-881.77781 	-354.96991 	 -0.24416412 	-7.1380814e-07 	-1.6277514e-06 	 -1.3197728 	1.208583e-05 	2.0336601e-06 		0.0175 5.0423897e-09 -2.3865321e-07 100000 1
0.01875 79068.291 	-0.031270336 	-0.098372361 	 149305.72 	-3.236528 	-0.13155427 	 3.2290949e-08 	-0.0034015405 	0.029673909 	 -1.559842e-08 	-0.0021127149 	-0.0042743282 	 0.0060546424 	-851.36625 	-333.9544 	 -0.22327058 	-7.6966108e-07 	-1.5771132e-06 	 -1.2356165 	1.2168771e-05 	1.9250837e-06 		0.01875 4.4713828e-09 -2.26162e-07 100000 1
0.02 76293.372 	-0.018770336 	-0.095563831 	 148133.64 	-3.2414986 	-0.12077192 	 3.2101243e-08 	-0.0032456328 	0.029731319 	 -1.5353715e-08 	-0.0020266995 	-0.0042049706 	 0.0061864071 	-820.95468 	-312.93889 	 -0.20237705 	-8.2551402e-07 	-1.526475e-06 	 -1.1514603 	1.2251712e-05 	1.8165072e-06 		0.02 3.9003759e-09 -2.1367079e-07 100000 1
0.02125 73282.249 	-0.0029191596 	-0.098695186 	 147406 	-3.2015096 	-0.11675594 	 3.1025434e-08 	-0.0029784529 	0.029760916 	 -1.4316658e-08 	-0.0019099175 	-0.0041628674 	 0.0063104566 	-782.15474 	-286.49209 	 -0.18095106 	-8.6188898e-07 	-1.4109895e-06 	 -1.0609876 	1.1946737e-05 	1.7811149e-06 		0.02125 2.4663145e-09 -2.0031932e-07 100000 1
0.0225 70186.281 	0.014135762 	-0.10396015 	 146838.01 	-3.1453712 	-0.11517046 	 2.9631335e-08 	-0.0026713039 	0.029780524 	 -1.2994988e-08 	-0.0017820841 	-0.0041305541 	 0.0064317349 	-740.34168 	-258.09435 	 -0.15933383 	-8.9126742e-07 	-1.2722108e-06 	 -0.96824613 	1.1502422e-05 	1.7720105e-06 		0.0225 7.2224323e-10 -1.8665884e-07 100000 1
0.02375 68076.205 	0.023373988 	-0.093310831 	 145906.14 	-3.1153991 	-0.11003913 	 3.045267e-08 	-0.0027378059 	0.02983451 	 -1.3500439e-08 	-0.001781313 	-0.0040806746 	 0.006435166 	-716.44886 	-256.37796 	 -0.14248497 	-9.1596132e-07 	-1.3220488e-06 	 -0.8968487 	1.1252613e-05 	1.7242317e-06 		0.02375 2.7006861e-10 -1.7525507e-07 100000 1
0.025 66014.976 	0.032278166 	-0.084816861 	 145321.87 	-3.0795089 	-0.10596708 	 3.0970578e-08 	-0.0027648172 	0.029887243 	 -1.3754735e-08 	-0.0017702175 	-0.0040344124 	 0.0064319798 	-692.16915 	-252.70619 	 -0.12603061 	-9.294504e-07 	-1.3506255e-06 	 -0.82652081 	1.0959184e-05 	1.6873961e-06 		0.025 -2.8834653e-10 -1.6413144e-07 100000 1
0.02625 64051.876 	0.040542872 	-0.082399126 	 145652.77 	-3.02745 	-0.10475561 	 3.0633813e-08 	-0.0026780865 	0.029935704 	 -1.3301794e-08 	-0.0017285222 	-0.0039980788 	 0.0064150386 	-666.356 	-243.16206 	 -0.11046263 	-9.1392099e-07 	-1.3183341e-06 	 -0.75834861 	1.0546537e-05 	1.6801725e-06 		0.02625 -1.1611844e-09 -1.5367045e-07 100000 1
0.0275 62088.775 	0.048807578 	-0.07998139 	 145983.67 	-2.9753912 	-0.10354413 	 3.0297048e-08 	-0.0025913557 	0.029984165 	 -1.2848853e-08 	-0.0016868269 	-0.0039617453 	 0.0063980974 	-640.54285 	-233.61793 	 -0.094894655 	-8.9839158e-07 	-1.2860426e-06 	 -0.6901764 	1.013389e-05 	1.672949e-06 		0.0275 -2.0340222e-09 -1.4320945e-07 100000 1
0.02875 60125.675 	0.057072284 	-0.077563655 	 146314.57 	-2.9233324 	-0.10233266 	 2.9960283e-08 	-0.002504625 	0.030032627 	 -1.2395912e-08 	-0.0016451317 	-0.0039254118 	 0.0063811562 	-614.7297 	-224.07381 	 -0.079326678 	-8.8286216e-07 	-1.2537511e-06 	 -0.6220042 	9.7212426e-06 	1.6657255e-06 		0.02875 -2.9068601e-09 -1.3274846e-07 100000 1
0.03 58162.575 	0.06533699 	-0.07514592 	 146645.46 	-2.8712736 	-0.10112119 	 2.9623519e-08 	-0.0024178943 	0.030081088 	 -1.194297e-08 	-0.0016034364 	-0.0038890783 	 0.0063642151 	-588.91655 	-214.52968 	 -0.063758701 	-8.6733275e-07 	-1.2214596e-06 	 -0.55383199 	9.3085956e-06 	1.6585019e-06 		0.03 -3.7796979e-09 -1.2228746e-07 100000 1
0.03125 56211.556 	0.073862971 	-0.074245422 	 147440.54 	-2.8110021 	-0.10069568 	 2.8964096e-08 	-0.0022983947 	0.030126338 	 -1.125742e-08 	-0.0015509076 	-0.0038578557 	 0.0063458919 	-561.80834 	-203.60844 	 -0.048532493 	-8.3636298e-07 	-1.1731566e-06 	 -0.48647464 	8.838145e-06 	1.6602361e-06 		0.03125 -4.8380872e-09 -1.1209942e-07 100000 1
0.0325 54290.328 	0.083033186 	-0.077086025 	 149380.14 	-2.7304802 	-0.10220812 	 2.7509086e-08 	-0.0020980958 	0.03016367 	 -9.9983181e-09 	-0.0014716665 	-0.0038392356 	 0.0063241613 	-531.50684 	-189.29162 	 -0.034148994 	-7.673214e-07 	-1.0853731e-06 	 -0.42112651 	8.2251666e-06 	1.6840575e-06 		0.0325 -6.353997e-09 -1.0258443e-07 100000 1
0.03375 52796.619 	0.088757891 	-0.073145382 	 150935.59 	-2.6679883 	-0.10271435 	 2.7306935e-08 	-0.0020678845 	0.030232353 	 -9.6153504e-09 	-0.001461613 	-0.0038022906 	 0.0062501312 	-510.66359 	-186.32738 	 -0.021568989 	-7.0950507e-07 	-1.0763413e-06 	 -0.36389374 	7.740127e-06 	1.6958784e-06 		0.03375 -7.2329152e-09 -9.3654932e-08 100000 1
0.035 51587.923 	0.09218559 	-0.064683907 	 152234.94 	-2.6175163 	-0.10254976 	 2.7940023e-08 	-0.0021510651 	0.030321936 	 -9.8164723e-09 	-0.0014976845 	-0.0037531291 	 0.006141235 	-496.12584 	-190.93152 	 -0.010191313 	-6.5917224e-07 	-1.1198107e-06 	 -0.31207122 	7.3403799e-06 	1.699699e-06 		0.035 -7.6871724e-09 -8.5115773e-08 100000 1
0.03625 50510.584 	0.094161874 	-0.061709189 	 155380.08 	-2.5509878 	-0.10175749 	 2.7608973e-08 	-0.0021182868 	0.030399156 	 -9.364073e-09 	-0.0014941664 	-0.0037073687 	 0.006007045 	-479.89242 	-190.2221 	 -0.00040582911 	-5.7297923e-07 	-1.1082263e-06 	 -0.27007074 	6.828668e-06 	1.6964263e-06 		0.03625 -8.0851382e-09 -7.8337723e-08 100000 1
0.0375 49446.005 	0.095997168 	-0.059267453 	 158704.52 	-2.4828995 	-0.10090426 	 2.7184267e-08 	-0.0020742441 	0.030475175 	 -8.8481906e-09 	-0.0014868025 	-0.0036619386 	 0.0058703979 	-463.49429 	-188.99651 	 0.0092249897 	-4.8330276e-07 	-1.0912939e-06 	 -0.22902437 	6.3060797e-06 	1.6924646e-06 		0.0375 -8.4776359e-09 -7.1730746e-08 100000 1
0.03875 48381.426 	0.097832462 	-0.056825718 	 162028.97 	-2.4148113 	-0.10005102 	 2.6759562e-08 	-0.0020302015 	0.030551193 	 -8.3323083e-09 	-0.0014794387 	-0.0036165086 	 0.0057337509 	-447.09616 	-187.77092 	 0.018855809 	-3.9362629e-07 	-1.0743616e-06 	 -0.187978 	5.7834915e-06 	1.6885028e-06 		0.03875 -8.8701336e-09 -6.512377e-08 100000 1
0.04 47316.846 	0.099667757 	-0.054383983 	 165353.41 	-2.3467231 	-0.099197788 	 2.6334856e-08 	-0.0019861589 	0.030627212 	 -7.8164259e-09 	-0.0014720749 	-0.0035710785 	 0.0055971038 	-430.69803 	-186.54534 	 0.028486627 	-3.0394982e-07 	-1.0574292e-06 	 -0.14693163 	5.2609032e-06 	1.684541e-06 		0.04 -9.2626313e-09 -5.8516793e-08 100000 1
0.04125 46252.267 	0.10150305 	-0.051942247 	 168677.85 	-2.2786348 	-0.098344553 	 2.591015e-08 	-0.0019421163 	0.030703231 	 -7.3005436e-09 	-0.001464711 	-0.0035256485 	 0.0054604567 	-414.29989 	-185.31975 	 0.038117446 	-2.1427335e-07 	-1.0404969e-06 	 -0.10588526 	4.738315e-06 	1.6805793e-06 		0.04125 -9.6551289e-09 -5.1909817e-08 100000 1
0.0425 45366.81 	0.10306993 	-0.052695445 	 174250.51 	-2.1941923 	-0.097061998 	 2.4589782e-08 	-0.0018127276 	0.030767312 	 -6.2764555e-09 	-0.0014168524 	-0.0034807607 	 0.005305159 	-396.54415 	-179.65661 	 0.045998465 	-7.9382566e-08 	-9.9006586e-07 	 -0.076095587 	4.1187508e-06 	1.6726554e-06 		0.0425 -9.9839933e-09 -4.7260629e-08 100000 1
0.04375 44588.932 	0.10399456 	-0.052245391 	 179804.77 	-2.1122348 	-0.095208183 	 2.3582761e-08 	-0.0017196283 	0.030843044 	 -5.431322e-09 	-0.0013896046 	-0.0034296794 	 0.0051371182 	-381.32594 	-177.04955 	 0.053446297 	5.3626781e-08 	-9.5369302e-07 	 -0.048271529 	3.514093e-06 	1.6587511e-06 		0.04375 -1.018804e-08 -4.2717209e-08 100000 1
0.045 44156.618 	0.10260445 	-0.046296296 	 184583.61 	-2.0447003 	-0.091355356 	 2.402779e-08 	-0.0017889156 	0.030966053 	 -5.4144222e-09 	-0.0014520776 	-0.0033552919 	 0.0049273379 	-376.01346 	-187.25343 	 0.059825955 	1.6539582e-07 	-9.8036454e-07 	 -0.024251773 	2.9956009e-06 	1.623752e-06 		0.045 -9.9458288e-09 -3.7953495e-08 100000 1
0.04625 43764.431 	0.100598 	-0.042171472 	 190752.08 	-1.9715559 	-0.087763971 	 2.4041713e-08 	-0.0018171541 	0.031088674 	 -5.1717297e-09 	-0.0014909611 	-0.0032735212 	 0.0047100546 	-371.30711 	-195.40311 	 0.065234625 	2.8709148e-07 	-9.8906565e-07 	 -0.0094467103 	2.4376281e-06 	1.5904786e-06 		0.04625 -9.4853599e-09 -3.470965e-08 100000 1
0.0475 43418.546 	0.097880357 	-0.040151678 	 198524.05 	-1.8919383 	-0.084474266 	 2.3558184e-08 	-0.0017980264 	0.031210847 	 -4.6684944e-09 	-0.0015026248 	-0.003183231 	 0.0044841134 	-367.30017 	-201.18246 	 0.06952287 	4.2024148e-07 	-9.7703065e-07 	 -0.0052745022 	1.8340987e-06 	1.5591962e-06 		0.0475 -8.773043e-09 -3.3219584e-08 100000 1
0.04875 43072.661 	0.09516271 	-0.038131884 	 206296.01 	-1.8123206 	-0.08118456 	 2.3074654e-08 	-0.0017788987 	0.03133302 	 -4.1652591e-09 	-0.0015142885 	-0.0030929409 	 0.0042581722 	-363.29323 	-206.9618 	 0.073811115 	5.5339148e-07 	-9.6499565e-07 	 -0.0011022941 	1.2305693e-06 	1.5279139e-06 		0.04875 -8.0607261e-09 -3.1729519e-08 100000 1
0.05 42726.775 	0.092445063 	-0.036112089 	 214067.97 	-1.732703 	-0.077894854 	 2.2591125e-08 	-0.0017597709 	0.031455193 	 -3.6620238e-09 	-0.0015259522 	-0.0030026508 	 0.004032231 	-359.28629 	-212.74115 	 0.078099359 	6.8654148e-07 	-9.5296065e-07 	 0.0030699139 	6.2703991e-07 	1.4966315e-06 		0.05 -7.3484092e-09 -3.0239453e-08 100000 1
0.05125 42380.89 	0.089727416 	-0.034092295 	 221839.94 	-1.6530853 	-0.074605148 	 2.2107595e-08 	-0.0017406432 	0.031577367 	 -3.1587885e-09 	-0.0015376159 	-0.0029123607 	 0.0038062899 	-355.27935 	-218.52049 	 0.082387604 	8.1969148e-07 	-9.4092565e-07 	 0.007242122 	2.3510502e-08 	1.4653491e-06 		0.05125 -6.6360923e-09 -2.8749387e-08 100000 1
0.0525 42125.626 	0.087297831 	-0.033175195 	 231507.61 	-1.5657857 	-0.071665804 	 2.1201619e-08 	-0.00169386 	0.031700669 	 -2.4897947e-09 	-0.0015194925 	-0.002807927 	 0.0035764249 	-352.97446 	-221.45182 	 0.085358091 	9.6537038e-07 	-9.1766411e-07 	 -0.001148611 	-6.2514243e-07 	1.4367907e-06 		0.0525 -5.6371569e-09 -2.9173923e-08 100000 1
0.05375 41945.002 	0.085105506 	-0.033166319 	 242736.68 	-1.4721588 	-0.069015033 	 1.9947697e-08 	-0.0016242985 	0.031824901 	 -1.6842752e-09 	-0.001476835 	-0.002691844 	 0.0033433282 	-352.07144 	-222.03739 	 0.087243216 	1.1213686e-06 	-8.8515591e-07 	 -0.019886706 	-1.310961e-06 	1.4104759e-06 		0.05375 -4.4021505e-09 -3.1175405e-08 100000 1
0.055 42058.995 	0.081308023 	-0.030282482 	 253063.91 	-1.386332 	-0.063790898 	 1.9858837e-08 	-0.0016553805 	0.032001847 	 -1.3746085e-09 	-0.0015307899 	-0.0025608931 	 0.0030819701 	-360.05719 	-237.15795 	 0.088907315 	1.2645152e-06 	-8.8577213e-07 	 -0.037173636 	-1.9637202e-06 	1.3584565e-06 		0.055 -2.9986398e-09 -3.2494489e-08 100000 1
0.05625 42237.274 	0.077084884 	-0.026813434 	 263375.39 	-1.3022969 	-0.058063452 	 2.0024115e-08 	-0.0017091305 	0.032191485 	 -1.1760601e-09 	-0.0016051279 	-0.0024230558 	 0.002815174 	-371.00549 	-255.52847 	 0.09039418 	1.4043019e-06 	-8.9341201e-07 	 -0.055614481 	-2.6089728e-06 	1.3013094e-06 		0.05625 -1.5160363e-09 -3.3844178e-08 100000 1
0.0575 42243.525 	0.072414296 	-0.025796257 	 277537.48 	-1.2153557 	-0.054907275 	 1.9507644e-08 	-0.001717107 	0.032372177 	 -7.416483e-10 	-0.0016102413 	-0.0022270207 	 0.0025782622 	-395.54872 	-266.85204 	 0.089641248 	1.5413902e-06 	-8.7796259e-07 	 -0.10190555 	-3.2681492e-06 	1.2680065e-06 		0.0575 6.4536161e-10 -3.8888423e-08 100000 1
0.05875 42249.776 	0.067743707 	-0.024779081 	 291699.56 	-1.1284146 	-0.051751099 	 1.8991174e-08 	-0.0017250835 	0.032552869 	 -3.0723654e-10 	-0.0016153547 	-0.0020309856 	 0.0023413505 	-420.09194 	-278.1756 	 0.088888317 	1.6784784e-06 	-8.6251318e-07 	 -0.14819662 	-3.9273257e-06 	1.2347036e-06 		0.05875 2.8067595e-09 -4.3932669e-08 100000 1
0.06 42256.028 	0.063073119 	-0.023761904 	 305861.64 	-1.0414734 	-0.048594922 	 1.8474703e-08 	-0.00173306 	0.03273356 	 1.2717523e-10 	-0.0016204681 	-0.0018349505 	 0.0021044387 	-444.63516 	-289.49917 	 0.088135385 	1.8155666e-06 	-8.4706377e-07 	 -0.19448769 	-4.5865022e-06 	1.2014006e-06 		0.06 4.9681574e-09 -4.8976914e-08 100000 1
0.06125 42262.279 	0.058402531 	-0.022744728 	 320023.73 	-0.9545322 	-0.045438746 	 1.7958233e-08 	-0.0017410364 	0.032914252 	 5.6158699e-10 	-0.0016255815 	-0.0016389154 	 0.0018675269 	-469.17838 	-300.82273 	 0.087382454 	1.9526549e-06 	-8.3161436e-07 	 -0.24077876 	-5.2456787e-06 	1.1680977e-06 		0.06125 7.1295553e-09 -5.402116e-08 100000 1
0.0625 42248.436 	0.05386694 	-0.021893933 	 334788.74 	-0.86656097 	-0.042599131 	 1.7365629e-08 	-0.0017484196 	0.033093982 	 1.0088264e-09 	-0.0016201778 	-0.0014318709 	 0.0016353369 	-496.18395 	-310.76617 	 0.086274501 	2.0895924e-06 	-8.1456092e-07 	 -0.29148331 	-5.9101089e-06 	1.1377078e-06 		0.0625 9.3935963e-09 -5.9625207e-08 100000 1
0.06375 42106.641 	0.050190978 	-0.022102618 	 353393.05 	-0.77203064 	-0.041775308 	 1.6288231e-08 	-0.0017520248 	0.033267586 	 1.5377489e-09 	-0.001547804 	-0.0011547207 	 0.0014332133 	-538.86922 	-311.92127 	 0.082905859 	2.2255699e-06 	-7.8729345e-07 	 -0.37029188 	-6.6079936e-06 	1.125868e-06 		0.06375 1.2311244e-08 -6.8793933e-08 100000 1
0.065 42118.964 	0.046073956 	-0.021835982 	 371706.62 	-0.67965097 	-0.039824212 	 1.5638256e-08 	-0.0017708936 	0.033472471 	 1.9616388e-09 	-0.0015266033 	-0.00087790533 	 0.0012244877 	-584.90221 	-322.77639 	 0.079596463 	2.359344e-06 	-7.6582912e-07 	 -0.44778087 	-7.297102e-06 	1.1029708e-06 		0.065 1.5268339e-08 -7.7644959e-08 100000 1
0.06625 42373.533 	0.041263667 	-0.020822232 	 389563.19 	-0.59065173 	-0.036101249 	 1.5660113e-08 	-0.001813754 	0.033726525 	 2.2204367e-09 	-0.001585837 	-0.00060161616 	 0.0010053849 	-636.19722 	-348.87812 	 0.076380193 	2.4896547e-06 	-7.5348624e-07 	 -0.52319573 	-7.9724159e-06 	1.0626938e-06 		0.06625 1.8287438e-08 -8.5996617e-08 100000 1
0.0675 42221.492 	0.038762681 	-0.020048632 	 403688.14 	-0.5291057 	-0.034235355 	 1.549098e-08 	-0.0018351778 	0.033878912 	 2.4344098e-09 	-0.0016025389 	-0.00042115092 	 0.00087514682 	-664.00703 	-363.35659 	 0.074255656 	2.5756482e-06 	-7.4294059e-07 	 -0.57298184 	-8.4169287e-06 	1.0411512e-06 		0.0675 2.1133887e-08 -9.4614582e-08 100000 1
0.06875 41876 	0.037360379 	-0.019389286 	 416037.7 	-0.48062094 	-0.033252987 	 1.523098e-08 	-0.0018464028 	0.03398293 	 2.6270568e-09 	-0.0015990058 	-0.00028627533 	 0.00078718736 	-680.64339 	-372.30511 	 0.072650526 	2.640557e-06 	-7.3325e-07 	 -0.61057469 	-8.7516346e-06 	1.0285218e-06 		0.06875 2.3898196e-08 -1.0335925e-07 100000 1
0.07 41530.508 	0.035958077 	-0.018729941 	 428387.27 	-0.43213619 	-0.03227062 	 1.497098e-08 	-0.0018576278 	0.034086949 	 2.8197039e-09 	-0.0015954726 	-0.00015139974 	 0.00069922791 	-697.27976 	-381.25363 	 0.071045397 	2.7054658e-06 	-7.2355941e-07 	 -0.64816755 	-9.0863405e-06 	1.0158924e-06 		0.07 2.6662504e-08 -1.1210391e-07 100000 1
0.07125 41185.016 	0.034555775 	-0.018070595 	 440736.83 	-0.38365143 	-0.031288253 	 1.471098e-08 	-0.0018688528 	0.034190967 	 3.0123509e-09 	-0.0015919395 	-1.6524148e-05 	 0.00061126845 	-713.91613 	-390.20216 	 0.069440267 	2.7703746e-06 	-7.1386883e-07 	 -0.6857604 	-9.4210464e-06 	1.003263e-06 		0.07125 2.9426813e-08 -1.2084857e-07 100000 1
0.0725 40839.524 	0.033153472 	-0.01741125 	 453086.4 	-0.33516667 	-0.030305885 	 1.445098e-08 	-0.0018800778 	0.034294985 	 3.204998e-09 	-0.0015884063 	0.00011835144 	 0.000523309 	-730.55249 	-399.15068 	 0.067835138 	2.8352834e-06 	-7.0417824e-07 	 -0.72335326 	-9.7557522e-06 	9.9063357e-07 		0.0725 3.2191121e-08 -1.2959324e-07 100000 1
0.07375 39561.631 	0.035200709 	-0.016233928 	 463590.68 	-0.3084596 	-0.031178168 	 1.4067433e-08 	-0.0018868929 	0.034298177 	 3.3003538e-09 	-0.0015429585 	0.00016457503 	 0.00053910129 	-716.64607 	-395.36861 	 0.067264142 	2.8561117e-06 	-7.0030613e-07 	 -0.73578072 	-9.8655049e-06 	9.953305e-07 		0.07375 3.5291913e-08 -1.4096199e-07 100000 1
0.075 37861.965 	0.038808346 	-0.0148223 	 473260.24 	-0.29160366 	-0.032889402 	 1.3628e-08 	-0.0018917132 	0.034255761 	 3.3517e-09 	-0.0014785507 	0.00017069687 	 0.0006018257 	-688.92362 	-385.82785 	 0.067160935 	2.857e-06 	-6.99066e-07 	 -0.73682462 	-9.8735e-06 	1.007865e-06 		0.075 3.8544913e-08 -1.5351774e-07 100000 1
