# y jRe_x jRe_y jRe_z jIm_x jIm_y jIm_z BRe_x BRe_y BRe_z BIm_x BIm_y BIm_z F_x F_y F_z VReGrad_x VReGrad_y VReGrad_z VImGrad_x VImGrad_y VImGrad_z s VRe VIm sigma mur
-0.075 -1850725 	-0.0456375 	0.03405925 	 -4461874.5 	0.3885522 	-0.1989625 	 1.1915e-09 	0.0081893251 	0.039761032 	 3.825e-10 	0.010266765 	0.007141012 	 0.0011818 	52723.982 	-30484.765 	 0.16931967 	5.84275e-07 	8.335e-09 	 0.40659828 	-2.0715e-06 	2.589475e-07 		-0.075 9.3141894e-08 2.3531327e-07 1200000 1
-0.07375 -1906791.6 	0.028222184 	-0.021568309 	 -4127020.4 	0.15449933 	-0.26163667 	 1.2855022e-09 	0.0092743864 	0.038033957 	 2.6081683e-10 	0.011885955 	0.0038354888 	 0.0025772403 	44194.776 	-33364.433 	 0.14452244 	5.3026498e-07 	5.2200745e-08 	 0.30689044 	-1.9194573e-06 	3.1401075e-07 		-0.07375 9.3788715e-08 2.3278591e-07 1200000 1
-0.0725 -1936105.3 	0.067432489 	-0.013903632 	 -3782344.2 	-0.080982511 	-0.15808049 	 1.3536833e-09 	0.010145349 	0.03602456 	 3.0363171e-10 	0.012739228 	0.00049858702 	 0.002265196 	35851.727 	-33912.519 	 0.11600752 	5.0339416e-07 	4.3613777e-08 	 0.19087744 	-1.7675332e-06 	2.3053909e-07 		-0.0725 9.4484448e-08 2.3039284e-07 1200000 1
-0.07125 -1935758.7 	0.042870475 	-0.046612506 	 -3465788.4 	0.10864023 	-0.45093142 	 1.409578e-09 	0.010786233 	0.034154521 	 2.825154e-10 	0.013146575 	-0.0021745413 	 0.0039381009 	29314.947 	-33222.592 	 0.089115203 	5.287232e-07 	6.8744304e-08 	 0.080003125 	-1.9697693e-06 	4.7722973e-07 		-0.07125 9.5139195e-08 2.2791565e-07 1200000 1
-0.07 -1920773 	0.063220784 	-0.0074920975 	 -3167160.4 	0.20028546 	-0.22276086 	 1.5285699e-09 	0.011193479 	0.032354874 	 2.3750559e-10 	0.01312965 	-0.0044505171 	 0.0020924029 	24050.456 	-31549.953 	 0.063938223 	5.1574509e-07 	3.4471332e-08 	 -0.026033302 	-2.0914918e-06 	2.8967655e-07 		-0.07 9.5751792e-08 2.255807e-07 1200000 1
-0.06875 -1890112.5 	0.1307167 	0.0018228742 	 -2889459.6 	0.010393395 	-0.072604178 	 1.6919954e-09 	0.011440125 	0.030612454 	 1.6258154e-10 	0.012878923 	-0.0064152627 	 0.0024093021 	19684.217 	-29424.884 	 0.040474865 	4.622038e-07 	2.5155523e-08 	 -0.12729977 	-1.9793531e-06 	1.6710148e-07 		-0.06875 9.6365372e-08 2.230676e-07 1200000 1
-0.0675 -1844114 	0.12467144 	-0.039977959 	 -2634126 	-0.023779169 	-0.33656894 	 1.8160055e-09 	0.011568747 	0.028937372 	 1.1489991e-10 	0.012509172 	-0.0081009901 	 0.0042998353 	16026.936 	-27151.78 	 0.018705572 	4.6903748e-07 	5.8215121e-08 	 -0.22383916 	-1.9967221e-06 	3.8954261e-07 		-0.0675 9.6996963e-08 2.2037011e-07 1200000 1
-0.06625 -1794357.5 	0.074231707 	-0.045691714 	 -2391131.4 	0.17381107 	-0.35383924 	 1.895958e-09 	0.011529277 	0.027324761 	 2.3505282e-11 	0.0119249 	-0.0095837683 	 0.0026227975 	13073.986 	-24610.726 	 -0.0014259978 	5.1236577e-07 	6.1195054e-08 	 -0.3159347 	-2.2087757e-06 	4.0645994e-07 		-0.06625 9.7580015e-08 2.1779151e-07 1200000 1
-0.065 -1727147.1 	0.13374148 	0.011603816 	 -2176243.2 	0.1132017 	-0.10968286 	 2.0223029e-09 	0.011463041 	0.025823594 	 -4.5046601e-11 	0.011408473 	-0.01080093 	 0.0016677249 	10553.373 	-22319.785 	 -0.019903679 	4.6291775e-07 	1.2059219e-08 	 -0.40319529 	-2.2043176e-06 	2.0526953e-07 		-0.065 9.8135991e-08 2.1527212e-07 1200000 1
-0.06375 -1664107.1 	0.20658696 	0.0011855226 	 -1966227.6 	-0.13271862 	-0.1772026 	 2.126648e-09 	0.011224601 	0.024347013 	 -5.3889585e-11 	0.010684279 	-0.011920908 	 0.0042697841 	8551.108 	-19854.643 	 -0.036900077 	4.0150122e-07 	1.9021372e-08 	 -0.48646868 	-2.0477978e-06 	2.6405028e-07 		-0.06375 9.8736483e-08 2.1248522e-07 1200000 1
-0.0625 -1586885.7 	0.13500092 	-0.058239095 	 -1783308.7 	0.0017658889 	-0.45567019 	 2.235421e-09 	0.010990481 	0.023008968 	 -1.2323816e-10 	0.010070708 	-0.012803698 	 0.0042104431 	6847.4874 	-17708.344 	 -0.052354457 	4.5995757e-07 	6.7045755e-08 	 -0.56509891 	-2.2068222e-06 	4.9846623e-07 		-0.0625 9.9317066e-08 2.0965277e-07 1200000 1
-0.06125 -1512325.9 	0.11194119 	-0.037912564 	 -1607508.6 	0.15274406 	-0.28450677 	 2.3112857e-09 	0.010638192 	0.021711318 	 -2.9143452e-10 	0.0093553591 	-0.013605003 	 0.0017282193 	5492.9303 	-15575.634 	 -0.066462436 	4.7718608e-07 	4.8755128e-08 	 -0.63990463 	-2.3811418e-06 	3.5825902e-07 		-0.06125 9.9832625e-08 2.0692048e-07 1200000 1
-0.06 -1431694.8 	0.21268013 	0.013048884 	 -1450510.1 	-0.061192936 	-0.14825392 	 2.4328781e-09 	0.010268249 	0.020524093 	 -3.87442e-10 	0.0086941345 	-0.014250163 	 0.0031994786 	4364.8799 	-13665.888 	 -0.079206964 	3.9037582e-07 	5.0834619e-09 	 -0.71057048 	-2.250734e-06 	2.4703709e-07 		-0.06 1.0036372e-07 2.041329e-07 1200000 1
-0.05875 -1350186.9 	0.21742149 	-0.02703905 	 -1305313.5 	-0.14013467 	-0.36874529 	 2.5555408e-09 	0.0098488265 	0.019406914 	 -4.3661197e-10 	0.0080327385 	-0.014798492 	 0.0048100568 	3450.6618 	-11902.604 	 -0.090722105 	3.837164e-07 	3.7089702e-08 	 -0.77756649 	-2.2331305e-06 	4.3321655e-07 		-0.05875 1.0092678e-07 2.0114852e-07 1200000 1
-0.0575 -1269070.4 	0.12540935 	-0.06851327 	 -1170347.5 	0.096858973 	-0.4118174 	 2.6269677e-09 	0.009377486 	0.018354259 	 -5.9695969e-10 	0.0073678747 	-0.01527258 	 0.0022917636 	2716.0694 	-10272.496 	 -0.10108549 	4.5710794e-07 	7.0273205e-08 	 -0.84107395 	-2.4797633e-06 	4.7159093e-07 		-0.0575 1.0142389e-07 1.9820011e-07 1200000 1
-0.05625 -1184491.8 	0.18653835 	-0.0028538408 	 -1051840.1 	0.053337918 	-0.17362302 	 2.7074093e-09 	0.0089138799 	0.017427914 	 -7.9118842e-10 	0.0067754932 	-0.015618897 	 0.0018039379 	2111.7654 	-8852.092 	 -0.11029616 	4.0226852e-07 	1.4387973e-08 	 -0.90090494 	-2.4906543e-06 	2.7540281e-07 		-0.05625 1.0188056e-07 1.9530307e-07 1200000 1
-0.055 -1104467.6 	0.3008341 	0.02293721 	 -936207.27 	-0.21824481 	-0.16319505 	 2.8173928e-09 	0.0083762262 	0.01649203 	 -8.958966e-10 	0.006139031 	-0.015970736 	 0.0046445938 	1636.6199 	-7509.8513 	 -0.11858362 	3.0255351e-07 	-8.8081784e-09 	 -0.957995 	-2.3148242e-06 	2.6923445e-07 		-0.055 1.0239511e-07 1.921952e-07 1200000 1
-0.05375 -1019914.6 	0.20116076 	-0.055795767 	 -839408.47 	-0.067227842 	-0.49304413 	 2.95884e-09 	0.0078840836 	0.015736277 	 -1.0420263e-09 	0.0056125998 	-0.01616935 	 0.0037881451 	1241.1531 	-6385.0001 	 -0.12581439 	3.8158724e-07 	5.5017544e-08 	 -1.011569 	-2.487781e-06 	5.464822e-07 		-0.05375 1.0289832e-07 1.8900468e-07 1200000 1
-0.0525 -940794.92 	0.14344232 	-0.055649938 	 -742735.82 	0.075831679 	-0.32496549 	 2.9816762e-09 	0.0073173114 	0.014943237 	 -1.3145942e-09 	0.0050403124 	-0.016406796 	 0.0014924386 	941.04972 	-5325.2229 	 -0.13230062 	4.2392418e-07 	5.2735733e-08 	 -1.0629062 	-2.6572664e-06 	4.0902414e-07 		-0.0525 1.0330379e-07 1.8593754e-07 1200000 1
-0.05125 -859663.26 	0.27205459 	0.022350855 	 -660705.36 	-0.17028721 	-0.15572666 	 3.0661107e-09 	0.0067859894 	0.014303622 	 -1.5335072e-09 	0.0045506692 	-0.016531836 	 0.0036116621 	689.87625 	-4430.6651 	 -0.13790666 	3.1147266e-07 	-1.4438432e-08 	 -1.1112286 	-2.4996209e-06 	2.7037664e-07 		-0.05125 1.0372702e-07 1.8283335e-07 1200000 1
-0.05 -781394.09 	0.29061749 	-0.0015313556 	 -582118.16 	-0.2665731 	-0.32692598 	 3.1756768e-09 	0.0062241869 	0.013669744 	 -1.6797201e-09 	0.0040597426 	-0.016661764 	 0.0049190611 	495.13417 	-3625.208 	 -0.14287918 	2.899464e-07 	2.5968042e-09 	 -1.1575498 	-2.4692288e-06 	4.1569505e-07 		-0.05 1.0420232e-07 1.7954768e-07 1200000 1
-0.04875 -703966.32 	0.17458267 	-0.066135805 	 -511383.69 	-0.095831028 	-0.42711377 	 3.2401371e-09 	0.0056634488 	0.013118724 	 -1.9259999e-09 	0.0036056819 	-0.016747216 	 0.0029410159 	338.36912 	-2927.0027 	 -0.14720664 	3.8074888e-07 	5.3373981e-08 	 -1.2016646 	-2.6617663e-06 	5.0186364e-07 		-0.04875 1.0460912e-07 1.7633239e-07 1200000 1
-0.0475 -627675.37 	0.21899763 	-0.019745828 	 -447446.73 	-0.16397089 	-0.2179867 	 3.2647385e-09 	0.0051068062 	0.01264147 	 -2.2265834e-09 	0.0031839569 	-0.016796481 	 0.0031243118 	212.62814 	-2326.9301 	 -0.15097086 	3.3775609e-07 	1.1598784e-08 	 -1.2437905 	-2.6517642e-06 	3.302077e-07 		-0.0475 1.0496429e-07 1.7317454e-07 1200000 1
-0.04625 -553578.02 	0.3368657 	0.028854528 	 -386263.33 	-0.37892266 	-0.1842537 	 3.3421879e-09 	0.0045329032 	0.01216705 	 -2.4133839e-09 	0.0027679853 	-0.01685849 	 0.0054222866 	114.36742 	-1801.4125 	 -0.15432517 	2.3306563e-07 	-3.2491166e-08 	 -1.2845051 	-2.5210119e-06 	3.0490082e-07 		-0.04625 1.0538446e-07 1.6988239e-07 1200000 1
-0.045 -479766.63 	0.2322419 	-0.049627684 	 -333558.8 	-0.31784037 	-0.46299763 	 3.4788701e-09 	0.0039850898 	0.011834174 	 -2.5738922e-09 	0.0024018135 	-0.016846517 	 0.0048000164 	31.149463 	-1368.3881 	 -0.15719455 	3.1509371e-07 	2.9469146e-08 	 -1.3233542 	-2.6205627e-06 	5.398508e-07 		-0.045 1.0581397e-07 1.665461e-07 1200000 1
-0.04375 -408264.03 	0.13960359 	-0.092971955 	 -280161.09 	-0.23361112 	-0.37135198 	 3.4682434e-09 	0.0034051089 	0.011430785 	 -2.8401013e-09 	0.0020231961 	-0.016898397 	 0.0033291118 	-31.321137 	-991.10481 	 -0.159896 	3.858295e-07 	6.1599235e-08 	 -1.3615712 	-2.7418503e-06 	4.6645917e-07 		-0.04375 1.0614358e-07 1.632517e-07 1200000 1
-0.0425 -337366.02 	0.29088326 	0.0050302867 	 -235017.85 	-0.37774492 	-0.15745232 	 3.5403836e-09 	0.0028573191 	0.011210424 	 -3.0667958e-09 	0.0016936269 	-0.016857438 	 0.0048498058 	-88.152263 	-693.88619 	 -0.16220033 	2.5576799e-07 	-2.3310657e-08 	 -1.3980248 	-2.6679363e-06 	2.9065504e-07 		-0.0425 1.0648319e-07 1.6000586e-07 1200000 1
-0.04125 -267702.49 	0.32715091 	0.0068736769 	 -189422.99 	-0.4532778 	-0.28959635 	 3.6807518e-09 	0.0022919951 	0.01092753 	 -3.1568037e-09 	0.0013573116 	-0.016871737 	 0.0058291542 	-132.89405 	-449.20864 	 -0.16449614 	2.2021419e-07 	-2.8920644e-08 	 -1.4342806 	-2.654016e-06 	4.0364597e-07 		-0.04125 1.0689363e-07 1.5661087e-07 1200000 1
-0.04 -199042.27 	0.20806716 	-0.072408476 	 -148066.26 	-0.44198092 	-0.47831825 	 3.8109269e-09 	0.0017370435 	0.010760685 	 -3.3125585e-09 	0.0010465754 	-0.016839996 	 0.0052593467 	-174.20833 	-264.56908 	 -0.16662906 	3.1679881e-07 	3.3502657e-08 	 -1.469558 	-2.7115581e-06 	5.6356987e-07 		-0.04 1.0723655e-07 1.5322989e-07 1200000 1
-0.03875 -131057.71 	0.24421293 	-0.048485046 	 -108004.69 	-0.39831034 	-0.30988858 	 3.8334804e-09 	0.0011809972 	0.010606738 	 -3.5292572e-09 	0.00074211784 	-0.016821701 	 0.0047094255 	-211.2033 	-132.26558 	 -0.16881828 	2.8425692e-07 	9.910215e-09 	 -1.5045923 	-2.7970234e-06 	4.258914e-07 		-0.03875 1.0752001e-07 1.497721e-07 1200000 1
-0.0375 -63693.999 	0.35264003 	0.013426345 	 -69285.766 	-0.33485656 	-0.19021478 	 3.9345297e-09 	0.00062594095 	0.010492353 	 -3.589041e-09 	0.00044451774 	-0.016800311 	 0.0046064771 	-246.34853 	-50.397886 	 -0.17110492 	1.9184761e-07 	-4.5273165e-08 	 -1.5394461 	-2.8968327e-06 	3.288335e-07 		-0.0375 1.0785391e-07 1.462935e-07 1200000 1
-0.03625 2865.1169 	0.29046354 	-0.033965676 	 -32056.046 	-0.44571898 	-0.4409604 	 4.1519672e-09 	7.639452e-05 	0.010463876 	 -3.565548e-09 	0.0001573239 	-0.016751193 	 0.0054166671 	-281.72212 	-17.981266 	 -0.17350062 	2.4371084e-07 	-9.0552595e-09 	 -1.5740762 	-2.8533807e-06 	5.4037189e-07 		-0.03625 1.0819641e-07 1.4277823e-07 1200000 1
-0.035 70244.135 	0.22900811 	-0.090372374 	 5366.9674 	-0.5213287 	-0.5249147 	 4.2544463e-09 	-0.00047647443 	0.010396302 	 -3.7170768e-09 	-0.00013118805 	-0.016746331 	 0.0055782652 	-318.71459 	-32.614654 	 -0.17630684 	2.9359984e-07 	3.4256488e-08 	 -1.6094301 	-2.8361838e-06 	6.1322012e-07 		-0.035 1.084663e-07 1.3900177e-07 1200000 1
-0.03375 135435.43 	0.33264482 	-0.022823487 	 42235.764 	-0.23865983 	-0.17907489 	 4.3253432e-09 	-0.0010333043 	0.010492269 	 -3.868632e-09 	-0.00041504908 	-0.016669628 	 0.0034825745 	-356.91893 	-94.73425 	 -0.17921138 	2.0884036e-07 	-2.4478068e-08 	 -1.6443127 	-3.1189089e-06 	3.2722723e-07 		-0.03375 1.0872845e-07 1.3530104e-07 1200000 1
-0.0325 203498.69 	0.37449937 	0.0029996156 	 79633.057 	-0.21442339 	-0.18334804 	 4.5029111e-09 	-0.0015730326 	0.010496896 	 -3.7743152e-09 	-0.0007028098 	-0.016663872 	 0.0036843381 	-402.96819 	-204.48335 	 -0.18287418 	1.731333e-07 	-4.9733343e-08 	 -1.6808354 	-3.1880326e-06 	3.3363745e-07 		-0.0325 1.090501e-07 1.3159661e-07 1200000 1
-0.03125 269192.79 	0.30943267 	-0.071531408 	 118398.68 	-0.64799617 	-0.5318698 	 4.8208877e-09 	-0.0021258509 	0.010659333 	 -3.8244901e-09 	-0.00099437626 	-0.016589101 	 0.0068459084 	-451.56118 	-362.49755 	 -0.18677962 	2.2978786e-07 	9.507729e-09 	 -1.7172679 	-2.8724014e-06 	6.26269e-07 		-0.03125 1.0931348e-07 1.278816e-07 1200000 1
-0.03 337379.68 	0.33778086 	-0.078197797 	 157935.67 	-0.63177128 	-0.47770577 	 4.9079071e-09 	-0.002670672 	0.010789083 	 -4.083985e-09 	-0.001289352 	-0.016554136 	 0.0065967847 	-511.32112 	-570.15989 	 -0.19153682 	2.0750669e-07 	1.1471832e-08 	 -1.7553262 	-2.9338847e-06 	5.8356092e-07 		-0.03 1.0953069e-07 1.2388916e-07 1200000 1
-0.02875 404795.35 	0.41634465 	-0.011714986 	 199876.77 	-0.23324738 	-0.20816563 	 5.0581126e-09 	-0.0032206477 	0.011008167 	 -4.0915061e-09 	-0.0015968861 	-0.016483816 	 0.0038780461 	-579.82363 	-829.94093 	 -0.1968801 	1.4584175e-07 	-4.7065999e-08 	 -1.7941531 	-3.3115673e-06 	3.6097532e-07 		-0.02875 1.0976167e-07 1.201218e-07 1200000 1
-0.0275 473223.83 	0.38855991 	-0.030358372 	 244162.47 	-0.41990599 	-0.42810822 	 5.3766459e-09 	-0.0037674076 	0.011270661 	 -3.9051805e-09 	-0.0019130108 	-0.01640543 	 0.0052738542 	-662.81903 	-1144.0144 	 -0.20308747 	1.7450612e-07 	-3.4772946e-08 	 -1.8344546 	-3.1993208e-06 	5.4628118e-07 		-0.0275 1.1000044e-07 1.1637761e-07 1200000 1
-0.02625 543750.18 	0.3633005 	-0.082738203 	 290794.52 	-0.74154295 	-0.69162798 	 5.5117925e-09 	-0.0043085066 	0.011549933 	 -3.97842e-09 	-0.0022381879 	-0.016335922 	 0.0072900327 	-764.44918 	-1515.8645 	 -0.21037679 	2.007609e-07 	5.4702054e-09 	 -1.8766785 	-2.9769045e-06 	7.6797189e-07 		-0.02625 1.102097e-07 1.1219274e-07 1200000 1
-0.025 612130.32 	0.41855918 	-0.049671855 	 342432.13 	-0.30024573 	-0.3803816 	 5.6409623e-09 	-0.0048605794 	0.011946043 	 -4.1435513e-09 	-0.002587302 	-0.016206886 	 0.0041379827 	-880.27879 	-1950.6102 	 -0.21839138 	1.6239431e-07 	-2.4307712e-08 	 -1.9197905 	-3.3870191e-06 	5.1006402e-07 		-0.025 1.1040873e-07 1.0803143e-07 1200000 1
-0.02375 686627.22 	0.44731039 	-0.017179541 	 395434.56 	0.037909419 	-0.19095138 	 5.9308856e-09 	-0.0053873565 	0.012307298 	 -3.954906e-09 	-0.0029385007 	-0.016116826 	 0.0020658494 	-1038.142 	-2449.6648 	 -0.22816998 	1.4497e-07 	-5.4669073e-08 	 -1.9662419 	-3.7131618e-06 	3.5426957e-07 		-0.02375 1.1064017e-07 1.0394495e-07 1200000 1
-0.0225 755612.7 	0.42779344 	-0.083720515 	 456859.82 	-0.59793255 	-0.58508539 	 6.2148813e-09 	-0.0059388172 	0.012832498 	 -3.8300432e-09 	-0.0033270415 	-0.015925247 	 0.0064779977 	-1209.8126 	-3024.6274 	 -0.23853496 	1.7174184e-07 	-6.5468693e-10 	 -2.0131432 	-3.2244289e-06 	6.8367248e-07 		-0.0225 1.1084559e-07 9.9951957e-08 1200000 1
-0.02125 832394.87 	0.4654862 	-0.12400614 	 519995.91 	-0.69887922 	-0.7041144 	 6.3882456e-09 	-0.0064506077 	0.013322187 	 -3.9895239e-09 	-0.0037094265 	-0.015776718 	 0.0069021704 	-1442.9537 	-3669.9025 	 -0.25119083 	1.4903892e-07 	3.036895e-08 	 -2.0641992 	-3.1852989e-06 	7.8438667e-07 		-0.02125 1.1102305e-07 9.5312453e-08 1200000 1
-0.02 904672.54 	0.5115541 	-0.070325254 	 591990.35 	-0.051949697 	-0.23583437 	 6.7817195e-09 	-0.0069802685 	0.013946859 	 -3.8978575e-09 	-0.0041344406 	-0.015531544 	 0.0030382959 	-1712.0083 	-4403.4545 	 -0.26480269 	1.2284956e-07 	-1.5031349e-08 	 -2.1163101 	-3.7636817e-06 	3.9462404e-07 		-0.02 1.1119167e-07 9.1050787e-08 1200000 1
-0.01875 981470.27 	0.52565611 	-0.072245311 	 669152.55 	-0.073056601 	-0.25658741 	 7.1544353e-09 	-0.0074790355 	0.014608413 	 -3.7105023e-09 	-0.0045630745 	-0.015267194 	 0.0035883777 	-2062.1424 	-5219.3573 	 -0.280716 	1.2372883e-07 	-1.4299743e-08 	 -2.1722249 	-3.7866913e-06 	4.1244592e-07 		-0.01875 1.1136255e-07 8.6682456e-08 1200000 1
-0.0175 1058073.5 	0.51486789 	-0.14253675 	 754499.33 	-0.57228831 	-0.53524302 	 7.5330312e-09 	-0.0079640639 	0.015351459 	 -3.5723436e-09 	-0.0050123889 	-0.01494039 	 0.0064567858 	-2487.6737 	-6127.2843 	 -0.29854021 	1.4745499e-07 	4.4021009e-08 	 -2.2309141 	-3.4099124e-06 	6.4472474e-07 		-0.0175 1.1152643e-07 8.2052231e-08 1200000 1
-0.01625 1133311.8 	0.55124288 	-0.10849983 	 849175.25 	-0.11820364 	-0.22904165 	 7.9008138e-09 	-0.0084332122 	0.01619167 	 -3.5957691e-09 	-0.0054846799 	-0.014528151 	 0.0040543902 	-3008.9826 	-7131.1818 	 -0.31836509 	1.3224234e-07 	1.6553012e-08 	 -2.2923037 	-3.8262766e-06 	3.8884836e-07 		-0.01625 1.1169465e-07 7.7190879e-08 1200000 1
-0.015 1213827.6 	0.58879634 	-0.077134739 	 951524.77 	0.3790735 	-0.056177239 	 8.261235e-09 	-0.0088509744 	0.01710304 	 -3.4206797e-09 	-0.0059506364 	-0.014052921 	 0.0017218783 	-3698.3501 	-8226.1217 	 -0.34149566 	1.1597841e-07 	-9.1625711e-09 	 -2.3587218 	-4.2759709e-06 	2.4403046e-07 		-0.015 1.1185538e-07 7.2319995e-08 1200000 1
-0.01375 1285640.4 	0.57958638 	-0.16606541 	 1067923.3 	-0.3622349 	-0.1659328 	 8.7676202e-09 	-0.0092594604 	0.018147833 	 -2.9129373e-09 	-0.0064522024 	-0.013423534 	 0.0065812142 	-4501.0036 	-9422.0858 	 -0.36619913 	1.4148191e-07 	6.7125755e-08 	 -2.4265767 	-3.6856171e-06 	3.3344487e-07 		-0.01375 1.1202329e-07 6.7828493e-08 1200000 1
-0.0125 1368371 	0.58664826 	-0.20232133 	 1193430.7 	-0.40896485 	-0.82365263 	 8.9773431e-09 	-0.0095685899 	0.019299668 	 -2.9307227e-09 	-0.0068979305 	-0.012698157 	 0.004414693 	-5635.1527 	-10686.383 	 -0.3962214 	1.5265444e-07 	9.8154152e-08 	 -2.5024557 	-3.684783e-06 	8.7943844e-07 		-0.0125 1.1219749e-07 6.2427673e-08 1200000 1
-0.01125 1437028.6 	0.63297608 	-0.092209316 	 1336194.8 	-0.19695078 	-0.65527645 	 9.6740644e-09 	-0.0098552347 	0.020619476 	 -2.5396185e-09 	-0.0073730691 	-0.011741364 	 0.0047730481 	-6978.9302 	-12033.121 	 -0.42792602 	1.3408156e-07 	1.0316212e-08 	 -2.5792153 	-3.8887665e-06 	7.3461238e-07 		-0.01125 1.123677e-07 5.7648792e-08 1200000 1
-0.01 1512968.5 	0.55725402 	-0.27188277 	 1494979.6 	0.400385 	-0.13452753 	 1.0268003e-08 	-0.010026648 	0.022182684 	 -1.4026522e-09 	-0.0078266969 	-0.01040813 	 0.0022386666 	-9010.3022 	-13442.74 	 -0.46634264 	2.1364666e-07 	1.6437701e-07 	 -2.6656064 	-4.4187144e-06 	2.9545044e-07 		-0.01 1.1265528e-07 5.2334246e-08 1200000 1
-0.00875 529791.34 	0.28269647 	-0.018085099 	 550581.89 	0.12417255 	0.34916677 	 1.1184266e-08 	-0.010015582 	0.023824595 	 -1.1055591e-09 	-0.0081176207 	-0.0091422606 	 0.004024656 	-3650.1951 	-4908.6042 	 -0.52024443 	-7.883679e-07 	-7.1008567e-07 	 -2.7825424 	-9.4956269e-07 	-2.6506691e-06 		-0.00875 1.1244648e-07 4.3770477e-08 404422.22 1
-0.0075 135063.07 	0.24692903 	0.087885263 	 153852.34 	-0.026761393 	-0.074026568 	 1.1518011e-08 	-0.0094396802 	0.0245758 	 -8.9581508e-10 	-0.0078031284 	-0.0085997765 	 0.0033029323 	-998.74536 	-1239.1064 	 -0.5385786 	-1.7593837e-06 	-9.264801e-07 	 -2.8324497 	-3.8605433e-06 	9.0431004e-07 		-0.0075 1.1043403e-07 3.7471605e-08 100000 1
-0.00625 136000.71 	0.27185044 	0.074795415 	 162905.35 	-0.046175761 	-0.089318915 	 1.1781532e-08 	-0.0088358674 	0.02518435 	 -7.1225603e-10 	-0.007503912 	-0.0080277633 	 0.0035816372 	-1058.8814 	-1214.2211 	 -0.54467843 	-1.9912574e-06 	-7.8895962e-07 	 -2.8545792 	-3.6834948e-06 	1.0457881e-06 		-0.00625 1.0821113e-07 3.2707648e-08 100000 1
-0.005 136408.27 	0.31565191 	0.072516806 	 170687.25 	-0.043346319 	-0.084164194 	 1.187694e-08 	-0.0082976947 	0.025787883 	 -5.3345461e-10 	-0.0072060622 	-0.007526989 	 0.0042634199 	-1116.6963 	-1182.9528 	 -0.54616569 	-2.4126398e-06 	-7.600792e-07 	 -2.8629261 	-3.7299123e-06 	9.821879e-07 		-0.005 1.0528146e-07 2.7992054e-08 100000 1
-0.00375 136196.61 	0.35269344 	0.073599624 	 177410.38 	-0.065305489 	-0.095492478 	 1.1865687e-08 	-0.0077763262 	0.02631807 	 -4.59037e-10 	-0.006914534 	-0.0070711763 	 0.0048245357 	-1165.1637 	-1144.7618 	 -0.54363086 	-2.7676164e-06 	-7.6517037e-07 	 -2.8587123 	-3.5264623e-06 	1.0832092e-06 		-0.00375 1.0215287e-07 2.3475656e-08 100000 1
-0.0025 135423.34 	0.37680848 	0.059253307 	 183156.84 	-0.040601862 	-0.094076088 	 1.1910451e-08 	-0.0072701038 	0.026782478 	 -3.9149757e-10 	-0.0066275427 	-0.0066466993 	 0.0050845267 	-1204.9302 	-1100.9411 	 -0.53768607 	-2.9938837e-06 	-6.1628371e-07 	 -2.8429946 	-3.7859221e-06 	1.0567099e-06 		-0.0025 9.8477155e-08 1.8791772e-08 100000 1
-0.00125 134158.65 	0.43127566 	0.081747803 	 187978.45 	-0.064668412 	-0.085489472 	 1.1746835e-08 	-0.0067836611 	0.027189873 	 -3.4867861e-10 	-0.006338358 	-0.0062577075 	 0.006084136 	-1235.7991 	-1052.4051 	 -0.52877932 	-3.5239011e-06 	-8.3602535e-07 	 -2.8165184 	-3.5646848e-06 	9.586503e-07 		-0.00125 9.4448003e-08 1.4250031e-08 100000 1
5.2475385e-17 132282.11 	0.45098866 	0.057375439 	 191976.86 	-0.051309926 	-0.11004048 	 1.1752628e-08 	-0.0063107973 	0.027531925 	 -3.0379671e-10 	-0.0060490107 	-0.0059026073 	 0.0061968578 	-1254.4572 	-999.6777 	 -0.51713325 	-3.7067881e-06 	-5.8712935e-07 	 -2.7798934 	-3.7066121e-06 	1.1925093e-06 		5.2475385e-17 8.9966766e-08 9.6414335e-09 100000 1
0.00125 130063.49 	0.50102645 	0.067287742 	 195116.86 	-0.042998048 	-0.083821486 	 1.165216e-08 	-0.0058608833 	0.027829667 	 -2.4737644e-10 	-0.0057597428 	-0.0055790493 	 0.0070547615 	-1265.5544 	-944.69229 	 -0.50328103 	-4.1935906e-06 	-6.8127031e-07 	 -2.7340166 	-3.7960217e-06 	9.1919522e-07 		0.00125 8.4953457e-08 5.1022764e-09 100000 1
0.0025 127531.02 	0.52734756 	0.055203526 	 197437.71 	-0.049535216 	-0.1108085 	 1.1658971e-08 	-0.0054332572 	0.02808729 	 -1.7108089e-10 	-0.0054738576 	-0.0052862704 	 0.0073775863 	-1269.1454 	-888.44174 	 -0.48750924 	-4.4437024e-06 	-5.5574385e-07 	 -2.6796907 	-3.7404134e-06 	1.178714e-06 		0.0025 7.9671418e-08 3.603684e-10 100000 1
0.00375 124765.22 	0.56387646 	0.053971886 	 198937.24 	-0.026857856 	-0.086083613 	 1.1551464e-08 	-0.0050288456 	0.028309087 	 -9.4381141e-11 	-0.0051925419 	-0.0050209414 	 0.0079569983 	-1266.5631 	-831.76483 	 -0.46996877 	-4.7969929e-06 	-5.3894331e-07 	 -2.6170907 	-3.9724153e-06 	9.2185495e-07 		0.00375 7.3748172e-08 -4.3824057e-09 100000 1
0.005 121850.34 	0.60141438 	0.055529485 	 199599.9 	-0.040884157 	-0.10241068 	 1.1435511e-08 	-0.0046520062 	0.028505695 	 5.4115938e-12 	-0.0049172109 	-0.0047847299 	 0.0085488688 	-1259.1692 	-775.61759 	 -0.45085301 	-5.1612227e-06 	-5.5046747e-07 	 -2.5466279 	-3.8353867e-06 	1.0763182e-06 		0.005 6.7619207e-08 -9.2608043e-09 100000 1
0.00625 118724.28 	0.62177312 	0.04241117 	 199592.69 	-0.020743131 	-0.09727204 	 1.1273304e-08 	-0.0042959245 	0.028670269 	 9.4057688e-11 	-0.0046499441 	-0.0045735828 	 0.0088209683 	-1245.4643 	-720.42618 	 -0.43039679 	-5.3536259e-06 	-4.1535773e-07 	 -2.4694515 	-4.0417055e-06 	1.0170181e-06 		0.00625 6.0947096e-08 -1.4278131e-08 100000 1
0.0075 115430.15 	0.66808514 	0.055929749 	 198963.83 	-0.030523552 	-0.09264165 	 1.1089399e-08 	-0.0039655042 	0.028811131 	 1.8413806e-10 	-0.0043912266 	-0.0043888601 	 0.0095966091 	-1226.1875 	-666.9692 	 -0.40877474 	-5.8066735e-06 	-5.4677264e-07 	 -2.3861464 	-3.9491708e-06 	9.6376615e-07 		0.0075 5.3986196e-08 -1.9237842e-08 100000 1
0.00875 111947.35 	0.67414803 	0.029787676 	 197823.21 	-0.019069814 	-0.10569674 	 1.0943294e-08 	-0.003655947 	0.028924044 	 2.8533289e-10 	-0.0041450258 	-0.0042276257 	 0.00962823 	-1200.7891 	-615.81606 	 -0.38625968 	-5.858059e-06 	-2.8160619e-07 	 -2.2978341 	-4.0593071e-06 	1.0884899e-06 		0.00875 4.6722955e-08 -2.4312442e-08 100000 1
0.01 108317.79 	0.71463107 	0.043209204 	 196222.39 	-0.0099574101 	-0.087328243 	 1.0783911e-08 	-0.0033719031 	0.029015755 	 3.4682662e-10 	-0.003911604 	-0.0040892084 	 0.01028144 	-1170.232 	-567.55027 	 -0.36297786 	-6.2545883e-06 	-4.1207877e-07 	 -2.2049256 	-4.1465916e-06 	9.0005822e-07 		0.01 3.9082648e-08 -2.9340965e-08 100000 1
0.01125 104633.13 	0.72943874 	0.030022558 	 194216.52 	-0.012256631 	-0.10620259 	 1.0629983e-08 	-0.003109492 	0.029092618 	 4.3433998e-10 	-0.0036922999 	-0.0039689585 	 0.010498041 	-1136.5809 	-522.33561 	 -0.3392308 	-6.3950217e-06 	-2.7660176e-07 	 -2.1085337 	-4.1170447e-06 	1.0849192e-06 		0.01125 3.1296401e-08 -3.4513476e-08 100000 1
0.0125 100920.96 	0.74566271 	0.030513268 	 191859.09 	-0.0031856146 	-0.083616076 	 1.0491732e-08 	-0.0028684258 	0.02915597 	 4.7951729e-10 	-0.0034866303 	-0.0038645653 	 0.010756345 	-1100.4887 	-480.24541 	 -0.31510793 	-6.550051e-06 	-2.7797242e-07 	 -2.0089875 	-4.200013e-06 	8.5600266e-07 		0.0125 2.3080636e-08 -3.9654946e-08 100000 1
0.01375 97261.863 	0.76600726 	0.032669733 	 189182.13 	-0.0082101894 	-0.10013117 	 1.0321811e-08 	-0.0026494382 	0.029214082 	 5.2638977e-10 	-0.0032942816 	-0.0037752415 	 0.011098619 	-1063.59 	-441.4177 	 -0.29081936 	-6.7471255e-06 	-2.9629181e-07 	 -1.9070175 	-4.1389217e-06 	1.0188356e-06 		0.01375 1.4882512e-08 -4.4837284e-08 100000 1
0.015 93650.137 	0.76575956 	0.024105876 	 186287.76 	0.004875144 	-0.091112542 	 1.0162635e-08 	-0.0024476932 	0.029262666 	 5.614825e-10 	-0.0031152852 	-0.0036977391 	 0.011072919 	-1025.7882 	-405.68543 	 -0.26652526 	-6.738896e-06 	-2.0755246e-07 	 -1.8033793 	-4.2557242e-06 	9.2694549e-07 		0.015 6.3420344e-09 -5.0136851e-08 100000 1
0.01625 90083.507 	0.78695482 	0.034182786 	 183278.29 	0.003636238 	-0.087547368 	 9.9736735e-09 	-0.0022657691 	0.02930701 	 5.9126486e-10 	-0.0029497291 	-0.0036318634 	 0.011438794 	-987.20287 	-373.18812 	 -0.24241569 	-6.945794e-06 	-3.052837e-07 	 -1.6989938 	-4.2303636e-06 	8.9020737e-07 		0.01625 -2.2039955e-09 -5.5428358e-08 100000 1
0.0175 86580.415 	0.77252686 	0.016999916 	 180234.08 	0.0036277387 	-0.094002211 	 9.826374e-09 	-0.0020981915 	0.029344689 	 6.1714228e-10 	-0.0027978881 	-0.0035743737 	 0.011216791 	-948.21593 	-343.70913 	 -0.21868593 	-6.7973033e-06 	-1.3047863e-07 	 -1.5947286 	-4.2150939e-06 	9.5419274e-07 		0.0175 -1.0794751e-08 -6.0766141e-08 100000 1
0.01875 83113.408 	0.78749586 	0.030183848 	 177247.65 	0.0047128052 	-0.077129109 	 9.6718177e-09 	-0.0019494417 	0.029378369 	 6.2955962e-10 	-0.0026612739 	-0.0035247091 	 0.011480733 	-908.48799 	-317.56219 	 -0.19545307 	-6.9433494e-06 	-2.5920758e-07 	 -1.4911469 	-4.2057458e-06 	7.8544777e-07 		0.01875 -1.945232e-08 -6.5993073e-08 100000 1
0.02 79740.64 	0.77667604 	0.018431004 	 174359.27 	0.00084340067 	-0.092331136 	 9.5385175e-09 	-0.0018137786 	0.029409917 	 6.4358534e-10 	-0.0025381164 	-0.0034802346 	 0.011328845 	-869.17232 	-294.23882 	 -0.17287658 	-6.8324179e-06 	-1.3861172e-07 	 -1.3889987 	-4.1415944e-06 	9.3783652e-07 		0.02 -2.7958873e-08 -7.1194891e-08 100000 1
0.02125 76482.008 	0.77130586 	0.023860643 	 171588.55 	0.003378983 	-0.075509987 	 9.4068897e-09 	-0.0016912768 	0.029440378 	 6.5999492e-10 	-0.0024262606 	-0.0034404909 	 0.011264838 	-830.65698 	-273.43395 	 -0.15093265 	-6.776188e-06 	-1.8985727e-07 	 -1.2882359 	-4.1425991e-06 	7.7024044e-07 		0.02125 -3.6564187e-08 -7.6345934e-08 100000 1
0.0225 73350.292 	0.77043992 	0.02315479 	 168999.5 	0.0047389203 	-0.087374322 	 9.2571885e-09 	-0.0015812629 	0.029472931 	 6.701438e-10 	-0.0023256252 	-0.0034046953 	 0.011277767 	-793.23499 	-255.04593 	 -0.12977379 	-6.7658253e-06 	-1.7980548e-07 	 -1.1896525 	-4.1287954e-06 	8.8974244e-07 		0.0225 -4.4914222e-08 -8.1457093e-08 100000 1
0.02375 70407.984 	0.74954636 	0.017884947 	 166595.13 	0.0078744189 	-0.075407259 	 9.0941577e-09 	-0.0014797403 	0.029505194 	 6.9074807e-10 	-0.0022325437 	-0.003373236 	 0.01096511 	-757.72149 	-238.56012 	 -0.10940258 	-6.5558349e-06 	-1.2430576e-07 	 -1.0932282 	-4.1319244e-06 	7.7105241e-07 		0.02375 -5.3329479e-08 -8.6653326e-08 100000 1
0.025 67602.241 	0.75156401 	0.023198219 	 164456.53 	0.010446257 	-0.07603102 	 8.9200621e-09 	-0.0013896723 	0.029540745 	 7.008992e-10 	-0.0021489649 	-0.0033448872 	 0.011025087 	-723.46623 	-224.1373 	 -0.089902668 	-6.5752762e-06 	-1.746558e-07 	 -0.99962597 	-4.126344e-06 	7.7839706e-07 		0.025 -6.1514892e-08 -9.1817142e-08 100000 1
0.02625 64933.977 	0.7266913 	0.014279561 	 162620.54 	0.012235273 	-0.073903048 	 8.7708807e-09 	-0.0013066478 	0.029576443 	 7.277383e-10 	-0.0020745908 	-0.0033175954 	 0.01065815 	-690.50322 	-211.5254 	 -0.071315386 	-6.3262302e-06 	-8.2702374e-08 	 -0.90916902 	-4.112918e-06 	7.5830414e-07 		0.02625 -6.9577968e-08 -9.6985104e-08 100000 1
0.0275 62400.312 	0.72675488 	0.023579152 	 161116 	0.00981941 	-0.061663783 	 8.5836724e-09 	-0.0012336526 	0.029615293 	 7.2487783e-10 	-0.0020089279 	-0.003291859 	 0.010698792 	-658.8166 	-200.70346 	 -0.053629789 	-6.3271613e-06 	-1.7291344e-07 	 -0.82195446 	-4.0555716e-06 	6.3715371e-07 		0.0275 -7.754657e-08 -1.0210128e-07 100000 1
0.02875 59975.882 	0.70329276 	0.014601509 	 160011.75 	0.014244457 	-0.063903313 	 8.4447401e-09 	-0.0011676609 	0.029656541 	 7.3901902e-10 	-0.0019546089 	-0.0032640509 	 0.010354648 	-628.19409 	-191.74227 	 -0.036963826 	-6.093857e-06 	-8.0301786e-08 	 -0.73871648 	-4.0612598e-06 	6.6085723e-07 		0.02875 -8.5220119e-08 -1.0715496e-07 100000 1
0.03 57695.195 	0.68657311 	0.015981627 	 159277.3 	0.009354316 	-0.054640321 	 8.2744336e-09 	-0.0011088184 	0.029700585 	 7.4703282e-10 	-0.0019073521 	-0.0032366879 	 0.010133764 	-599.02501 	-184.20066 	 -0.02118451 	-5.9285019e-06 	-9.1318421e-08 	 -0.65898708 	-3.9743923e-06 	5.694896e-07 		0.03 -9.2818877e-08 -1.121861e-07 100000 1
0.03125 55556.654 	0.67803677 	0.021530092 	 158942.62 	0.01966394 	-0.040135274 	 8.1254985e-09 	-0.001056228 	0.029749078 	 7.5678834e-10 	-0.0018674017 	-0.0032090489 	 0.010032711 	-571.3534 	-178.02724 	 -0.0063423062 	-5.8453748e-06 	-1.4407771e-07 	 -0.5832024 	-4.034957e-06 	4.2568732e-07 		0.03125 -1.0010759e-07 -1.1716945e-07 100000 1
0.0325 53575.912 	0.6540243 	0.0055798404 	 159022.41 	-0.0039384135 	-0.031557932 	 7.9500176e-09 	-0.0010077637 	0.029799396 	 7.5159405e-10 	-0.0018328525 	-0.0031814132 	 0.0097191894 	-545.30891 	-172.9836 	 0.0076040256 	-5.6081571e-06 	1.7998591e-08 	 -0.51132453 	-3.7571155e-06 	3.4115123e-07 		0.0325 -1.0730371e-07 -1.2208577e-07 100000 1
0.03375 51765.391 	0.64314929 	0.010976684 	 159540.54 	0.012818578 	-0.011118117 	 7.7615803e-09 	-0.00096566547 	0.029854803 	 7.4289655e-10 	-0.0018026813 	-0.0031553516 	 0.0095791624 	-521.01908 	-169.03019 	 0.02063124 	-5.5028714e-06 	-3.3569692e-08 	 -0.44367514 	-3.8824448e-06 	1.3790771e-07 		0.03375 -1.1416228e-07 -1.2684335e-07 100000 1
0.035 50086.041 	0.61791266 	0.010641106 	 160515.76 	-0.0035989134 	-0.020176324 	 7.5737191e-09 	-0.00092660204 	0.029912627 	 7.3104251e-10 	-0.001778577 	-0.0031273786 	 0.0092335349 	-498.10479 	-166.16789 	 0.032785608 	-5.2545661e-06 	-2.7952879e-08 	 -0.3802572 	-3.6749047e-06 	2.2957426e-07 		0.035 -1.209674e-07 -1.315687e-07 100000 1
0.03625 48538.02 	0.61652319 	0.011160308 	 161961.85 	0.0063583164 	-0.018547739 	 7.4046747e-09 	-0.00089341942 	0.02997518 	 7.2618426e-10 	-0.0017598526 	-0.0030987642 	 0.0092198589 	-476.52723 	-164.40087 	 0.044100738 	-5.2449845e-06 	-3.0970226e-08 	 -0.32111131 	-3.7300706e-06 	2.14321e-07 		0.03625 -1.2748859e-07 -1.3625561e-07 100000 1
0.0375 47093.186 	0.583191 	0.012556278 	 163920.34 	-0.0070989586 	-0.01625993 	 7.2079907e-09 	-0.00086325001 	0.030042379 	 6.9948819e-10 	-0.0017490182 	-0.0030658703 	 0.008763381 	-456.11673 	-163.86349 	 0.054546765 	-4.9167318e-06 	-4.2835e-08 	 -0.26662166 	-3.5486668e-06 	1.9235192e-07 		0.0375 -1.3383254e-07 -1.4071915e-07 100000 1
0.03875 45755.765 	0.57994445 	0.012484276 	 166401.27 	-0.0029492469 	-0.022302644 	 7.0653319e-09 	-0.00083763707 	0.030114327 	 7.0139483e-10 	-0.0017447236 	-0.0030299886 	 0.0087220671 	-436.85586 	-164.49416 	 0.06419136 	-4.8896486e-06 	-4.0064022e-08 	 -0.21666756 	-3.5413089e-06 	2.5361824e-07 		0.03875 -1.4000492e-07 -1.4524333e-07 100000 1
0.04 44533.548 	0.55416653 	0.014550455 	 169400.46 	-0.001968508 	-0.014210233 	 6.8811166e-09 	-0.00081529445 	0.03019176 	 6.7997741e-10 	-0.0017458641 	-0.0029914573 	 0.0083639376 	-418.89627 	-166.17902 	 0.073047734 	-4.6378783e-06 	-5.8789283e-08 	 -0.17138669 	-3.5018615e-06 	1.734314e-07 		0.04 -1.4589122e-07 -1.4955218e-07 100000 1
0.04125 43424.966 	0.5401403 	0.014825101 	 172937.92 	-0.010265765 	-0.020289394 	 6.7316222e-09 	-0.00079509569 	0.0302729 	 6.771933e-10 	-0.0017516751 	-0.0029499045 	 0.0081779399 	-402.22315 	-168.86009 	 0.081163939 	-4.5038615e-06 	-5.9693603e-08 	 -0.13075496 	-3.368382e-06 	2.3488429e-07 		0.04125 -1.5170461e-07 -1.5392728e-07 100000 1
0.0425 42459.294 	0.52263054 	0.016592691 	 177039.06 	-0.00060802596 	-0.010007549 	 6.536207e-09 	-0.00077956053 	0.030359641 	 6.5567271e-10 	-0.0017597613 	-0.0029080403 	 0.0079334894 	-387.10611 	-172.44492 	 0.088516354 	-4.3354723e-06 	-7.5683526e-08 	 -0.095161111 	-3.4146944e-06 	1.3263879e-07 		0.0425 -1.5712904e-07 -1.5810848e-07 100000 1
0.04375 41608.675 	0.49959656 	0.017657127 	 181720.11 	-0.012553591 	-0.012390402 	 6.3448851e-09 	-0.00076520279 	0.030450161 	 6.3549173e-10 	-0.0017713457 	-0.0028626762 	 0.0076197798 	-373.39719 	-176.98231 	 0.095155567 	-4.1122524e-06 	-8.4761206e-08 	 -0.064565828 	-3.2441847e-06 	1.5695963e-07 		0.04375 -1.6247955e-07 -1.6229541e-07 100000 1
0.045 40858.354 	0.48968425 	0.017690443 	 186992.9 	-0.0037902261 	-0.0078025158 	 6.160385e-09 	-0.0007552012 	0.030546651 	 6.2202197e-10 	-0.0017869533 	-0.0028143365 	 0.0074848864 	-360.92245 	-182.61934 	 0.10111343 	-4.0206218e-06 	-8.3615489e-08 	 -0.039019594 	-3.2805431e-06 	1.1150136e-07 		0.045 -1.6751001e-07 -1.6638522e-07 100000 1
0.04625 40197.727 	0.4592829 	0.020216492 	 192875.5 	-0.014049721 	-0.0056407368 	 5.9499011e-09 	-0.00074643428 	0.030648807 	 5.913475e-10 	-0.0018069901 	-0.0027608599 	 0.007060444 	-349.768 	-189.38072 	 0.1064032 	-3.7245421e-06 	-1.0752001e-07 	 -0.018678366 	-3.1254862e-06 	9.0230123e-08 		0.04625 -1.7237374e-07 -1.7035729e-07 100000 1
0.0475 39593.63 	0.45260781 	0.018783888 	 199433.93 	-0.0066431549 	-0.0056088112 	 5.7995967e-09 	-0.00074044145 	0.030758098 	 5.9176199e-10 	-0.0018343888 	-0.0027004233 	 0.0069715606 	-339.65401 	-197.68763 	 0.11103295 	-3.6659594e-06 	-9.1880816e-08 	 -0.0038419419 	-3.1456203e-06 	9.017467e-08 		0.0475 -1.7701181e-07 -1.7433608e-07 100000 1
0.04875 39063.315 	0.42529156 	0.021276705 	 206645.14 	-0.0096634077 	-0.00050907961 	 5.6112291e-09 	-0.00073617433 	0.030874652 	 5.7172162e-10 	-0.0018665208 	-0.0026341398 	 0.0065860722 	-330.88879 	-207.33254 	 0.11503179 	-3.4014515e-06 	-1.1562841e-07 	 0.0055018278 	-3.0606129e-06 	3.937421e-08 		0.04875 -1.8139082e-07 -1.7815756e-07 100000 1
0.05 38611.804 	0.41142571 	0.020057044 	 214538.16 	-0.011424613 	-0.0027491879 	 5.4541268e-09 	-0.00073324143 	0.030996782 	 5.6964779e-10 	-0.0019019319 	-0.0025621253 	 0.0063955885 	-323.60047 	-218.25931 	 0.11842887 	-3.2716577e-06 	-1.0235734e-07 	 0.0092591317 	-2.9876701e-06 	6.1915512e-08 		0.05 -1.8562752e-07 -1.8199236e-07 100000 1
0.05125 38233.145 	0.39133085 	0.021518581 	 223127.12 	-0.0061980118 	0.0033081604 	 5.2695261e-09 	-0.00073380722 	0.031126626 	 5.5642119e-10 	-0.0019405504 	-0.0024847665 	 0.0061098877 	-317.8275 	-230.58809 	 0.12122838 	-3.0799459e-06 	-1.160232e-07 	 0.0072304616 	-2.9847351e-06 	1.4376146e-09 		0.05125 -1.8952864e-07 -1.8567328e-07 100000 1
0.0525 37963.137 	0.37144148 	0.021507161 	 232470.02 	-0.012760189 	-6.0535108e-05 	 5.0799693e-09 	-0.00073564913 	0.031261502 	 5.4190999e-10 	-0.0019778844 	-0.0024019836 	 0.0058289329 	-314.22545 	-243.93705 	 0.123419 	-2.8904917e-06 	-1.1510784e-07 	 -0.0010404001 	-2.8640379e-06 	3.5181779e-08 		0.0525 -1.9332322e-07 -1.8935776e-07 100000 1
0.05375 37752.717 	0.35763366 	0.021504096 	 242560.14 	-0.0066182561 	0.0028826682 	 4.8893565e-09 	-0.00074155616 	0.031404205 	 5.3211827e-10 	-0.0020174895 	-0.0023126725 	 0.0056345238 	-312.36592 	-258.76152 	 0.12504467 	-2.7620767e-06 	-1.1437071e-07 	 -0.015400792 	-2.8704754e-06 	5.7719518e-09 		0.05375 -1.9679741e-07 -1.9292931e-07 100000 1
0.055 37590.068 	0.33186999 	0.023701516 	 253426 	-0.011639526 	0.0022344954 	 4.6855411e-09 	-0.00074779282 	0.031554967 	 5.1156255e-10 	-0.0020593839 	-0.0022142124 	 0.0052601867 	-312.5702 	-275.09309 	 0.12611509 	-2.5144613e-06 	-1.3574752e-07 	 -0.036028877 	-2.764687e-06 	1.2231001e-08 		0.055 -2.0012311e-07 -1.9644155e-07 100000 1
0.05625 37463.997 	0.32266886 	0.021671716 	 265112.26 	-0.0039943477 	0.0028630209 	 4.513476e-09 	-0.00075661156 	0.031713785 	 5.1128278e-10 	-0.0021036575 	-0.0021067159 	 0.0051321142 	-314.87773 	-293.11582 	 0.12663561 	-2.4325925e-06 	-1.1492189e-07 	 -0.063181967 	-2.7851983e-06 	5.8960678e-09 		0.05625 -2.0320475e-07 -1.9993587e-07 100000 1
0.0575 37333.005 	0.29590585 	0.02428067 	 277662.44 	-0.0062138143 	0.0056733503 	 4.3248673e-09 	-0.00076479715 	0.031884031 	 4.9644456e-10 	-0.0021536139 	-0.0019867636 	 0.0047391774 	-319.43213 	-313.358 	 0.12660235 	-2.1755408e-06 	-1.4058253e-07 	 -0.097156813 	-2.7062118e-06 	-2.230665e-08 		0.0575 -2.0606686e-07 -2.0333062e-07 100000 1
0.05875 37232.841 	0.2832571 	0.021958338 	 291079.06 	-0.0044592749 	0.0050225242 	 4.1644629e-09 	-0.00077412041 	0.032062327 	 4.9579855e-10 	-0.0022033923 	-0.0018563278 	 0.0045589998 	-326.81009 	-335.17344 	 0.12603742 	-2.0597345e-06 	-1.1701241e-07 	 -0.137964 	-2.6668731e-06 	-1.5920592e-08 		0.05875 -2.0875465e-07 -2.0672964e-07 100000 1
0.06 37146.358 	0.2619269 	0.023514385 	 305374.34 	-0.0012795646 	0.0085802373 	 3.9837888e-09 	-0.00078610148 	0.032251041 	 4.8666495e-10 	-0.0022530315 	-0.0017149417 	 0.0042441378 	-337.21427 	-358.66592 	 0.12494473 	-1.8573717e-06 	-1.3233299e-07 	 -0.18573009 	-2.6419326e-06 	-5.1643655e-08 		0.06 -2.1116033e-07 -2.1000943e-07 100000 1
0.06125 37091.798 	0.24433567 	0.022453848 	 320609.77 	-0.0039505873 	0.0062445243 	 3.8091652e-09 	-0.00079872305 	0.032448708 	 4.7698659e-10 	-0.0022978559 	-0.0015607645 	 0.003983303 	-351.6572 	-383.21266 	 0.12331013 	-1.6924467e-06 	-1.2158671e-07 	 -0.24088856 	-2.559085e-06 	-2.8453296e-08 		0.06125 -2.1343849e-07 -2.1329146e-07 100000 1
0.0625 37062.771 	0.22759578 	0.022972878 	 336801.88 	0.0025695883 	0.0084117157 	 3.6231185e-09 	-0.00081738751 	0.032656351 	 4.6869095e-10 	-0.0023355977 	-0.0013945367 	 0.0037339318 	-370.47179 	-408.51604 	 0.12113323 	-1.5361634e-06 	-1.2673548e-07 	 -0.30359911 	-2.5688462e-06 	-5.0284903e-08 		0.0625 -2.1539582e-07 -2.1647696e-07 100000 1
0.06375 37016.295 	0.20508892 	0.024298724 	 353971.48 	-8.9446797e-05 	0.0075879373 	 3.43426e-09 	-0.00083551182 	0.032875701 	 4.5235348e-10 	-0.0023683472 	-0.001212006 	 0.0033903381 	-394.16228 	-434.68143 	 0.11843014 	-1.3223983e-06 	-1.4004664e-07 	 -0.37384498 	-2.4867815e-06 	-4.2240804e-08 		0.06375 -2.1721356e-07 -2.1963962e-07 100000 1
0.065 36947.498 	0.19295602 	0.022534966 	 372139.52 	0.0057700934 	0.0085649023 	 3.2648722e-09 	-0.00085711293 	0.033105794 	 4.488504e-10 	-0.002393111 	-0.0010135754 	 0.0032111299 	-423.2139 	-461.17528 	 0.11520018 	-1.2123949e-06 	-1.2253783e-07 	 -0.4517593 	-2.4904929e-06 	-5.2227983e-08 		0.065 -2.187714e-07 -2.22758e-07 100000 1
0.06625 36795.299 	0.16696384 	0.02555006 	 391375.47 	0.0034884789 	0.0092386858 	 3.0871304e-09 	-0.00087648339 	0.033351331 	 4.3482362e-10 	-0.0024130873 	-0.00079520253 	 0.0028052988 	-458.23963 	-488.38872 	 0.1114269 	-9.6404442e-07 	-1.5292503e-07 	 -0.53770995 	-2.4124373e-06 	-5.9180274e-08 		0.06625 -2.2013371e-07 -2.2580204e-07 100000 1
0.0675 36571.484 	0.15408348 	0.022712175 	 411695.55 	0.005985603 	0.0080695101 	 2.9408688e-09 	-0.00089563658 	0.03360945 	 4.3588379e-10 	-0.0024216284 	-0.00055658965 	 0.0026073845 	-500.30497 	-514.90081 	 0.10711059 	-8.4684167e-07 	-1.2486136e-07 	 -0.63178115 	-2.3825025e-06 	-4.7726773e-08 		0.0675 -2.2128706e-07 -2.2882762e-07 100000 1
0.06875 36268.471 	0.130675 	0.024871142 	 433089.8 	0.0063502734 	0.011262872 	 2.7830347e-09 	-0.00091690417 	0.033882252 	 4.3158985e-10 	-0.002413283 	-0.00029698132 	 0.0022380583 	-550.38662 	-539.2278 	 0.10225712 	-6.2450862e-07 	-1.4687226e-07 	 -0.73389895 	-2.3321706e-06 	-7.9937965e-08 		0.06875 -2.2218172e-07 -2.3174784e-07 100000 1
0.07 35874.937 	0.11370084 	0.022395581 	 455600.3 	0.0069543743 	0.011031523 	 2.6441671e-09 	-0.00093717588 	0.034169161 	 4.2956228e-10 	-0.0023812646 	-1.2434064e-05 	 0.00196604 	-610.21005 	-559.26657 	 0.096858117 	-4.6654678e-07 	-1.2262971e-07 	 -0.84426749 	-2.284851e-06 	-7.7841373e-08 		0.07 -2.2292072e-07 -2.3465769e-07 100000 1
0.07125 35400.873 	0.093444996 	0.023077377 	 479266.78 	0.0096043621 	0.012159172 	 2.5054616e-09 	-0.00096731446 	0.034470037 	 4.3439395e-10 	-0.0023085505 	0.00030145179 	 0.0016373703 	-682.68754 	-570.24609 	 0.090887583 	-2.7575616e-07 	-1.3006978e-07 	 -0.96326264 	-2.2585449e-06 	-8.9312309e-08 		0.07125 -2.2332404e-07 -2.3749078e-07 100000 1
0.0725 34785.823 	0.070086868 	0.019736774 	 504109.49 	0.0090487753 	0.0075005017 	 2.3879297e-09 	-0.00099937875 	0.034793328 	 4.4110802e-10 	-0.0021873892 	0.00066221421 	 0.0012398386 	-772.68767 	-568.49463 	 0.084364049 	-5.3995333e-08 	-9.7395683e-08 	 -1.0907946 	-2.2014432e-06 	-4.291208e-08 		0.0725 -2.2356953e-07 -2.4028764e-07 100000 1
0.07375 33995.091 	0.045727413 	0.015673605 	 530144.71 	0.00094856078 	-0.0043780645 	 2.3156285e-09 	-0.0010297949 	0.035136941 	 4.7236467e-10 	-0.0019849367 	0.0010835143 	 0.00080728662 	-884.95825 	-543.32542 	 0.077300313 	1.7771637e-07 	-5.7594692e-08 	 -1.2269246 	-2.0695224e-06 	7.5734012e-08 		0.07375 -2.234923e-07 -2.4293551e-07 100000 1
0.075 32773.234 	0.01082603 	0.009967125 	 554091.16 	-0.00538325 	0.0026745 	 2.2682e-09 	-0.0010585192 	0.035387162 	 4.84325e-10 	-0.0017607493 	0.0014498269 	 0.0001953758 	-981.53735 	-505.16702 	 0.07145136 	5.14475e-07 	-1.511e-09 	 -1.3386784 	-1.9555e-06 	5.04e-09 		0.075 -2.2303369e-07 -2.4543777e-07 100000 1
