# y jRe_x jRe_y jRe_z jIm_x jIm_y jIm_z BRe_x BRe_y BRe_z BIm_x BIm_y BIm_z F_x F_y F_z VReGrad_x VReGrad_y VReGrad_z VImGrad_x VImGrad_y VImGrad_z s VRe VIm sigma mur
-0.075 -1845602.9 	-376.75996 	43.536798 	 -4273910.9 	-210.83334 	112.9766 	 9.73115e-07 	0.0091154762 	0.038144487 	 4.305609e-07 	0.010950222 	0.0041801368 	 -8.4267381 	44132.459 	-31811.222 	 0.15703946 	2.36544e-05 	-2.1725488e-05 	 0.29881214 	-7.2403e-05 	-9.655645e-05 		-0.075 -1.4185171e-05 -5.2406025e-05 1200000 1
-0.07375 -1924685.9 	0.07049 	0.031676037 	 -4050965.3 	-0.52001372 	0.23725282 	 9.7646667e-09 	0.0091846024 	0.037901668 	 5.2206e-09 	0.011009934 	0.003774022 	 -0.0011354465 	44229.472 	-31119.174 	 0.15233506 	6.1045333e-06 	8.9553e-08 	 0.28239543 	-9.4994e-06 	7.3243333e-08 		-0.07375 2.7307035e-07 1.0116524e-06 1200000 1
-0.0725 -1919924.7 	0.2337925 	0.036338067 	 -3741475 	-0.438375 	-0.050359167 	 9.9963333e-09 	0.0094459004 	0.036171017 	 4.6430583e-09 	0.010753333 	0.00088780003 	 0.0041664667 	36847.813 	-29139.488 	 0.12625118 	6.0635333e-06 	8.124425e-08 	 0.17529318 	-9.8211083e-06 	3.1696e-07 		-0.0725 2.8056363e-07 1.0004334e-06 1200000 1
-0.07125 -1942386.4 	0.462125 	0.0564709 	 -3412393.5 	-0.45565 	-0.27908 	 1.1279e-08 	0.010387821 	0.034084291 	 4.825e-09 	0.011946047 	-0.0022651069 	 0.00956 	29348.825 	-30470.956 	 0.098275125 	5.9832e-06 	6.0262e-08 	 0.064271267 	-1.00883e-05 	5.1184e-07 		-0.07125 2.8816851e-07 9.8854581e-07 1200000 1
-0.07 -1905129.1 	0.64629167 	0.11786003 	 -3126274.6 	-0.085833333 	-0.073386667 	 1.1444667e-08 	0.010406342 	0.032238848 	 4.0767333e-09 	0.011247916 	-0.0045752674 	 0.00989 	23857.128 	-27510.807 	 0.073421778 	5.912e-06 	7.006e-09 	 -0.04065665 	-1.0668033e-05 	3.4373333e-07 		-0.07 2.9551598e-07 9.7509609e-07 1200000 1
-0.06875 -1885052.8 	0.855475 	0.16962735 	 -2843142 	0.19861667 	0.0242251 	 1.241325e-08 	0.010889583 	0.030404986 	 3.9391e-09 	0.011559249 	-0.0066545014 	 0.011094167 	19327.962 	-26737.04 	 0.049265496 	5.828425e-06 	-3.8808833e-08 	 -0.14210663 	-1.1190658e-05 	2.6559958e-07 		-0.06875 3.027709e-07 9.61493e-07 1200000 1
-0.0675 -1830103.7 	0.966525 	0.19021695 	 -2592619.9 	0.37845 	-0.1986507 	 1.277975e-08 	0.010799927 	0.028658575 	 3.3563e-09 	0.010903039 	-0.0083929105 	 0.0120275 	15529.142 	-24052.695 	 0.027574344 	5.814075e-06 	-6.01505e-08 	 -0.23795688 	-1.1626375e-05 	4.5470375e-07 		-0.0675 3.1011292e-07 9.4722299e-07 1200000 1
-0.06625 -1779876 	1.0729333 	0.1925684 	 -2353001.4 	0.2076 	-0.2248708 	 1.3639833e-08 	0.010854758 	0.026989237 	 3.0865333e-09 	0.010609313 	-0.0098917808 	 0.013807167 	12512.983 	-22216.004 	 0.0071537029 	5.80585e-06 	-6.4439167e-08 	 -0.3297743 	-1.1777717e-05 	4.7979967e-07 		-0.06625 3.1733536e-07 9.3245693e-07 1200000 1
-0.065 -1714260.3 	1.1366667 	0.16466387 	 -2134745.7 	-0.43666667 	-0.11046707 	 1.45865e-08 	0.010713868 	0.025425757 	 2.8758667e-09 	0.010032503 	-0.011147441 	 0.0167645 	10009.994 	-19938.852 	 -0.011461155 	5.8279833e-06 	-4.2001833e-08 	 -0.41687728 	-1.1543583e-05 	3.8792767e-07 		-0.065 3.2453563e-07 9.1704093e-07 1200000 1
-0.06375 -1643675.5 	1.21975 	0.16882445 	 -1934692.4 	-0.94385 	-0.22096475 	 1.52815e-08 	0.010439534 	0.023891721 	 2.34625e-09 	0.0093625019 	-0.012273609 	 0.0205135 	7875.2667 	-17718.905 	 -0.028436627 	5.82815e-06 	-4.800425e-08 	 -0.49943617 	-1.1421375e-05 	4.8343562e-07 		-0.06375 3.3187029e-07 9.0281222e-07 1200000 1
-0.0625 -1572812 	1.3252833 	0.19855198 	 -1744873.7 	-1.3966167 	-0.49360492 	 1.66195e-08 	0.010344075 	0.022568705 	 1.96775e-09 	0.0089988944 	-0.013107905 	 0.0253415 	6373.0468 	-16025.618 	 -0.044190633 	5.8098167e-06 	-7.786875e-08 	 -0.57838233 	-1.1363892e-05 	7.1363211e-07 		-0.0625 3.3921216e-07 8.8974648e-07 1200000 1
-0.06125 -1489451 	1.4313667 	0.18605683 	 -1580062.3 	-1.2057333 	-0.47877367 	 1.6873333e-08 	0.0097829126 	0.021128375 	 1.183e-09 	0.0080868715 	-0.013993152 	 0.024398833 	4778.3244 	-13766.386 	 -0.058055681 	5.776e-06 	-6.85875e-08 	 -0.65225773 	-1.1817783e-05 	7.0476498e-07 		-0.06125 3.4649237e-07 8.7502504e-07 1200000 1
-0.06 -1416209.3 	1.5489 	0.1578822 	 -1415786.2 	-0.7399 	-0.184997 	 1.8667e-08 	0.0096960782 	0.020079827 	 9.58e-10 	0.0078437185 	-0.014479378 	 0.0208365 	3997.5547 	-12455.441 	 -0.071192559 	5.7374e-06 	-4.57595e-08 	 -0.7236018 	-1.252925e-05 	4.6271135e-07 		-0.06 3.5350465e-07 8.6001759e-07 1200000 1
-0.05875 -1325868.2 	1.6326167 	0.16525211 	 -1281479.5 	-0.46283333 	-0.31832633 	 1.8222167e-08 	0.0089485284 	0.018695026 	 1.5833333e-10 	0.0068251077 	-0.015221258 	 0.018971 	2711.5359 	-10386.041 	 -0.082305161 	5.7161733e-06 	-5.2073e-08 	 -0.78951561 	-1.3044283e-05 	5.7696525e-07 		-0.05875 3.6081948e-07 8.4364624e-07 1200000 1
-0.0575 -1251748.2 	1.7209833 	0.18291693 	 -1141358.2 	-0.27648333 	-0.29229883 	 2.0115667e-08 	0.0088701321 	0.017895976 	 -7.6666667e-12 	0.0066811931 	-0.015448863 	 0.017685217 	2407.0149 	-9401.1122 	 -0.092948492 	5.7042683e-06 	-6.7317683e-08 	 -0.85358351 	-1.3526683e-05 	5.572695e-07 		-0.0575 3.6789729e-07 8.2728996e-07 1200000 1
-0.05625 -1159444.3 	1.8043 	0.1606646 	 -1031291.3 	-0.835 	-0.239829 	 1.9475e-08 	0.0080099685 	0.016586863 	 -7.81e-10 	0.0056696899 	-0.016061798 	 0.02180145 	1388.9049 	-7646.8955 	 -0.10181152 	5.68032e-06 	-4.61697e-08 	 -0.91271352 	-1.334395e-05 	5.16669e-07 		-0.05625 3.7510935e-07 8.097137e-07 1200000 1
-0.055 -1086049.6 	1.9119167 	0.14618137 	 -912247.77 	-1.5701167 	-0.0687465 	 2.1931333e-08 	0.0078809124 	0.016026753 	 -7.8566667e-10 	0.0055479755 	-0.016100933 	 0.027585583 	1375.8916 	-6846.4497 	 -0.1102663 	5.654345e-06 	-3.2439083e-08 	 -0.97025967 	-1.3069817e-05 	3.7591917e-07 		-0.055 3.8202392e-07 7.9259113e-07 1200000 1
-0.05375 -996960.48 	1.990225 	0.17525158 	 -820410.87 	-2.0191083 	-0.33879167 	 2.1446083e-08 	0.0071230648 	0.014902986 	 -1.82125e-09 	0.0047454698 	-0.016541143 	 0.031705133 	676.068 	-5559.5973 	 -0.11720985 	5.6306942e-06 	-5.7793683e-08 	 -1.0234328 	-1.2990967e-05 	6.036655e-07 		-0.05375 3.8923602e-07 7.7715494e-07 1200000 1
-0.0525 -922974.08 	2.0884 	0.2000852 	 -721032.76 	-2.378 	-0.473259 	 2.37565e-08 	0.0068977935 	0.014451107 	 -2.112e-09 	0.0045724438 	-0.016515467 	 0.035139225 	726.59542 	-4867.2744 	 -0.12378291 	5.605925e-06 	-8.02917e-08 	 -1.0753203 	-1.303315e-05 	7.173605e-07 		-0.0525 3.9617239e-07 7.618657e-07 1200000 1
-0.05125 -837561.49 	2.1343 	0.17224337 	 -644924.76 	-1.8838667 	-0.313139 	 2.3457167e-08 	0.0061642217 	0.013517116 	 -3.1013333e-09 	0.003900076 	-0.016813827 	 0.030382825 	261.21146 	-3898.4342 	 -0.12911149 	5.5994017e-06 	-5.52757e-08 	 -1.123373 	-1.373675e-05 	5.8654683e-07 		-0.05125 4.0320358e-07 7.4454663e-07 1200000 1
-0.05 -762820.36 	2.198625 	0.15941551 	 -564348.88 	-1.4900667 	-0.147253 	 2.5200083e-08 	0.0057779336 	0.013081053 	 -3.54325e-09 	0.0036200758 	-0.016799769 	 0.026704175 	263.94092 	-3269.6524 	 -0.13405153 	5.5914392e-06 	-4.36649e-08 	 -1.1701707 	-1.4388708e-05 	4.5001317e-07 		-0.05 4.1009449e-07 7.2714629e-07 1200000 1
-0.04875 -682802.96 	2.260175 	0.17853052 	 -498709.16 	-1.253 	-0.286581 	 2.526825e-08 	0.0051917709 	0.012391512 	 -4.12275e-09 	0.0031442859 	-0.016952713 	 0.024624975 	14.707597 	-2606.3876 	 -0.13814862 	5.5795175e-06 	-5.87423e-08 	 -1.2142445 	-1.4883025e-05 	5.679615e-07 		-0.04875 4.1720274e-07 7.0866569e-07 1200000 1
-0.0475 -608686.15 	2.3379833 	0.17859545 	 -433100.86 	-1.42045 	-0.23934533 	 2.6385667e-08 	0.0047183434 	0.011953773 	 -4.56e-09 	0.0028219019 	-0.016962222 	 0.025979283 	-19.391626 	-2098.7138 	 -0.14181888 	5.5603033e-06 	-5.6894133e-08 	 -1.2569029 	-1.5052917e-05 	5.3016633e-07 		-0.0475 4.2415667e-07 6.898023e-07 1200000 1
-0.04625 -533203.58 	2.4329167 	0.15498153 	 -376577.95 	-2.1481833 	-0.09182 	 2.7364333e-08 	0.0041642276 	0.011508307 	 -4.9973333e-09 	0.0024513845 	-0.016995191 	 0.032066483 	-125.07795 	-1620.0654 	 -0.14494629 	5.5262767e-06 	-3.3577067e-08 	 -1.2977454 	-1.4752917e-05 	4.0893167e-07 		-0.04625 4.31034e-07 6.702823e-07 1200000 1
-0.045 -460375.22 	2.5122 	0.16727518 	 -322610.67 	-2.707125 	-0.1705605 	 2.786925e-08 	0.003629046 	0.011043563 	 -5.6415e-09 	0.0021013516 	-0.017047992 	 0.036847915 	-194.66548 	-1225.9982 	 -0.14770555 	5.505835e-06 	-4.261675e-08 	 -1.3371971 	-1.4588575e-05 	4.762355e-07 		-0.045 4.3795542e-07 6.5209628e-07 1200000 1
-0.04375 -388713.83 	2.5888 	0.2058118 	 -273241.75 	-3.201475 	-0.41551017 	 2.945375e-08 	0.0031679864 	0.01083988 	 -6.1215e-09 	0.0018425728 	-0.016979924 	 0.041296035 	-209.80334 	-910.43964 	 -0.1501332 	5.4918217e-06 	-7.6010917e-08 	 -1.3755904 	-1.4504792e-05 	6.815825e-07 		-0.04375 4.448047e-07 6.3512419e-07 1200000 1
-0.0425 -317469.53 	2.6252833 	0.20001094 	 -227817.13 	-2.9906333 	-0.4007565 	 2.9218167e-08 	0.0025963582 	0.010340807 	 -7.0241667e-09 	0.0014865664 	-0.01707969 	 0.039257682 	-293.59969 	-636.30263 	 -0.15233804 	5.4974917e-06 	-6.9682667e-08 	 -1.4127571 	-1.4964483e-05 	6.7118952e-07 		-0.0425 4.5173148e-07 6.1651238e-07 1200000 1
-0.04125 -248547.6 	2.65215 	0.16854079 	 -184647.01 	-2.5107 	-0.1201685 	 3.17545e-08 	0.002110552 	0.010370189 	 -7.5815e-09 	0.0012657505 	-0.01692944 	 0.03495905 	-271.84865 	-419.69413 	 -0.15432964 	5.513525e-06 	-4.151e-08 	 -1.4494218 	-1.569515e-05 	4.3856055e-07 		-0.04125 4.5843778e-07 5.9752388e-07 1200000 1
-0.04 -178897.8 	2.6957583 	0.18078428 	 -144704.45 	-2.2185833 	-0.25558467 	 3.05745e-08 	0.0015664127 	0.0098213342 	 -8.3165833e-09 	0.00092929161 	-0.017086745 	 0.032270942 	-351.74842 	-258.8626 	 -0.15633854 	5.5128042e-06 	-5.0103167e-08 	 -1.4852149 	-1.6198608e-05 	5.5314409e-07 		-0.04 4.6551207e-07 5.7722036e-07 1200000 1
-0.03875 -111895.6 	2.7495833 	0.19340621 	 -105767.83 	-2.07065 	-0.23966067 	 3.347e-08 	0.0011017816 	0.010017496 	 -8.5923333e-09 	0.00073691456 	-0.016894613 	 0.031256567 	-331.59192 	-141.7241 	 -0.1581907 	5.51426e-06 	-5.9152333e-08 	 -1.5208722 	-1.66523e-05 	5.4045987e-07 		-0.03875 4.7234625e-07 5.5684969e-07 1200000 1
-0.0375 -43461.731 	2.8272 	0.17541694 	 -69145.914 	-2.60815 	-0.1929775 	 3.1909e-08 	0.00057434307 	0.0094872045 	 -9.325e-09 	0.00042989044 	-0.01707534 	 0.0357853 	-382.5595 	-80.923478 	 -0.16033522 	5.49e-06 	-4.02375e-08 	 -1.5561913 	-1.64511e-05 	5.034508e-07 		-0.0375 4.7933141e-07 5.3545518e-07 1200000 1
-0.03625 22649.676 	2.9260167 	0.1551687 	 -33188.362 	-3.3667167 	-0.039360333 	 3.5488333e-08 	4.0033744e-05 	0.0098378152 	 -9.463e-09 	0.00021833454 	-0.016850872 	 0.042763867 	-390.75218 	-44.343415 	 -0.16235492 	5.46519e-06 	-2.0142333e-08 	 -1.5916192 	-1.6153367e-05 	3.7601463e-07 		-0.03625 4.8600286e-07 5.1445709e-07 1200000 1
-0.035 90159.384 	2.9970833 	0.19250774 	 2217.7512 	-3.76535 	-0.30416642 	 3.4083833e-08 	-0.00041098426 	0.0094619977 	 -1.02525e-08 	-3.3058336e-05 	-0.01699593 	 0.046317692 	-410.15461 	-68.521321 	 -0.16492258 	5.4599833e-06 	-5.115775e-08 	 -1.6272799 	-1.6080392e-05 	5.9825612e-07 		-0.035 4.9297908e-07 4.951991e-07 1200000 1
-0.03375 156418.21 	3.0813 	0.21536067 	 37322.289 	-4.10665 	-0.4441785 	 3.71775e-08 	-0.0009510857 	0.0098272617 	 -1.0373e-08 	-0.00026432153 	-0.016802205 	 0.0497529 	-455.94028 	-120.02842 	 -0.16746499 	5.45727e-06 	-7.063e-08 	 -1.6632562 	-1.612695e-05 	7.154276e-07 		-0.03375 4.9968156e-07 4.7603612e-07 1200000 1
-0.0325 224043.88 	3.0997667 	0.18718078 	 72697.819 	-3.54625 	-0.2912915 	 3.62715e-08 	-0.0014137995 	0.0096123307 	 -1.1231333e-08 	-0.00050460403 	-0.016909665 	 0.045124233 	-468.05866 	-228.38664 	 -0.17077013 	5.48148e-06 	-4.4394333e-08 	 -1.7000122 	-1.6846217e-05 	5.8967373e-07 		-0.0325 5.0657832e-07 4.5481096e-07 1200000 1
-0.03125 291196.23 	3.1397833 	0.16815655 	 108739.2 	-3.122275 	-0.13228892 	 3.863475e-08 	-0.0019697727 	0.0099196377 	 -1.1542e-08 	-0.00076092161 	-0.016781887 	 0.041964667 	-532.70658 	-370.51462 	 -0.17424841 	5.5015183e-06 	-2.6567917e-08 	 -1.7373871 	-1.7501383e-05 	4.5789107e-07 		-0.03125 5.133364e-07 4.3348874e-07 1200000 1
-0.03 359614.81 	3.19515 	0.18651101 	 146025.58 	-2.864625 	-0.25760675 	 3.863425e-08 	-0.0024059213 	0.0099276458 	 -1.1969e-08 	-0.00099032391 	-0.016819219 	 0.0401584 	-564.94396 	-552.9677 	 -0.17853362 	5.506795e-06 	-4.002575e-08 	 -1.7759187 	-1.797535e-05 	5.6323e-07 		-0.03 5.2035023e-07 4.1112311e-07 1200000 1
-0.02875 427911.11 	3.2727667 	0.18272882 	 185762.96 	-3.01015 	-0.21290783 	 4.0099167e-08 	-0.0029151102 	0.010188677 	 -1.2200667e-08 	-0.0012487765 	-0.016749717 	 0.042089533 	-627.1582 	-785.1288 	 -0.18332805 	5.5026167e-06 	-3.4138333e-08 	 -1.8155327 	-1.8129433e-05 	5.266377e-07 		-0.02875 5.272238e-07 3.8840483e-07 1200000 1
-0.0275 498275 	3.3815667 	0.15588842 	 225642.05 	-3.70295 	-0.082953167 	 4.1139167e-08 	-0.0034366864 	0.010422995 	 -1.2374e-08 	-0.0015267338 	-0.016708051 	 0.048818333 	-721.18079 	-1075.7907 	 -0.18887931 	5.4784567e-06 	-7.5676667e-09 	 -1.8564899 	-1.78169e-05 	4.1920757e-07 		-0.0275 5.3404514e-07 3.6509817e-07 1200000 1
-0.02625 567856.11 	3.4848 	0.16709927 	 271735.46 	-4.2102 	-0.17175875 	 4.1466e-08 	-0.0038770474 	0.010640767 	 -1.263025e-08 	-0.0017736392 	-0.016695684 	 0.053957282 	-758.69443 	-1386.6444 	 -0.19537966 	5.470715e-06 	-1.51845e-08 	 -1.8991612 	-1.7648925e-05 	4.9401553e-07 		-0.02625 5.4091289e-07 3.4308447e-07 1200000 1
-0.025 641077.4 	3.5975667 	0.20504565 	 315707.75 	-4.6582333 	-0.42390758 	 4.3287667e-08 	-0.0044332214 	0.011100764 	 -1.253275e-08 	-0.0020986619 	-0.016564521 	 0.058635894 	-952.21925 	-1793.9776 	 -0.20250021 	5.471905e-06 	-4.76385e-08 	 -1.9432275 	-1.7562175e-05 	7.0449261e-07 		-0.025 5.4771201e-07 3.2227631e-07 1200000 1
-0.02375 711891.88 	3.6631167 	0.1982921 	 370940 	-4.3468167 	-0.42232 	 4.2572667e-08 	-0.0047790134 	0.011295945 	 -1.29045e-08 	-0.0023236558 	-0.016596772 	 0.056976983 	-955.37458 	-2181.0839 	 -0.21111068 	5.4916733e-06 	-4.0180167e-08 	 -1.9897571 	-1.8048833e-05 	7.0420306e-07 		-0.02375 5.5463012e-07 2.9980762e-07 1200000 1
-0.0225 788967.83 	3.72185 	0.16273008 	 419888.68 	-3.77905 	-0.160292 	 4.5774e-08 	-0.0054779185 	0.01197877 	 -1.26815e-08 	-0.002762544 	-0.016360936 	 0.0535091 	-1296.6214 	-2776.4708 	 -0.22010383 	5.52259e-06 	-8.3985e-09 	 -2.0375658 	-1.88119e-05 	4.8624718e-07 		-0.0225 5.6135219e-07 2.7699755e-07 1200000 1
-0.02125 860549.17 	3.8030667 	0.17620563 	 487401.83 	-3.3518167 	-0.2950595 	 4.40815e-08 	-0.0056634545 	0.012164233 	 -1.2990667e-08 	-0.0029238093 	-0.016431664 	 0.050985842 	-1248.7182 	-3197.3708 	 -0.23124802 	5.5282092e-06 	-1.7477417e-08 	 -2.0887439 	-1.9362758e-05 	5.9938676e-07 		-0.02125 5.6843992e-07 2.5271739e-07 1200000 1
-0.02 941004.76 	3.9042 	0.18886853 	 545490.95 	-3.0982667 	-0.27305517 	 4.8132e-08 	-0.0063957691 	0.013013667 	 -1.24345e-08 	-0.0034410294 	-0.016103254 	 0.05050122 	-1740.3444 	-3982.7743 	 -0.24263521 	5.53598e-06 	-2.6113e-08 	 -2.1412492 	-1.98638e-05 	5.8079811e-07 		-0.02 5.7529809e-07 2.2839781e-07 1200000 1
-0.01875 1013726.8 	3.99485 	0.1743727 	 625863.87 	-3.4864 	-0.2304525 	 4.5794e-08 	-0.0064811651 	0.013278153 	 -1.25685e-08 	-0.0035715625 	-0.016153766 	 0.05504178 	-1708.4195 	-4458.0305 	 -0.25655116 	5.54395e-06 	-9.468e-09 	 -2.1975197 	-1.970935e-05 	5.462722e-07 		-0.01875 5.8231139e-07 2.0294869e-07 1200000 1
-0.0175 1097737.5 	4.1193 	0.1550578 	 694881.56 	-4.1452 	-0.082208167 	 5.0535667e-08 	-0.0073201138 	0.014289124 	 -1.1564167e-08 	-0.0042232022 	-0.015712139 	 0.062408127 	-2396.7714 	-5519.0168 	 -0.27070873 	5.5511e-06 	1.0208333e-08 	 -2.2553936 	-1.9444467e-05 	4.2244903e-07 		-0.0175 5.8903632e-07 1.7793129e-07 1200000 1
-0.01625 1172701.2 	4.249875 	0.19054492 	 788594.76 	-4.4203333 	-0.370336 	 4.8442417e-08 	-0.007367415 	0.014761889 	 -1.15805e-08 	-0.0043624012 	-0.015642739 	 0.065989502 	-2529.4365 	-6093.9169 	 -0.28772437 	5.5587667e-06 	-1.86985e-08 	 -2.3174725 	-1.9392175e-05 	6.631333e-07 		-0.01625 5.9618548e-07 1.5440463e-07 1200000 1
-0.015 1257608.6 	4.4163 	0.2131248 	 873802.24 	-4.67925 	-0.5400405 	 5.2472e-08 	-0.0081104837 	0.015825593 	 -1.03435e-08 	-0.0050283769 	-0.015135133 	 0.0700468 	-3355.243 	-7329.5552 	 -0.30513511 	5.55625e-06 	-3.78145e-08 	 -2.3813313 	-1.944725e-05 	8.040615e-07 		-0.015 6.0305481e-07 1.3108802e-07 1200000 1
-0.01375 1334280.6 	4.5662667 	0.1879886 	 983145.99 	-3.9010167 	-0.42027783 	 5.1156e-08 	-0.0081723784 	0.016519303 	 -1.0010167e-08 	-0.0052326978 	-0.014899023 	 0.066881867 	-3753.5552 	-8083.0164 	 -0.32565212 	5.53675e-06 	-1.3209833e-08 	 -2.4497986 	-2.0260683e-05 	7.047845e-07 		-0.01375 6.1003388e-07 1.0579537e-07 1200000 1
-0.0125 1417559.8 	4.7289917 	0.17612507 	 1089656.6 	-3.2773583 	-0.27236758 	 5.426825e-08 	-0.0087392085 	0.017611335 	 -8.7085833e-09 	-0.0058458821 	-0.014328295 	 0.065301667 	-4709.6033 	-9410.7277 	 -0.34701784 	5.5235083e-06 	-7.4456667e-10 	 -2.5205707 	-2.1009483e-05 	5.8110175e-07 		-0.0125 6.16844e-07 8.0317213e-08 1200000 1
-0.01125 1495184 	4.865475 	0.20690832 	 1215520.3 	-2.769575 	-0.33390575 	 5.440175e-08 	-0.0088379207 	0.018560076 	 -7.95975e-09 	-0.0061254902 	-0.013853066 	 0.0645495 	-5519.7362 	-10381.943 	 -0.37117578 	5.526925e-06 	-2.25377e-08 	 -2.5956479 	-2.160455e-05 	6.3203625e-07 		-0.01125 6.2383762e-07 5.325582e-08 1200000 1
-0.01 1573548.1 	4.97275 	0.21233975 	 1347327.1 	-2.7126667 	-0.243437 	 5.63945e-08 	-0.0091344045 	0.019721519 	 -6.5978333e-09 	-0.0065992687 	-0.013156296 	 0.0670745 	-6716.1439 	-11664.717 	 -0.39698331 	5.5613e-06 	-2.2803467e-08 	 -2.6738727 	-2.1839417e-05 	5.56066e-07 		-0.01 6.3072809e-07 2.5921168e-08 1200000 1
-0.00875 1650723.1 	5.0354167 	0.18798775 	 1491895.2 	-3.2412 	-0.078109 	 5.7725167e-08 	-0.0093072031 	0.020903995 	 -5.0831667e-09 	-0.0070247097 	-0.012388715 	 0.073277167 	-8084.6933 	-12968.031 	 -0.42512712 	5.6373e-06 	3.6232e-09 	 -2.755981 	-2.1565817e-05 	4.17962e-07 		-0.00875 6.3761342e-07 -2.025499e-09 1200000 1
-0.0075 1719666.1 	5.15135 	0.1824941 	 1652853 	-3.526575 	-0.0522155 	 5.823275e-08 	-0.0092859227 	0.02218061 	 -3.8365e-09 	-0.0072719687 	-0.011481823 	 0.07819855 	-9681.7293 	-14017.335 	 -0.45584626 	5.675725e-06 	1.183275e-08 	 -2.8420831 	-2.1474325e-05 	3.961145e-07 		-0.0075 6.4475026e-07 -2.8697445e-08 1200000 1
-0.00625 1793255.8 	5.3128833 	0.18491123 	 1819225 	-3.694825 	-0.10864917 	 6.0750583e-08 	-0.0094628737 	0.023559816 	 -2.0271667e-09 	-0.007756703 	-0.010374776 	 0.082249283 	-11757.242 	-15568.375 	 -0.48827756 	5.7022083e-06 	1.1786917e-08 	 -2.9316985 	-2.1514708e-05 	4.4274617e-07 		-0.00625 6.5199292e-07 -5.4387463e-08 1200000 1
-0.005 1846750.5 	5.5265 	0.14214503 	 2013147.3 	-3.1085667 	-0.17162 	 5.9946667e-08 	-0.0090231012 	0.025006888 	 -8.5433333e-10 	-0.0076313818 	-0.0091234692 	 0.0841453 	-14065.745 	-16023.423 	 -0.52433555 	5.6447667e-06 	4.96855e-08 	 -3.025945 	-2.209485e-05 	4.9498e-07 		-0.005 6.5911521e-07 -8.1786202e-08 1200000 1
-0.00375 1912448.7 	5.7665 	0.0539003 	 2204398.3 	-2.3395 	-0.04922 	 6.3982e-08 	-0.0091566278 	0.026541027 	 1.71e-09 	-0.0081695879 	-0.007609634 	 0.0856817 	-17049.311 	-17766.847 	 -0.56113724 	5.5828e-06 	1.257005e-07 	 -3.1233654 	-2.289375e-05 	3.927e-07 		-0.00375 6.6603795e-07 -1.0984266e-07 1200000 1
-0.0025 1942427.8 	5.8508183 	0.07933175 	 2434418.5 	-1.9431667 	-0.27499833 	 6.1730667e-08 	-0.0082109585 	0.028308601 	 2.8996667e-09 	-0.0074912364 	-0.0056931712 	 0.088075483 	-20806.176 	-17070.445 	 -0.60265477 	5.6047167e-06 	1.0760708e-07 	 -3.2257052 	-2.325205e-05 	5.79635e-07 		-0.0025 6.7302961e-07 -1.3918149e-07 1200000 1
-0.00125 1928056.7 	5.92951 	0.0823019 	 2558698.7 	-1.9801833 	-0.22609217 	 6.60335e-08 	-0.0080362934 	0.029893922 	 5.3496667e-09 	-0.0077034105 	-0.0037103278 	 0.091721283 	-23999.355 	-17737.059 	 -0.64056166 	3.8863667e-06 	1.0533333e-07 	 -3.322619 	-2.2644267e-05 	5.42595e-07 		-0.00125 6.7781771e-07 -1.676966e-07 1163333.3 1
5.2475385e-17 1068412.9 	5.850525 	0.0606626 	 1457543.3 	-2.03645 	-0.2268345 	 6.2454e-08 	-0.0065912319 	0.030927311 	 5.8945e-09 	-0.0063229239 	-0.0025192976 	 0.09238915 	-13790.638 	-9079.5302 	 -0.64291877 	-2.078335e-05 	6.422e-08 	 -3.3056968 	-1.25082e-05 	6.5206e-07 		5.2475385e-17 6.5546503e-07 -1.8514601e-07 650000 1
0.00125 215187.68 	5.7932533 	0.0157676 	 318935.88 	-2.3136833 	-0.0254035 	 6.67065e-08 	-0.0059082491 	0.031351783 	 7.5626667e-09 	-0.005819076 	-0.0017822956 	 0.092836417 	-2979.3188 	-1711.5829 	 -0.63145524 	-4.5380967e-05 	6.4350333e-08 	 -3.2570112 	-2.3423667e-06 	5.24115e-07 		0.00125 6.2483666e-07 -1.9877418e-07 136666.67 1
0.0025 147942 	5.6973017 	0.02313175 	 229268.32 	-2.289025 	-0.035286917 	 6.3012667e-08 	-0.0049597262 	0.031254168 	 7.1655833e-09 	-0.0049285483 	-0.0019527078 	 0.091270933 	-2090.6808 	-939.88475 	 -0.58437919 	-4.6157942e-05 	-3.0402167e-08 	 -3.0946427 	-2.1319167e-06 	6.9764583e-07 		0.0025 5.6926195e-07 -2.0171847e-07 100000 1
0.00375 140013.74 	5.611735 	0.0256297 	 221956.02 	-2.23265 	-0.042921 	 6.5886e-08 	-0.0044825959 	0.030827468 	 7.9095e-09 	-0.00457288 	-0.0023367674 	 0.0891028 	-1899.2422 	-826.25597 	 -0.5337408 	-4.522365e-05 	-4.98615e-08 	 -2.9269387 	-2.7495e-06 	7.7196e-07 		0.00375 5.118036e-07 -2.0383047e-07 100000 1
0.005 132203.12 	5.5280583 	0.0426973 	 215327.97 	-2.13175 	-0.040355333 	 6.2183e-08 	-0.0038333363 	0.030720546 	 7.0258333e-09 	-0.0039749051 	-0.0024566284 	 0.0875579 	-1767.5866 	-687.5697 	 -0.48767808 	-4.436245e-05 	-2.1595183e-07 	 -2.7646225 	-3.6595e-06 	7.4342e-07 		0.005 4.5624507e-07 -2.0869776e-07 100000 1
0.00625 125112.9 	5.4523717 	0.046674193 	 208434.39 	-2.0446667 	-0.035313442 	 6.3324e-08 	-0.0034666821 	0.030470477 	 7.3091667e-09 	-0.0036869917 	-0.0026534961 	 0.08581915 	-1630.0327 	-605.80813 	 -0.44240794 	-4.356795e-05 	-2.5213017e-07 	 -2.6057533 	-4.5036667e-06 	6.9020791e-07 		0.00625 4.0093924e-07 -2.135665e-07 100000 1
0.0075 118275.64 	5.367505 	0.05687828 	 202055.19 	-1.9603 	-0.041626925 	 6.1108e-08 	-0.0030747073 	0.030351701 	 6.7855e-09 	-0.0033310111 	-0.0027531291 	 0.08418595 	-1517.6368 	-523.09118 	 -0.40063975 	-4.270885e-05 	-3.511875e-07 	 -2.4521871 	-5.239e-06 	7.5021982e-07 		0.0075 3.4727836e-07 -2.19736e-07 100000 1
0.00875 111987.42 	5.2845 	0.058616503 	 195687.72 	-1.9048833 	-0.037220317 	 6.09735e-08 	-0.0027993011 	0.030201456 	 6.8723333e-09 	-0.0031003013 	-0.0028624052 	 0.082557567 	-1411.3656 	-464.49745 	 -0.36058256 	-4.18652e-05 	-3.6613417e-07 	 -2.3027019 	-5.7135e-06 	7.0311803e-07 		0.00875 2.9427649e-07 -2.2661689e-07 100000 1
0.01 105990.45 	5.1974067 	0.05925709 	 189711.89 	-1.88355 	-0.03042165 	 6.0112167e-08 	-0.0025311603 	0.030098337 	 6.8376667e-09 	-0.0028666368 	-0.0029350575 	 0.081021567 	-1317.0375 	-410.04471 	 -0.32303607 	-4.09908e-05 	-3.7050217e-07 	 -2.1579561 	-5.8201667e-06 	6.3196577e-07 		0.01 2.4246049e-07 -2.3472356e-07 100000 1
0.01125 100416.24 	5.11599 	0.0651254 	 183973.75 	-1.854925 	-0.03655005 	 5.86435e-08 	-0.0022962723 	0.030008284 	 6.54825e-09 	-0.0026533599 	-0.0030019573 	 0.079586675 	-1230.8454 	-363.234 	 -0.28776369 	-4.017245e-05 	-4.27524e-07 	 -2.0180697 	-5.98925e-06 	6.902955e-07 		0.01125 1.9193071e-07 -2.4204895e-07 100000 1
0.0125 95166.025 	5.0404867 	0.061992113 	 178487.08 	-1.8274417 	-0.048731283 	 5.91745e-08 	-0.0021357877 	0.029926397 	 6.84575e-09 	-0.0025283322 	-0.0030477994 	 0.078235658 	-1152.1748 	-330.60311 	 -0.25416458 	-3.9398683e-05 	-3.9477367e-07 	 -1.8820564 	-6.1740833e-06 	8.0927917e-07 		0.0125 1.4202231e-07 -2.4848264e-07 100000 1
0.01375 90230.619 	4.9641683 	0.07169725 	 173447.93 	-1.7594 	-0.052990033 	 5.6465833e-08 	-0.0019300462 	0.029866905 	 6.2845e-09 	-0.0023219436 	-0.0031010407 	 0.076894067 	-1078.7178 	-291.97332 	 -0.22323504 	-3.8650233e-05 	-4.9075083e-07 	 -1.751833 	-6.6913333e-06 	8.4895783e-07 		0.01375 9.3656097e-08 -2.5695351e-07 100000 1
0.015 85637.341 	4.891015 	0.05662965 	 168535.14 	-1.682 	-0.0398368 	 5.84065e-08 	-0.0018218816 	0.029811148 	 7.2985e-09 	-0.0022574202 	-0.0031185408 	 0.0755573 	-1013.7472 	-271.17111 	 -0.19326831 	-3.79155e-05 	-3.390765e-07 	 -1.6245101 	-7.364e-06 	7.145355e-07 		0.015 4.5094184e-08 -2.6563579e-07 100000 1
0.01625 81274.412 	4.8087775 	0.0746865 	 164244.9 	-1.61175 	-0.045425658 	 5.4456e-08 	-0.0016402023 	0.029770071 	 6.3309167e-09 	-0.002055265 	-0.0031700602 	 0.074167 	-949.62022 	-238.5015 	 -0.16624487 	-3.7132492e-05 	-5.1903e-07 	 -1.5039173 	-7.85425e-06 	7.6739433e-07 		0.01625 -1.0513417e-09 -2.7557244e-07 100000 1
0.0175 77287.635 	4.72842 	0.059045048 	 159999.99 	-1.5523833 	-0.037220833 	 5.70437e-08 	-0.0015773384 	0.029738614 	 7.5535e-09 	-0.0020403116 	-0.0031665691 	 0.07278135 	-895.91842 	-226.85303 	 -0.13980036 	-3.633705e-05 	-3.6192233e-07 	 -1.3856685 	-8.3349167e-06 	6.8234e-07 		0.0175 -4.7687694e-08 -2.851043e-07 100000 1
0.01875 73420.886 	4.64407 	0.07852548 	 156452.32 	-1.52365 	-0.037161 	 5.24194e-08 	-0.0014198937 	0.029705834 	 6.378e-09 	-0.001849155 	-0.0032200463 	 0.07146175 	-838.69033 	-199.55213 	 -0.11606456 	-3.55465e-05 	-5.564125e-07 	 -1.2741034 	-8.3755e-06 	6.78726e-07 		0.01875 -9.17876e-08 -2.9645069e-07 100000 1
0.02 69970.865 	4.56392 	0.056401672 	 152928.6 	-1.50775 	-0.023808267 	 5.5422933e-08 	-0.0013758377 	0.029698931 	 7.7951667e-09 	-0.0018602465 	-0.0031960087 	 0.070204683 	-794.66449 	-192.8024 	 -0.092801698 	-3.4758517e-05 	-3.34646e-07 	 -1.1648192 	-8.40775e-06 	5.4223033e-07 		0.02 -1.3657643e-07 -3.0719279e-07 100000 1
0.02125 66602.569 	4.4806533 	0.076229007 	 150122.57 	-1.4805917 	-0.034321567 	 5.1374425e-08 	-0.0012592047 	0.029678177 	 6.5619167e-09 	-0.0017141002 	-0.0032392362 	 0.068921567 	-745.22623 	-173.03403 	 -0.07198251 	-3.3970492e-05 	-5.3282083e-07 	 -1.0621569 	-8.4450417e-06 	6.4455475e-07 		0.02125 -1.7877993e-07 -3.1727809e-07 100000 1
0.0225 63587.747 	4.400155 	0.060154425 	 147375.22 	-1.4544 	-0.0323286 	 5.354955e-08 	-0.0012223772 	0.029686364 	 7.529e-09 	-0.0017266266 	-0.0032119404 	 0.0676753 	-707.15888 	-168.32187 	 -0.051618249 	-3.317955e-05 	-3.71732e-07 	 -0.96166132 	-8.5679e-06 	6.217975e-07 		0.0225 -2.2149578e-07 -3.2712624e-07 100000 1
0.02375 60668.463 	4.3123417 	0.072379292 	 145340.14 	-1.3848333 	-0.032184367 	 5.027005e-08 	-0.0011322576 	0.029677855 	 6.766e-09 	-0.0016117825 	-0.003244413 	 0.066272033 	-664.47209 	-153.6886 	 -0.033426885 	-3.236245e-05 	-4.94198e-07 	 -0.86775214 	-9.0071e-06 	6.1742317e-07 		0.02375 -2.6186822e-07 -3.3878156e-07 100000 1
0.025 58038.828 	4.2258192 	0.060457774 	 143456.17 	-1.32625 	-0.025581583 	 5.1261833e-08 	-0.001090829 	0.029695776 	 7.5119167e-09 	-0.0016045978 	-0.003223329 	 0.064909292 	-630.55066 	-148.82011 	 -0.015822642 	-3.1537683e-05 	-3.750215e-07 	 -0.77642664 	-9.40405e-06 	5.4840283e-07 		0.025 -3.0229032e-07 -3.5021611e-07 100000 1
0.02625 55532.346 	4.1357375 	0.068652803 	 142154.55 	-1.27165 	-0.03138905 	 4.92821e-08 	-0.0010300019 	0.029703622 	 7.16875e-09 	-0.0015362388 	-0.0032369071 	 0.063500375 	-594.66925 	-139.79392 	 0.00016178768 	-3.070225e-05 	-4.573485e-07 	 -0.69062691 	-9.69245e-06 	6.034065e-07 		0.02625 -3.4083432e-07 -3.6212604e-07 100000 1
0.0275 53249.109 	4.0469883 	0.064787055 	 141151.84 	-1.2342167 	-0.03089385 	 4.9057867e-08 	-0.00099026329 	0.029726296 	 7.4846667e-09 	-0.0015148292 	-0.0032255864 	 0.06215355 	-563.78685 	-135.20136 	 0.015302355 	-2.9874e-05 	-4.1900583e-07 	 -0.60835208 	-9.8374667e-06 	5.9536967e-07 		0.0275 -3.7883764e-07 -3.7434697e-07 100000 1
0.02875 51117.82 	3.9588283 	0.063084602 	 140613.75 	-1.21315 	-0.029544783 	 4.8145333e-08 	-0.00094785705 	0.029751954 	 7.5886667e-09 	-0.0014831466 	-0.0032187377 	 0.060857283 	-534.10685 	-130.33132 	 0.029281973 	-2.9060667e-05 	-4.0239783e-07 	 -0.53057619 	-9.7996e-06 	5.78775e-07 		0.02875 -4.156766e-07 -3.8716564e-07 100000 1
0.03 49144.362 	3.86884 	0.067214635 	 140514.66 	-1.17665 	-0.0286689 	 4.66687e-08 	-0.00090953697 	0.029777942 	 7.35825e-09 	-0.0014453785 	-0.0032182888 	 0.0595164 	-505.58332 	-125.66399 	 0.042218701 	-2.8228265e-05 	-4.4409775e-07 	 -0.45728462 	-9.91105e-06 	5.670355e-07 		0.03 -4.5134238e-07 -3.9935347e-07 100000 1
0.03125 47357.54 	3.7782833 	0.061766552 	 140770.23 	-1.12455 	-0.0245226 	 4.67435e-08 	-0.00088225546 	0.029822045 	 7.6354167e-09 	-0.0014519361 	-0.0031905215 	 0.058156533 	-481.56913 	-124.76443 	 0.054380104 	-2.7378692e-05 	-3.8986258e-07 	 -0.38748471 	-1.0202883e-05 	5.225905e-07 		0.03125 -4.8645369e-07 -4.1090981e-07 100000 1
0.0325 45660.827 	3.684595 	0.071256662 	 141600.69 	-1.0816167 	-0.012648633 	 4.4134417e-08 	-0.00084887702 	0.029848903 	 6.9558333e-09 	-0.0013988205 	-0.0032020202 	 0.056759517 	-454.73651 	-120.04691 	 0.065341395 	-2.6523607e-05 	-4.85282e-07 	 -0.32316582 	-1.0346167e-05 	4.0090783e-07 		0.0325 -5.1968464e-07 -4.242247e-07 100000 1
0.03375 44190.905 	3.591065 	0.052768305 	 142683.47 	-1.03925 	0.0123467 	 4.518505e-08 	-0.00083043029 	0.02991298 	 7.7325e-09 	-0.0014388692 	-0.0031519967 	 0.05538885 	-436.06775 	-122.52666 	 0.075845216 	-2.565262e-05 	-3.00581e-07 	 -0.26135101 	-1.05342e-05 	1.478635e-07 		0.03375 -5.5291282e-07 -4.3830287e-07 100000 1
0.035 42739.788 	3.4969717 	0.071660172 	 144477.27 	-1.020775 	0.0044272083 	 4.16158e-08 	-0.00080288316 	0.029940282 	 6.6085833e-09 	-0.0013691369 	-0.0031757175 	 0.054010317 	-410.38955 	-117.56578 	 0.085030653 	-2.4813039e-05 	-4.9056925e-07 	 -0.20607408 	-1.0397808e-05 	2.2400108e-07 		0.035 -5.8371448e-07 -4.5087784e-07 100000 1
0.03625 41556.662 	3.4058367 	0.053452154 	 146481.66 	-1.0171167 	1.5188333e-05 	 4.3157583e-08 	-0.00078841769 	0.030019808 	 7.5241667e-09 	-0.0014316697 	-0.0031115355 	 0.052727267 	-395.86629 	-122.64697 	 0.093928022 	-2.397143e-05 	-3.0907583e-07 	 -0.1528268 	-1.0194533e-05 	2.6491055e-07 		0.03625 -6.1489889e-07 -4.6329317e-07 100000 1
0.0375 40328.972 	3.310175 	0.0760249 	 149223.73 	-0.9537 	-0.017218055 	 3.9131e-08 	-0.00077148228 	0.030050868 	 6.22e-09 	-0.0013572753 	-0.0031386135 	 0.05125645 	-371.78953 	-118.2288 	 0.10160415 	-2.3129605e-05 	-5.3620695e-07 	 -0.1062325 	-1.04878e-05 	4.341076e-07 		0.0375 -6.4354094e-07 -4.7639853e-07 100000 1
0.03875 39407.832 	3.21884 	0.053048326 	 152197.19 	-0.90825 	-0.024185068 	 4.102295e-08 	-0.00075922474 	0.030147222 	 7.3841667e-09 	-0.0014414048 	-0.0030592991 	 0.049919933 	-361.21481 	-125.93242 	 0.10903616 	-2.228854e-05 	-3.071685e-07 	 -0.061716957 	-1.0700567e-05 	5.0055352e-07 		0.03875 -6.7275246e-07 -4.8941697e-07 100000 1
0.04 38422.577 	3.1216342 	0.072759884 	 155938.25 	-0.85519167 	-0.026113193 	 3.7784525e-08 	-0.00075003771 	0.030193334 	 6.48725e-09 	-0.001385995 	-0.0030717534 	 0.048459017 	-340.57336 	-123.77624 	 0.11534875 	-2.1426939e-05 	-5.0550421e-07 	 -0.02403254 	-1.0898208e-05 	5.1674669e-07 		0.04 -6.9936082e-07 -5.0324073e-07 100000 1
0.04125 37697.314 	3.02694 	0.05399219 	 159935.84 	-0.81325 	-0.018882075 	 3.916195e-08 	-0.00073771503 	0.030295405 	 7.49e-09 	-0.0014658826 	-0.0029943892 	 0.0470837 	-331.58523 	-132.30717 	 0.12142653 	-2.0559525e-05 	-3.1859055e-07 	 0.011499139 	-1.10619e-05 	4.4120448e-07 		0.04125 -7.2635222e-07 -5.167757e-07 100000 1
0.0425 36935.29 	2.9261867 	0.068912857 	 164734 	-0.80091667 	0.0016530705 	 3.6260183e-08 	-0.0007378532 	0.030357079 	 6.6443333e-09 	-0.0014311749 	-0.0029904365 	 0.0456465 	-314.39163 	-132.72052 	 0.12648349 	-1.9663995e-05 	-4.6884635e-07 	 0.039974969 	-1.085e-05 	2.3281372e-07 		0.0425 -7.5088686e-07 -5.3086026e-07 100000 1
0.04375 36373.225 	2.8271125 	0.057284287 	 169878 	-0.78176667 	0.016039933 	 3.6477333e-08 	-0.0007301822 	0.030460842 	 7.0773333e-09 	-0.0014929679 	-0.0029224701 	 0.0442357 	-305.77661 	-141.15009 	 0.13123937 	-1.87685e-05 	-3.5348072e-07 	 0.065623771 	-1.07564e-05 	8.5716753e-08 		0.04375 -7.7536978e-07 -5.4453828e-07 100000 1
0.045 35823.783 	2.7255275 	0.066552533 	 175742.65 	-0.7603 	0.005711471 	 3.45706e-08 	-0.00073052423 	0.030544145 	 6.556e-09 	-0.0014894125 	-0.0028931226 	 0.0427528 	-292.98437 	-145.07779 	 0.13520839 	-1.786722e-05 	-4.4766505e-07 	 0.085051289 	-1.06438e-05 	1.858347e-07 		0.045 -7.9792279e-07 -5.5740758e-07 100000 1
0.04625 35398.256 	2.6259433 	0.063409714 	 182108.12 	-0.72673333 	-0.0026142467 	 3.39354e-08 	-0.00072945951 	0.030649057 	 6.6125333e-09 	-0.0015308337 	-0.0028329494 	 0.041292383 	-284.58942 	-153.27262 	 0.13874291 	-1.6979833e-05 	-4.1763077e-07 	 0.1003387 	-1.0672617e-05 	2.6587567e-07 		0.04625 -8.1984308e-07 -5.7066695e-07 100000 1
0.0475 35047.653 	2.52709 	0.063378072 	 189109.96 	-0.67686667 	-0.01322206 	 3.27994e-08 	-0.00073250455 	0.03075531 	 6.4952e-09 	-0.0015638448 	-0.0027764377 	 0.03981665 	-276.57812 	-161.72065 	 0.14168991 	-1.610562e-05 	-4.1889477e-07 	 0.11030058 	-1.0849763e-05 	3.6875967e-07 		0.0475 -8.4052041e-07 -5.8419495e-07 100000 1
0.04875 34730.951 	2.427215 	0.067523203 	 196781.93 	-0.63165 	-0.018802635 	 3.1433475e-08 	-0.00074055594 	0.030862386 	 6.3158e-09 	-0.0015815838 	-0.0027223816 	 0.038330225 	-268.21034 	-169.35791 	 0.14408396 	-1.522256e-05 	-4.6190728e-07 	 0.11465253 	-1.0979978e-05 	4.2147863e-07 		0.04875 -8.5995631e-07 -5.9791347e-07 100000 1
0.05 34562.397 	2.327145 	0.059799537 	 205007.87 	-0.58575 	-0.020661905 	 3.1201125e-08 	-0.00073623032 	0.030992614 	 6.6929333e-09 	-0.0016484642 	-0.0026379886 	 0.036845608 	-265.33823 	-182.57692 	 0.1460649 	-1.433095e-05 	-3.8613039e-07 	 0.11463262 	-1.1130116e-05 	4.3690278e-07 		0.05 -8.7877621e-07 -6.1158623e-07 100000 1
0.05125 34325.136 	2.2229117 	0.071620831 	 214080.22 	-0.56388333 	-0.007289425 	 2.9078933e-08 	-0.00075868387 	0.031101875 	 6.1441833e-09 	-0.0016401944 	-0.002586706 	 0.0353232 	-257.17893 	-189.44538 	 0.14738226 	-1.341198e-05 	-5.0594828e-07 	 0.10739332 	-1.101165e-05 	3.002409e-07 		0.05125 -8.9566384e-07 -6.2561883e-07 100000 1
0.0525 34326.048 	2.119105 	0.055071902 	 223616.24 	-0.54675 	0.016604425 	 2.93002e-08 	-0.00075115894 	0.031258197 	 6.67565e-09 	-0.0017488127 	-0.0024731795 	 0.0338312 	-260.09293 	-209.12981 	 0.14844009 	-1.2482637e-05 	-3.4169765e-07 	 0.096842558 	-1.087965e-05 	5.81531e-08 		0.0525 -9.1252536e-07 -6.3982677e-07 100000 1
0.05375 34134.138 	2.0125642 	0.076015697 	 234195.64 	-0.52711667 	0.010200157 	 2.6570242e-08 	-0.00078703349 	0.031370841 	 5.71235e-09 	-0.0017068526 	-0.0024217463 	 0.03224325 	-252.19332 	-214.11844 	 0.1487282 	-1.1553358e-05 	-5.5330402e-07 	 0.07726625 	-1.0722833e-05 	1.1931031e-07 		0.05375 -9.2675603e-07 -6.5287949e-07 100000 1
0.055 34256.773 	1.9092717 	0.056852977 	 245228.74 	-0.51218333 	0.0037123183 	 2.71199e-08 	-0.00076998651 	0.031548931 	 6.3556833e-09 	-0.0018371279 	-0.0022852107 	 0.030726295 	-260.38719 	-239.07708 	 0.14883745 	-1.0631868e-05 	-3.6336495e-07 	 0.054806705 	-1.0571933e-05 	1.8105815e-07 		0.055 -9.4136849e-07 -6.6591918e-07 100000 1
0.05625 34104.74 	1.804815 	0.080530998 	 257339.64 	-0.4549 	-0.008559115 	 2.41597e-08 	-0.0008248375 	0.031670589 	 5.301e-09 	-0.0017768551 	-0.0022207919 	 0.029110655 	-254.95427 	-243.5807 	 0.1481872 	-9.7308525e-06 	-6.026139e-07 	 0.022848779 	-1.078475e-05 	3.009629e-07 		0.05625 -9.5322286e-07 -6.7935625e-07 100000 1
0.0575 34326.904 	1.7035017 	0.056025568 	 269980.43 	-0.41297667 	-0.014872778 	 2.48704e-08 	-0.00080441739 	0.031873345 	 6.1391167e-09 	-0.0019350478 	-0.0020599146 	 0.027583525 	-269.27623 	-275.56219 	 0.14737181 	-8.8286757e-06 	-3.5938252e-07 	 -0.012256399 	-1.09069e-05 	3.6109345e-07 		0.0575 -9.6567911e-07 -6.9278674e-07 100000 1
0.05875 34241.782 	1.5976983 	0.075141018 	 283765.21 	-0.37327 	-0.016982158 	 2.2491267e-08 	-0.00085634443 	0.032018723 	 5.4367833e-09 	-0.001884777 	-0.001964052 	 0.025961803 	-270.30576 	-282.93219 	 0.14580719 	-7.9102975e-06 	-5.528867e-07 	 -0.057394194 	-1.095625e-05 	3.7954675e-07 		0.05875 -9.7541661e-07 -7.0673621e-07 100000 1
0.06 34469.643 	1.4920095 	0.054213673 	 298112.28 	-0.33994 	-0.013172 	 2.287175e-08 	-0.00083721161 	0.032234134 	 6.15185e-09 	-0.0020268695 	-0.0017909856 	 0.02436256 	-288.96239 	-317.00084 	 0.1440706 	-6.969735e-06 	-3.4554465e-07 	 -0.1059259 	-1.09897e-05 	3.3862e-07 		0.06 -9.8552159e-07 -7.2041584e-07 100000 1
0.06125 34421.44 	1.3816555 	0.068052549 	 313684.05 	-0.32792667 	0.0078551 	 2.0756983e-08 	-0.00089743806 	0.032405162 	 5.5449167e-09 	-0.0019909338 	-0.0016589232 	 0.022694607 	-298.6324 	-328.57421 	 0.14159459 	-6.0037417e-06 	-4.8613425e-07 	 -0.16499153 	-1.07669e-05 	1.25888e-07 		0.06125 -9.929837e-07 -7.3410964e-07 100000 1
0.0625 34583.593 	1.2717732 	0.05479617 	 329940.66 	-0.30520083 	0.021891367 	 2.0447783e-08 	-0.0008977871 	0.032630407 	 5.8476417e-09 	-0.0020934266 	-0.0014730246 	 0.021018669 	-321.95927 	-361.18901 	 0.13887715 	-5.0302658e-06 	-3.5566325e-07 	 -0.2285437 	-1.0683825e-05 	-1.7096917e-08 		0.0625 -1.0003456e-06 -7.4760637e-07 100000 1
0.06375 34563.091 	1.1620715 	0.062134751 	 347343.18 	-0.2769425 	0.014505 	 1.899085e-08 	-0.00093886055 	0.032835637 	 5.475625e-09 	-0.0020849748 	-0.0012977582 	 0.019298318 	-343.29259 	-379.06608 	 0.13553904 	-4.0700375e-06 	-4.3165705e-07 	 -0.30151866 	-1.0634675e-05 	5.438625e-08 		0.06375 -1.0056886e-06 -7.6057606e-07 100000 1
0.065 34600.778 	1.051762 	0.056420372 	 365634.71 	-0.24362167 	0.0069045683 	 1.825335e-08 	-0.00095961499 	0.033071782 	 5.53605e-09 	-0.0021330204 	-0.001088464 	 0.017555793 	-374.47221 	-406.71945 	 0.13182535 	-3.0976117e-06 	-3.7698262e-07 	 -0.3809013 	-1.0653933e-05 	1.2802489e-07 		0.065 -1.0103252e-06 -7.7389406e-07 100000 1
0.06625 34572.702 	0.93954867 	0.054028391 	 384978.11 	-0.20426167 	-0.0050988717 	 1.7233883e-08 	-0.00099351077 	0.033315017 	 5.5053833e-09 	-0.0021546359 	-0.00086821317 	 0.01575558 	-410.19995 	-432.49324 	 0.12760815 	-2.107185e-06 	-3.5562528e-07 	 -0.46843194 	-1.0729667e-05 	2.4592239e-07 		0.06625 -1.0136212e-06 -7.8737673e-07 100000 1
0.0675 34418.209 	0.82219575 	0.051890101 	 405423.95 	-0.174015 	-0.0071337275 	 1.621505e-08 	-0.0010375704 	0.033566292 	 5.479925e-09 	-0.0021357209 	-0.00062096982 	 0.01386482 	-453.74203 	-450.70367 	 0.12286944 	-1.06802e-06 	-3.3682595e-07 	 -0.5643709 	-1.07186e-05 	2.6416757e-07 		0.0675 -1.0155133e-06 -8.0083032e-07 100000 1
0.06875 34330.619 	0.69760158 	0.039983599 	 426844.27 	-0.14994833 	-0.0004925825 	 1.5784183e-08 	-0.0010339616 	0.033847604 	 5.803775e-09 	-0.002175385 	-0.00035530793 	 0.01184634 	-506.56033 	-482.27952 	 0.1177501 	4.611e-08 	-2.2025978e-07 	 -0.66716229 	-1.0651733e-05 	1.9571934e-07 		0.06875 -1.0165201e-06 -8.1420121e-07 100000 1
0.07 33903.374 	0.56736983 	0.039817454 	 449554.03 	-0.11952 	-0.0040949333 	 1.4569183e-08 	-0.0011020913 	0.034108122 	 5.6236333e-09 	-0.0020662453 	-4.8273381e-05 	 0.0096877283 	-570.42844 	-482.59909 	 0.11194671 	1.211735e-06 	-2.21336e-07 	 -0.78023128 	-1.0648033e-05 	2.2981133e-07 		0.07 -1.0153896e-06 -8.2748081e-07 100000 1
0.07125 33686.886 	0.4280475 	0.023944079 	 473131.15 	-0.08884 	-0.0102365 	 1.432785e-08 	-0.0010732664 	0.034414824 	 6.0133e-09 	-0.0021090146 	0.00026809429 	 0.007351175 	-644.28559 	-516.85267 	 0.105919 	2.475575e-06 	-6.52291e-08 	 -0.89862423 	-1.06615e-05 	2.89298e-07 		0.07125 -1.0137203e-06 -8.4063063e-07 100000 1
0.0725 32887.668 	0.28797871 	0.025039839 	 498146.46 	-0.054602167 	-0.0087255833 	 1.2907983e-08 	-0.0012040462 	0.034663756 	 5.6503583e-09 	-0.0018789243 	0.00069041419 	 0.00496846 	-746.5055 	-486.48102 	 0.099038412 	3.73563e-06 	-7.9101392e-08 	 -1.0287692 	-1.0699e-05 	2.72184e-07 		0.0725 -1.0092397e-06 -8.5411934e-07 100000 1
0.07375 32424.642 	0.15124003 	0.013209406 	 522640.66 	-0.024274326 	-0.0052762954 	 1.2758567e-08 	-0.0011815168 	0.034956168 	 5.9804e-09 	-0.0018676028 	0.0010457791 	 0.0026305232 	-841.15374 	-506.84212 	 0.092580814 	4.9764633e-06 	3.65744e-08 	 -1.1543022 	-1.0725667e-05 	2.3569567e-07 		0.07375 -1.0045483e-06 -8.6708855e-07 100000 1
0.075 31307.943 	0.1267706 	0.018294071 	 533368.54 	-0.0040519367 	-0.005083459 	 1.19796e-08 	-0.0012862815 	0.034957024 	 5.5849e-09 	-0.0017234197 	0.0011455912 	 0.0022217751 	-852.73404 	-479.74467 	 0.091591205 	5.12614e-06 	-1.6203e-08 	 -1.1703643 	-1.0732e-05 	2.32566e-07 		0.075 -9.9891799e-07 -8.7721182e-07 100000 1
