# y jRe_x jRe_y jRe_z jIm_x jIm_y jIm_z BRe_x BRe_y BRe_z BIm_x BIm_y BIm_z F_x F_y F_z VReGrad_x VReGrad_y VReGrad_z VImGrad_x VImGrad_y VImGrad_z s VRe VIm sigma mur
-0.075 -1935153.5 	-642.87338 	25.467118 	 -3791027.5 	-585.7856 	-8.7346011 	 5.46957e-07 	0.0090489389 	0.035713898 	 -6.6306e-07 	0.008890428 	0.00057163934 	 -11.787125 	35639.778 	-25606.459 	 0.11196866 	5.26399e-05 	2.89203e-06 	 0.18125477 	-0.000357161 	9.809e-07 		-0.075 -3.6185951e-05 -0.00010652582 1200000 1
-0.07375 -2001554.1 	-0.29729509 	-0.29184676 	 -3570318.1 	-1.1809831 	0.045200027 	 1.2001667e-09 	0.0090500581 	0.035473581 	 -1.5056333e-08 	0.0088705126 	0.00025485812 	 -0.0037987715 	36137.381 	-24896.544 	 0.10603297 	-2.1675783e-05 	9.8336483e-07 	 0.16419138 	-1.6278333e-05 	-2.5274667e-07 		-0.07375 -1.2302306e-06 -7.9179567e-08 1200000 1
-0.0725 -1978879.8 	-0.68949755 	-0.27781416 	 -3401746 	-1.3810666 	0.045562514 	 -9.9166667e-11 	0.0091477493 	0.034454185 	 -1.5921667e-08 	0.0088433795 	-0.00098308634 	 -0.0079278857 	33178.547 	-24099.028 	 0.092469599 	-2.1684917e-05 	9.7882417e-07 	 0.1139782 	-1.6031667e-05 	-2.5333333e-07 		-0.0725 -1.2502842e-06 -9.4155322e-08 1200000 1
-0.07125 -1956205.6 	-1.0817 	-0.26378155 	 -3233174 	-1.58115 	0.045925 	 -1.3985e-09 	0.0092454406 	0.033434788 	 -1.6787e-08 	0.0088162464 	-0.0022210308 	 -0.012057 	30219.713 	-23301.511 	 0.078906227 	-2.169405e-05 	9.742835e-07 	 0.06376501 	-1.5785e-05 	-2.5392e-07 		-0.07125 -1.2703379e-06 -1.0913108e-07 1200000 1
-0.07 -1901543.3 	-1.71085 	-0.24486175 	 -2961155.5 	-1.9701267 	0.052458333 	 -3.8845e-09 	0.009129613 	0.031381236 	 -1.7683767e-08 	0.0083131348 	-0.0047017763 	 -0.0171585 	24197.437 	-21041.163 	 0.051945954 	-2.171805e-05 	9.706575e-07 	 -0.037384107 	-1.52905e-05 	-2.6046667e-07 		-0.07 -1.2980032e-06 -1.2825171e-07 1200000 1
-0.06875 -1881146.2 	-2.4238333 	-0.22415775 	 -2686162.5 	-2.3504167 	0.052661 	 -6.6511667e-09 	0.0095513898 	0.029447192 	 -2.0275667e-08 	0.0086173018 	-0.0068757662 	 -0.022535333 	19713.015 	-20643.876 	 0.026412518 	-2.1706583e-05 	9.6731117e-07 	 -0.13297153 	-1.4795333e-05 	-2.5953233e-07 		-0.06875 -1.3251953e-06 -1.4690292e-07 1200000 1
-0.0675 -1833249.1 	-3.1229 	-0.22569655 	 -2441987.5 	-2.72495 	0.061733 	 -9.3605e-09 	0.0095771407 	0.027588378 	 -2.2061e-08 	0.0083822113 	-0.0087575703 	 -0.026408 	15668.783 	-19155.606 	 0.0028053373 	-2.167685e-05 	9.806105e-07 	 -0.2251655 	-1.4296e-05 	-2.67237e-07 		-0.0675 -1.3523426e-06 -1.6501462e-07 1200000 1
-0.06625 -1769385.4 	-3.8300417 	-0.23850267 	 -2213205.8 	-3.0720083 	0.074280833 	 -1.1809917e-08 	0.0093938181 	0.02572999 	 -2.3289417e-08 	0.0079003696 	-0.010523062 	 -0.029572833 	11761.166 	-17246.934 	 -0.019877397 	-2.163895e-05 	1.0028336e-06 	 -0.31547081 	-1.37935e-05 	-2.7837558e-07 		-0.06625 -1.3794841e-06 -1.8284779e-07 1200000 1
-0.065 -1693820.9 	-4.666975 	-0.266464 	 -2006278.9 	-3.3008083 	0.0921475 	 -1.4629917e-08 	0.0092499373 	0.024051154 	 -2.5129417e-08 	0.0074844548 	-0.011810781 	 -0.032822167 	9133.9633 	-15532.042 	 -0.039965015 	-2.1561217e-05 	1.0385136e-06 	 -0.39943237 	-1.3288167e-05 	-2.9261158e-07 		-0.065 -1.4063162e-06 -1.9992646e-07 1200000 1
-0.06375 -1631212.8 	-5.4368 	-0.2833661 	 -1811758.4 	-3.5735 	0.099989 	 -1.7752e-08 	0.0092031551 	0.022555705 	 -2.7542e-08 	0.0072482964 	-0.012824727 	 -0.0344685 	7409.6171 	-14305.747 	 -0.057830138 	-2.15319e-05 	1.064265e-06 	 -0.47765956 	-1.27515e-05 	-2.985735e-07 		-0.06375 -1.4330408e-06 -2.1603172e-07 1200000 1
-0.0625 -1560857.1 	-6.1490667 	-0.30279737 	 -1629481.8 	-3.8727667 	0.10619167 	 -2.0591333e-08 	0.0089665184 	0.021061961 	 -2.9384667e-08 	0.0068033299 	-0.013790359 	 -0.0348445 	5696.032 	-12757.323 	 -0.074895023 	-2.1523833e-05 	1.091145e-06 	 -0.55420123 	-1.2202167e-05 	-3.0417883e-07 		-0.0625 -1.4598268e-06 -2.3178549e-07 1200000 1
-0.06125 -1466692.2 	-6.77985 	-0.32347967 	 -1476351.7 	-4.1670333 	0.111681 	 -2.2411667e-08 	0.0083746793 	0.019521279 	 -2.9760583e-08 	0.0060240428 	-0.014684448 	 -0.032812333 	3840.9512 	-10815.597 	 -0.09039817 	-2.15583e-05 	1.1179465e-06 	 -0.62718727 	-1.1631e-05 	-3.1132933e-07 		-0.06125 -1.4868029e-06 -2.4682124e-07 1200000 1
-0.06 -1391130.2 	-7.5352 	-0.325593 	 -1318615.5 	-4.355 	0.102345 	 -2.6299e-08 	0.0083541113 	0.018352109 	 -3.3074e-08 	0.0058698195 	-0.015238496 	 -0.0333045 	2998.1195 	-9878.2941 	 -0.10449069 	-2.16122e-05 	1.131705e-06 	 -0.69615472 	-1.10375e-05 	-3.024435e-07 		-0.06 -1.5134098e-06 -2.6130238e-07 1200000 1
-0.05875 -1313389.4 	-8.0642667 	-0.3291032 	 -1185904.8 	-4.5880667 	0.095255667 	 -2.9180333e-08 	0.0079789602 	0.017210965 	 -3.4749333e-08 	0.0054193688 	-0.015703285 	 -0.0308301 	2320.4176 	-8693.114 	 -0.11609139 	-2.17542e-05 	1.1434283e-06 	 -0.7590555 	-1.04603e-05 	-2.9766283e-07 		-0.05875 -1.5404898e-06 -2.7427186e-07 1200000 1
-0.0575 -1235648.6 	-8.5933333 	-0.3326134 	 -1053194 	-4.8211333 	0.088166333 	 -3.2061667e-08 	0.0076038091 	0.016069821 	 -3.6424667e-08 	0.0049689181 	-0.016168074 	 -0.0283557 	1642.7157 	-7507.934 	 -0.12769208 	-2.18962e-05 	1.1551515e-06 	 -0.82195629 	-9.8831e-06 	-2.9288217e-07 		-0.0575 -1.5675698e-06 -2.8724135e-07 1200000 1
-0.05625 -1133047 	-8.95905 	-0.33907933 	 -958421.61 	-5.041425 	0.089368 	 -3.27305e-08 	0.0068057738 	0.014799018 	 -3.5345325e-08 	0.0041808058 	-0.016636944 	 -0.0225778 	605.64726 	-6066.5745 	 -0.13743072 	-2.2100375e-05 	1.1668775e-06 	 -0.88028342 	-9.30935e-06 	-2.9843875e-07 		-0.05625 -1.5951884e-06 -2.9905162e-07 1200000 1
-0.055 -1061873.5 	-9.5177 	-0.32656705 	 -844804 	-5.0415833 	0.079902533 	 -3.7968167e-08 	0.0067701174 	0.014116313 	 -3.9326333e-08 	0.0041199951 	-0.01676112 	 -0.023245267 	577.57293 	-5534.2243 	 -0.14616143 	-2.2311132e-05 	1.1664085e-06 	 -0.93566652 	-8.7754e-06 	-2.8892445e-07 		-0.055 -1.6224873e-06 -3.1032653e-07 1200000 1
-0.05375 -984810.43 	-9.9741 	-0.31881624 	 -749787.34 	-5.1263167 	0.11148867 	 -4.1288833e-08 	0.0063359594 	0.013285235 	 -4.0225667e-08 	0.0037360534 	-0.016952324 	 -0.021301933 	359.1588 	-4734.9606 	 -0.15348272 	-2.2494458e-05 	1.1675138e-06 	 -0.98752792 	-8.2882e-06 	-3.1709025e-07 		-0.05375 -1.650613e-06 -3.2065781e-07 1200000 1
-0.0525 -907747.31 	-10.4305 	-0.31106543 	 -654770.69 	-5.21105 	0.1430748 	 -4.46095e-08 	0.0059018015 	0.012454158 	 -4.1125e-08 	0.0033521117 	-0.017143528 	 -0.0193586 	140.74468 	-3935.6968 	 -0.16080401 	-2.2677785e-05 	1.1686192e-06 	 -1.0393893 	-7.801e-06 	-3.4525605e-07 		-0.0525 -1.6787388e-06 -3.3098909e-07 1200000 1
-0.05125 -815814.72 	-10.863167 	-0.30396178 	 -593797.18 	-5.2150167 	0.21991197 	 -4.63e-08 	0.0052568526 	0.011578265 	 -3.9519267e-08 	0.0028446819 	-0.017325235 	 -0.0165849 	-322.7198 	-3167.1672 	 -0.16629264 	-2.282144e-05 	1.1697608e-06 	 -1.0864452 	-7.37385e-06 	-4.1389247e-07 		-0.05125 -1.707795e-06 -3.4002999e-07 1200000 1
-0.05 -744386.06 	-11.456167 	-0.28799738 	 -518544.22 	-5.0400833 	0.26566083 	 -5.1854167e-08 	0.0050052537 	0.011136152 	 -4.1645333e-08 	0.00268775 	-0.017313882 	 -0.019173467 	-250.32616 	-2749.4561 	 -0.17115393 	-2.2942745e-05 	1.1653847e-06 	 -1.1317938 	-6.9950333e-06 	-4.5228945e-07 		-0.05 -1.7364606e-06 -3.4891135e-07 1200000 1
-0.04875 -671443.68 	-11.9795 	-0.28531006 	 -450569.74 	-4.94695 	0.2940465 	 -5.51315e-08 	0.004554377 	0.010565699 	 -4.1806e-08 	0.0023820268 	-0.017365459 	 -0.0195712 	-276.78644 	-2256.4069 	 -0.17540374 	-2.3039905e-05 	1.1683835e-06 	 -1.1754738 	-6.6231e-06 	-4.7775345e-07 		-0.04875 -1.7652682e-06 -3.5731587e-07 1200000 1
-0.0475 -594884.92 	-12.466917 	-0.28965194 	 -390487.61 	-4.8565917 	0.31306277 	 -5.69945e-08 	0.004036863 	0.0099267712 	 -4.0965017e-08 	0.0020301425 	-0.017444191 	 -0.01899855 	-393.02359 	-1762.3968 	 -0.17935915 	-2.312607e-05 	1.1755305e-06 	 -1.2183063 	-6.26075e-06 	-4.9617904e-07 		-0.0475 -1.7941504e-06 -3.6545002e-07 1200000 1
-0.04625 -517237.79 	-13.01625 	-0.29704914 	 -344510.86 	-4.5964583 	0.29720822 	 -5.9811833e-08 	0.0035825158 	0.0094743844 	 -4.0993017e-08 	0.0017596961 	-0.017450968 	 -0.020912417 	-508.10613 	-1393.9761 	 -0.18237541 	-2.3176137e-05 	1.1846838e-06 	 -1.2586233 	-5.9302167e-06 	-4.8423944e-07 		-0.04625 -1.8229131e-06 -3.7310335e-07 1200000 1
-0.045 -449015.8 	-13.547 	-0.29866866 	 -293183.4 	-4.3597 	0.27405928 	 -6.38635e-08 	0.0031995846 	0.0091940813 	 -4.19335e-08 	0.0015664336 	-0.017407641 	 -0.0238053 	-436.64123 	-1130.5523 	 -0.18490168 	-2.327135e-05 	1.188974e-06 	 -1.2974938 	-5.57445e-06 	-4.652107e-07 		-0.045 -1.8518062e-06 -3.8023638e-07 1200000 1
-0.04375 -380681.94 	-14.015 	-0.30437303 	 -243262.93 	-4.1901 	0.25073308 	 -6.6594167e-08 	0.002752766 	0.0088404843 	 -4.1886833e-08 	0.001325592 	-0.017398753 	 -0.0252253 	-393.1556 	-859.30325 	 -0.18728328 	-2.338265e-05 	1.1951227e-06 	 -1.3358732 	-5.20925e-06 	-4.4690223e-07 		-0.04375 -1.8808574e-06 -3.8708588e-07 1200000 1
-0.0425 -307617.51 	-14.354333 	-0.31737223 	 -204576.95 	-4.0896167 	0.22955469 	 -6.6259333e-08 	0.0022449164 	0.0083369235 	 -3.9857983e-08 	0.0010345821 	-0.017451836 	 -0.023960583 	-472.24978 	-611.22375 	 -0.18939559 	-2.3526285e-05 	1.204254e-06 	 -1.3732545 	-4.8368e-06 	-4.3223933e-07 		-0.0425 -1.9102401e-06 -3.9341354e-07 1200000 1
-0.04125 -238533.97 	-14.817 	-0.31405302 	 -170055.46 	-3.7697 	0.1927018 	 -7.19255e-08 	0.0018704216 	0.0082814747 	 -4.16815e-08 	0.00088831627 	-0.01735748 	 -0.0285431 	-466.11149 	-454.08079 	 -0.19109452 	-2.36971e-05 	1.202913e-06 	 -1.4097254 	-4.42685e-06 	-4.00732e-07 		-0.04125 -1.939403e-06 -3.9957062e-07 1200000 1
-0.04 -173540.53 	-15.121667 	-0.31597009 	 -130538.98 	-3.6327667 	0.1694152 	 -7.4540833e-08 	0.001433321 	0.0081134289 	 -4.15695e-08 	0.00068992865 	-0.017331733 	 -0.029903767 	-405.79312 	-346.83349 	 -0.19280384 	-2.3924947e-05 	1.203297e-06 	 -1.4455949 	-3.9993833e-06 	-3.82138e-07 		-0.04 -1.9692694e-06 -4.0453932e-07 1200000 1
-0.03875 -108547.09 	-15.426333 	-0.31788717 	 -91022.499 	-3.4958333 	0.1461286 	 -7.7156167e-08 	0.00099622043 	0.0079453832 	 -4.14575e-08 	0.00049154103 	-0.017305986 	 -0.031264433 	-345.47475 	-239.5862 	 -0.19451316 	-2.4152793e-05 	1.203681e-06 	 -1.4814644 	-3.5719167e-06 	-3.63544e-07 		-0.03875 -1.9991357e-06 -4.0950801e-07 1200000 1
-0.0375 -38875.416 	-15.55275 	-0.32874258 	 -61878.848 	-3.515375 	0.13876058 	 -7.460925e-08 	0.00056299588 	0.0075432055 	 -3.84546e-08 	0.00026146012 	-0.017378472 	 -0.02826895 	-383.69045 	-173.01894 	 -0.19629388 	-2.441833e-05 	1.2077318e-06 	 -1.5168441 	-3.121675e-06 	-3.6104675e-07 		-0.0375 -2.0296695e-06 -4.1356859e-07 1200000 1
-0.03625 26773.548 	-15.9055 	-0.31591084 	 -33845.906 	-3.1451333 	0.12353815 	 -8.2431667e-08 	0.00012744505 	0.0077817854 	 -4.1176833e-08 	0.00011822929 	-0.017253107 	 -0.035036567 	-391.87054 	-162.08596 	 -0.19800726 	-2.46925e-05 	1.1973222e-06 	 -1.5523869 	-2.6820333e-06 	-3.462895e-07 		-0.03625 -2.0599717e-06 -4.1730084e-07 1200000 1
-0.035 90547.39 	-16.2215 	-0.30464288 	 1970.7196 	-2.9944667 	0.15186455 	 -8.5398333e-08 	-0.00030108886 	0.0077831449 	 -4.0782167e-08 	-6.3398524e-05 	-0.017228981 	 -0.037681233 	-338.29662 	-187.66996 	 -0.20024427 	-2.492452e-05 	1.1857588e-06 	 -1.5884232 	-2.2803667e-06 	-3.709295e-07 		-0.035 -2.0911691e-06 -4.2014342e-07 1200000 1
-0.03375 154321.23 	-16.5375 	-0.29337491 	 37787.345 	-2.8438 	0.18019095 	 -8.8365e-08 	-0.00072962278 	0.0077845044 	 -4.03875e-08 	-0.00024502634 	-0.017204856 	 -0.0403259 	-284.7227 	-213.25396 	 -0.20248128 	-2.515654e-05 	1.1741955e-06 	 -1.6244595 	-1.8787e-06 	-3.955695e-07 		-0.03375 -2.1223665e-06 -4.2298601e-07 1200000 1
-0.0325 222684.4 	-16.865333 	-0.27795891 	 65367.774 	-2.7429333 	0.25631672 	 -8.7776333e-08 	-0.0010845176 	0.0076714066 	 -3.78388e-08 	-0.00041602604 	-0.017249564 	 -0.041414267 	-302.80616 	-287.17796 	 -0.20536812 	-2.5332895e-05 	1.1578335e-06 	 -1.6611832 	-1.51815e-06 	-4.6261567e-07 		-0.0325 -2.1545351e-06 -4.2464624e-07 1200000 1
-0.03125 289773.26 	-17.359833 	-0.25578253 	 94675.22 	-2.3414 	0.30102668 	 -9.4869667e-08 	-0.0015740403 	0.0079958674 	 -3.91775e-08 	-0.00060658617 	-0.017160742 	 -0.0497793 	-364.32424 	-422.55728 	 -0.20867893 	-2.5495123e-05 	1.1387358e-06 	 -1.6990164 	-1.1892e-06 	-4.9935083e-07 		-0.03125 -2.1863977e-06 -4.2627004e-07 1200000 1
-0.03 354696.87 	-17.8005 	-0.25061017 	 133112.54 	-2.1114 	0.32699295 	 -9.7839e-08 	-0.0019964055 	0.008166584 	 -3.88175e-08 	-0.00079655471 	-0.017136447 	 -0.0551413 	-335.01313 	-578.05823 	 -0.21266721 	-2.562965e-05 	1.1300685e-06 	 -1.7378041 	-8.55e-07 	-5.215415e-07 		-0.03 -2.2184479e-06 -4.2747808e-07 1200000 1
-0.02875 420312.21 	-18.207 	-0.25420355 	 172134.21 	-1.9314333 	0.34262112 	 -9.8491667e-08 	-0.0023524534 	0.0082630035 	 -3.7634642e-08 	-0.00096851545 	-0.017146111 	 -0.05927803 	-288.05838 	-729.8641 	 -0.21700373 	-2.5752472e-05 	1.1267012e-06 	 -1.7770612 	-5.248e-07 	-5.3568133e-07 		-0.02875 -2.250581e-06 -4.2845041e-07 1200000 1
-0.0275 491762.94 	-18.677667 	-0.26708195 	 203173.01 	-1.5853 	0.32230366 	 -1.0108367e-07 	-0.0027750271 	0.0085204336 	 -3.7601308e-08 	-0.0011707355 	-0.017118833 	 -0.06677531 	-388.82264 	-953.1508 	 -0.22217793 	-2.5840646e-05 	1.1301173e-06 	 -1.8178612 	-2.0466667e-07 	-5.18272e-07 		-0.0275 -2.2826557e-06 -4.2907707e-07 1200000 1
-0.02625 561637.66 	-19.1335 	-0.2746682 	 244181.86 	-1.27765 	0.2933557 	 -1.058335e-07 	-0.0032579815 	0.0089478031 	 -3.85615e-08 	-0.0014081393 	-0.01704192 	 -0.07560322 	-482.56835 	-1257.4502 	 -0.2286768 	-2.597907e-05 	1.1299375e-06 	 -1.8611393 	1.715e-07 	-4.92769e-07 		-0.02625 -2.3149519e-06 -4.2910302e-07 1200000 1
-0.025 629733.64 	-19.528833 	-0.28616113 	 291759.36 	-1.08825 	0.2631747 	 -1.083395e-07 	-0.0036725702 	0.0093038517 	 -3.8646833e-08 	-0.0016291769 	-0.016994734 	 -0.08252922 	-507.09124 	-1561.2319 	 -0.23568624 	-2.613409e-05 	1.1315982e-06 	 -1.9051987 	5.657e-07 	-4.6703367e-07 		-0.025 -2.3474244e-06 -4.2880822e-07 1200000 1
-0.02375 698397.21 	-19.8005 	-0.30493978 	 344649.09 	-1.0735667 	0.23244517 	 -1.05973e-07 	-0.0038855727 	0.0095266691 	 -3.6949533e-08 	-0.0017769586 	-0.017012943 	 -0.086256383 	-453.97828 	-1812.6466 	 -0.2437379 	-2.6324117e-05 	1.1359095e-06 	 -1.9507951 	9.8326667e-07 	-4.4250783e-07 		-0.02375 -2.3802534e-06 -4.2793601e-07 1200000 1
-0.0225 778657.78 	-20.1985 	-0.3104658 	 381083.29 	-0.75175 	0.188543 	 -1.132225e-07 	-0.0044897702 	0.010163877 	 -3.89955e-08 	-0.0020994784 	-0.016870501 	 -0.0975153 	-799.45726 	-2291.5971 	 -0.25245801 	-2.65444e-05 	1.1322865e-06 	 -1.9982067 	1.4652e-06 	-4.03074e-07 		-0.0225 -2.4129066e-06 -4.2684083e-07 1200000 1
-0.02125 850962.75 	-20.435833 	-0.3166124 	 444958.98 	-0.71935 	0.15817967 	 -1.1555917e-07 	-0.0048829108 	0.010736257 	 -3.9470167e-08 	-0.0023675809 	-0.016751371 	 -0.10499637 	-943.44801 	-2780.3102 	 -0.26382627 	-2.68334e-05 	1.1278485e-06 	 -2.0499905 	1.9697333e-06 	-3.7689667e-07 		-0.02125 -2.4464225e-06 -4.2434531e-07 1200000 1
-0.02 923267.72 	-20.673167 	-0.322759 	 508834.67 	-0.68695 	0.12781633 	 -1.1789583e-07 	-0.0052760515 	0.011308637 	 -3.9944833e-08 	-0.0026356835 	-0.016632241 	 -0.11247743 	-1087.4387 	-3269.0232 	 -0.27519454 	-2.71224e-05 	1.1234105e-06 	 -2.1017742 	2.4742667e-06 	-3.5071933e-07 		-0.02 -2.4799384e-06 -4.2184979e-07 1200000 1
-0.01875 994348.87 	-20.75175 	-0.3345337 	 587565.36 	-0.9516 	0.11203625 	 -1.1238875e-07 	-0.0052696887 	0.011720352 	 -3.7717525e-08 	-0.0027281624 	-0.016596436 	 -0.11518105 	-1066.8406 	-3572.3367 	 -0.28867879 	-2.7455275e-05 	1.1199273e-06 	 -2.1566976 	3.0072e-06 	-3.397295e-07 		-0.01875 -2.5142181e-06 -4.1831454e-07 1200000 1
-0.0175 1083749 	-21.06175 	-0.32415113 	 643770.07 	-0.66386667 	0.097594667 	 -1.2247683e-07 	-0.006028676 	0.012694895 	 -4.1319e-08 	-0.0032259672 	-0.016275953 	 -0.12980387 	-1771.3547 	-4459.9127 	 -0.30316036 	-2.7803517e-05 	1.103893e-06 	 -2.2145488 	3.5403667e-06 	-3.2384483e-07 		-0.0175 -2.5483433e-06 -4.1430899e-07 1200000 1
-0.01625 1159447.5 	-21.33875 	-0.30975707 	 732194.46 	-0.73593333 	0.13220733 	 -1.2494417e-07 	-0.0063679683 	0.013526989 	 -4.1869e-08 	-0.0035408993 	-0.015996932 	 -0.14015173 	-2176.7955 	-5167.1389 	 -0.32030432 	-2.8102183e-05 	1.082949e-06 	 -2.2763714 	4.0554333e-06 	-3.5228417e-07 		-0.01625 -2.583527e-06 -4.0928131e-07 1200000 1
-0.015 1235145.9 	-21.61575 	-0.295363 	 820618.86 	-0.808 	0.16682 	 -1.274115e-07 	-0.0067072607 	0.014359083 	 -4.2419e-08 	-0.0038558314 	-0.01571791 	 -0.1504996 	-2582.2362 	-5874.3652 	 -0.33744829 	-2.840085e-05 	1.062005e-06 	 -2.3381941 	4.5705e-06 	-3.807235e-07 		-0.015 -2.6187107e-06 -4.0425363e-07 1200000 1
-0.01375 1312707.4 	-21.957583 	-0.2711445 	 927437.02 	-1.0822 	0.2577825 	 -1.2447667e-07 	-0.0066924363 	0.015195663 	 -4.0761133e-08 	-0.0040011699 	-0.015414194 	 -0.16002623 	-3035.5121 	-6400.7024 	 -0.35802474 	-2.86348e-05 	1.0322583e-06 	 -2.4053614 	5.0791667e-06 	-4.59012e-07 		-0.01375 -2.6550407e-06 -3.9784555e-07 1200000 1
-0.0125 1401691.2 	-22.474117 	-0.24468017 	 1024555 	-0.95563333 	0.327619 	 -1.325555e-07 	-0.0072641123 	0.016392371 	 -4.3528333e-08 	-0.0045171823 	-0.014841646 	 -0.1786514 	-4163.3502 	-7561.2693 	 -0.38024056 	-2.8843617e-05 	1.0046417e-06 	 -2.4762305 	5.5625e-06 	-5.151645e-07 		-0.0125 -2.6911222e-06 -3.9117605e-07 1200000 1
-0.01125 1476956.7 	-22.92685 	-0.2375145 	 1146755.5 	-1.1149 	0.380521 	 -1.347995e-07 	-0.0074810943 	0.017536664 	 -4.4683e-08 	-0.0048393416 	-0.01424975 	 -0.194951 	-5133.7094 	-8462.8279 	 -0.40463684 	-2.900555e-05 	9.89235e-07 	 -2.5501134 	6.0785e-06 	-5.585305e-07 		-0.01125 -2.7274371e-06 -3.8386091e-07 1200000 1
-0.01 1548382.5 	-23.349783 	-0.24048508 	 1279345.1 	-1.3948333 	0.42337883 	 -1.3392542e-07 	-0.0075031212 	0.018678022 	 -4.49541e-08 	-0.0050349403 	-0.013642226 	 -0.21037375 	-6076.2394 	-9157.5401 	 -0.43015195 	-2.9150917e-05 	9.801125e-07 	 -2.6254118 	6.6095833e-06 	-5.9420917e-07 		-0.01 -2.7638496e-06 -3.7616838e-07 1200000 1
-0.00875 1630562.3 	-23.897383 	-0.25604642 	 1417220.8 	-1.5560333 	0.4397415 	 -1.3573208e-07 	-0.0076381779 	0.019992514 	 -4.6908767e-08 	-0.0053457447 	-0.012845311 	 -0.23035375 	-7553.7513 	-10141.585 	 -0.45854841 	-2.9233583e-05 	9.8240583e-07 	 -2.7057809 	7.15225e-06 	-6.0576917e-07 		-0.00875 -2.800263e-06 -3.6782172e-07 1200000 1
-0.0075 1706352.2 	-24.38615 	-0.292556 	 1569724.5 	-1.6771 	0.463111 	 -1.40206e-07 	-0.007827054 	0.021506279 	 -5.03425e-08 	-0.0056992845 	-0.011720011 	 -0.2545128 	-9732.4073 	-11256.992 	 -0.49033328 	-2.93696e-05 	1.00275e-06 	 -2.7916801 	7.685e-06 	-6.2264e-07 		-0.0075 -2.8368264e-06 -3.5846188e-07 1200000 1
-0.00625 1772587.7 	-24.78395 	-0.34198767 	 1735731.7 	-1.9450333 	0.48760367 	 -1.4155733e-07 	-0.0078012381 	0.023025823 	 -5.28245e-08 	-0.0059021068 	-0.010532752 	 -0.27766893 	-11938.622 	-12112.896 	 -0.52340602 	-2.9527733e-05 	1.03159e-06 	 -2.8791478 	8.2256667e-06 	-6.4163333e-07 		-0.00625 -2.8735373e-06 -3.48605e-07 1200000 1
-0.005 1823662 	-25.006717 	-0.41536317 	 1928740 	-2.52175 	0.51900667 	 -1.3642233e-07 	-0.0073502762 	0.024624995 	 -5.30414e-08 	-0.0057641851 	-0.0091871066 	 -0.29880817 	-14305.52 	-12298.058 	 -0.55921514 	-2.97603e-05 	1.0753683e-06 	 -2.9693564 	8.8171667e-06 	-6.6862e-07 		-0.005 -2.9106162e-06 -3.3770745e-07 1200000 1
-0.00375 1898581.7 	-25.49145 	-0.4916675 	 2110912.6 	-2.5232 	0.55149 	 -1.43577e-07 	-0.0075082977 	0.02637249 	 -5.85795e-08 	-0.0061457782 	-0.0075727186 	 -0.327759 	-17635.714 	-13636.769 	 -0.59656592 	-2.99572e-05 	1.12909e-06 	 -3.0647311 	9.304e-06 	-6.9077e-07 		-0.00375 -2.9473128e-06 -3.2663655e-07 1200000 1
-0.0025 1694477 	-25.761583 	-0.4593289 	 1916083.3 	-2.3213333 	0.49562667 	 -1.4438967e-07 	-0.0070187447 	0.027631774 	 -6.1648167e-08 	-0.0058919076 	-0.0063380323 	 -0.349357 	-16777.787 	-12179.395 	 -0.612634 	1.8112667e-06 	1.1441367e-06 	 -3.0960361 	1.1306667e-05 	-6.9336333e-07 		-0.0025 -2.9079241e-06 -3.1057505e-07 1053333.3 1
-0.00125 1490372.4 	-26.031717 	-0.4269903 	 1721254 	-2.1194667 	0.43976333 	 -1.4520233e-07 	-0.0065291918 	0.028891059 	 -6.4716833e-08 	-0.0056380371 	-0.0051033459 	 -0.370955 	-15919.859 	-10722.021 	 -0.62870208 	3.3579733e-05 	1.1591833e-06 	 -3.127341 	1.3309333e-05 	-6.9595667e-07 		-0.00125 -2.8685355e-06 -2.9451354e-07 906666.67 1
5.2475385e-17 1046533.9 	-25.890925 	-0.32075106 	 1282205.8 	-2.453625 	0.31871025 	 -1.362985e-07 	-0.0054286857 	0.029847284 	 -6.3349e-08 	-0.0047697699 	-0.0041235443 	 -0.3811675 	-11401.735 	-7086.61 	 -0.62927236 	8.936175e-05 	1.1438925e-06 	 -3.1095835 	1.6401e-05 	-6.934175e-07 		5.2475385e-17 -2.7723244e-06 -2.7448089e-07 650000 1
0.00125 615418.33 	-25.9276 	-0.19487613 	 800111.59 	-2.2116667 	0.18323467 	 -1.4657283e-07 	-0.0050686638 	0.030463154 	 -7.0625833e-08 	-0.0045560634 	-0.0033721991 	 -0.39085433 	-6818.8557 	-4411.4485 	 -0.61746234 	0.00014467565 	1.1089917e-06 	 -3.0635217 	1.9472333e-05 	-6.5903833e-07 		0.00125 -2.6389974e-06 -2.5309751e-07 393333.33 1
0.0025 378300.98 	-25.8834 	-0.11678287 	 506628.66 	-1.8623333 	0.10936733 	 -1.4686617e-07 	-0.0044706097 	0.030728412 	 -7.2425167e-08 	-0.0040975269 	-0.0030329192 	 -0.39478967 	-4362.3637 	-2546.4473 	 -0.59011239 	0.00017466765 	1.0449383e-06 	 -2.9686782 	2.1321667e-05 	-6.3621167e-07 		0.0025 -2.4551137e-06 -2.2813486e-07 246666.67 1
0.00375 141183.62 	-25.8392 	-0.0386896 	 213145.73 	-1.513 	0.0355 	 -1.471595e-07 	-0.0038725555 	0.03099367 	 -7.42245e-08 	-0.0036389905 	-0.0026936393 	 -0.398725 	-1905.8718 	-681.44618 	 -0.56276245 	0.00020465965 	9.80885e-07 	 -2.8738347 	2.3171e-05 	-6.13385e-07 		0.00375 -2.2712299e-06 -2.0317222e-07 100000 1
0.005 132980.81 	-25.492967 	-0.030721733 	 207428.5 	-1.5597833 	0.0330765 	 -1.4049517e-07 	-0.003320572 	0.030760594 	 -7.1455333e-08 	-0.0031779456 	-0.002894967 	 -0.3902205 	-1751.0759 	-570.23298 	 -0.51403571 	0.00020092352 	8.7916333e-07 	 -2.7153105 	2.33405e-05 	-5.9413333e-07 		0.005 -2.0193951e-06 -1.7377605e-07 100000 1
0.00625 126301.18 	-25.149633 	-0.023915643 	 200869.65 	-1.5760667 	0.029317467 	 -1.4646983e-07 	-0.0031095164 	0.030501979 	 -7.52625e-08 	-0.003043107 	-0.0030871409 	 -0.38151667 	-1621.3295 	-521.77551 	 -0.46688743 	0.00019707465 	7.9420033e-07 	 -2.5624881 	2.3598333e-05 	-5.58924e-07 		0.00625 -1.771467e-06 -1.4455478e-07 100000 1
0.0075 119880.99 	-24.7941 	-0.01913017 	 194473.36 	-1.605 	0.0255444 	 -1.455185e-07 	-0.0027945105 	0.030308968 	 -7.59265e-08 	-0.0027948145 	-0.003234513 	 -0.373528 	-1506.2964 	-457.36429 	 -0.42239853 	0.00019326425 	7.29271e-07 	 -2.412987 	2.3757e-05 	-5.23242e-07 		0.0075 -1.528105e-06 -1.1483991e-07 100000 1
0.00875 113391.3 	-24.431592 	-0.015416995 	 188425.26 	-1.643375 	0.021610783 	 -1.41184e-07 	-0.0024542743 	0.030136548 	 -7.4974667e-08 	-0.0025104759 	-0.0033646917 	 -0.36571825 	-1393.6575 	-390.28526 	 -0.37914814 	0.00018945823 	6.7458275e-07 	 -2.2653509 	2.3889083e-05 	-4.8586142e-07 		0.00875 -1.2869456e-06 -8.4922779e-08 100000 1
0.01 107290.47 	-24.065192 	-0.014397288 	 182976.61 	-1.6736417 	0.016785983 	 -1.39424e-07 	-0.0022279533 	0.030013983 	 -7.5832e-08 	-0.0023283825 	-0.0034462254 	 -0.35861558 	-1296.7963 	-346.37286 	 -0.33925738 	0.00018562396 	6.4753742e-07 	 -2.1240793 	2.3974417e-05 	-4.3891075e-07 		0.01 -1.0521909e-06 -5.4656112e-08 100000 1
0.01125 102044.29 	-23.68945 	-0.012982954 	 177531.27 	-1.6867 	0.0136172 	 -1.40671e-07 	-0.0020848423 	0.029913064 	 -7.81085e-08 	-0.0022262429 	-0.003510076 	 -0.3517001 	-1216.4454 	-317.80606 	 -0.3022497 	0.00018170975 	6.18687e-07 	 -1.9892861 	2.3974e-05 	-4.07741e-07 		0.01125 -8.2440861e-07 -2.4564466e-08 100000 1
0.0125 96883.896 	-23.304917 	-0.011611553 	 172235.39 	-1.7061667 	0.011136933 	 -1.38679e-07 	-0.001906266 	0.029823332 	 -7.8639167e-08 	-0.0020806267 	-0.0035670537 	 -0.34479023 	-1138.7328 	-283.96442 	 -0.26632168 	0.00017778268 	5.9026167e-07 	 -1.856396 	2.3934e-05 	-3.83323e-07 		0.0125 -5.9901806e-07 5.5545804e-09 100000 1
0.01375 91667.385 	-22.9029 	-0.01031106 	 167536.42 	-1.7429167 	0.010110033 	 -1.3056617e-07 	-0.0016878176 	0.029740077 	 -7.5560367e-08 	-0.0018708485 	-0.0036204809 	 -0.33769265 	-1060.5978 	-244.99185 	 -0.23248797 	0.00017382067 	5.6214e-07 	 -1.7275027 	2.38275e-05 	-3.7316917e-07 		0.01375 -3.783399e-07 3.5667238e-08 100000 1
0.015 87110.589 	-22.51105 	-0.008571312 	 162956.9 	-1.7411 	0.0096276 	 -1.34347e-07 	-0.0016207306 	0.029693116 	 -7.92105e-08 	-0.00184411 	-0.0036441752 	 -0.3312747 	-996.96388 	-231.38753 	 -0.20040974 	0.00016978935 	5.31341e-07 	 -1.6031878 	2.3666e-05 	-3.68286e-07 		0.015 -1.6217278e-07 6.5574104e-08 100000 1
0.01625 83015.547 	-22.101917 	-0.0070210487 	 158939.82 	-1.7519 	0.0106958 	 -1.3192767e-07 	-0.0015144364 	0.02965526 	 -7.9145833e-08 	-0.0017549123 	-0.0036654638 	 -0.3247191 	-940.18218 	-212.68147 	 -0.17175701 	0.00016575922 	5.03211e-07 	 -1.4869453 	2.3438667e-05 	-3.78398e-07 		0.01625 4.4378982e-08 9.492886e-08 100000 1
0.0175 78920.504 	-21.692783 	-0.0054707853 	 154922.74 	-1.7627 	0.011764 	 -1.2950833e-07 	-0.0014081423 	0.029617404 	 -7.9081167e-08 	-0.0016657147 	-0.0036867524 	 -0.3181635 	-883.40047 	-193.97542 	 -0.14310428 	0.00016172908 	4.75081e-07 	 -1.3707029 	2.3211333e-05 	-3.8851e-07 		0.0175 2.5093075e-07 1.2428362e-07 100000 1
0.01875 74786.606 	-21.263475 	-0.004329001 	 151709.52 	-1.80335 	0.013970675 	 -1.185675e-07 	-0.0012546185 	0.029565481 	 -7.36117e-08 	-0.001488315 	-0.0037221427 	 -0.31113425 	-823.39523 	-168.29251 	 -0.1170593 	0.00015770535 	4.5070775e-07 	 -1.2605111 	2.2938e-05 	-4.09527e-07 		0.01875 4.5032609e-07 1.5331058e-07 100000 1
0.02 71486.294 	-20.858337 	-0.0027136118 	 148499.16 	-1.7882167 	0.0152776 	 -1.24388e-07 	-0.0012425055 	0.029578382 	 -7.8316167e-08 	-0.0015257004 	-0.0037082319 	 -0.30530225 	-782.02166 	-166.19756 	 -0.092280138 	0.00015364708 	4.23638e-07 	 -1.1546918 	2.2614167e-05 	-4.218445e-07 		0.02 6.4507306e-07 1.8172131e-07 100000 1
0.02125 68284.072 	-20.437683 	-0.0019155012 	 145871.46 	-1.7906833 	0.0144414 	 -1.22014e-07 	-0.0011767927 	0.029573019 	 -7.7320833e-08 	-0.0014703779 	-0.0037119284 	 -0.29901765 	-739.00865 	-155.59531 	 -0.069677271 	0.00014959162 	4.04724e-07 	 -1.0547464 	2.2188833e-05 	-4.124145e-07 		0.02125 8.3269054e-07 2.0971731e-07 100000 1
0.0225 65081.851 	-20.01703 	-0.0011173905 	 143243.75 	-1.79315 	0.0136052 	 -1.1964e-07 	-0.00111108 	0.029567656 	 -7.63255e-08 	-0.0014150555 	-0.0037156248 	 -0.29273305 	-695.99564 	-144.99305 	 -0.047074404 	0.00014553615 	3.8581e-07 	 -0.95480103 	2.17635e-05 	-4.029845e-07 		0.0225 1.020308e-06 2.3771332e-07 100000 1
0.02375 62023.08 	-19.58142 	-0.0012163178 	 141526.94 	-1.8096333 	0.0099443417 	 -1.1231117e-07 	-0.0010317322 	0.029551821 	 -7.1378033e-08 	-0.0013132368 	-0.0037313134 	 -0.28611657 	-652.33578 	-131.9399 	 -0.027271886 	0.00014147087 	3.7587417e-07 	 -0.86283555 	2.1194333e-05 	-3.6492567e-07 		0.02375 1.1985225e-06 2.650385e-07 100000 1
0.025 59537.504 	-19.159667 	-0.0009115775 	 139970.92 	-1.7858167 	0.0066947167 	 -1.1518067e-07 	-0.001016311 	0.029589077 	 -7.3155167e-08 	-0.001336898 	-0.0037078627 	 -0.28031818 	-621.25731 	-130.79179 	 -0.0084720689 	0.00013737668 	3.6325467e-07 	 -0.77488499 	2.0566833e-05 	-3.312968e-07 		0.025 1.3719126e-06 2.9127514e-07 100000 1
0.02625 57079.825 	-18.72326 	-0.0007633115 	 138816.15 	-1.76795 	0.00479379 	 -1.12662e-07 	-0.0009757794 	0.029607663 	 -7.17865e-08 	-0.0013047486 	-0.0037006262 	 -0.27407885 	-588.03105 	-125.07341 	 0.0091358981 	0.00013326935 	3.52264e-07 	 -0.69079669 	1.98575e-05 	-3.108294e-07 		0.02625 1.5404528e-06 3.1663878e-07 100000 1
0.0275 54611.737 	-18.278552 	-0.00067267725 	 137894.77 	-1.7554333 	0.0037086975 	 -1.0765758e-07 	-0.00092798674 	0.029615425 	 -6.8960042e-08 	-0.0012470469 	-0.0037024577 	 -0.26759437 	-553.2817 	-117.532 	 0.026154868 	0.00012915604 	3.4180158e-07 	 -0.60865244 	1.9111083e-05 	-2.9831316e-07 		0.0275 1.7065819e-06 3.4154044e-07 100000 1
0.02875 52452.118 	-17.827872 	-0.00051064658 	 137569.62 	-1.7302333 	0.0038883775 	 -1.0475358e-07 	-0.00089659247 	0.029644512 	 -6.7880042e-08 	-0.0012241368 	-0.0036907473 	 -0.26123317 	-523.47458 	-113.66804 	 0.041505234 	0.00012501191 	3.3119358e-07 	 -0.53239046 	1.825375e-05 	-2.9834769e-07 		0.02875 1.865487e-06 3.650071e-07 100000 1
0.03 50622.31 	-17.37897 	0.000626965 	 137763.04 	-1.693 	0.005160999 	 -1.040775e-07 	-0.00088017085 	0.029694188 	 -6.84285e-08 	-0.0012349645 	-0.0036655754 	 -0.25507845 	-498.97969 	-113.15387 	 0.055476699 	0.0001208614 	3.11597e-07 	 -0.46196759 	1.73798e-05 	-3.0937175e-07 		0.03 2.0170541e-06 3.86872e-07 100000 1
0.03125 48789.207 	-16.92435 	0.0020083397 	 138163.94 	-1.6613333 	0.0071921777 	 -1.0095817e-07 	-0.00085601288 	0.029732793 	 -6.7479833e-08 	-0.0012198885 	-0.0036494983 	 -0.24870632 	-473.08504 	-110.70746 	 0.068955735 	0.00011671307 	2.89581e-07 	 -0.39347438 	1.65002e-05 	-3.2782655e-07 		0.03125 2.1661721e-06 4.0821931e-07 100000 1
0.0325 46927.121 	-16.45731 	0.0038429548 	 139018.57 	-1.6470333 	0.010733694 	 -9.3458667e-08 	-0.00082496554 	0.029747304 	 -6.3690367e-08 	-0.0011550088 	-0.0036526542 	 -0.2418839 	-443.96812 	-104.80315 	 0.08146038 	0.0001125736 	2.6295317e-07 	 -0.32885447 	1.562265e-05 	-3.6103488e-07 		0.0325 2.3104469e-06 4.2857745e-07 100000 1
0.03375 45532.361 	-16.00234 	0.006562823 	 140244.37 	-1.6069 	0.014037853 	 -9.43965e-08 	-0.00081855141 	0.029824279 	 -6.57795e-08 	-0.0012014877 	-0.0036107939 	 -0.23581325 	-425.73526 	-107.96404 	 0.093106811 	0.0001084101 	2.28437e-07 	 -0.26814114 	1.47076e-05 	-3.9236655e-07 		0.03375 2.4497891e-06 4.4772096e-07 100000 1
0.035 44222.787 	-15.538347 	0.008529101 	 142313.66 	-1.5749667 	0.01714506 	 -9.0921833e-08 	-0.00080635336 	0.029881669 	 -6.4926167e-08 	-0.0012005901 	-0.0035854172 	 -0.22937785 	-405.55388 	-108.14998 	 0.10314549 	0.00010426083 	2.01693e-07 	 -0.21535161 	1.3789733e-05 	-4.2136815e-07 		0.035 2.5794447e-06 4.6484207e-07 100000 1
0.03625 42913.214 	-15.074353 	0.010495379 	 144382.94 	-1.5430333 	0.020252266 	 -8.7447167e-08 	-0.00079415532 	0.02993906 	 -6.4072833e-08 	-0.0011996925 	-0.0035600405 	 -0.22294245 	-385.37251 	-108.33593 	 0.11318418 	0.00010011157 	1.74949e-07 	 -0.16256209 	1.2871867e-05 	-4.5036975e-07 		0.03625 2.7091003e-06 4.8196318e-07 100000 1
0.0375 41542.705 	-14.595317 	0.011763997 	 147134.63 	-1.536125 	0.023753914 	 -7.8292e-08 	-0.00078082536 	0.029957908 	 -5.9083475e-08 	-0.0011225322 	-0.0035638486 	 -0.21591415 	-360.07087 	-103.14637 	 0.12199981 	9.5978925e-05 	1.549775e-07 	 -0.11571766 	1.1961175e-05 	-4.8281087e-07 		0.0375 2.8316137e-06 4.9773273e-07 100000 1
0.03875 40785.54 	-14.136708 	0.013234407 	 150326.1 	-1.4896667 	0.024992932 	 -8.0335167e-08 	-0.00077914341 	0.03007254 	 -6.219e-08 	-0.0012104515 	-0.003499012 	 -0.20997763 	-350.35575 	-111.16489 	 0.13018074 	9.1814432e-05 	1.343245e-07 	 -0.072961938 	1.099535e-05 	-4.9350335e-07 		0.03875 2.9490319e-06 5.119493e-07 100000 1
0.04 39915.374 	-13.665882 	0.014149825 	 154220.58 	-1.4545333 	0.026889773 	 -7.7049833e-08 	-0.00077614036 	0.030149119 	 -6.0848e-08 	-0.001221705 	-0.0034621323 	 -0.20348097 	-334.91801 	-113.85291 	 0.13731037 	8.7651158e-05 	1.189545e-07 	 -0.036478602 	1.001035e-05 	-5.1026735e-07 		0.04 3.0592543e-06 5.2469348e-07 100000 1
0.04125 39045.208 	-13.195055 	0.015065243 	 158115.05 	-1.4194 	0.028786614 	 -7.37645e-08 	-0.0007731373 	0.030225698 	 -5.9506e-08 	-0.0012329585 	-0.0034252527 	 -0.1969843 	-319.48027 	-116.54092 	 0.14443999 	8.3487885e-05 	1.035845e-07 	 4.7341e-06 	9.02535e-06 	-5.2703135e-07 		0.04125 3.1694768e-06 5.3743766e-07 100000 1
0.0425 38237.244 	-12.709385 	0.015420681 	 162971.75 	-1.3974833 	0.030958943 	 -6.7598667e-08 	-0.00077832141 	0.030280562 	 -5.5237317e-08 	-0.0011937181 	-0.0034038116 	 -0.1900241 	-301.81974 	-115.9308 	 0.15020446 	7.9312413e-05 	9.3725333e-08 	 0.028119268 	7.9966667e-06 	-5.4609837e-07 		0.0425 3.2700801e-06 5.4810196e-07 100000 1
0.04375 37844.156 	-12.236408 	0.01598149 	 168391.25 	-1.3480667 	0.03155939 	 -6.77015e-08 	-0.0007778418 	0.030404188 	 -5.6038667e-08 	-0.0012696485 	-0.0033339428 	 -0.1837244 	-295.04604 	-125.2888 	 0.15543197 	7.5116332e-05 	8.2787167e-08 	 0.051679626 	6.9326333e-06 	-5.5004802e-07 		0.04375 3.3655428e-06 5.5707815e-07 100000 1
0.045 37337.073 	-11.756755 	0.016382753 	 174326.19 	-1.3046 	0.032677024 	 -6.44435e-08 	-0.00078284584 	0.030501669 	 -5.4488e-08 	-0.0012918475 	-0.0032816721 	 -0.1770878 	-283.96837 	-130.785 	 0.16004716 	7.0914865e-05 	7.32205e-08 	 0.070693261 	5.8556e-06 	-5.5888175e-07 		0.045 3.456171e-06 5.6496674e-07 100000 1
0.04625 36790.61 	-11.272465 	0.016706706 	 180514.53 	-1.2665167 	0.034022786 	 -5.9764667e-08 	-0.00079394129 	0.030585404 	 -5.1897583e-08 	-0.0012851186 	-0.0032380141 	 -0.17027186 	-270.94228 	-133.93026 	 0.16435817 	6.6709755e-05 	6.42825e-08 	 0.087436126 	4.7702933e-06 	-5.698286e-07 		0.04625 3.5443937e-06 5.7232248e-07 100000 1
0.0475 36507.353 	-10.785372 	0.017021291 	 187538.39 	-1.2259833 	0.034794026 	 -5.6204667e-08 	-0.00080248106 	0.030693866 	 -5.0590917e-08 	-0.0013124562 	-0.0031769225 	 -0.16350226 	-263.05937 	-140.96675 	 0.16779898 	6.2487368e-05 	5.5825167e-08 	 0.097351346 	3.65236e-06 	-5.750962e-07 		0.0475 3.6251764e-06 5.7762382e-07 100000 1
0.04875 36369.148 	-10.30029 	0.017352377 	 195502.71 	-1.1733 	0.035108194 	 -5.4054e-08 	-0.00080875029 	0.030828316 	 -5.03055e-08 	-0.0013730411 	-0.0030957611 	 -0.15684325 	-259.10628 	-152.12109 	 0.17045248 	5.8256037e-05 	4.7646e-08 	 0.099681177 	2.530275e-06 	-5.7589885e-07 		0.04875 3.6984442e-06 5.8082136e-07 100000 1
0.05 36152.179 	-9.8121767 	0.017614774 	 203755.41 	-1.1227667 	0.035689641 	 -5.0579333e-08 	-0.00082120596 	0.03094944 	 -4.8892833e-08 	-0.0014044251 	-0.0030223338 	 -0.15002632 	-252.80032 	-161.00003 	 0.17282944 	5.4023839e-05 	4.0028e-08 	 0.099487657 	1.4094083e-06 	-5.7921938e-07 		0.05 3.7692817e-06 5.8346959e-07 100000 1
0.05125 35827.126 	-9.3157017 	0.01770421 	 212563.46 	-1.0818167 	0.036641903 	 -4.5027667e-08 	-0.00085301573 	0.031042346 	 -4.5448383e-08 	-0.0013717031 	-0.00296333 	 -0.1428766 	-242.42653 	-163.95552 	 0.17465566 	4.978883e-05 	3.3828e-08 	 0.094263942 	2.8922833e-07 	-5.858984e-07 		0.05125 3.8352778e-06 5.8502742e-07 100000 1
0.0525 36025.4 	-8.82594 	0.018043243 	 222112.55 	-1.0283 	0.036580305 	 -4.3758e-08 	-0.00085199112 	0.03121068 	 -4.59085e-08 	-0.0014732624 	-0.0028569758 	 -0.13616205 	-246.16328 	-181.61448 	 0.17598756 	4.5544726e-05 	2.6051e-08 	 0.083937507 	-8.36725e-07 	-5.8293985e-07 		0.0525 3.8960764e-06 5.8476771e-07 100000 1
0.05375 36019.709 	-8.3334933 	0.018090901 	 233022.82 	-0.9743 	0.037058925 	 -4.0374667e-08 	-0.00087231963 	0.031359132 	 -4.43825e-08 	-0.0015108795 	-0.0027540252 	 -0.12915912 	-246.24146 	-194.57902 	 0.17629861 	4.1300805e-05 	2.1053667e-08 	 0.062279271 	-1.945025e-06 	-5.8512658e-07 		0.05375 3.9470311e-06 5.8214688e-07 100000 1
0.055 36014.018 	-7.8410467 	0.018138558 	 243933.09 	-0.9203 	0.037537545 	 -3.6991333e-08 	-0.00089264815 	0.031507583 	 -4.28565e-08 	-0.0015484967 	-0.0026510746 	 -0.12215618 	-246.31964 	-207.54356 	 0.17660965 	3.7056885e-05 	1.6056333e-08 	 0.040621035 	-3.053325e-06 	-5.8731332e-07 		0.055 3.9979858e-06 5.7952604e-07 100000 1
0.05625 35786.062 	-7.3389725 	0.017825899 	 255764.07 	-0.8794 	0.038483475 	 -3.123525e-08 	-0.00095344745 	0.031612253 	 -3.8753475e-08 	-0.0014782878 	-0.0025628614 	 -0.11471687 	-240.45503 	-208.79073 	 0.1761423 	3.281181e-05 	1.4185e-08 	 0.010538586 	-4.147425e-06 	-5.9370225e-07 		0.05625 4.041665e-06 5.7532478e-07 100000 1
0.0575 36292.326 	-6.8492783 	0.017877681 	 268628.81 	-0.82001667 	0.038619267 	 -3.0245833e-08 	-0.00094154572 	0.031834362 	 -3.981215e-08 	-0.0016270385 	-0.0024089594 	 -0.1078686 	-257.09903 	-237.96962 	 0.17523201 	2.8565337e-05 	9.9778333e-09 	 -0.025753154 	-5.2364e-06 	-5.927595e-07 		0.0575 4.0800099e-06 5.6907917e-07 100000 1
0.05875 36404.716 	-6.3552917 	0.01746672 	 282587.66 	-0.76328333 	0.039046733 	 -2.6911167e-08 	-0.00097109465 	0.032014316 	 -3.836075e-08 	-0.0016647643 	-0.0022642788 	 -0.1006476 	-267.23312 	-255.32161 	 0.17355642 	2.4318049e-05 	9.9571667e-09 	 -0.071506408 	-6.3036e-06 	-5.943575e-07 		0.05875 4.1110636e-06 5.6133653e-07 100000 1
0.06 36517.106 	-5.861305 	0.01705576 	 296546.52 	-0.70655 	0.0394742 	 -2.35765e-08 	-0.0010006436 	0.03219427 	 -3.690935e-08 	-0.0017024902 	-0.0021195983 	 -0.0934266 	-277.36722 	-272.67359 	 0.17188083 	2.007076e-05 	9.9365e-09 	 -0.11725966 	-7.3708e-06 	-5.959555e-07 		0.06 4.1421173e-06 5.535939e-07 100000 1
0.06125 36484.425 	-5.3604383 	0.016185039 	 311981.86 	-0.65923333 	0.039888917 	 -1.9254333e-08 	-0.0010689853 	0.032352 	 -3.4054517e-08 	-0.0016581098 	-0.0019646225 	 -0.085858133 	-288.35225 	-280.50625 	 0.16920179 	1.5819518e-05 	1.4243667e-08 	 -0.17561241 	-8.41395e-06 	-5.9708533e-07 		0.06125 4.1633396e-06 5.4359804e-07 100000 1
0.0625 36917.316 	-4.868715 	0.015515688 	 328603.18 	-0.6004 	0.039507433 	 -1.7132833e-08 	-0.0010739182 	0.032596594 	 -3.4137483e-08 	-0.0017683236 	-0.0017629149 	 -0.078584567 	-318.2872 	-312.17012 	 0.16605657 	1.1566733e-05 	1.73955e-08 	 -0.24128901 	-9.4349333e-06 	-5.907805e-07 		0.0625 4.1793558e-06 5.3189294e-07 100000 1
0.06375 37030.191 	-4.374415 	0.0145933 	 346031.7 	-0.5417 	0.0386831 	 -1.41215e-08 	-0.0011160303 	0.032810874 	 -3.270215e-08 	-0.0017930476 	-0.0015572167 	 -0.0710721 	-345.98318 	-332.40678 	 0.16238857 	7.30492e-06 	2.27895e-08 	 -0.3138708 	-1.04384e-05 	-5.798425e-07 		0.06375 4.1904929e-06 5.1927502e-07 100000 1
0.065 37002.538 	-3.8776683 	0.013539842 	 363823.13 	-0.48520083 	0.037636025 	 -1.0917e-08 	-0.0011814375 	0.033008597 	 -3.0620342e-08 	-0.0017724744 	-0.0013457573 	 -0.063437775 	-373.41115 	-345.29359 	 0.15845662 	3.0382067e-06 	2.9335167e-08 	 -0.38982932 	-1.143525e-05 	-5.6654983e-07 		0.065 4.1991839e-06 5.061866e-07 100000 1
0.06625 37123.726 	-3.380375 	0.012398185 	 383044.9 	-0.4315075 	0.035706825 	 -8.1863333e-09 	-0.0012308493 	0.033240366 	 -2.9119142e-08 	-0.0017862748 	-0.0011035838 	 -0.055706975 	-413.39818 	-366.31253 	 0.15378079 	-1.2366733e-06 	3.69485e-08 	 -0.47650062 	-1.2400583e-05 	-5.4447783e-07 		0.06625 4.2003639e-06 4.911986e-07 100000 1
0.0675 37264.213 	-2.889545 	0.011690867 	 403922.39 	-0.37152 	0.0342827 	 -5.8455e-09 	-0.0012685436 	0.033500207 	 -2.836845e-08 	-0.001820599 	-0.00081287365 	 -0.04794797 	-472.44667 	-391.29506 	 0.14831871 	-5.49614e-06 	4.05725e-08 	 -0.57470477 	-1.3325e-05 	-5.27644e-07 		0.0675 4.1939401e-06 4.744691e-07 100000 1
0.06875 37220.99 	-2.398605 	0.011026658 	 425237.9 	-0.3107 	0.033098233 	 -3.2835e-09 	-0.0013309589 	0.033741502 	 -2.7027917e-08 	-0.0018050095 	-0.00051046122 	 -0.040089863 	-533.39462 	-407.53821 	 0.14257856 	-9.7526467e-06 	4.36625e-08 	 -0.67655899 	-1.4239667e-05 	-5.13128e-07 		0.06875 4.1850392e-06 4.5732178e-07 100000 1
0.07 36787.502 	-1.9047118 	0.010341006 	 447302.96 	-0.252025 	0.032402667 	 -7.1016667e-10 	-0.001451732 	0.033945956 	 -2.4719583e-08 	-0.001691366 	-0.00017283905 	 -0.032029173 	-600.22616 	-403.63665 	 0.13626353 	-1.4009633e-05 	4.6723833e-08 	 -0.78542982 	-1.5137333e-05 	-5.0329667e-07 		0.07 4.1711765e-06 4.3930215e-07 100000 1
0.07125 36822.334 	-1.418299 	0.01038068 	 470769.03 	-0.19457 	0.031872 	 1.5875e-09 	-0.0014752948 	0.03423838 	 -2.458785e-08 	-0.0017297456 	0.00018472212 	 -0.02405751 	-686.35946 	-432.99529 	 0.12950182 	-1.82381e-05 	4.30575e-08 	 -0.90304181 	-1.5993e-05 	-4.9543e-07 		0.07125 4.1521428e-06 4.1976812e-07 100000 1
0.0725 36729.866 	-1.1655199 	0.010220251 	 485303 	-0.16720216 	0.031697278 	 2.7841667e-09 	-0.0015130042 	0.034363791 	 -2.3997917e-08 	-0.0017072559 	0.00036604783 	 -0.019886084 	-728.50294 	-441.14961 	 0.1260996 	-2.0357167e-05 	4.2340833e-08 	 -0.96156039 	-1.6425e-05 	-4.9195e-07 		0.0725 4.1331435e-06 4.0449563e-07 100000 1
0.07375 36637.398 	-0.91274081 	0.010059822 	 499836.97 	-0.13983431 	0.031522555 	 3.9808333e-09 	-0.0015507136 	0.034489201 	 -2.3407983e-08 	-0.0016847662 	0.00054737354 	 -0.015714658 	-770.64641 	-449.30394 	 0.12269738 	-2.2476233e-05 	4.1624167e-08 	 -1.020079 	-1.6857e-05 	-4.8847e-07 		0.07375 4.1141443e-06 3.8922314e-07 100000 1
0.075 35388.419 	-0.81381621 	0.0093480682 	 509948.32 	-0.14030647 	0.031703333 	 4.1165e-09 	-0.0016439419 	0.034460583 	 -2.18249e-08 	-0.0015593105 	0.00061083452 	 -0.014036652 	-765.45186 	-426.72098 	 0.12176065 	-2.303105e-05 	4.61615e-08 	 -1.0335708 	-1.69795e-05 	-4.8833e-07 		0.075 4.0877872e-06 3.7278912e-07 100000 1
