# y jRe_x jRe_y jRe_z jIm_x jIm_y jIm_z BRe_x BRe_y BRe_z BIm_x BIm_y BIm_z F_x F_y F_z VReGrad_x VReGrad_y VReGrad_z VImGrad_x VImGrad_y VImGrad_z s VRe VIm sigma mur
-0.075 -11289890 	-1.7872105 	0.267595 	 -17799591 	0.2308 	-0.08585 	 -1.4058e-09 	0.027027425 	0.052667806 	 -2.9821405e-09 	0.0084950076 	0.0093930112 	 -0.04720274 	380967.28 	-229239.29 	 -1.9480043 	-1.62327e-05 	-3.972825e-06 	 4.455836 	2.61605e-05 	2.51857e-06 		-0.075 1.3367651e-06 -1.9766764e-06 1200000 1
-0.07375 -11855765 	0.042876016 	1.835328 	 -13354637 	-0.80953577 	-0.55906896 	 -7.5072513e-10 	0.030488771 	0.043757272 	 -2.5497425e-09 	0.0085226246 	-0.0012885213 	 -0.026429891 	251742.91 	-238242.91 	 -2.0500179 	-1.8003157e-05 	-5.3570394e-06 	 3.8008065 	2.7399387e-05 	2.9265659e-06 		-0.07375 1.3168954e-06 -1.9437778e-06 1200000 1
-0.0725 -11350767 	-0.86824748 	0.82524399 	 -9765038.3 	-0.15441922 	0.76583541 	 -1.9624412e-09 	0.032374157 	0.033266713 	 -1.6803777e-09 	0.0068985878 	-0.0093116702 	 -0.029792362 	143627.2 	-217677.19 	 -2.1768634 	-1.7453184e-05 	-4.5580728e-06 	 2.9944336 	2.7189636e-05 	1.85622e-06 		-0.0725 1.2932939e-06 -1.9096427e-06 1200000 1
-0.07125 -10293905 	0.45060499 	1.9076878 	 -7157733.2 	0.3463888 	-0.16819577 	 -2.2034782e-09 	0.032432199 	0.024845387 	 -1.634483e-09 	0.0048484759 	-0.012656301 	 -0.027422749 	83023.947 	-185156.65 	 -2.2993538 	-1.8677969e-05 	-5.5125083e-06 	 2.2250896 	2.7030013e-05 	2.6617436e-06 		-0.07125 1.2714948e-06 -1.8758395e-06 1200000 1
-0.07 -9067757.1 	-1.6610691 	0.11931398 	 -5218422.4 	0.56554761 	1.1366105 	 -3.7214676e-09 	0.031169639 	0.018106177 	 -1.3592714e-09 	0.0024981551 	-0.013586901 	 -0.022760563 	47055.418 	-148911.13 	 -2.4178098 	-1.6988201e-05 	-4.049565e-06 	 1.4887941 	2.7097095e-05 	1.6194616e-06 		-0.07 1.2487888e-06 -1.8414327e-06 1200000 1
-0.06875 -7850368.7 	0.95230788 	1.3325002 	 -3739875.9 	0.53339001 	0.64075141 	 -4.8740291e-09 	0.028910687 	0.012784853 	 -5.5028478e-10 	-1.3903162e-05 	-0.013241316 	 -0.016952695 	25518.781 	-113697.84 	 -2.53255 	-1.920797e-05 	-5.0959119e-06 	 0.78411707 	2.7413444e-05 	2.0468576e-06 		-0.06875 1.2260498e-06 -1.8076124e-06 1200000 1
-0.0675 -6681986.6 	-1.686873 	-0.050586242 	 -2762348.6 	1.6390544 	1.5015434 	 -5.0523783e-09 	0.0263274 	0.0087245311 	 -1.0489825e-09 	-0.0017419428 	-0.012117603 	 -0.015575411 	12550.876 	-85912.547 	 -2.6443346 	-1.7018182e-05 	-3.9620287e-06 	 0.11100417 	2.6642564e-05 	1.3729676e-06 		-0.0675 1.2045577e-06 -1.7734551e-06 1200000 1
-0.06625 -5637946 	-0.4767497 	0.95762496 	 -2172021.1 	1.0319856 	0.91443016 	 -4.6976309e-09 	0.023611637 	0.0057843992 	 -1.3931791e-10 	-0.0027007558 	-0.01071409 	 -0.017216284 	4893.8522 	-64425.911 	 -2.7534613 	-1.7995482e-05 	-4.8335075e-06 	 -0.5310492 	2.7345292e-05 	1.8835158e-06 		-0.06625 1.1811856e-06 -1.7401422e-06 1200000 1
-0.065 -4768125 	-0.26354439 	1.7770417 	 -1777724.6 	1.7106238 	0.2667803 	 -2.7806259e-09 	0.020958941 	0.0036786023 	 -6.5473507e-10 	-0.0034064749 	-0.0092407999 	 -0.026555207 	672.68071 	-47442.946 	 -2.8600216 	-1.8174729e-05 	-5.5471593e-06 	 -1.1426501 	2.6877491e-05 	2.4490196e-06 		-0.065 1.1601367e-06 -1.7066628e-06 1200000 1
-0.06375 -4050540.8 	-1.5483136 	0.82084859 	 -1526708.3 	0.90734609 	1.4052831 	 -2.9883997e-09 	0.018553878 	0.0022777911 	 4.4321361e-10 	-0.0037937396 	-0.0078244105 	 -0.010220337 	-1341.7962 	-34784.782 	 -2.9643733 	-1.7091794e-05 	-4.7741587e-06 	 -1.7252463 	2.7700475e-05 	1.5316977e-06 		-0.06375 1.1368953e-06 -1.6724439e-06 1200000 1
-0.0625 -3463170.4 	0.34943024 	2.4955054 	 -1426528.3 	1.925694 	-0.017681324 	 -1.123812e-09 	0.016523355 	0.0016388628 	 -1.484092e-10 	-0.0037145285 	-0.0065038809 	 -0.027338293 	-1795.4611 	-26141.957 	 -3.0665995 	-1.8665974e-05 	-6.2221173e-06 	 -2.2780952 	2.6988569e-05 	2.7252623e-06 		-0.0625 1.1154102e-06 -1.63884e-06 1200000 1
-0.06125 -2984483.9 	-1.3744566 	-0.0061871417 	 -1379684.2 	1.3966672 	1.7686808 	 -1.595277e-09 	0.014687278 	0.0013790446 	 3.6205217e-10 	-0.0034473768 	-0.0053912279 	 -0.0014408384 	-1655.773 	-19849.612 	 -3.1670035 	-1.7227315e-05 	-4.1750647e-06 	 -2.8035491 	2.7567825e-05 	1.2753343e-06 		-0.06125 1.0921202e-06 -1.603809e-06 1200000 1
-0.06 -2597607.9 	1.1049679 	1.498363 	 -1275045.7 	0.96590131 	0.93177477 	 -9.8254544e-10 	0.013069481 	0.0011872427 	 1.0345159e-09 	-0.0033907501 	-0.0044868717 	 -0.010478457 	-1319.5692 	-14927.182 	 -3.2658832 	-1.9285987e-05 	-5.4914384e-06 	 -3.3033421 	2.8082171e-05 	1.9738897e-06 		-0.06 1.0694874e-06 -1.5695609e-06 1200000 1
-0.05875 -2281546.5 	-1.9132819 	-0.54066188 	 -1200862.5 	2.4312555 	2.359276 	 -5.6108212e-10 	0.011653639 	0.0011080178 	 7.8775277e-10 	-0.0031575974 	-0.0037941442 	 0.0018993606 	-1011.6993 	-11445.817 	 -3.3634611 	-1.6818994e-05 	-3.8453642e-06 	 -3.7771085 	2.6916218e-05 	8.1917369e-07 		-0.05875 1.0477048e-06 -1.5342727e-06 1200000 1
-0.0575 -2021202.7 	0.36046119 	1.0446569 	 -1167317 	0.89742681 	1.2135859 	 -1.1435325e-09 	0.010328787 	0.0010704299 	 1.8230498e-09 	-0.0026578547 	-0.0033451932 	 -0.005544583 	-873.68357 	-9015.019 	 -3.4598748 	-1.8678934e-05 	-5.2479316e-06 	 -4.2250301 	2.8423495e-05 	1.775832e-06 		-0.0575 1.0243516e-06 -1.5004663e-06 1200000 1
-0.05625 -1809016.7 	-0.29916826 	1.6917103 	 -1131100.8 	2.0564485 	0.53927039 	 -1.2961792e-11 	0.0092357008 	0.0010646419 	 1.1427789e-09 	-0.002202766 	-0.0030162846 	 -0.010442651 	-750.20235 	-7240.4858 	 -3.555345 	-1.8177367e-05 	-5.8694161e-06 	 -4.6484952 	2.7582066e-05 	2.3506245e-06 		-0.05625 1.0029084e-06 -1.4660497e-06 1200000 1
-0.055 -1634949.8 	-1.0340148 	0.82561021 	 -1074785.3 	0.93696533 	1.3353097 	 -1.639376e-09 	0.0084804386 	0.0010512144 	 2.9272214e-09 	-0.0018976425 	-0.0027721235 	 -0.0031976518 	-632.87705 	-5961.6806 	 -3.6503607 	-1.7573222e-05 	-5.2234135e-06 	 -5.0495183 	2.8692146e-05 	1.7087751e-06 		-0.055 9.7952538e-07 -1.4310786e-06 1200000 1
-0.05375 -1483591.8 	-0.15839996 	3.2833484 	 -1040559.6 	2.7759751 	-0.40105965 	 7.4297056e-10 	0.0077261894 	0.0011332222 	 1.9317477e-09 	-0.0015568735 	-0.0025899671 	 -0.018317983 	-509.70441 	-4960.1853 	 -3.7448605 	-1.8360109e-05 	-7.3718388e-06 	 -5.4274569 	2.7291813e-05 	3.1480479e-06 		-0.05375 9.5853311e-07 -1.3969764e-06 1200000 1
-0.0525 -1342954.8 	-1.2884288 	0.15328586 	 -1009794.7 	1.2883208 	1.4470729 	 -1.0716959e-09 	0.0068780067 	0.0012525778 	 3.3933113e-09 	-0.0012181096 	-0.0024459608 	 -0.00082741205 	-401.39867 	-4071.7966 	 -3.8393714 	-1.74296e-05 	-4.8402987e-06 	 -5.7848185 	2.8645288e-05 	1.645062e-06 		-0.0525 9.3450599e-07 -1.3606304e-06 1200000 1
-0.05125 -1215967.4 	1.2454084 	2.2995105 	 -947726.55 	1.2416477 	0.044936705 	 -2.0531301e-10 	0.0062847149 	0.0013041916 	 3.8196907e-09 	-0.0010284662 	-0.0023244802 	 -0.0092290275 	-313.54991 	-3383.687 	 -3.9344741 	-1.9531693e-05 	-6.7269084e-06 	 -6.1235129 	2.8856638e-05 	2.8037666e-06 		-0.05125 9.1202901e-07 -1.3255515e-06 1200000 1
-0.05 -1098817.6 	-2.5917873 	-0.65040302 	 -875653.94 	2.9015048 	1.8504789 	 5.1249193e-11 	0.0058455294 	0.0013099115 	 4.8231869e-09 	-0.00089523209 	-0.0022244882 	 -0.00029679597 	-254.78498 	-2847.1976 	 -4.0304901 	-1.6380979e-05 	-4.3421719e-06 	 -6.4443593 	2.7503506e-05 	1.325847e-06 		-0.05 8.8976335e-07 -1.2892548e-06 1200000 1
-0.04875 -986307.9 	1.3126631 	1.8115596 	 -821308.57 	1.0647123 	0.21966442 	 -4.7624589e-10 	0.0052310659 	0.0012847012 	 5.7952927e-09 	-0.0006380405 	-0.0021864862 	 -0.005958975 	-266.4597 	-2358.523 	 -4.1274675 	-1.9545079e-05 	-6.4764745e-06 	 -6.7471198 	2.9261401e-05 	2.6749839e-06 		-0.04875 8.6675462e-07 -1.2547148e-06 1200000 1
-0.0475 -879571.28 	-0.46836193 	1.6122534 	 -777676.28 	2.1734316 	0.10377106 	 8.6178318e-10 	0.0045413731 	0.0012600692 	 5.3363272e-09 	-0.00035092642 	-0.002168671 	 -0.0060116304 	-295.64058 	-1916.7805 	 -4.2256062 	-1.8097445e-05 	-6.3749656e-06 	 -7.0331228 	2.8429963e-05 	2.7786524e-06 		-0.0475 8.4507424e-07 -1.2195564e-06 1200000 1
-0.04625 -784768.88 	-0.36760627 	1.2952978 	 -724161.49 	1.5742222 	0.28207527 	 -8.7994236e-10 	0.0043455069 	0.0012059194 	 7.5332325e-09 	-0.00019872602 	-0.0021462089 	 -0.0030492623 	-306.78998 	-1677.0665 	 -4.3257441 	-1.8128548e-05 	-6.162978e-06 	 -7.3045548 	2.9087909e-05 	2.6334388e-06 		-0.04625 8.2161619e-07 -1.1842561e-06 1200000 1
-0.045 -693394.91 	-0.84367407 	3.9407794 	 -682472.58 	3.8961139 	-0.84852049 	 2.2985523e-09 	0.004063792 	0.0011841077 	 6.5987527e-09 	-3.5119903e-05 	-0.0021237035 	 -0.015608602 	-314.70313 	-1438.6593 	 -4.4276956 	-1.7786341e-05 	-8.4239985e-06 	 -7.5611923 	2.7292566e-05 	3.5484914e-06 		-0.045 8.0139073e-07 -1.1497788e-06 1200000 1
-0.04375 -601408.45 	-0.95133105 	0.54306188 	 -651671.68 	1.9424804 	0.49999436 	 7.765653e-12 	0.0034724154 	0.0012100923 	 8.6594609e-09 	0.00014714411 	-0.0020934768 	 -0.0010370963 	-321.8019 	-1138.1013 	 -4.5320149 	-1.7630216e-05 	-5.62082e-06 	 -7.8046264 	2.9001028e-05 	2.4428302e-06 		-0.04375 7.7648508e-07 -1.1133975e-06 1200000 1
-0.0425 -513710.68 	1.781042 	3.222424 	 -615699.24 	2.182987 	-0.47479857 	 1.5292495e-09 	0.0030036411 	0.0012182138 	 8.265465e-09 	0.00028670353 	-0.0020595554 	 -0.0079043053 	-325.31574 	-902.14971 	 -4.6393793 	-1.9877895e-05 	-7.8927348e-06 	 -8.0364879 	2.8955375e-05 	3.2266387e-06 		-0.0425 7.5435891e-07 -1.078257e-06 1200000 1
-0.04125 -432243.48 	-2.8688593 	-0.80804967 	 -569598.62 	3.1440592 	0.86159569 	 1.8738129e-09 	0.0029064915 	0.0011818027 	 1.0282782e-08 	0.00035284979 	-0.0020172774 	 -0.00037968191 	-320.43039 	-767.09937 	 -4.750729 	-1.5989061e-05 	-4.562601e-06 	 -8.2583525 	2.8161541e-05 	2.1194488e-06 		-0.04125 7.3141939e-07 -1.0420296e-06 1200000 1
-0.04 -352011.41 	3.196515 	3.0440725 	 -532757.58 	2.4215894 	-0.28839389 	 1.7086918e-09 	0.0025778149 	0.0011461458 	 1.0422721e-08 	0.00049191013 	-0.0019961583 	 -0.0061567352 	-331.09998 	-625.50596 	 -4.8657851 	-2.0938611e-05 	-7.7978558e-06 	 -8.4696486 	2.8980524e-05 	3.0523174e-06 		-0.04 7.0881288e-07 -1.0071865e-06 1200000 1
-0.03875 -271810.74 	-1.1257093 	1.1625946 	 -506334.91 	2.6460761 	0.15062857 	 2.5275487e-09 	0.0019634369 	0.0011342194 	 1.0590265e-08 	0.00069897126 	-0.0019945758 	 -0.0032632602 	-356.07392 	-492.40904 	 -4.9844255 	-1.7361455e-05 	-6.2486873e-06 	 -8.6710751 	2.8874329e-05 	2.6906666e-06 		-0.03875 6.8683064e-07 -9.7160753e-07 1200000 1
-0.0375 -196619.31 	0.82740254 	1.8063459 	 -478789.4 	2.5090627 	-0.28059107 	 8.4087245e-10 	0.0017671035 	0.0011033319 	 1.1624172e-08 	0.00085585114 	-0.0019908807 	 -0.0014678714 	-372.41634 	-436.87877 	 -5.1078756 	-1.8925264e-05 	-6.7994339e-06 	 -8.8646845 	2.9176532e-05 	3.0541672e-06 		-0.0375 6.63088e-07 -9.3636729e-07 1200000 1
-0.03625 -123699.78 	-2.066987 	4.0575898 	 -454706.82 	4.2794274 	-0.18793913 	 3.3707396e-09 	0.0017277134 	0.0010771033 	 1.1652769e-08 	0.00099976414 	-0.001988767 	 -0.012788994 	-386.0462 	-406.97903 	 -5.2359179 	-1.6577189e-05 	-8.6958437e-06 	 -9.0504347 	2.7892268e-05 	2.9626439e-06 		-0.03625 6.4385687e-07 -9.0093937e-07 1200000 1
-0.035 -48052.837 	-0.38817285 	0.5523552 	 -437529.29 	2.7426577 	-0.37696224 	 1.1209392e-09 	0.0012937569 	0.001093221 	 1.3071249e-08 	0.0011599111 	-0.0019854255 	 0.0011512643 	-410.57267 	-358.73763 	 -5.3689146 	-1.792061e-05 	-5.7888632e-06 	 -9.2290507 	2.9288331e-05 	3.1578934e-06 		-0.035 6.1816274e-07 -8.6527839e-07 1200000 1
-0.03375 28235.942 	1.6972372 	3.782799 	 -421462.57 	2.5175175 	0.00063469679 	 2.6123605e-09 	0.00068127382 	0.0011208839 	 1.2332948e-08 	0.0013250926 	-0.0019827869 	 -0.0052077846 	-439.12126 	-333.99473 	 -5.5073821 	-1.9706723e-05 	-8.4935743e-06 	 -9.4015549 	2.9629e-05 	2.8386581e-06 		-0.03375 5.9723646e-07 -8.2953387e-07 1200000 1
-0.0325 96674.577 	-3.4910635 	-1.6023568 	 -400913.54 	2.3384898 	-0.4944046 	 2.7738543e-09 	0.00076096592 	0.0010795328 	 1.463298e-08 	0.0014304894 	-0.0019720154 	 0.0016202829 	-450.11293 	-314.14253 	 -5.65395 	-1.5361628e-05 	-4.0353791e-06 	 -9.569747 	2.9845109e-05 	3.2857283e-06 		-0.0325 5.7399278e-07 -7.9317893e-07 1200000 1
-0.03125 164937.49 	4.3255047 	3.9619748 	 -384808.86 	4.5203643 	0.051441197 	 2.9885272e-09 	0.00068759662 	0.0010429322 	 1.4389739e-08 	0.001571147 	-0.0019677695 	 -0.0061872613 	-465.25978 	-310.78833 	 -5.8073356 	-2.1820915e-05 	-8.6791684e-06 	 -9.7328431 	2.8344676e-05 	2.828686e-06 		-0.03125 5.5256449e-07 -7.5718473e-07 1200000 1
-0.03 237129.56 	-2.5495445 	-0.40660735 	 -373210.51 	2.1986511 	-0.37580174 	 3.8372197e-09 	0.0001265196 	0.0010467203 	 1.5634848e-08 	0.0017819159 	-0.0019839707 	 -0.00024167169 	-499.54846 	-397.14481 	 -5.9671582 	-1.6121623e-05 	-5.0558478e-06 	 -9.8910455 	3.0346559e-05 	3.2114711e-06 		-0.03 5.3055222e-07 -7.2058939e-07 1200000 1
-0.02875 309771.32 	1.6102339 	1.5695538 	 -364271.91 	2.8589502 	-0.49429847 	 2.7071871e-09 	-0.00025396428 	0.0010416075 	 1.47832e-08 	0.0019951952 	-0.0020030163 	 0.0006185171 	-533.49218 	-501.24012 	 -6.1348029 	-1.959668e-05 	-6.6972447e-06 	 -10.045715 	3.0039265e-05 	3.315736e-06 		-0.02875 5.07127e-07 -6.847357e-07 1200000 1
-0.0275 382768.98 	-2.6083445 	3.1757628 	 -359668.5 	3.7791784 	0.61991885 	 5.0192863e-09 	-0.00014704109 	0.0010129528 	 1.6335328e-08 	0.0022031217 	-0.0020325151 	 -0.010025224 	-560.90477 	-554.45946 	 -6.3101791 	-1.6146777e-05 	-8.031956e-06 	 -10.196857 	2.943079e-05 	2.356741e-06 		-0.0275 4.8798968e-07 -6.4731435e-07 1200000 1
-0.02625 462210.43 	-0.067207268 	0.028590743 	 -357720.46 	3.9031981 	-1.5862731 	 2.6840765e-09 	-0.00038881071 	0.001008927 	 1.6072124e-08 	0.002423353 	-0.0020686243 	 0.0041216703 	-604.92446 	-665.88501 	 -6.4934713 	-1.8273202e-05 	-5.4092445e-06 	 -10.344722 	2.9495618e-05 	4.1934618e-06 		-0.02625 4.6203779e-07 -6.1238823e-07 1200000 1
-0.025 547261.37 	1.1768793 	3.8483087 	 -356363.88 	3.495881 	1.386419 	 5.0213715e-09 	-0.0010397464 	0.0010233256 	 1.6881676e-08 	0.0026539187 	-0.0021120462 	 -0.0063467963 	-662.24315 	-889.57753 	 -6.6850958 	-1.9416812e-05 	-8.5618425e-06 	 -10.489511 	3.0033777e-05 	1.6677421e-06 		-0.025 4.4190583e-07 -5.7531039e-07 1200000 1
-0.02375 628071.97 	-3.2303997 	-2.0291576 	 -362791.04 	1.2153093 	-2.053356 	 3.9332137e-09 	-0.0011239381 	0.00097820989 	 1.7765512e-08 	0.0028813023 	-0.0021643789 	 0.0053849549 	-705.27967 	-999.63287 	 -6.8885901 	-1.5830946e-05 	-3.6720901e-06 	 -10.6321 	3.2074069e-05 	4.5406947e-06 		-0.02375 4.185595e-07 -5.3899696e-07 1200000 1
-0.0225 709124.44 	3.636184 	4.2986199 	 -377531.45 	7.7002695 	1.9699772 	 5.7380274e-09 	-0.00098837963 	0.00090116938 	 1.6940868e-08 	0.0031281177 	-0.0022261912 	 -0.011622406 	-740.09818 	-1058.8885 	 -7.1034012 	-2.1601704e-05 	-8.8999168e-06 	 -10.772029 	2.6954138e-05 	1.1621302e-06 		-0.0225 3.9679599e-07 -5.0196463e-07 1200000 1
-0.02125 799707.62 	-3.789116 	-1.2502363 	 -395444.47 	0.92337766 	-2.0134931 	 4.9113504e-09 	-0.001481248 	0.00087606384 	 1.9085678e-08 	0.0034434711 	-0.0023248344 	 0.0056044583 	-815.93432 	-1419.1231 	 -7.3284155 	-1.5460731e-05 	-4.279949e-06 	 -10.908806 	3.262983e-05 	4.4740168e-06 		-0.02125 3.7538953e-07 -4.6423195e-07 1200000 1
-0.02 903029.23 	1.0037029 	1.4567254 	 -416839.65 	2.803665 	0.26361704 	 3.3387052e-09 	-0.0022532719 	0.00087590148 	 1.699102e-08 	0.0037934056 	-0.0024503055 	 -0.00097115194 	-922.04036 	-1996.4111 	 -7.5641395 	-1.9604794e-05 	-6.4809479e-06 	 -11.042959 	3.1428144e-05 	2.552481e-06 		-0.02 3.5182402e-07 -4.2783579e-07 1200000 1
-0.01875 1019448.6 	-1.48535 	2.9530074 	 -451541.26 	2.1411447 	1.1217335 	 4.9483323e-09 	-0.0021698458 	0.00082799031 	 2.0629443e-08 	0.0041759963 	-0.0026360442 	 -0.0048893625 	-1023.5618 	-2284.8081 	 -7.8109413 	-1.7703833e-05 	-7.6865223e-06 	 -11.1744 	3.2096983e-05 	1.8183977e-06 		-0.01875 3.3226671e-07 -3.8795683e-07 1200000 1
-0.0175 1157677.6 	-2.6930941 	-1.005145 	 -489784.57 	5.0375278 	-2.6118777 	 -4.3178593e-10 	-0.0023116001 	0.00080710721 	 1.8054667e-08 	0.0045758486 	-0.0028766214 	 0.0016140209 	-1174.2465 	-2731.0438 	 -8.0696223 	-1.6862409e-05 	-4.3554338e-06 	 -11.302956 	2.9973845e-05 	4.9779724e-06 		-0.0175 3.0754786e-07 -3.5317348e-07 1200000 1
-0.01625 1326574 	0.55676147 	4.2060743 	 -522942.25 	3.5123682 	3.7463589 	 5.8619532e-09 	-0.0030964342 	0.00085756339 	 1.9714534e-08 	0.0049799623 	-0.0031922541 	 -0.011996826 	-1412.2765 	-3629.0072 	 -8.3394173 	-1.9672201e-05 	-8.6118418e-06 	 -11.428096 	3.1350379e-05 	-3.4421165e-07 		-0.01625 2.8743331e-07 -3.1384288e-07 1200000 1
-0.015 1521039.7 	-2.9197745 	-1.8710707 	 -561700.7 	-0.23849002 	-3.7995232 	 -2.906116e-10 	-0.0036647752 	0.00093871307 	 1.8562962e-08 	0.0054003593 	-0.0035957396 	 0.012212098 	-1739.2463 	-4560.9864 	 -8.6250901 	-1.6893085e-05 	-3.5396749e-06 	 -11.550116 	3.4612943e-05 	5.9974744e-06 		-0.015 2.6454233e-07 -2.7742501e-07 1200000 1
-0.01375 1742279.1 	0.25584921 	2.1263743 	 -610653.63 	6.6081848 	-0.28534967 	 5.8234665e-09 	-0.0035586771 	0.0010417985 	 2.1431329e-08 	0.0058405417 	-0.0040962027 	 -0.014203995 	-2160.4137 	-5123.9984 	 -8.9297985 	-1.9740709e-05 	-6.7894112e-06 	 -11.668972 	2.9153632e-05 	3.0813311e-06 		-0.01375 2.4198921e-07 -2.3848255e-07 1200000 1
-0.0125 2018921.9 	-3.5668841 	0.95975842 	 -633875.83 	2.8212424 	1.0696813 	 -8.8011606e-10 	-0.0041232156 	0.0014072371 	 2.1970682e-08 	0.0062791446 	-0.0047324209 	 -0.0050808457 	-2929.6796 	-6433.3031 	 -9.2511425 	-1.6486218e-05 	-5.7347791e-06 	 -11.78511 	3.2322731e-05 	2.0014252e-06 		-0.0125 2.215221e-07 -1.9837635e-07 1200000 1
-0.01125 2373007.7 	-0.3992439 	0.13316095 	 -596160.04 	2.9491817 	1.2899187 	 -7.7833688e-10 	-0.0054358601 	0.0021903236 	 1.7849685e-08 	0.006643158 	-0.0054851128 	 -0.012563454 	-4275.0025 	-8801.1605 	 -9.587749 	-1.9268607e-05 	-4.9525397e-06 	 -11.900736 	3.2478796e-05 	1.8814214e-06 		-0.01125 1.9784842e-07 -1.607904e-07 1200000 1
-0.01 2804061.1 	0.73383563 	-0.29293953 	 -478098.83 	2.6683142 	3.6540955 	 1.3591607e-09 	-0.0061088736 	0.0034349409 	 1.2983953e-08 	0.0069443246 	-0.006385197 	 -0.020978138 	-6301.9323 	-10332.814 	 -9.9421867 	-2.0305743e-05 	-4.5189997e-06 	 -12.020826 	3.2937299e-05 	-6.6837317e-09 		-0.01 1.764269e-07 -1.2295347e-07 1200000 1
-0.00875 710979.77 	-2.3038759 	0.57660193 	 -78823.523 	4.324374 	-2.1555814 	 1.9188598e-10 	-0.0066247784 	0.0049339141 	 7.3976492e-09 	0.0071404592 	-0.0072075203 	 -0.011943159 	-1931.4313 	-2590.5789 	 -10.557039 	6.0903499e-06 	-1.5328524e-05 	 -12.075907 	-1.6628107e-05 	3.0144373e-05 		-0.00875 1.4091896e-07 -5.5969202e-08 259530.47 1
-0.0075 338831.64 	-0.085709433 	0.1331343 	 -18007.159 	0.67643143 	0.3982378 	 -2.063994e-10 	-0.0066833877 	0.0050437113 	 6.5174808e-09 	0.0070082214 	-0.0077567747 	 -0.0039526307 	-929.60262 	-1213.1537 	 -10.830823 	-1.8705495e-05 	-6.1727567e-06 	 -11.97426 	2.8518967e-05 	-1.0139189e-06 		-0.0075 1.1703009e-07 -1.616237e-08 100000 1
-0.00625 370607.12 	-0.020746906 	0.02943386 	 -14675.38 	0.80173333 	0.22208313 	 -2.6520782e-10 	-0.0065673085 	0.0050806713 	 5.9185035e-09 	0.0069756486 	-0.0083366482 	 -0.0042093001 	-1005.5037 	-1298.9614 	 -11.019319 	-1.9179127e-05 	-5.0946458e-06 	 -11.848805 	2.7324885e-05 	7.1765294e-07 		-0.00625 9.3637114e-08 1.5973082e-08 100000 1
-0.005 399963.46 	-0.23598891 	-0.0045070159 	 -13923.236 	0.8171506 	0.23607503 	 2.0564473e-10 	-0.0060784934 	0.0051570769 	 6.3157268e-09 	0.0069145485 	-0.0089458467 	 -0.0049308889 	-1094.9387 	-1300.6082 	 -11.153736 	-1.680009e-05 	-4.6943449e-06 	 -11.697044 	2.7190937e-05 	5.4995054e-07 		-0.005 7.2974448e-08 4.8933509e-08 100000 1
-0.00375 427532 	0.30173167 	0.30499301 	 -14241.026 	1.4573912 	0.2694638 	 4.4984438e-10 	-0.0058559874 	0.0052664164 	 6.690908e-09 	0.006796776 	-0.0095272731 	 -0.0063179811 	-1194.1224 	-1339.8474 	 -11.237484 	-2.2036473e-05 	-7.7009789e-06 	 -11.523576 	2.0780788e-05 	1.7111272e-07 		-0.00375 4.8564814e-08 7.8544562e-08 100000 1
-0.0025 453403.41 	-0.25786239 	-0.19111324 	 -15153.406 	1.0131289 	0.086995003 	 1.2301417e-09 	-0.0060414101 	0.0054172907 	 6.0607015e-09 	0.0065988612 	-0.010073882 	 -0.006496808 	-1305.4202 	-1458.35 	 -11.272871 	-1.6148586e-05 	-2.6492103e-06 	 -11.329635 	2.5264902e-05 	1.96277e-06 		-0.0025 2.7196394e-08 1.0819596e-07 100000 1
-0.00125 477159.88 	0.28312433 	0.39374579 	 -16788.527 	1.1174859 	0.21868408 	 1.7866766e-09 	-0.006414229 	0.0056057918 	 6.9407646e-09 	0.006359968 	-0.010604009 	 -0.0046945632 	-1429.3684 	-1620.3252 	 -11.263061 	-2.1434151e-05 	-8.3892648e-06 	 -11.116008 	2.4191283e-05 	5.915344e-07 		-0.00125 3.8246882e-09 1.379211e-07 100000 1
5.2475385e-17 497744.54 	-0.02150469 	-0.069160662 	 -20050.876 	1.1653789 	0.077820806 	 2.2462046e-09 	-0.0063231119 	0.0057801136 	 6.5717363e-09 	0.0061173206 	-0.011130169 	 -0.0068936654 	-1552.4437 	-1672.8462 	 -11.210546 	-1.8184697e-05 	-3.6568259e-06 	 -10.882548 	2.3729698e-05 	1.9573301e-06 		5.2475385e-17 -1.9342685e-08 1.6640605e-07 100000 1
0.00125 515684.84 	0.038641182 	0.66353707 	 -24101.792 	1.2806978 	0.33531078 	 2.7090721e-09 	-0.006000707 	0.0059556152 	 8.1941868e-09 	0.0058609795 	-0.01164252 	 -0.0064588665 	-1676.8485 	-1658.1431 	 -11.116116 	-1.8552405e-05 	-1.0878358e-05 	 -10.63105 	2.2525771e-05 	-6.7473972e-07 		0.00125 -4.000352e-08 1.9513808e-07 100000 1
0.0025 531539.96 	-0.017906459 	0.10523489 	 -27805.11 	1.3282202 	0.034737563 	 2.8654594e-09 	-0.0059516705 	0.0061584913 	 7.4213532e-09 	0.0055925934 	-0.012119379 	 -0.0078220242 	-1805.9248 	-1699.2448 	 -10.982102 	-1.7886961e-05 	-5.1927754e-06 	 -10.364059 	2.1960976e-05 	2.2817086e-06 		0.0025 -6.7235168e-08 2.2168183e-07 100000 1
0.00375 545836.75 	0.08819185 	0.43086096 	 -30282.551 	1.2808461 	0.2775733 	 2.9482717e-09 	-0.0062104802 	0.0063894592 	 8.452377e-09 	0.0053181085 	-0.012543372 	 -0.0071946355 	-1936.3906 	-1812.5057 	 -10.80907 	-1.8727397e-05 	-8.3522708e-06 	 -10.082094 	2.2425278e-05 	-1.9557032e-07 		0.00375 -8.7575859e-08 2.4907449e-07 100000 1
0.005 558162.45 	0.28514395 	0.15779792 	 -31917.245 	1.2768288 	0.053110173 	 2.9183991e-09 	-0.0065141356 	0.006638352 	 7.8753507e-09 	0.0050314231 	-0.012929689 	 -0.0070019675 	-2063.4935 	-1932.4257 	 -10.601462 	-2.0569105e-05 	-5.5293187e-06 	 -9.7867807 	2.2353528e-05 	2.0067375e-06 		0.005 -1.1450725e-07 2.7499557e-07 100000 1
0.00625 568123.13 	0.12917108 	-0.019352343 	 -33371.99 	1.3375098 	0.12820931 	 3.2374683e-09 	-0.0061519457 	0.0068554062 	 8.3582531e-09 	0.004742898 	-0.013297562 	 -0.0087511959 	-2171.6784 	-1863.5927 	 -10.360035 	-1.881587e-05 	-3.678394e-06 	 -9.4769314 	2.1653209e-05 	1.2240619e-06 		0.00625 -1.3651923e-07 3.0094162e-07 100000 1
0.0075 576196.68 	0.62389834 	0.31895054 	 -33880.852 	1.5325415 	0.028618462 	 3.2093534e-09 	-0.0058509766 	0.0070831462 	 8.7603679e-09 	0.0044439901 	-0.013628672 	 -0.0074045025 	-2272.3579 	-1799.8706 	 -10.089887 	-2.3700353e-05 	-6.9843304e-06 	 -9.1556475 	1.9601347e-05 	2.181688e-06 		0.0075 -1.6276694e-07 3.2606175e-07 100000 1
0.00875 582804.09 	0.068576487 	-0.23562281 	 -32775.653 	1.4391317 	0.091518357 	 3.4349042e-09 	-0.0058650956 	0.0073379676 	 8.4023999e-09 	0.0041266711 	-0.013915449 	 -0.010627571 	-2367.0149 	-1814.4884 	 -9.7936182 	-1.8025125e-05 	-1.3742282e-06 	 -8.8233015 	2.0490763e-05 	1.5354844e-06 		0.00875 -1.8649408e-07 3.5207533e-07 100000 1
0.01 587613.5 	0.58653838 	0.38108534 	 -30788.452 	1.3960751 	0.072285709 	 3.0482007e-09 	-0.0061289841 	0.0076121813 	 8.6164122e-09 	0.003804639 	-0.014168863 	 -0.006619812 	-2456.9027 	-1893.4348 	 -9.4733442 	-2.3134588e-05 	-7.4786088e-06 	 -8.4804054 	2.0787701e-05 	1.6987117e-06 		0.01 -2.1230307e-07 3.7719787e-07 100000 1
0.01125 590458.96 	0.29512932 	-0.074627107 	 -28648.921 	1.3722922 	0.053145339 	 3.1878621e-09 	-0.0061778844 	0.0078607921 	 8.0080969e-09 	0.0034963277 	-0.01440726 	 -0.0090610999 	-2529.6513 	-1905.6699 	 -9.1329486 	-2.012643e-05 	-2.8687431e-06 	 -8.1288067 	2.090777e-05 	1.8827856e-06 		0.01125 -2.3785859e-07 4.0284024e-07 100000 1
0.0125 591291.61 	0.37521521 	0.36866112 	 -27052.495 	1.4091848 	0.14745889 	 3.0174919e-09 	-0.0058202287 	0.00806315 	 8.7635398e-09 	0.0032036687 	-0.014643223 	 -0.0079596163 	-2583.2822 	-1796.1368 	 -8.7742577 	-2.0858215e-05 	-7.2532866e-06 	 -7.7692558 	2.0409372e-05 	9.2904233e-07 		0.0125 -2.616888e-07 4.2789242e-07 100000 1
0.01375 591149.59 	0.28001701 	-0.022856365 	 -24544.904 	1.3791458 	0.029058004 	 3.2557857e-09 	-0.0056166771 	0.0082641699 	 8.0411334e-09 	0.0029244418 	-0.014852191 	 -0.0091973637 	-2625.6735 	-1726.9691 	 -8.4031551 	-1.9858193e-05 	-3.2951691e-06 	 -7.4047284 	2.0560968e-05 	2.1166373e-06 		0.01375 -2.8953137e-07 4.5335613e-07 100000 1
0.015 590448.43 	0.34528375 	0.21154153 	 -20729.644 	1.385156 	0.15266728 	 3.0751053e-09 	-0.0056978987 	0.0084669714 	 8.4755635e-09 	0.00266635 	-0.015025772 	 -0.0085387513 	-2657.0229 	-1738.6413 	 -8.0223354 	-2.0368826e-05 	-5.6031049e-06 	 -7.0359344 	2.0375737e-05 	8.8351717e-07 		0.015 -3.1308224e-07 4.7811877e-07 100000 1
0.01625 589478.34 	0.45737093 	0.084915595 	 -15581.408 	1.3112205 	0.0028687413 	 3.2297389e-09 	-0.005924907 	0.008677089 	 7.8044819e-09 	0.0024196972 	-0.015170827 	 -0.0077217658 	-2678.4591 	-1791.4219 	 -7.6363775 	-2.1451172e-05 	-4.3035696e-06 	 -6.6657304 	2.0969323e-05 	2.3883846e-06 		0.01625 -3.4139099e-07 5.0330029e-07 100000 1
0.0175 588099.31 	0.42924769 	-0.037246812 	 -10020.03 	1.3729364 	0.076744975 	 3.3576193e-09 	-0.0057645025 	0.0088541905 	 7.8958593e-09 	0.0021852519 	-0.015315949 	 -0.0087658222 	-2682.4746 	-1732.002 	 -7.2455789 	-2.1080067e-05 	-3.0550595e-06 	 -6.2940019 	2.0243956e-05 	1.6628231e-06 		0.0175 -3.661518e-07 5.2784128e-07 100000 1
0.01875 586743.2 	0.55273348 	0.16003073 	 -3685.003 	1.3772227 	-0.039264855 	 3.3428635e-09 	-0.0054479723 	0.0090209161 	 8.0276988e-09 	0.0019601756 	-0.015451642 	 -0.0076927368 	-2675.8448 	-1628.4322 	 -6.8547458 	-2.2276375e-05 	-5.0018006e-06 	 -5.9239672 	2.0071104e-05 	2.8313005e-06 		0.01875 -3.9282061e-07 5.522589e-07 100000 1
0.02 585818.36 	0.38746824 	-0.20170997 	 4143.3916 	1.4339217 	0.062694622 	 3.5785114e-09 	-0.0053762588 	0.0092124742 	 7.6432828e-09 	0.0017379076 	-0.015569018 	 -0.0099740911 	-2666.6152 	-1596.5489 	 -6.4657794 	-2.0578548e-05 	-1.3625872e-06 	 -5.5560786 	1.9415585e-05 	1.8332214e-06 		0.02 -4.1861444e-07 5.7738517e-07 100000 1
0.02125 585476.5 	0.54359318 	0.10410002 	 13106.522 	1.3002443 	-0.019712208 	 3.2039755e-09 	-0.0056048938 	0.0094350215 	 7.647151e-09 	0.0015124898 	-0.015667394 	 -0.0073161286 	-2660.6133 	-1653.5359 	 -6.0807201 	-2.2143729e-05 	-4.3976394e-06 	 -5.1921548 	2.0617239e-05 	2.6682341e-06 		0.02125 -4.4495464e-07 6.0211904e-07 100000 1
0.0225 585820.07 	0.48206058 	-0.028741435 	 22995.128 	1.2651641 	0.055687563 	 3.3190805e-09 	-0.0058821841 	0.0096603321 	 7.0589546e-09 	0.0012909649 	-0.015759745 	 -0.0077555127 	-2650.436 	-1727.7488 	 -5.7013061 	-2.1500735e-05 	-3.0493622e-06 	 -4.8337838 	2.0866999e-05 	1.9330755e-06 		0.0225 -4.7114085e-07 6.2806849e-07 100000 1
0.02375 586717.66 	0.4435304 	0.1111526 	 32088.287 	1.2581008 	0.028902448 	 2.9598567e-09 	-0.0056368566 	0.0098259171 	 7.4125949e-09 	0.0010803109 	-0.015879437 	 -0.0075168145 	-2628.9864 	-1655.3494 	 -5.3270598 	-2.1091668e-05 	-4.4309011e-06 	 -4.481994 	2.0825896e-05 	2.214953e-06 		0.02375 -4.9692613e-07 6.5326913e-07 100000 1
0.025 588820.34 	0.43045914 	0.099381794 	 42241.678 	1.2760796 	0.030004958 	 3.1711398e-09 	-0.0054556863 	0.0099959286 	 6.8384308e-09 	0.00087274142 	-0.015993497 	 -0.0077795612 	-2605.6386 	-1605.8791 	 -4.96176 	-2.0937061e-05 	-4.2954012e-06 	 -4.1387299 	2.0539002e-05 	2.2214358e-06 		0.025 -5.2336026e-07 6.7947949e-07 100000 1
0.02625 592291.08 	0.28303357 	0.049240574 	 53723.978 	1.1492492 	-0.0061511911 	 2.8566665e-09 	-0.0055298973 	0.010176554 	 7.1428206e-09 	0.00067559944 	-0.016091782 	 -0.0076812334 	-2582.378 	-1636.4928 	 -4.6059783 	-1.9410886e-05 	-3.7803952e-06 	 -3.8047127 	2.1711841e-05 	2.6021604e-06 		0.02625 -5.4859904e-07 7.0535072e-07 100000 1
0.0275 597402.05 	0.3965498 	0.11257687 	 67171.933 	1.1693489 	0.052892133 	 3.0463207e-09 	-0.0058180077 	0.010382266 	 6.4508842e-09 	0.00048251677 	-0.016169285 	 -0.0070763689 	-2559.6836 	-1736.9811 	 -4.2622652 	-2.0538011e-05 	-4.3969507e-06 	 -3.4822799 	2.1395875e-05 	2.0261035e-06 		0.0275 -5.748081e-07 7.3161969e-07 100000 1
0.02875 604100.44 	0.38445019 	0.018429241 	 81668.465 	1.1194931 	0.021131813 	 2.9744201e-09 	-0.0059366013 	0.010577413 	 6.4043094e-09 	0.00029326996 	-0.016253302 	 -0.0069844663 	-2532.8806 	-1795.7238 	 -3.9290985 	-2.0371871e-05 	-3.4432402e-06 	 -3.1713464 	2.1815268e-05 	2.3600748e-06 		0.02875 -5.9941577e-07 7.5786529e-07 100000 1
0.03 612531.95 	0.45423171 	0.097361299 	 97450.901 	1.1452009 	-0.071372271 	 2.8220501e-09 	-0.0057643186 	0.010763754 	 6.3107635e-09 	0.00010756786 	-0.016343586 	 -0.0066550608 	-2501.0307 	-1774.7569 	 -3.6086373 	-2.1061341e-05 	-4.2196869e-06 	 -2.8743681 	2.1447845e-05 	3.2991302e-06 		0.03 -6.2571023e-07 7.840663e-07 100000 1
0.03125 622809.26 	0.49372529 	-0.17460912 	 115110.89 	1.1220108 	-0.17575369 	 3.1588963e-09 	-0.0057316709 	0.010973292 	 6.1639146e-09 	-8.8190775e-05 	-0.016426711 	 -0.0070064611 	-2472.0116 	-1803.801 	 -3.30048 	-2.1405072e-05 	-1.4884378e-06 	 -2.5915302 	2.1615222e-05 	4.3606452e-06 		0.03125 -6.4445593e-07 8.1330465e-07 100000 1
0.0325 635051.98 	0.51909686 	-0.064754172 	 134983.04 	1.1572587 	-0.019037668 	 2.7121525e-09 	-0.0059747972 	0.011233329 	 5.5953683e-09 	-0.000310752 	-0.016486172 	 -0.0068248008 	-2454.7536 	-1930.2112 	 -3.0058463 	-2.1672152e-05 	-2.5681216e-06 	 -2.3248004 	2.1136727e-05 	2.8042913e-06 		0.0325 -6.7557093e-07 8.3778371e-07 100000 1
0.03375 649338.81 	0.25347748 	-0.037074356 	 156795.24 	1.0259954 	0.059691125 	 2.826088e-09 	-0.0063495175 	0.011517274 	 5.2529404e-09 	-0.00055374639 	-0.016538194 	 -0.0071209637 	-2443.6725 	-2114.8464 	 -2.724654 	-1.8966624e-05 	-2.8276374e-06 	 -2.0753167 	2.2357615e-05 	2.028932e-06 		0.03375 -6.9924802e-07 8.6646852e-07 100000 1
0.035 665882.98 	0.41302618 	0.10538227 	 179402.34 	1.0982712 	-0.0062630584 	 2.4493263e-09 	-0.0064258377 	0.011777375 	 5.0973704e-09 	-0.00079590085 	-0.016607794 	 -0.006378977 	-2432.2403 	-2220.2572 	 -2.4564118 	-2.0552957e-05 	-4.2348672e-06 	 -1.8441679 	2.153879e-05 	2.6993673e-06 		0.035 -7.2407601e-07 8.92771e-07 100000 1
0.03625 684767.79 	0.058226296 	-0.12914708 	 203578.21 	0.84200316 	-0.011330533 	 2.7501736e-09 	-0.0063761136 	0.012034001 	 4.9219926e-09 	-0.0010433576 	-0.016686747 	 -0.00708523 	-2422.0217 	-2298.4655 	 -2.2019685 	-1.6953827e-05 	-1.8700634e-06 	 -1.6326963 	2.3977752e-05 	2.7630949e-06 		0.03625 -7.4880689e-07 9.2121202e-07 100000 1
0.0375 705950.54 	0.40349205 	0.14069582 	 230233.58 	1.183349 	0.097450813 	 2.3812946e-09 	-0.0065040926 	0.012314114 	 4.7712482e-09 	-0.001293864 	-0.016750153 	 -0.0069092294 	-2418.9439 	-2453.8785 	 -1.9613373 	-2.0375386e-05 	-4.5488377e-06 	 -1.441839 	2.0481074e-05 	1.6818202e-06 		0.0375 -7.7078254e-07 9.4844982e-07 100000 1
0.03875 729370.33 	0.14492299 	-0.065736545 	 260410.13 	0.83852118 	-0.015707338 	 2.4634006e-09 	-0.0068546048 	0.012635096 	 4.7082355e-09 	-0.0015501492 	-0.01678857 	 -0.006373097 	-2422.9041 	-2709.6463 	 -1.7357105 	-1.7736507e-05 	-2.4632474e-06 	 -1.2736195 	2.3798066e-05 	2.8221653e-06 		0.03875 -7.9581063e-07 9.7588574e-07 100000 1
0.04 755183.62 	0.2847589 	0.031656774 	 293490.21 	1.0010316 	0.043947383 	 2.2004241e-09 	-0.0072307664 	0.012975284 	 4.5625435e-09 	-0.0018161259 	-0.016818189 	 -0.0063992022 	-2432.8636 	-3003.9341 	 -1.5240095 	-1.9074999e-05 	-3.4152523e-06 	 -1.1284967 	2.2087713e-05 	2.2302831e-06 		0.04 -8.1693988e-07 1.0043129e-06 100000 1
0.04125 783428.32 	0.30746181 	-0.040961587 	 329507.09 	0.90915987 	-0.038820909 	 2.2362434e-09 	-0.0072195703 	0.013311601 	 4.5943694e-09 	-0.002077884 	-0.016859566 	 -0.0058240187 	-2437.6819 	-3178.2868 	 -1.3272206 	-1.9276802e-05 	-2.6655734e-06 	 -1.0084637 	2.2882874e-05 	3.0629284e-06 		0.04125 -8.4165257e-07 1.0311246e-06 100000 1
0.0425 814120.53 	0.10017547 	-0.065352485 	 368993.91 	0.95987389 	0.005126429 	 2.2658795e-09 	-0.0072577084 	0.013672464 	 4.3394208e-09 	-0.0023574878 	-0.016892164 	 -0.0076485498 	-2449.3162 	-3396.9072 	 -1.1447098 	-1.7130197e-05 	-2.3973797e-06 	 -0.91429406 	2.2282759e-05 	2.62608e-06 		0.0425 -8.6231524e-07 1.0613273e-06 100000 1
0.04375 846872.74 	0.33751235 	-0.018096438 	 413241.08 	0.93803065 	-0.041940876 	 2.0664936e-09 	-0.007543078 	0.014109886 	 4.3356066e-09 	-0.0026955506 	-0.016877286 	 -0.0056683715 	-2487.7927 	-3757.3608 	 -0.9773526 	-1.9487923e-05 	-2.8428284e-06 	 -0.84802715 	2.2373311e-05 	3.0957523e-06 		0.04375 -8.8717743e-07 1.0872539e-06 100000 1
0.045 882032.23 	0.093640076 	-0.04836144 	 461858.47 	0.80978406 	0.01709253 	 1.9542885e-09 	-0.0080162136 	0.014599358 	 4.0037854e-09 	-0.0030904473 	-0.016830939 	 -0.006290895 	-2552.3599 	-4253.1059 	 -0.82531121 	-1.6974413e-05 	-2.5121423e-06 	 -0.81168869 	2.3535107e-05 	2.5032446e-06 		0.045 -9.0873471e-07 1.1175032e-06 100000 1
0.04625 919835.34 	0.30331032 	0.0073820798 	 514224.13 	0.91365798 	0.020989628 	 1.6879849e-09 	-0.0083605152 	0.015108656 	 3.8603115e-09 	-0.0034987735 	-0.016772725 	 -0.005320906 	-2637.0876 	-4748.3538 	 -0.68826183 	-1.9039784e-05 	-3.0407077e-06 	 -0.80616888 	2.2366208e-05 	2.4597601e-06 		0.04625 -9.3178933e-07 1.1450479e-06 100000 1
0.0475 960701.04 	0.072097193 	-0.036476225 	 569939.27 	0.659045 	0.024228618 	 1.8039053e-09 	-0.0084608206 	0.015614959 	 3.7040675e-09 	-0.0039044734 	-0.016725675 	 -0.0050421853 	-2734.871 	-5181.3554 	 -0.56664184 	-1.6656535e-05 	-2.5730103e-06 	 -0.8333684 	2.4769538e-05 	2.4223338e-06 		0.0475 -9.5456018e-07 1.1744426e-06 100000 1
0.04875 1003884.7 	0.26037226 	0.026419387 	 630969.68 	0.94324623 	0.065768594 	 1.5277365e-09 	-0.0086488673 	0.016164731 	 3.4800817e-09 	-0.0043252171 	-0.016644075 	 -0.0054963416 	-2863.5801 	-5711.1895 	 -0.46057062 	-1.8488765e-05 	-3.1721219e-06 	 -0.8946059 	2.1802736e-05 	1.9988749e-06 		0.04875 -9.7576451e-07 1.203286e-06 100000 1
0.05 1048870.5 	0.094149339 	-0.017859038 	 698570.21 	0.6141116 	0.021004162 	 1.5720941e-09 	-0.0090134601 	0.016767556 	 3.472151e-09 	-0.0047605464 	-0.016520249 	 -0.0043144355 	-3025.2256 	-6395.3992 	 -0.37076168 	-1.6754808e-05 	-2.6983753e-06 	 -0.99206463 	2.492951e-05 	2.4373793e-06 		0.05 -9.9836836e-07 1.23224e-06 100000 1
0.05125 1095699.7 	0.17505895 	0.00070738568 	 772919.91 	0.79056489 	0.033619799 	 1.2825011e-09 	-0.0094437767 	0.017416182 	 3.2167169e-09 	-0.0052120262 	-0.016355566 	 -0.0048387891 	-3224.1984 	-7193.0292 	 -0.29717792 	-1.7489703e-05 	-2.8523706e-06 	 -1.127333 	2.3034915e-05 	2.2995049e-06 		0.05125 -1.0188941e-06 1.2621499e-06 100000 1
0.0525 1144425.3 	0.1589076 	-0.018940761 	 853831.09 	0.67935282 	-0.021810599 	 1.2762754e-09 	-0.0096575759 	0.018095672 	 3.2293026e-09 	-0.0056646955 	-0.016170761 	 -0.0042203477 	-3454.8186 	-7950.5523 	 -0.24020532 	-1.7266509e-05 	-2.6229194e-06 	 -1.3017564 	2.3986293e-05 	2.8418124e-06 		0.0525 -1.0409288e-06 1.290624e-06 100000 1
0.05375 1195129.9 	0.1123925 	-0.029070752 	 941624.66 	0.70410201 	1.5530336e-06 	 1.194538e-09 	-0.0097607341 	0.018804714 	 2.9347172e-09 	-0.006121491 	-0.015961232 	 -0.0046930494 	-3724.5545 	-8720.449 	 -0.19994399 	-1.6719467e-05 	-2.4878494e-06 	 -1.5172566 	2.3599347e-05 	2.6097641e-06 		0.05375 -1.0613587e-06 1.3220532e-06 100000 1
0.055 1246293.9 	0.15347576 	-0.018318646 	 1038521.8 	0.69310992 	-0.045024283 	 1.1022881e-09 	-0.010025125 	0.01961104 	 2.9283527e-09 	-0.0066578732 	-0.015656256 	 -0.004175283 	-4091.9903 	-9708.9248 	 -0.17703065 	-1.7089225e-05 	-2.5601096e-06 	 -1.7757173 	2.3540053e-05 	3.0446891e-06 		0.055 -1.0833146e-06 1.3497549e-06 100000 1
0.05625 1298169.1 	0.096587839 	-0.022343724 	 1144520.9 	0.57438874 	0.024686376 	 9.3470481e-10 	-0.010460372 	0.020502639 	 2.5984177e-09 	-0.0072864233 	-0.015253105 	 -0.0034032205 	-4581.1616 	-10961.639 	 -0.17218516 	-1.6428289e-05 	-2.4834074e-06 	 -2.0800411 	2.4565445e-05 	2.3302095e-06 		0.05625 -1.1038515e-06 1.3814485e-06 100000 1
0.0575 1350529.3 	0.13017616 	-0.017067799 	 1259619.4 	0.64143204 	0.0097636028 	 7.1601418e-10 	-0.01089247 	0.021464684 	 2.4227692e-09 	-0.0079503892 	-0.014761756 	 -0.0034157188 	-5200.5416 	-12363.242 	 -0.18531675 	-1.6706033e-05 	-2.4998792e-06 	 -2.4308064 	2.371665e-05 	2.4617611e-06 		0.0575 -1.1248933e-06 1.4105746e-06 100000 1
0.05875 1405409.2 	0.071236554 	-0.018872075 	 1381514.9 	0.41665814 	0.069212294 	 7.2151897e-10 	-0.010997009 	0.022438269 	 2.2580117e-09 	-0.008552558 	-0.014250707 	 -0.001960932 	-5926.8723 	-13637.94 	 -0.21719095 	-1.6032474e-05 	-2.4455076e-06 	 -2.8304617 	2.5781892e-05 	1.8494778e-06 		0.05875 -1.1452238e-06 1.4415443e-06 100000 1
0.06 1460124.9 	0.10658882 	-0.042816374 	 1513651.6 	0.63205146 	0.067632321 	 5.3130172e-10 	-0.011099382 	0.02348058 	 1.9511266e-09 	-0.0091557142 	-0.01364074 	 -0.0030007264 	-6820.6367 	-15035.512 	 -0.26795186 	-1.6323918e-05 	-2.1705531e-06 	 -3.2798942 	2.3452487e-05 	1.8475985e-06 		0.06 -1.1655461e-06 1.4722794e-06 100000 1
0.06125 1513287.4 	0.061365322 	-0.0293232 	 1657493.9 	0.31431014 	0.08188218 	 5.2158208e-10 	-0.011300239 	0.024581675 	 1.9165947e-09 	-0.0097557024 	-0.012932367 	 -0.0010404056 	-7887.9414 	-16641.929 	 -0.33842872 	-1.5774246e-05 	-2.2693278e-06 	 -3.7814115 	2.6428534e-05 	1.68512e-06 		0.06125 -1.1852352e-06 1.5031109e-06 100000 1
0.0625 1563720.2 	0.086696208 	-0.048822686 	 1814367 	0.48093344 	0.045026921 	 2.5837803e-10 	-0.011551273 	0.025744146 	 1.5924844e-09 	-0.010352971 	-0.012107965 	 -0.0018411312 	-9157.4705 	-18430.978 	 -0.42917672 	-1.5942128e-05 	-2.0388129e-06 	 -4.336862 	2.4571097e-05 	2.0334102e-06 		0.0625 -1.2051456e-06 1.5350504e-06 100000 1
0.06375 1611570.7 	0.045400229 	-0.018775045 	 1983538.4 	0.35047552 	0.007129156 	 1.9137486e-10 	-0.011680956 	0.0269668 	 1.5670008e-09 	-0.010922845 	-0.011171676 	 -0.0014191445 	-10666.971 	-20253.084 	 -0.54031738 	-1.5442681e-05 	-2.303184e-06 	 -4.9463336 	2.5665677e-05 	2.3905161e-06 		0.06375 -1.2245564e-06 1.5658057e-06 100000 1
0.065 1656894 	0.096655345 	-0.029881693 	 2165052 	0.34175095 	0.018191394 	 7.1882554e-11 	-0.01161268 	0.028236068 	 1.263866e-09 	-0.011410195 	-0.010127741 	 -0.00042119394 	-12442.07 	-21977.968 	 -0.6725608 	-1.585623e-05 	-2.1554962e-06 	 -5.6119399 	2.5551029e-05 	2.257829e-06 		0.065 -1.2441839e-06 1.5991977e-06 100000 1
0.06625 1696541.2 	-0.0010785249 	0.0021914869 	 2361235.9 	0.35597826 	-0.038226368 	 1.4254611e-11 	-0.011556647 	0.029596786 	 1.2382657e-09 	-0.011899906 	-0.0088877558 	 -0.0018286363 	-14619.74 	-23855.588 	 -0.82630118 	-1.4795505e-05 	-2.4396477e-06 	 -6.3343431 	2.5185595e-05 	2.7989509e-06 		0.06625 -1.2633527e-06 1.6294765e-06 100000 1
0.0675 1728915 	0.11457186 	-0.056219857 	 2573074.1 	0.25721543 	-0.016774586 	 -1.7853857e-10 	-0.011523355 	0.031041784 	 9.0276223e-10 	-0.012397749 	-0.007406066 	 0.00041602753 	-17313.576 	-25914.488 	 -1.0024322 	-1.5835703e-05 	-1.8176855e-06 	 -7.1156616 	2.5947551e-05 	2.5606891e-06 		0.0675 -1.2827256e-06 1.6631908e-06 100000 1
0.06875 1753376.7 	0.001866299 	-0.03948197 	 2800272.9 	0.28433649 	-0.053140057 	 -4.0485408e-10 	-0.011407323 	0.032564851 	 7.7338329e-10 	-0.01281226 	-0.0056756361 	 -0.0013765355 	-20616.14 	-27941.908 	 -1.2011833 	-1.461378e-05 	-1.9469664e-06 	 -7.956215 	2.5432416e-05 	2.8988737e-06 		0.06875 -1.3016115e-06 1.6941998e-06 100000 1
0.07 1771228 	0.070991131 	-0.052655345 	 3041089.3 	0.0880653 	0.099144539 	 -5.4331792e-10 	-0.011041195 	0.034130533 	 5.8732035e-10 	-0.012953172 	-0.0037365375 	 0.0014264414 	-24560.133 	-29476.586 	 -1.4229044 	-1.5184728e-05 	-1.774917e-06 	 -8.8565695 	2.7152115e-05 	1.3509225e-06 		0.07 -1.3198513e-06 1.7271786e-06 100000 1
0.07125 1779336.3 	-0.0025591046 	-0.050808146 	 3297293.2 	0.30436883 	0.10341307 	 -7.3847783e-10 	-0.010482222 	0.035761179 	 1.8333738e-10 	-0.012776454 	-0.0015063041 	 0.00010370021 	-29341.788 	-30388.773 	 -1.6676635 	-1.4340323e-05 	-1.7554344e-06 	 -9.8174164 	2.4735048e-05 	1.28174e-06 		0.07125 -1.3395338e-06 1.7607452e-06 100000 1
0.0725 1772936.6 	0.076423112 	0.0018271499 	 3571039.2 	-0.071760073 	-0.0023844485 	 -9.5684539e-10 	-0.009826245 	0.037447641 	 2.1212497e-10 	-0.012287864 	0.0010845024 	 0.0013808267 	-35150.798 	-30650.907 	 -1.9355317 	-1.4983112e-05 	-2.2448944e-06 	 -10.840111 	2.8217137e-05 	2.3097762e-06 		0.0725 -1.3567149e-06 1.7931068e-06 100000 1
0.07375 1747348.7 	0.020549076 	-0.033509147 	 3864255.5 	0.0014925543 	-0.042792345 	 -1.4167736e-09 	-0.0090351384 	0.039184734 	 -1.0380111e-10 	-0.011351474 	0.0040927514 	 4.4971542e-05 	-42173.72 	-29816.485 	 -2.2264256 	-1.4288281e-05 	-1.8507061e-06 	 -11.92795 	2.7206441e-05 	2.685383e-06 		0.07375 -1.3751701e-06 1.8275909e-06 100000 1
0.075 1689804.2 	0.0021584 	-0.0838729 	 4143776.3 	0.0604635 	0.0040385 	 -1.6087e-09 	-0.0082442528 	0.040480318 	 -2.9265e-10 	-0.010276387 	0.0066652977 	 -5.3505e-05 	-48010.226 	-28262.301 	 -2.4482125 	-1.39307e-05 	-1.30404e-06 	 -12.74724 	2.6283e-05 	2.18557e-06 		0.075 -1.3929083e-06 1.8606835e-06 100000 1
