# x jRe_x jRe_y jRe_z jIm_x jIm_y jIm_z BRe_x BRe_y BRe_z BIm_x BIm_y BIm_z F_x F_y F_z VReGrad_x VReGrad_y VReGrad_z VImGrad_x VImGrad_y VImGrad_z s VRe VIm sigma mur
-0.035 -252112.9 	297602.87 	14451.776 	 -1165785.3 	1548726.6 	74635.316 	 0.0044297539 	0.002427598 	0.038922032 	 -0.00062634539 	-0.00056713378 	0.0016658747 	 7096.3758 	5884.2127 	-185.38078 	 -0.56042012 	0.48205158 	-0.00082767173 	 -2.0525562 	2.4808579 	-0.063379037 		-0.035 0.0047382328 0.018081908 1200000 1
-0.03375 -317046.61 	325536.67 	15781.589 	 -1177951.8 	1315280.1 	73538.094 	 0.0043928037 	0.0024068 	0.038784471 	 -0.00059617319 	-0.00054348358 	0.0015795945 	 7388.5589 	7016.1502 	-411.47523 	 -0.55338022 	0.47937591 	-0.00055730561 	 -2.0312603 	2.4665876 	-0.062921888 		-0.03375 0.0038735469 0.014763126 1200000 1
-0.0325 -376347.27 	313555.88 	15973.985 	 -1299729.1 	1216746.9 	73284.082 	 0.0042605489 	0.0024127874 	0.038504487 	 -0.00058470412 	-0.00055821238 	0.0013070186 	 6985.3192 	7756.2231 	-430.13797 	 -0.53128671 	0.47462067 	-0.00051605784 	 -1.9469862 	2.4146497 	-0.062855288 		-0.0325 0.0032341223 0.012420519 1200000 1
-0.03125 -435647.93 	301575.08 	16166.381 	 -1421506.4 	1118213.7 	73030.07 	 0.004128294 	0.0024187748 	0.038224503 	 -0.00057323505 	-0.00057294117 	0.0010344427 	 6582.0794 	8496.296 	-448.80071 	 -0.5091932 	0.46986542 	-0.00047481007 	 -1.8627121 	2.3627119 	-0.062788688 		-0.03125 0.0025946976 0.010077912 1200000 1
-0.03 -494948.6 	289594.28 	16358.776 	 -1543283.7 	1019680.6 	72776.058 	 0.0039960392 	0.0024247621 	0.037944518 	 -0.00056176599 	-0.00058766997 	0.0007618668 	 6178.8396 	9236.3689 	-467.46345 	 -0.48709969 	0.46511018 	-0.00043356229 	 -1.778438 	2.310774 	-0.062722087 		-0.03 0.001955273 0.0077353054 1200000 1
-0.02875 -554249.26 	277613.49 	16551.172 	 -1665061.1 	921147.43 	72522.046 	 0.0038637843 	0.0024307495 	0.037664534 	 -0.00055029692 	-0.00060239877 	0.0004892909 	 5775.5999 	9976.4418 	-486.12619 	 -0.46500618 	0.46035493 	-0.00039231452 	 -1.694164 	2.2588361 	-0.062655487 		-0.02875 0.0013158483 0.0053926985 1200000 1
-0.0275 -613549.92 	265632.69 	16743.567 	 -1786838.4 	822614.27 	72268.035 	 0.0037315295 	0.0024367369 	0.03738455 	 -0.00053882785 	-0.00061712757 	0.00021671501 	 5372.3601 	10716.515 	-504.78892 	 -0.44291267 	0.45559969 	-0.00035106675 	 -1.6098899 	2.2068982 	-0.062588887 		-0.0275 0.0006764237 0.0030500916 1200000 1
-0.02625 -686976.76 	268233.09 	15403.116 	 -1954452.6 	788620.4 	68594.402 	 0.003491446 	0.0024199465 	0.036589119 	 -0.00055033507 	-0.00063774625 	-0.00060940567 	 4803.9084 	11278.316 	-475.16414 	 -0.40428007 	0.43336723 	-0.00030306012 	 -1.4690088 	2.0669517 	-0.059309238 		-0.02625 4.6221397e-06 0.00068226953 1200000 1
-0.025 -844186.56 	232064.38 	17029.277 	 -2074558.4 	663342.32 	71004.897 	 0.0032514336 	0.0024701953 	0.0363759 	 -0.00048958996 	-0.00065495925 	-0.00073948413 	 4253.9186 	13752.051 	-608.03846 	 -0.36235736 	0.43633078 	-0.00015132434 	 -1.3058443 	2.0127469 	-0.061913384 		-0.025 -0.00023315306 3.0861611e-05 1200000 1
-0.02375 -933110.68 	221716.16 	16693.204 	 -2195236.9 	604694.29 	68736.951 	 0.0030318448 	0.0024815001 	0.035949579 	 -0.00046135517 	-0.00066917738 	-0.0010400367 	 3952.7364 	14776.312 	-659.61668 	 -0.32662939 	0.42100114 	-5.4054718e-05 	 -1.1826693 	1.9092502 	-0.06006418 		-0.02375 -0.00043264947 -0.00034406254 1200000 1
-0.0225 -1022034.8 	211367.94 	16357.132 	 -2315915.5 	546046.26 	66469.006 	 0.0028122559 	0.0024928049 	0.035523257 	 -0.00043312039 	-0.0006833955 	-0.0013405894 	 3651.5542 	15800.574 	-711.1949 	 -0.29090143 	0.40567149 	4.3214904e-05 	 -1.0594944 	1.8057535 	-0.058214976 		-0.0225 -0.00063214588 -0.00071898669 1200000 1
-0.02125 -1110958.9 	201019.72 	16021.059 	 -2436594.1 	487398.23 	64201.061 	 0.002592667 	0.0025041096 	0.035096935 	 -0.0004048856 	-0.00069761362 	-0.001641142 	 3350.3721 	16824.835 	-762.77312 	 -0.25517347 	0.39034185 	0.00014048453 	 -0.93631946 	1.7022568 	-0.056365772 		-0.02125 -0.0008316423 -0.0010939108 1200000 1
-0.02 -1199883.1 	190671.5 	15684.986 	 -2557272.6 	428750.19 	61933.116 	 0.0023730782 	0.0025154144 	0.034670613 	 -0.00037665082 	-0.00071183174 	-0.0019416946 	 3049.1899 	17849.096 	-814.35134 	 -0.21944551 	0.37501221 	0.00023775415 	 -0.81314452 	1.5987601 	-0.054516568 		-0.02 -0.0010311387 -0.001468835 1200000 1
-0.01875 -1288807.2 	180323.28 	15348.913 	 -2677951.2 	370102.16 	59665.171 	 0.0021534893 	0.0025267192 	0.034244291 	 -0.00034841603 	-0.00072604987 	-0.0022422472 	 2748.0077 	18873.357 	-865.92955 	 -0.18371754 	0.35968257 	0.00033502377 	 -0.68996957 	1.4952634 	-0.052667364 		-0.01875 -0.0012306351 -0.0018437591 1200000 1
-0.0175 -1311457.1 	173224.87 	13247.062 	 -2761713.5 	353890.24 	54064.556 	 0.0019561703 	0.0025019724 	0.033338265 	 -0.00034606481 	-0.00073638866 	-0.0029374185 	 2193.6861 	18271.18 	-812.13417 	 -0.15838118 	0.33096682 	0.00035693521 	 -0.62527279 	1.3660594 	-0.047548536 		-0.0175 -0.0015015425 -0.0026792239 1200000 1
-0.01625 -1443916.2 	141397.13 	13307.687 	 -2795493.2 	297465 	51939.217 	 0.00179678 	0.0025495599 	0.033638992 	 -0.00029552394 	-0.00073160273 	-0.0024060978 	 2047.8746 	20780.602 	-982.55471 	 -0.12887478 	0.31829633 	0.0005305948 	 -0.52850881 	1.2888195 	-0.045982939 		-0.01625 -0.001496561 -0.0028141183 1200000 1
-0.015 -1494427.2 	131519.51 	12400.096 	 -2840404.7 	267295.69 	47824.473 	 0.0016428691 	0.0025558015 	0.033432228 	 -0.00026984577 	-0.00073372208 	-0.002418138 	 1904.1826 	21412.352 	-1025.602 	 -0.10896448 	0.29517017 	0.00056185865 	 -0.47404423 	1.1877707 	-0.042410163 		-0.015 -0.0014225358 -0.0026305151 1200000 1
-0.01375 -1544938.1 	121641.89 	11492.506 	 -2885316.2 	237126.37 	43709.728 	 0.0014889581 	0.0025620431 	0.033225464 	 -0.00024416761 	-0.00073584143 	-0.0024301782 	 1760.4907 	22044.103 	-1068.6493 	 -0.08905418 	0.27204401 	0.0005931225 	 -0.41957965 	1.0867219 	-0.038837386 		-0.01375 -0.0013485106 -0.0024469119 1200000 1
-0.0125 -1595449.1 	111764.27 	10584.915 	 -2930227.7 	206957.05 	39594.984 	 0.0013350471 	0.0025682846 	0.0330187 	 -0.00021848944 	-0.00073796078 	-0.0024422185 	 1616.7987 	22675.854 	-1111.6966 	 -0.06914388 	0.24891785 	0.00062438635 	 -0.36511508 	0.98567305 	-0.03526461 		-0.0125 -0.0012744855 -0.0022633087 1200000 1
-0.01125 -1645960 	101886.64 	9677.3237 	 -2975139.2 	176787.74 	35480.239 	 0.0011811361 	0.0025745262 	0.032811936 	 -0.00019281128 	-0.00074008014 	-0.0024542587 	 1473.1067 	23307.605 	-1154.7439 	 -0.04923358 	0.22579169 	0.0006556502 	 -0.3106505 	0.88462424 	-0.031691834 		-0.01125 -0.0012004603 -0.0020797054 1200000 1
-0.01 -1696471 	92009.023 	8769.7328 	 -3020050.6 	146618.42 	31365.495 	 0.0010272251 	0.0025807678 	0.032605172 	 -0.00016713311 	-0.00074219949 	-0.0024662989 	 1329.4148 	23939.356 	-1197.7913 	 -0.02932328 	0.20266553 	0.00068691405 	 -0.25618592 	0.78357542 	-0.028119058 		-0.01 -0.0011264352 -0.0018961022 1200000 1
-0.00875 -1666117.1 	80745.485 	6922.734 	 -3059977.3 	137237.1 	26523.867 	 0.00088217174 	0.0025472349 	0.031751004 	 -0.00015762264 	-0.00075023315 	-0.0030808106 	 964.90591 	22488.774 	-1098.7714 	 -0.021218763 	0.17381409 	0.0005898001 	 -0.2491005 	0.67332892 	-0.023625221 		-0.00875 -0.0011474638 -0.0021065335 1200000 1
-0.0075 -1767428.6 	58375.721 	6200.2187 	 -3055393.6 	111734.31 	23454.17 	 0.00075586507 	0.002592149 	0.032364127 	 -0.00012523948 	-0.00074194719 	-0.00241669 	 811.71485 	24886.881 	-1267.2464 	 -0.0039541787 	0.15290941 	0.00057375647 	 -0.19208812 	0.58568527 	-0.020966406 		-0.0075 -0.0010431787 -0.0020405921 1200000 1
-0.00625 -1783403.8 	49784.288 	5218.7492 	 -3066658.1 	91867.563 	19513.648 	 0.00062932705 	0.0025942173 	0.032306022 	 -0.00010393148 	-0.00074224387 	-0.0024004403 	 695.9362 	25110.601 	-1282.8958 	 0.0023175171 	0.12747237 	0.00048348358 	 -0.17657191 	0.48796202 	-0.01746218 		-0.00625 -0.00085356396 -0.0016414527 1200000 1
-0.005 -1799379 	41192.854 	4237.2796 	 -3077922.6 	72000.815 	15573.126 	 0.00050278904 	0.0025962855 	0.032247917 	 -8.2623489e-05 	-0.00074254055 	-0.0023841906 	 580.15754 	25334.32 	-1298.5452 	 0.0085892129 	0.10203534 	0.00039321069 	 -0.1610557 	0.39023877 	-0.013957954 		-0.005 -0.00066394919 -0.0012423134 1200000 1
-0.00375 -1815354.2 	32601.42 	3255.81 	 -3089187.1 	52134.067 	11632.604 	 0.00037625102 	0.0025983538 	0.032189812 	 -6.1315494e-05 	-0.00074283722 	-0.0023679409 	 464.37889 	25558.04 	-1314.1946 	 0.014860909 	0.076598303 	0.0003029378 	 -0.14553949 	0.29251552 	-0.010453727 		-0.00375 -0.00047433442 -0.00084317401 1200000 1
-0.0025 -1831329.4 	24009.987 	2274.3404 	 -3100451.7 	32267.319 	7692.0824 	 0.00024971301 	0.002600422 	0.032131707 	 -4.00075e-05 	-0.0007431339 	-0.0023516913 	 348.60024 	25781.76 	-1329.844 	 0.021132605 	0.051161267 	0.00021266491 	 -0.13002328 	0.19479226 	-0.0069495011 		-0.0025 -0.00028471965 -0.00044403464 1200000 1
-0.00125 -1847304.6 	15418.553 	1292.8708 	 -3111716.2 	12400.572 	3751.5604 	 0.000123175 	0.0026024903 	0.032073602 	 -1.8699505e-05 	-0.00074343058 	-0.0023354416 	 232.82159 	26005.48 	-1345.4935 	 0.0274043 	0.025724232 	0.00012239202 	 -0.11450708 	0.097069013 	-0.0034452747 		-0.00125 -9.5104875e-05 -4.4895277e-05 1200000 1
1.0842022e-17 -1778247.6 	0.35654072 	0.11638011 	 -3134209.9 	0.65953127 	-2.2964469 	 -6.2144459e-09 	0.0025622929 	0.03130216 	 -1.7287961e-08 	-0.00075189564 	-0.0029766619 	 0.0039744877 	23974.368 	-1204.1575 	 0.022035783 	4.6950271e-06 	-4.5555056e-06 	 -0.14150389 	-1.0732401e-05 	2.7552122e-06 		1.0842022e-17 -1.183617e-07 6.112189e-07 1200000 1
0.00125 -1847304.6 	-15417.848 	-1292.747 	 -3111716.1 	-12399.33 	-3756.1363 	 -0.00012318738 	0.0026024896 	0.032073601 	 1.8664331e-05 	-0.00074343138 	-0.0023354416 	 -232.81383 	26005.479 	-1345.492 	 0.027404311 	-0.025714766 	-0.0001314503 	 -0.1145072 	-0.097090393 	0.0034507626 		0.00125 9.4868631e-05 4.6118881e-05 1200000 1
0.0025 -1831329.4 	-24009.28 	-2274.2141 	 -3100451.4 	-32266.104 	-7696.6369 	 -0.00024972521 	0.002600421 	0.032131706 	 3.9972452e-05 	-0.00074313548 	-0.0023516915 	 -348.59235 	25781.759 	-1329.8414 	 0.021132624 	-0.051151804 	-0.00022170471 	 -0.13002352 	-0.19481361 	0.0069549693 		0.0025 0.00028448346 0.00044525759 1200000 1
0.00375 -1815354.2 	-32600.712 	-3255.6812 	 -3089186.8 	-52132.878 	-11637.137 	 -0.00037626305 	0.0025983523 	0.03218981 	 6.1280573e-05 	-0.00074283958 	-0.0023679413 	 -464.37087 	25558.039 	-1314.1907 	 0.014860936 	-0.076588842 	-0.00031195911 	 -0.14553983 	-0.29253682 	0.010459176 		0.00375 0.00047409829 0.0008443963 1200000 1
0.005 -1799379 	-41192.145 	-4237.1483 	 -3077922.1 	-71999.653 	-15577.638 	 -0.00050280088 	0.0025962836 	0.032247915 	 8.2588694e-05 	-0.00074254369 	-0.0023841912 	 -580.14939 	25334.318 	-1298.5401 	 0.0085892487 	-0.10202588 	-0.00040221351 	 -0.16105615 	-0.39026003 	0.013963383 		0.005 0.00066371311 0.001243535 1200000 1
0.00625 -1783403.8 	-49783.577 	-5218.6154 	 -3066657.5 	-91866.427 	-19518.138 	 -0.00062933871 	0.0025942149 	0.032306019 	 0.00010389682 	-0.00074224779 	-0.002400441 	 -695.92791 	25110.598 	-1282.8894 	 0.0023175612 	-0.12746292 	-0.00049246791 	 -0.17657247 	-0.48798325 	0.017467589 		0.00625 0.00085332794 0.0016426737 1200000 1
0.0075 -1767428.6 	-58375.01 	-6200.0825 	 -3055392.8 	-111733.2 	-23458.639 	 -0.00075587654 	0.0025921462 	0.032364124 	 0.00012520494 	-0.00074195189 	-0.0024166908 	 -811.70643 	24886.877 	-1267.2388 	 -0.0039541264 	-0.15289996 	-0.00058272232 	 -0.19208878 	-0.58570646 	0.020971796 		0.0075 0.0010429428 0.0020418124 1200000 1
0.00875 -1666117.1 	-80744.754 	-6922.4836 	 -3059976.6 	-137235.96 	-26528.332 	 -0.00088218295 	0.0025472318 	0.031750999 	 0.00015758894 	-0.00075023864 	-0.0030808114 	 -964.8969 	22488.769 	-1098.7632 	 -0.021218706 	-0.17380472 	-0.00059878037 	 -0.24910122 	-0.67335012 	0.02363061 		0.00875 0.0011472275 0.0021077516 1200000 1
0.01 -1696470.9 	-92008.292 	-8769.5738 	 -3020049.7 	-146617.41 	-31369.896 	 -0.0010272359 	0.0025807647 	0.032605166 	 0.00016709906 	-0.00074220574 	-0.0024663001 	 -1329.4056 	23939.349 	-1197.7823 	 -0.029323216 	-0.20265609 	-0.00069580839 	 -0.25618675 	-0.78359646 	0.02812438 		0.01 0.0011261994 0.0018973203 1200000 1
0.01125 -1645960 	-101885.92 	-9677.1443 	 -2975138.2 	-176786.75 	-35484.618 	 -0.0011811466 	0.002574523 	0.032811929 	 0.00019277756 	-0.00074008722 	-0.00245426 	 -1473.0974 	23307.598 	-1154.7344 	 -0.049233509 	-0.22578225 	-0.00066450114 	 -0.31065138 	-0.88464519 	0.031697129 		0.01125 0.0012002247 0.0020809219 1200000 1
0.0125 -1595449 	-111763.54 	-10584.715 	 -2930226.7 	-206956.1 	-39599.339 	 -0.0013350572 	0.0025682812 	0.033018692 	 0.00021845605 	-0.0007379687 	-0.00244222 	 -1616.7892 	22675.846 	-1111.6865 	 -0.069143802 	-0.24890842 	-0.00063319389 	 -0.365116 	-0.98569392 	0.035269878 		0.0125 0.00127425 0.0022645235 1200000 1
0.01375 -1544938 	-121641.17 	-11492.285 	 -2885315.1 	-237125.44 	-43714.061 	 -0.0014889678 	0.0025620395 	0.033225455 	 0.00024413455 	-0.00073585018 	-0.0024301799 	 -1760.4811 	22044.094 	-1068.6386 	 -0.089054095 	-0.27203459 	-0.00060188664 	 -0.41958062 	-1.0867427 	0.038842628 		0.01375 0.0013482753 0.002448125 1200000 1
0.015 -1494427 	-131518.79 	-12399.856 	 -2840403.6 	-267294.78 	-47828.783 	 -0.0016428784 	0.0025557978 	0.033432218 	 0.00026981305 	-0.00073373166 	-0.0024181398 	 -1904.1729 	21412.342 	-1025.5907 	 -0.10896439 	-0.29516075 	-0.00057057939 	 -0.47404525 	-1.1877914 	0.042415377 		0.015 0.0014223006 0.0026317266 1200000 1
0.01625 -1443916.1 	-141396.42 	-13307.426 	 -2795492.1 	-297464.12 	-51943.504 	 -0.001796789 	0.002549556 	0.033638981 	 0.00029549155 	-0.00073161314 	-0.0024060997 	 -2047.8647 	20780.591 	-982.54279 	 -0.12887468 	-0.31828692 	-0.00053927214 	 -0.52850987 	-1.2888401 	0.045988126 		0.01625 0.0014963259 0.0028153282 1200000 1
0.0175 -1311456.9 	-173224.14 	-13246.662 	 -2761712.3 	-353889.29 	-54068.886 	 -0.001956179 	0.0025019682 	0.033338253 	 0.00034603342 	-0.00073640006 	-0.0029374201 	 -2193.6757 	18271.169 	-812.12223 	 -0.15838108 	-0.3309575 	-0.00036560725 	 -0.62527383 	-1.36608 	0.047553751 		0.0175 0.0015013071 0.0026804313 1200000 1
0.01875 -1288807.1 	-180322.55 	-15348.564 	 -2677950 	-370101.26 	-59669.46 	 -0.0021534975 	0.002526715 	0.034244279 	 0.0003483845 	-0.00072606216 	-0.0022422493 	 -2747.9972 	18873.346 	-865.91731 	 -0.18371743 	-0.35967318 	-0.00034359525 	 -0.68997064 	-1.4952838 	0.052672519 		0.01875 0.0012304003 0.0018449659 1200000 1
0.02 -1199882.9 	-190670.77 	-15684.604 	 -2557271.5 	-428749.28 	-61937.419 	 -0.0023730861 	0.0025154102 	0.0346706 	 0.00037661982 	-0.00071184529 	-0.0019416968 	 -3049.1787 	17849.085 	-814.33947 	 -0.21944538 	-0.37500284 	-0.00024625196 	 -0.81314555 	-1.5987804 	0.05452172 		0.02 0.0010309042 0.0014700399 1200000 1
0.02125 -1110958.8 	-201018.99 	-16020.644 	 -2436593 	-487397.29 	-64205.378 	 -0.0025926747 	0.0025041054 	0.035096921 	 0.00040485514 	-0.00069762841 	-0.0016411444 	 -3350.3603 	16824.824 	-762.76162 	 -0.25517334 	-0.3903325 	-0.00014890867 	 -0.93632045 	-1.702277 	0.056370921 		0.02125 0.000831408 0.0010951139 1200000 1
0.0225 -1022034.7 	-211367.21 	-16356.683 	 -2315914.5 	-546045.31 	-66473.338 	 -0.0028122633 	0.0024928006 	0.035523242 	 0.00043309046 	-0.00068341153 	-0.001340592 	 -3651.5419 	15800.562 	-711.18378 	 -0.29090129 	-0.40566216 	-5.1565386e-05 	 -1.0594954 	-1.8057736 	0.058220122 		0.0225 0.00063191183 0.00072018794 1200000 1
0.02375 -933110.57 	-221715.43 	-16692.723 	 -2195236 	-604693.32 	-68741.297 	 -0.0030318519 	0.0024814958 	0.035949563 	 0.00046132578 	-0.00066919465 	-0.0010400396 	 -3952.7235 	14776.301 	-659.60594 	 -0.32662925 	-0.42099183 	4.5777901e-05 	 -1.1826703 	-1.9092702 	0.060069323 		0.02375 0.00043241566 0.00034526194 1200000 1
0.025 -844186.45 	-232063.65 	-17028.763 	 -2074557.5 	-663341.34 	-71009.256 	 -0.0032514405 	0.002470191 	0.036375885 	 0.0004895611 	-0.00065497777 	-0.00073948722 	 -4253.905 	13752.04 	-608.02809 	 -0.3623572 	-0.43632149 	0.00014312119 	 -1.3058452 	-2.0127669 	0.061918525 		0.025 0.0002329195 -2.9664053e-05 1200000 1
0.02625 -686976.68 	-268232.32 	-15402.46 	 -1954451.9 	-788619.28 	-68598.831 	 -0.0034914527 	0.0024199421 	0.036589103 	 0.00055030736 	-0.00063776651 	-0.00060940856 	 -4803.8935 	11278.306 	-475.15517 	 -0.40427992 	-0.43335803 	0.00029490783 	 -1.4690096 	-2.0669717 	0.059314423 		0.02625 -4.8559128e-06 -0.0006810745 1200000 1
0.0275 -613549.87 	-265631.91 	-16742.949 	 -1786837.7 	-822613.22 	-72272.457 	 -0.003731536 	0.0024367327 	0.037384533 	 0.0005388002 	-0.00061714894 	0.00021671125 	 -5372.3444 	10716.505 	-504.78137 	 -0.44291251 	-0.45559044 	0.00034303718 	 -1.6098906 	-2.206918 	0.062594039 		0.0275 -0.00067665593 -0.0030488981 1200000 1
0.02875 -554249.21 	-277612.7 	-16550.543 	 -1665060.4 	-921146.4 	-72526.482 	 -0.0038637907 	0.0024307454 	0.037664517 	 0.00055026959 	-0.00060242093 	0.00048928696 	 -5775.5835 	9976.4326 	-486.12043 	 -0.46500602 	-0.4603457 	0.00038433334 	 -1.6941646 	-2.2588559 	0.062660644 		0.02875 -0.0013160772 -0.0053915118 1200000 1
0.03 -494948.56 	-289593.5 	-16358.137 	 -1543283.1 	-1019679.6 	-72780.507 	 -0.0039960455 	0.0024247581 	0.037944501 	 0.00056173899 	-0.00058769292 	0.00076186267 	 -6178.8226 	9236.36 	-467.45948 	 -0.48709952 	-0.46510096 	0.0004256295 	 -1.7784387 	-2.3107937 	0.062727248 		0.03 -0.0019554985 -0.0077341256 1200000 1
0.03125 -435647.91 	-301574.29 	-16165.731 	 -1421505.8 	-1118212.8 	-73034.532 	 -0.0041283002 	0.0024187708 	0.038224485 	 0.00057320839 	-0.00057296491 	0.0010344384 	 -6582.0617 	8496.2875 	-448.79854 	 -0.50919303 	-0.46985622 	0.00046692566 	 -1.8627127 	-2.3627316 	0.062793852 		0.03125 -0.0025949198 -0.010076739 1200000 1
0.0325 -376347.26 	-313555.09 	-15973.326 	 -1299728.6 	-1216746 	-73288.557 	 -0.004260555 	0.0024127834 	0.038504469 	 0.00058467778 	-0.0005582369 	0.0013070141 	 -6985.3008 	7756.215 	-430.13759 	 -0.53128653 	-0.47461148 	0.00050822182 	 -1.9469868 	-2.4146694 	0.062860456 		0.0325 -0.003234341 -0.012419353 1200000 1
0.03375 -317046.61 	-325535.88 	-15780.92 	 -1177951.3 	-1315279.1 	-73542.582 	 -0.0043928097 	0.0024067961 	0.038784453 	 0.00059614718 	-0.00054350889 	0.0015795898 	 -7388.5399 	7016.1424 	-411.47665 	 -0.55338004 	-0.47936674 	0.00054951798 	 -2.0312608 	-2.4666072 	0.06292706 		0.03375 -0.0038737623 -0.014761967 1200000 1
0.035 -251035.43 	-332706.41 	-13437.163 	 -1165513.7 	-1565674.4 	-69866.516 	 -0.0044180116 	0.0023757522 	0.038716549 	 0.00063284412 	-0.00053616088 	0.001472621 	 -7396.7845 	5801.826 	-228.26505 	 -0.55630009 	-0.46420765 	0.00056899401 	 -2.0444666 	-2.415488 	0.059195623 		0.035 -0.0045032568 -0.01718189 1200000 1
