# y jRe_x jRe_y jRe_z jIm_x jIm_y jIm_z BRe_x BRe_y BRe_z BIm_x BIm_y BIm_z F_x F_y F_z VReGrad_x VReGrad_y VReGrad_z VImGrad_x VImGrad_y VImGrad_z s VRe VIm sigma mur
-0.075 -1844723.2 	-0.0381606 	-0.0099808 	 -4446864.4 	0.152955 	0.0715695 	 3.5537e-09 	0.0083276347 	0.039589573 	 2.2981e-09 	0.010457683 	0.0067168279 	 -0.000558795 	51448.742 	-30940.017 	 0.17652513 	3.262225e-06 	-6.39845e-08 	 0.38657536 	-4.131e-06 	1.560175e-07 		-0.075 3.7291748e-08 4.9334753e-07 1200000 1
-0.07375 -1909248.2 	0.045019 	-0.028735486 	 -4118288.7 	0.0069580714 	-0.056652357 	 3.6984e-09 	0.009226545 	0.038081824 	 2.2235214e-09 	0.011673713 	0.0038187746 	 0.0013846243 	44258.668 	-32836.089 	 0.15423753 	3.2521814e-06 	-5.1408443e-08 	 0.29622572 	-4.1161714e-06 	2.6593607e-07 		-0.07375 4.1370164e-08 4.8819026e-07 1200000 1
-0.0725 -1934062.4 	0.11446 	0.0489433 	 -3776706.9 	0.170245 	0.04653115 	 3.812e-09 	0.010126544 	0.036103933 	 2.16875e-09 	0.012666819 	0.00058671573 	 0.0014796 	36080.769 	-33710.73 	 0.12579885 	3.24801e-06 	-1.187325e-07 	 0.18001009 	-4.3603e-06 	1.8243605e-07 		-0.0725 4.54269e-08 4.8298685e-07 1200000 1
-0.07125 -1936248.6 	0.187295 	0.04356035 	 -3457442.8 	0.064205 	-0.08165805 	 3.97335e-09 	0.010738486 	0.034175902 	 1.9205e-09 	0.013025536 	-0.0021912104 	 0.00349455 	29342.959 	-32920.418 	 0.099051697 	3.237975e-06 	-1.169555e-07 	 0.068964623 	-4.38355e-06 	2.9178115e-07 		-0.07125 4.948945e-08 4.7738728e-07 1200000 1
-0.07 -1919842.9 	0.24667 	0.06818 	 -3159556.1 	0.087855 	0.1211385 	 4.18105e-09 	0.011143713 	0.032364894 	 1.86155e-09 	0.013025055 	-0.0044769226 	 0.002587 	24033.56 	-31284.922 	 0.07401575 	3.23672e-06 	-1.39746e-07 	 -0.037203821 	-4.5173e-06 	1.252139e-07 		-0.07 5.352155e-08 4.7193753e-07 1200000 1
-0.06875 -1888210 	0.296895 	0.0633368 	 -2882218.3 	0.03579 	-0.1024605 	 4.3303e-09 	0.011384674 	0.030615147 	 1.5464e-09 	0.012785456 	-0.0064447817 	 0.00478365 	19649.508 	-29187.346 	 0.050700245 	3.239405e-06 	-1.384255e-07 	 -0.13860157 	-4.59065e-06 	3.140634e-07 		-0.06875 5.758415e-08 4.6614285e-07 1200000 1
-0.0675 -1844109.8 	0.354715 	0.0761091 	 -2624598.4 	-0.0102 	0.117345 	 4.5557e-09 	0.011487283 	0.028932882 	 1.476e-09 	0.012380223 	-0.0081422777 	 0.00398175 	16021.412 	-26853.704 	 0.029083368 	3.23468e-06 	-1.5132635e-07 	 -0.23531843 	-4.6712e-06 	1.3337385e-07 		-0.0675 6.1615535e-08 4.604489e-07 1200000 1
-0.06625 -1789873.6 	0.40622 	0.06307575 	 -2385830 	-0.01802 	-0.2656605 	 4.78345e-09 	0.011472342 	0.027323859 	 1.28875e-09 	0.011861585 	-0.0096051531 	 0.00690395 	13019.957 	-24432.803 	 0.0091242775 	3.23299e-06 	-1.432617e-07 	 -0.32744752 	-4.7861e-06 	4.5507025e-07 		-0.06625 6.5673702e-08 4.544502e-07 1200000 1
-0.065 -1727494.8 	0.461725 	0.0724422 	 -2165012.4 	-0.089015 	0.024195 	 5.1023e-09 	0.011357294 	0.025792549 	 1.26435e-09 	0.011267779 	-0.010862613 	 0.0058764 	10540.995 	-22023.34 	 -0.0092310274 	3.22739e-06 	-1.5278235e-07 	 -0.41509153 	-4.84965e-06 	2.1602735e-07 		-0.065 6.9695752e-08 4.48515e-07 1200000 1
-0.06375 -1658684.6 	0.508 	0.0588164 	 -1961215.3 	-0.10592 	-0.369385 	 5.412e-09 	0.011157108 	0.024341981 	 9.9795e-10 	0.010627347 	-0.011939615 	 0.0085093 	8498.4045 	-19690.187 	 -0.026044533 	3.227415e-06 	-1.434591e-07 	 -0.49836848 	-4.9599e-06 	5.4652465e-07 		-0.06375 7.3744755e-08 4.422945e-07 1200000 1
-0.0625 -1584911 	0.5562 	0.0718662 	 -1773492.5 	-0.192955 	0.026163 	 5.7815e-09 	0.010884831 	0.02297387 	 8.495e-10 	0.0099617871 	-0.012857979 	 0.0071024 	6820.0799 	-17474.77 	 -0.041384424 	3.225115e-06 	-1.551662e-07 	 -0.57741041 	-5.01245e-06 	2.193529e-07 		-0.0625 7.776225e-08 4.36149e-07 1200000 1
-0.06125 -1507429.6 	0.59905 	0.05940415 	 -1600888.6 	-0.1856 	-0.39509545 	 6.118e-09 	0.010551878 	0.021688779 	 4.927e-10 	0.0092873425 	-0.013637062 	 0.0093377 	5445.2765 	-15402.003 	 -0.055322233 	3.22598e-06 	-1.4627965e-07 	 -0.65236575 	-5.14475e-06 	5.7287165e-07 		-0.06125 8.18098e-08 4.297195e-07 1200000 1
-0.06 -1427307.4 	0.6414 	0.07060985 	 -1442452.5 	-0.2921 	0.039473 	 6.51e-09 	0.010168277 	0.02048632 	 2.999e-10 	0.0086162068 	-0.014294102 	 0.00812515 	4322.737 	-13485.135 	 -0.067932614 	3.226575e-06 	-1.5604685e-07 	 -0.72339571 	-5.182e-06 	2.131164e-07 		-0.06 8.58266e-08 4.233415e-07 1200000 1
-0.05875 -1345444.7 	0.68385 	0.05639165 	 -1297241.1 	-0.2643 	-0.41873215 	 6.863e-09 	0.0097427989 	0.019365334 	 -6.7849999e-11 	0.0079574427 	-0.014844543 	 0.01002845 	3409.2041 	-11729.183 	 -0.079291393 	3.22576e-06 	-1.454901e-07 	 -0.79067577 	-5.3318e-06 	5.9735085e-07 		-0.05875 8.98762e-08 4.166935e-07 1200000 1
-0.0575 -1262593.3 	0.7244 	0.06896295 	 -1164331.2 	-0.3996 	0.05761945 	 7.267e-09 	0.0092831125 	0.018324056 	 -2.6435e-10 	0.0073176254 	-0.015302176 	 0.00916615 	2668.2349 	-10133.447 	 -0.089476056 	3.22592e-06 	-1.5616805e-07 	 -0.85439097 	-5.34535e-06 	2.0267835e-07 		-0.0575 9.389045e-08 4.100955e-07 1200000 1
-0.05625 -1179373.3 	0.758 	0.05499595 	 -1042820.5 	-0.35365 	-0.42684675 	 7.621e-09 	0.0087958681 	0.017360271 	 -6.251e-10 	0.0067013812 	-0.015679362 	 0.0105926 	2069.1933 	-8693.3351 	 -0.098564188 	3.23076e-06 	-1.4571445e-07 	 -0.9147372 	-5.51045e-06 	6.087217e-07 		-0.05625 9.794305e-08 4.03236e-07 1200000 1
-0.055 -1096287.9 	0.79395 	0.067465975 	 -931835.83 	-0.5084 	0.0860098 	 8.0305e-09 	0.0082868194 	0.016471428 	 -8.259e-10 	0.0061117646 	-0.015987107 	 0.01006775 	1586.3938 	-7401.7294 	 -0.10663433 	3.233e-06 	-1.5616245e-07 	 -0.97191649 	-5.5075e-06 	1.835474e-07 		-0.055 1.019659e-07 3.96424e-07 1200000 1
-0.05375 -1013737 	0.83005 	0.054678725 	 -830532.6 	-0.43935 	-0.4149555 	 8.3945e-09 	0.0077608845 	0.015654768 	 -1.193e-09 	0.0055506008 	-0.016235247 	 0.0110525 	1198.3747 	-6249.9688 	 -0.11376462 	3.23464e-06 	-1.4666282e-07 	 -1.0261384 	-5.69165e-06 	6.032451e-07 		-0.05375 1.06026e-07 3.893515e-07 1200000 1
-0.0525 -932029.24 	0.8657 	0.06965275 	 -738101.1 	-0.6117 	0.1110213 	 8.8125e-09 	0.0072222545 	0.014907393 	 -1.413e-09 	0.0050187157 	-0.016432489 	 0.01095765 	887.24803 	-5228.5931 	 -0.12003383 	3.235805e-06 	-1.5919316e-07 	 -1.0776152 	-5.6743e-06 	1.6705209e-07 		-0.0525 1.100516e-07 3.823165e-07 1200000 1
-0.05125 -851393.34 	0.8992 	0.05898403 	 -653763.39 	-0.52965 	-0.4178683 	 9.188e-09 	0.0066744395 	0.014226372 	 -1.7805e-09 	0.0045161646 	-0.016586582 	 0.0115787 	638.17268 	-4327.8593 	 -0.12552008 	3.23897e-06 	-1.5154281e-07 	 -1.1265638 	-5.869e-06 	6.0993176e-07 		-0.05125 1.141166e-07 3.750365e-07 1200000 1
-0.05 -771987.61 	0.93095 	0.073449845 	 -576778.03 	-0.69795 	0.10997442 	 9.6205e-09 	0.006120368 	0.013608772 	 -1.994e-09 	0.0040423741 	-0.01670433 	 0.0117281 	438.85563 	-3538.1344 	 -0.13030203 	3.242725e-06 	-1.636783e-07 	 -1.1732014 	-5.8545e-06 	1.7209749e-07 		-0.05 1.181488e-07 3.677745e-07 1200000 1
-0.04875 -693909.59 	0.9632 	0.062047295 	 -506435.65 	-0.6104 	-0.42979132 	 1.0005e-08 	0.0055624219 	0.013051753 	 -2.342e-09 	0.0035962976 	-0.016791756 	 0.01204835 	279.173 	-2850.1491 	 -0.13445754 	3.2468195e-06 	-1.5541431e-07 	 -1.2177475 	-6.05325e-06 	6.2396002e-07 		-0.04875 1.2222395e-07 3.602675e-07 1200000 1
-0.0475 -617203.31 	0.9942 	0.075811871 	 -442062.26 	-0.78855 	0.10056808 	 1.04475e-08 	0.0050025275 	0.012552566 	 -2.5405e-09 	0.0031765019 	-0.016854093 	 0.012549595 	150.78687 	-2255.1903 	 -0.13806506 	3.2509845e-06 	-1.669072e-07 	 -1.2604197 	-6.02985e-06 	1.839442e-07 		-0.0475 1.2626555e-07 3.527805e-07 1200000 1
-0.04625 -541867.46 	1.0279 	0.064245111 	 -383013.64 	-0.6931 	-0.44284391 	 1.0833e-08 	0.0044421814 	0.012108638 	 -2.87e-09 	0.0027812748 	-0.016895934 	 0.012585545 	46.88026 	-1745.2085 	 -0.14120224 	3.2540465e-06 	-1.584118e-07 	 -1.3014367 	-6.234585e-06 	6.387545e-07 		-0.04625 1.3035105e-07 3.4505e-07 1200000 1
-0.045 -467860.99 	1.05965 	0.078556625 	 -328677.87 	-0.86135 	0.095080055 	 1.1279e-08 	0.0038825336 	0.01171755 	 -3.0515e-09 	0.0024086741 	-0.016921213 	 0.01324301 	-38.13943 	-1312.8987 	 -0.14394739 	3.257602e-06 	-1.7019659e-07 	 -1.3410142 	-6.218715e-06 	1.9233865e-07 		-0.045 1.344012e-07 3.373345e-07 1200000 1
-0.04375 -395109.92 	1.09345 	0.067260975 	 -278468.93 	-0.7564 	-0.44179581 	 1.1668e-08 	0.0033244066 	0.011377115 	 -3.368e-09 	0.0020566041 	-0.016933335 	 0.012995635 	-108.82183 	-951.73009 	 -0.14637812 	3.260813e-06 	-1.6171685e-07 	 -1.3793678 	-6.43058e-06 	6.4161105e-07 		-0.04375 1.3849495e-07 3.2936e-07 1200000 1
-0.0425 -323511.7 	1.12375 	0.080954435 	 -231828.62 	-0.9226 	0.10197038 	 1.2123e-08 	0.0027683708 	0.01108534 	 -3.5455e-09 	0.0017228402 	-0.016935149 	 0.013859015 	-168.904 	-655.96735 	 -0.14857278 	3.2659335e-06 	-1.727618e-07 	 -1.4167093 	-6.414955e-06 	1.9024055e-07 		-0.0425 1.4255415e-07 3.213985e-07 1200000 1
-0.04125 -252940.93 	1.15685 	0.068397785 	 -188219.59 	-0.82225 	-0.43084771 	 1.2524e-08 	0.0022147587 	0.010840499 	 -3.867e-09 	0.0014050833 	-0.016929063 	 0.01348196 	-221.43102 	-420.6624 	 -0.15060914 	3.2706025e-06 	-1.6304415e-07 	 -1.4532501 	-6.62176e-06 	6.360492e-07 		-0.04125 1.46659e-07 3.13183e-07 1200000 1
-0.04 -183252.71 	1.1872 	0.080529594 	 -147126.85 	-0.9945 	0.10941461 	 1.29925e-08 	0.0016637341 	0.010641084 	 -4.051e-09 	0.0011009686 	-0.016917008 	 0.01461731 	-268.93865 	-241.64699 	 -0.15256586 	3.276413e-06 	-1.7267325e-07 	 -1.4891979 	-6.59981e-06 	1.875123e-07 		-0.04 1.5073135e-07 3.049875e-07 1200000 1
-0.03875 -114287.63 	1.22265 	0.06645665 	 -108050.54 	-0.8936 	-0.42474196 	 1.3406e-08 	0.0011153021 	0.010485877 	 -4.3725e-09 	0.00080810661 	-0.016900534 	 0.01411888 	-313.53327 	-115.5096 	 -0.15452119 	3.280081e-06 	-1.616325e-07 	 -1.5247595 	-6.80504e-06 	6.343317e-07 		-0.03875 1.5484925e-07 2.96541e-07 1200000 1
-0.0375 -45874.365 	1.25595 	0.079021413 	 -70507.204 	-1.0679 	0.11193088 	 1.3889e-08 	0.00056937439 	0.010373891 	 -4.5515e-09 	0.00052408171 	-0.016880768 	 0.015494515 	-357.0408 	-39.576289 	 -0.15655443 	3.284695e-06 	-1.7159905e-07 	 -1.5601382 	-6.779655e-06 	1.886553e-07 		-0.0375 1.589319e-07 2.881185e-07 1200000 1
-0.03625 22165.898 	1.29315 	0.065885386 	 -34022.271 	-0.97065 	-0.42515945 	 1.43075e-08 	2.577703e-05 	0.01030444 	 -4.867e-09 	0.00024648478 	-0.0168585 	 0.01491299 	-401.06095 	-11.885302 	 -0.15874467 	3.288839e-06 	-1.613202e-07 	 -1.5955367 	-6.979815e-06 	6.3777245e-07 		-0.03625 1.630604e-07 2.79447e-07 1200000 1
-0.035 90017.225 	1.3271 	0.079884513 	 1868.7373 	-1.1389 	0.11364563 	 1.47915e-08 	-0.00051568746 	0.010277074 	 -5.031e-09 	-2.7093008e-05 	-0.016834125 	 0.016448 	-447.09511 	-31.165089 	 -0.16117231 	3.29436e-06 	-1.7243135e-07 	 -1.6311543 	-6.95676e-06 	1.901567e-07 		-0.035 1.6715485e-07 2.70812e-07 1200000 1
-0.03375 157864.83 	1.3647 	0.068474112 	 37627.69 	-1.02835 	-0.42847233 	 1.5197e-08 	-0.0010552323 	0.010291652 	 -5.3195e-09 	-0.00029903134 	-0.016807718 	 0.01565265 	-496.58931 	-96.811984 	 -0.1639177 	3.2995235e-06 	-1.6351705e-07 	 -1.6671901 	-7.165265e-06 	6.4329725e-07 		-0.03375 1.7129585e-07 2.6192e-07 1200000 1
-0.0325 225892.95 	1.3977 	0.082668124 	 73712.679 	-1.18045 	0.10934909 	 1.5672e-08 	-0.0015930259 	0.010348264 	 -5.4485e-09 	-0.00057168807 	-0.016778973 	 0.01725545 	-551.05142 	-208.86828 	 -0.16706271 	3.307389e-06 	-1.746771e-07 	 -1.7038399 	-7.15268e-06 	1.9634915e-07 		-0.0325 1.754049e-07 2.53036e-07 1200000 1
-0.03125 294280.82 	1.4344 	0.070892074 	 110585.52 	-1.0624 	-0.43409806 	 1.60715e-08 	-0.0021291823 	0.010447311 	 -5.6955e-09 	-0.00084736985 	-0.016747258 	 0.01629153 	-612.09366 	-368.00329 	 -0.17068942 	3.3152565e-06 	-1.653318e-07 	 -1.7412997 	-7.364475e-06 	6.5046005e-07 		-0.03125 1.795631e-07 2.438895e-07 1200000 1
-0.03 363200.46 	1.46595 	0.083238515 	 148710.41 	-1.2208 	0.091472155 	 1.6542e-08 	-0.0026637001 	0.010589417 	 -5.777e-09 	-0.0011283366 	-0.016711547 	 0.01814913 	-681.54982 	-575.48989 	 -0.17488167 	3.326245e-06 	-1.7485565e-07 	 -1.7797623 	-7.3429e-06 	2.1360235e-07 		-0.03 1.836941e-07 2.347635e-07 1200000 1
-0.02875 432812.46 	1.5038 	0.069142185 	 188561.28 	-1.10135 	-0.45896531 	 1.6931e-08 	-0.0031964499 	0.010775507 	 -5.9705e-09 	-0.0014167676 	-0.016670469 	 0.01707714 	-761.5292 	-833.18478 	 -0.17972375 	3.335315e-06 	-1.6348475e-07 	 -1.8194208 	-7.55191e-06 	6.7343245e-07 		-0.02875 1.878775e-07 2.25393e-07 1200000 1
-0.0275 503263.41 	1.53945 	0.080661415 	 230620.38 	-1.25255 	0.072428885 	 1.73845e-08 	-0.0037271103 	0.011006719 	 -5.993e-09 	-0.0017147588 	-0.016622219 	 0.01911997 	-854.54207 	-1143.4971 	 -0.18530194 	3.34495e-06 	-1.7219475e-07 	 -1.8604651 	-7.53265e-06 	2.316089e-07 		-0.0275 1.920332e-07 2.160335e-07 1200000 1
-0.02625 574681.24 	1.5822 	0.06706424 	 275385.31 	-1.11905 	-0.4683088 	 1.7753e-08 	-0.0042551497 	0.011284474 	 -6.102e-09 	-0.0020242788 	-0.016564605 	 0.01787108 	-963.57612 	-1509.3585 	 -0.19170325 	3.35231e-06 	-1.61067e-07 	 -1.9030852 	-7.7492e-06 	6.832365e-07 		-0.02625 1.962393e-07 2.064165e-07 1200000 1
-0.025 647172.03 	1.62085 	0.081243155 	 323367.36 	-1.2584 	0.0824918 	 1.81805e-08 	-0.0047797582 	0.011610382 	 -6.04e-09 	-0.0023471552 	-0.016494943 	 0.020110314 	-1092.2417 	-1934.1718 	 -0.19901691 	3.36165e-06 	-1.7178925e-07 	 -1.9474677 	-7.73545e-06 	2.2510895e-07 		-0.025 2.0041575e-07 1.96803e-07 1200000 1
-0.02375 720814.7 	1.6627 	0.07036875 	 375098.07 	-1.14655 	-0.43900075 	 1.8524e-08 	-0.0052998211 	0.011986314 	 -6.067e-09 	-0.0026850137 	-0.016410097 	 0.018974228 	-1244.8824 	-2421.7536 	 -0.2073331 	3.37238e-06 	-1.6275555e-07 	 -1.9937986 	-7.92915e-06 	6.6056715e-07 		-0.02375 2.0464285e-07 1.869425e-07 1200000 1
-0.0225 795656.92 	1.6987 	0.084817055 	 431127.03 	-1.29855 	0.1027345 	 1.89345e-08 	-0.005813844 	0.01241429 	 -5.9235e-09 	-0.0030392451 	-0.016306359 	 0.021566511 	-1426.7529 	-2976.2417 	 -0.21674439 	3.38649e-06 	-1.736077e-07 	 -2.0422597 	-7.8999e-06 	2.098717e-07 		-0.0225 2.088484e-07 1.77121e-07 1200000 1
-0.02125 871708.85 	1.74255 	0.073694675 	 492028.05 	-1.1654 	-0.40604015 	 1.9257e-08 	-0.0063199157 	0.012896544 	 -5.858e-09 	-0.0034109206 	-0.016179476 	 0.020203775 	-1644.1745 	-3601.9834 	 -0.2273445 	3.398115e-06 	-1.6430045e-07 	 -2.0930311 	-8.1068e-06 	6.3461535e-07 		-0.02125 2.131077e-07 1.67041e-07 1200000 1
-0.02 948937.86 	1.7835 	0.08943005 	 558396.33 	-1.29315 	0.1058611 	 1.9648e-08 	-0.0068156229 	0.013435412 	 -5.6195e-09 	-0.0038007287 	-0.016024521 	 0.02288215 	-1904.7583 	-4303.3652 	 -0.23922965 	3.410735e-06 	-1.7626825e-07 	 -2.1462875 	-8.0929e-06 	2.086733e-07 		-0.02 2.1734395e-07 1.56992e-07 1200000 1
-0.01875 1027261.2 	1.82655 	0.08044555 	 630853.83 	-1.152 	-0.381325 	 1.99505e-08 	-0.0072979985 	0.014033373 	 -5.4535e-09 	-0.0042088538 	-0.015835905 	 0.021425245 	-2217.6199 	-5084.6019 	 -0.25249729 	3.426435e-06 	-1.688142e-07 	 -2.2022004 	-8.30055e-06 	6.153336e-07 		-0.01875 2.216354e-07 1.46678e-07 1200000 1
-0.0175 1106539.1 	1.86225 	0.0941335 	 710045.94 	-1.2718 	0.0831416 	 2.03325e-08 	-0.0077634221 	0.014692926 	 -5.1315e-09 	-0.0046348666 	-0.015607233 	 0.02419805 	-2593.6636 	-5949.4305 	 -0.26724732 	3.44726e-06 	-1.7929405e-07 	 -2.2609342 	-8.28765e-06 	2.288782e-07 		-0.0175 2.2591265e-07 1.363825e-07 1200000 1
-0.01625 1186565.8 	1.9066 	0.0813735 	 796645.38 	-1.14545 	-0.3787927 	 2.0628e-08 	-0.0082075469 	0.015416619 	 -4.881e-09 	-0.0050775463 	-0.015331307 	 0.0228384 	-3045.8738 	-6900.7214 	 -0.28358071 	3.46626e-06 	-1.6888889e-07 	 -2.3226481 	-8.4771e-06 	6.1442935e-07 		-0.01625 2.3025285e-07 1.258245e-07 1200000 1
-0.015 1267061 	1.95575 	0.0920034 	 891348.48 	-1.25195 	0.0483358 	 2.1021e-08 	-0.0086251784 	0.0162069 	 -4.5025e-09 	-0.0055346956 	-0.014999953 	 0.02580665 	-3589.6773 	-7939.9377 	 -0.30160045 	3.47974e-06 	-1.770634e-07 	 -2.3874921 	-8.469e-06 	2.590441e-07 		-0.015 2.345762e-07 1.153135e-07 1200000 1
-0.01375 1347658.8 	2.01295 	0.08085435 	 994877.33 	-1.1054 	-0.3577427 	 2.134e-08 	-0.0090101678 	0.017066132 	 -4.2205e-09 	-0.0060028704 	-0.014604012 	 0.0245298 	-4243.3361 	-9066.4332 	 -0.32140995 	3.492415e-06 	-1.681077e-07 	 -2.4556088 	-8.66875e-06 	5.980039e-07 		-0.01375 2.3895065e-07 1.04522e-07 1200000 1
-0.0125 1427896.3 	2.06285 	0.0932806 	 1107975.5 	-1.17845 	0.017221 	 2.1764e-08 	-0.0093552514 	0.017996418 	 -3.8255e-09 	-0.0064770676 	-0.014133133 	 0.0274219 	-5028.4193 	-10276.495 	 -0.34311352 	3.50987e-06 	-1.7801785e-07 	 -2.5271295 	-8.68125e-06 	2.860245e-07 		-0.0125 2.4331e-07 9.37545e-08 1200000 1
-0.01125 1507199.7 	2.10995 	0.0825914 	 1231408.9 	-1.04975 	-0.3573725 	 2.2123e-08 	-0.0096518812 	0.018999601 	 -3.532e-09 	-0.0069502852 	-0.013575722 	 0.02630615 	-5970.3427 	-11562.073 	 -0.36681422 	3.53547e-06 	-1.6961575e-07 	 -2.6021761 	-8.8584e-06 	5.986992e-07 		-0.01125 2.47728e-07 8.271e-08 1200000 1
-0.01 1584869.5 	2.15655 	0.092202 	 1365960.7 	-1.10495 	-0.02186 	 2.2596e-08 	-0.0098899795 	0.020077076 	 -3.093e-09 	-0.0074129673 	-0.012918653 	 0.0292052 	-7099.0365 	-12909.029 	 -0.39261336 	3.55872e-06 	-1.773613e-07 	 -2.6808584 	-8.8775e-06 	3.195934e-07 		-0.01 2.521475e-07 7.1722e-08 1200000 1
-0.00875 1660060.6 	2.21301 	0.08078105 	 1512431.2 	-0.9129 	-0.3036095 	 2.30095e-08 	-0.010057626 	0.021229803 	 -2.69615e-09 	-0.0078522108 	-0.0121471 	 0.028239 	-8449.7852 	-14294.736 	 -0.42060704 	3.57913e-06 	-1.683073e-07 	 -2.7632758 	-9.0989e-06 	5.549464e-07 		-0.00875 2.566235e-07 6.04055e-08 1200000 1
-0.0075 1731759.9 	2.2656 	0.08634845 	 1671634.1 	-0.9123 	-0.064889 	 2.353165e-08 	-0.010140577 	0.02245817 	 -2.12005e-09 	-0.0082506564 	-0.011243997 	 0.0307823 	-10064.405 	-15684.621 	 -0.4508836 	3.59919e-06 	-1.7279875e-07 	 -2.8495172 	-9.1557e-06 	3.5648555e-07 		-0.0075 2.610965e-07 4.9081e-08 1200000 1
-0.00625 1798754.3 	2.32467 	0.07673225 	 1844398.6 	-0.8127 	-0.312375 	 2.399355e-08 	-0.010121536 	0.023762178 	 -1.58875e-09 	-0.0085847952 	-0.010189399 	 0.0307816 	-11993.051 	-17027.073 	 -0.48351697 	3.61864e-06 	-1.651135e-07 	 -2.9396648 	-9.2913e-06 	5.632601e-07 		-0.00625 2.65617e-07 3.744e-08 1200000 1
-0.005 1859586.6 	2.381125 	0.08822565 	 2031573.3 	-0.7999 	-0.05411405 	 2.458405e-08 	-0.0099788961 	0.02514172 	 -7.5935e-10 	-0.0088222894 	-0.0089588709 	 0.03376125 	-14297.488 	-18245.467 	 -0.51855876 	3.63536e-06 	-1.742295e-07 	 -3.0337985 	-9.34935e-06 	3.485652e-07 		-0.005 2.70145e-07 2.5877e-08 1200000 1
-0.00375 1912482.3 	2.42407 	0.0745485 	 2234046.2 	-0.615385 	-0.18443975 	 2.51034e-08 	-0.009684484 	0.026597951 	 6.38e-11 	-0.0089174176 	-0.0075202588 	 0.0340989 	-17058.051 	-19224.92 	 -0.55602255 	3.6674e-06 	-1.62686e-07 	 -3.1320073 	-9.54585e-06 	4.5776385e-07 		-0.00375 2.74721e-07 1.4038e-08 1200000 1
-0.0025 1955212.7 	2.483145 	0.07815537 	 2452797.5 	-0.50541 	-0.11724455 	 2.57492e-08 	-0.0091913071 	0.028188528 	 1.2459e-09 	-0.0087957395 	-0.0057611906 	 0.03633215 	-20523.568 	-19771.737 	 -0.59585855 	3.67975e-06 	-1.650455e-07 	 -3.2344125 	-9.6748e-06 	4.0225605e-07 		-0.0025 2.793e-07 2.1e-09 1200000 1
-0.00125 1985032 	2.5541361 	0.075004807 	 2688970 	-0.504215 	-0.16492393 	 2.6401771e-08 	-0.0084140547 	0.029858234 	 2.68545e-09 	-0.0082772681 	-0.0037124821 	 0.03863055 	-24666.291 	-19474.694 	 -0.6379546 	3.6848429e-06 	-1.6149344e-07 	 -3.3413306 	-9.7073643e-06 	4.4266029e-07 		-0.00125 2.8390814e-07 -1.0159286e-08 1200000 1
5.2475385e-17 1080241.6 	2.5504225 	0.027482925 	 1560984.5 	-0.4577275 	-0.056376725 	 2.6954925e-08 	-0.0072864548 	0.031385744 	 4.147075e-09 	-0.0073059043 	-0.0015953119 	 0.040272325 	-15451.34 	-9983.2098 	 -0.66963646 	-7.910225e-06 	-1.702205e-07 	 -3.4161069 	-7.58125e-06 	3.38089e-07 		5.2475385e-17 2.8486525e-07 -2.15625e-08 650000 1
0.00125 156965.11 	2.4747493 	0.028443446 	 238241.06 	-0.46503214 	-0.028771679 	 2.6698671e-08 	-0.0061605068 	0.031262378 	 3.8776929e-09 	-0.0062510702 	-0.0017220077 	 0.039080636 	-2248.7264 	-1229.3269 	 -0.62906765 	-1.88514e-05 	-3.78495e-07 	 -3.2754466 	-5.4974643e-06 	5.9335964e-07 		0.00125 2.6443621e-07 -2.9030714e-08 100000 1
0.0025 148248.57 	2.422415 	0.048057766 	 231016.31 	-0.442075 	-0.00473975 	 2.62692e-08 	-0.005340241 	0.030926384 	 3.43045e-09 	-0.0054959746 	-0.0020998356 	 0.03803495 	-2050.1284 	-1031.9754 	 -0.57806973 	-1.83092e-05 	-5.719995e-07 	 -3.1027445 	-5.71575e-06 	3.5223265e-07 		0.0025 2.412375e-07 -3.60175e-08 100000 1
0.00375 140084.71 	2.380905 	0.055748145 	 223900.27 	-0.42106 	-0.01893905 	 2.58685e-08 	-0.0046693813 	0.030709373 	 3.109e-09 	-0.0048899032 	-0.0023164684 	 0.0371313 	-1891.7995 	-875.58988 	 -0.52929704 	-1.787745e-05 	-6.46646e-07 	 -2.9347666 	-5.9092e-06 	4.932995e-07 		0.00375 2.186385e-07 -4.33335e-08 100000 1
0.005 132410.96 	2.343375 	0.0605727 	 216928.7 	-0.404795 	-0.0037804 	 2.56065e-08 	-0.0041248059 	0.030544418 	 2.9916e-09 	-0.0044024542 	-0.0024640013 	 0.0364039 	-1755.0857 	-751.56982 	 -0.48285418 	-1.74903e-05 	-6.92813e-07 	 -2.7713004 	-6.04815e-06 	3.40665e-07 		0.005 1.965315e-07 -5.07745e-08 100000 1
0.00625 125194.21 	2.309745 	0.06236376 	 210136.66 	-0.391985 	-0.016189 	 2.53078e-08 	-0.0036720703 	0.030404421 	 2.90495e-09 	-0.0039992613 	-0.0025785889 	 0.03570165 	-1632.4085 	-650.92765 	 -0.43878587 	-1.714325e-05 	-7.08864e-07 	 -2.6123333 	-6.14785e-06 	4.637005e-07 		0.00625 1.748985e-07 -5.84405e-08 100000 1
0.0075 118408.26 	2.2769 	0.064269765 	 203554.3 	-0.375735 	0.0013575 	 2.507685e-08 	-0.0032906063 	0.030283216 	 2.91125e-09 	-0.0036599071 	-0.002671319 	 0.0350873 	-1521.1 	-568.0992 	 -0.39707665 	-1.680838e-05 	-7.26163e-07 	 -2.4578838 	-6.27545e-06 	2.87115e-07 		0.0075 1.53675e-07 -6.61645e-08 100000 1
0.00875 112029.75 	2.245365 	0.064771838 	 197208.57 	-0.35718 	-0.0252194 	 2.47937e-08 	-0.0029658249 	0.030177598 	 2.92135e-09 	-0.0033705086 	-0.0027481389 	 0.03442505 	-1419.4881 	-499.19445 	 -0.35767562 	-1.6487915e-05 	-7.295985e-07 	 -2.3079809 	-6.42205e-06 	5.51783e-07 		0.00875 1.32873e-07 -7.4123e-08 100000 1
0.01 106037.05 	2.21264 	0.065811755 	 191123.58 	-0.338035 	-0.001968 	 2.45505e-08 	-0.0026869995 	0.030085554 	 3.0179e-09 	-0.0031212347 	-0.0028126294 	 0.03384605 	-1326.3712 	-441.39093 	 -0.32051178 	-1.6160575e-05 	-7.383994e-07 	 -2.1626512 	-6.56965e-06 	3.18105e-07 		0.01 1.124599e-07 -8.2224e-08 100000 1
0.01125 100409.74 	2.180775 	0.065980441 	 185320.89 	-0.320325 	-0.02693335 	 2.424295e-08 	-0.0024459878 	0.030005694 	 3.09265e-09 	-0.0029048579 	-0.0028671493 	 0.033219 	-1240.8094 	-392.57576 	 -0.28550184 	-1.584345e-05 	-7.3859225e-07 	 -2.021916 	-6.69925e-06 	5.66647e-07 		0.01125 9.246375e-08 -9.05435e-08 100000 1
0.0125 95128.469 	2.1473 	0.06661901 	 179819.52 	-0.31498 	0.0025921 	 2.39596e-08 	-0.0022364596 	0.029936923 	 3.2134e-09 	-0.0027159003 	-0.0029133577 	 0.0326799 	-1162.0276 	-351.12844 	 -0.25255663 	-1.551485e-05 	-7.434515e-07 	 -1.8857865 	-6.7005e-06 	2.702035e-07 		0.0125 7.285815e-08 -9.89135e-08 100000 1
0.01375 90174.835 	2.115275 	0.066528367 	 174636.29 	-0.2988 	-0.0269953 	 2.36103e-08 	-0.0020533952 	0.029878355 	 3.28745e-09 	-0.0025501092 	-0.0029524879 	 0.03207575 	-1089.3649 	-315.78268 	 -0.2215837 	-1.5201825e-05 	-7.4114025e-07 	 -1.7542657 	-6.8071e-06 	5.64942e-07 		0.01375 5.366855e-08 -1.073575e-07 100000 1
0.015 85531.444 	2.08191 	0.067272426 	 169785.82 	-0.292925 	0.00508433 	 2.32876e-08 	-0.0018927587 	0.029829221 	 3.3768e-09 	-0.0024041214 	-0.0029854995 	 0.03155915 	-1022.2471 	-285.53464 	 -0.19249064 	-1.487962e-05 	-7.471362e-07 	 -1.6273458 	-6.80535e-06 	2.429305e-07 		0.015 3.48586e-08 -1.15878e-07 100000 1
0.01625 81181.786 	2.048555 	0.067547127 	 165280.96 	-0.272955 	-0.026318035 	 2.290875e-08 	-0.0017512646 	0.029788852 	 3.40965e-09 	-0.002275238 	-0.0030131559 	 0.03095335 	-960.16911 	-259.57937 	 -0.16518566 	-1.455855e-05 	-7.485567e-07 	 -1.5050123 	-6.94235e-06 	5.55776e-07 		0.01625 1.64651e-08 -1.244515e-07 100000 1
0.0175 77110.31 	2.01312 	0.067768304 	 161132.79 	-0.269645 	0.00871784 	 2.25695e-08 	-0.0016262155 	0.029756655 	 3.45065e-09 	-0.0021612694 	-0.003036085 	 0.030427 	-902.68349 	-237.26554 	 -0.13957964 	-1.4219995e-05 	-7.4939765e-07 	 -1.3872422 	-6.9082e-06 	2.0420785e-07 		0.0175 -1.52815e-09 -1.33139e-07 100000 1
0.01875 73302.303 	1.979695 	0.067670933 	 157351.13 	-0.25069 	-0.02608979 	 2.218425e-08 	-0.0015153772 	0.029732108 	 3.44035e-09 	-0.002060421 	-0.0030547989 	 0.0298381 	-849.39193 	-218.06219 	 -0.1155858 	-1.3902495e-05 	-7.4718725e-07 	 -1.274008 	-7.0272e-06 	5.5101775e-07 		0.01875 -1.909535e-08 -1.41816e-07 100000 1
0.02 69743.95 	1.944805 	0.068219642 	 153944.49 	-0.250025 	0.010691435 	 2.184805e-08 	-0.0014168892 	0.02971475 	 3.44765e-09 	-0.0019712134 	-0.0030697279 	 0.02933865 	-799.93924 	-201.53389 	 -0.093121184 	-1.357374e-05 	-7.5138775e-07 	 -1.1652774 	-6.95965e-06 	1.8196455e-07 		0.02 -3.627715e-08 -1.506e-07 100000 1
0.02125 66422.199 	1.91013 	0.06879293 	 150920.62 	-0.228605 	-0.024923905 	 2.14709e-08 	-0.0013291911 	0.029704174 	 3.41715e-09 	-0.0018924166 	-0.0030812207 	 0.0287439 	-754.00709 	-187.32191 	 -0.072105846 	-1.324786e-05 	-7.5596365e-07 	 -1.0610168 	-7.0966e-06 	5.3686435e-07 		0.02125 -5.303455e-08 -1.593285e-07 100000 1
0.0225 63324.823 	1.873005 	0.069199797 	 148286.41 	-0.227945 	0.01071714 	 2.114415e-08 	-0.0012509691 	0.02970003 	 3.4176e-09 	-0.0018230054 	-0.0030895694 	 0.028220405 	-711.31072 	-175.12966 	 -0.052464085 	-1.2901185e-05 	-7.5883145e-07 	 -0.96119052 	-7.02135e-06 	1.791365e-07 		0.0225 -6.938695e-08 -1.682225e-07 100000 1
0.02375 60440.272 	1.837445 	0.069471762 	 146048.45 	-0.206875 	-0.027370735 	 2.077935e-08 	-0.0011811104 	0.02970201 	 3.3922e-09 	-0.0017621185 	-0.0030950027 	 0.0276253 	-671.59379 	-164.71137 	 -0.034123402 	-1.257079e-05 	-7.6047575e-07 	 -0.86576496 	-7.1471e-06 	5.5869965e-07 		0.02375 -8.5296325e-08 -1.77008e-07 100000 1
0.025 57757.743 	1.800555 	0.069540034 	 144212.87 	-0.20805 	0.011900815 	 2.046395e-08 	-0.0011186698 	0.029709858 	 3.4034e-09 	-0.0017090323 	-0.0030977064 	 0.02711961 	-634.62656 	-155.8633 	 -0.017015645 	-1.2230745e-05 	-7.6001605e-07 	 -0.77470728 	-7.0471e-06 	1.6464825e-07 		0.025 -1.0080738e-07 -1.85952e-07 100000 1
0.02625 55267.016 	1.765 	0.07008587 	 142785.92 	-0.18558 	-0.02584058 	 2.01024e-08 	-0.0010628396 	0.029723353 	 3.38315e-09 	-0.0016631339 	-0.0030978148 	 0.026534815 	-600.20139 	-148.41668 	 -0.0010757885 	-1.190498e-05 	-7.644614e-07 	 -0.6879895 	-7.1814e-06 	5.407416e-07 		0.02625 -1.1588158e-07 -1.94763e-07 100000 1
0.0275 52958.536 	1.72698 	0.070308061 	 141773.74 	-0.18724 	0.011591538 	 1.97772e-08 	-0.0010129282 	0.02974232 	 3.39135e-09 	-0.0016239051 	-0.0030954277 	 0.026018105 	-568.13205 	-142.23225 	 0.013756936 	-1.1557715e-05 	-7.6561035e-07 	 -0.6055869 	-7.07045e-06 	1.6497315e-07 		0.0275 -1.3055853e-07 -2.037565e-07 100000 1
0.02875 50823.24 	1.690145 	0.070835146 	 141182.89 	-0.16976 	-0.027158548 	 1.94184e-08 	-0.00096834074 	0.029766612 	 3.38995e-09 	-0.0015909045 	-0.0030906018 	 0.025430575 	-538.2497 	-137.19576 	 0.027540396 	-1.122298e-05 	-7.6993635e-07 	 -0.5274818 	-7.14915e-06 	5.5105765e-07 		0.02875 -1.4478534e-07 -2.125765e-07 100000 1
0.03 48852.645 	1.65082 	0.070697603 	 141020.17 	-0.167495 	0.0095691065 	 1.910905e-08 	-0.00092856382 	0.029796122 	 3.4391e-09 	-0.0015637567 	-0.0030833641 	 0.02489337 	-510.40316 	-133.21447 	 0.040328373 	-1.086649e-05 	-7.675618e-07 	 -0.4536618 	-7.07255e-06 	1.8234055e-07 		0.03 -1.586032e-07 -2.215225e-07 100000 1
0.03125 47038.681 	1.613645 	0.070861776 	 141293.01 	-0.151495 	-0.034677368 	 1.872385e-08 	-0.0008931521 	0.029830766 	 3.41195e-09 	-0.0015421393 	-0.0030737056 	 0.02430631 	-484.45513 	-130.21431 	 0.052171978 	-1.053252e-05 	-7.6832215e-07 	 -0.38412349 	-7.1309e-06 	6.233645e-07 		0.03125 -1.7196555e-07 -2.303385e-07 100000 1
0.0325 45373.776 	1.5734165 	0.070235534 	 142009.37 	-0.14778 	0.0068487656 	 1.839525e-08 	-0.00086172021 	0.029870501 	 3.44265e-09 	-0.0015257779 	-0.0030615891 	 0.023761825 	-460.28349 	-128.1377 	 0.063118444 	-1.017087e-05 	-7.6109415e-07 	 -0.31887019 	-7.06425e-06 	2.0657515e-07 		0.0325 -1.8491875e-07 -2.393119e-07 100000 1
0.03375 43850.686 	1.535638 	0.070514055 	 143178.07 	-0.133395 	-0.0266958 	 1.797745e-08 	-0.00083393079 	0.029915294 	 3.3754e-09 	-0.0015144336 	-0.0030469472 	 0.023182425 	-437.77746 	-126.94157 	 0.073212627 	-9.835245e-06 	-7.630152e-07 	 -0.25791608 	-7.10195e-06 	5.404833e-07 		0.03375 -1.974095e-07 -2.480166e-07 100000 1
0.035 42462.589 	1.4943715 	0.070208085 	 144808.56 	-0.140895 	0.0084763435 	 1.76429e-08 	-0.00080949117 	0.029965156 	 3.41035e-09 	-0.0015079024 	-0.0030296854 	 0.022638295 	-416.83988 	-126.59612 	 0.082495739 	-9.467265e-06 	-7.5903685e-07 	 -0.20128241 	-6.91745e-06 	1.871732e-07 		0.035 -2.0948805e-07 -2.5707705e-07 100000 1
0.03625 41202.913 	1.4548475 	0.068011675 	 146911.43 	-0.11639 	0.0032135545 	 1.72556e-08 	-0.00078814246 	0.030020105 	 3.37055e-09 	-0.0015060037 	-0.0030096803 	 0.022042975 	-397.38358 	-127.0834 	 0.091006851 	-9.11777e-06 	-7.3622595e-07 	 -0.14900296 	-7.0515e-06 	2.3819851e-07 		0.03625 -2.2108875e-07 -2.654414e-07 100000 1
0.0375 40065.433 	1.414759 	0.065526725 	 149498.09 	-0.09604 	-0.019817158 	 1.684055e-08 	-0.00076965889 	0.030080195 	 3.29015e-09 	-0.0015085789 	-0.0029867823 	 0.021431885 	-379.33392 	-128.39657 	 0.098781633 	-8.76541e-06 	-7.105582e-07 	 -0.10112059 	-7.14215e-06 	4.6683241e-07 		0.0375 -2.3227825e-07 -2.745644e-07 100000 1
0.03875 39044.095 	1.3756575 	0.065004704 	 152580.88 	-0.125105 	0.027280505 	 1.651165e-08 	-0.00075384344 	0.030145493 	 3.35165e-09 	-0.0015154885 	-0.0029608141 	 0.020966705 	-362.62632 	-130.5391 	 0.10585385 	-8.42337e-06 	-7.044807e-07 	 -0.057687601 	-6.7374e-06 	-5.818975e-09 		0.03875 -2.4301055e-07 -2.8301775e-07 100000 1
0.04 38133.115 	1.334237 	0.065697424 	 156173.53 	-0.09251 	-0.009180173 	 1.605305e-08 	-0.00074051694 	0.030216094 	 3.24105e-09 	-0.0015265999 	-0.0029315701 	 0.02031075 	-347.20813 	-133.52389 	 0.11225406 	-8.060955e-06 	-7.1065075e-07 	 -0.018770307 	-6.946855e-06 	3.5702146e-07 		0.04 -2.5332355e-07 -2.9183237e-07 100000 1
0.04125 37326.806 	1.2942705 	0.06579167 	 160290.58 	-0.103275 	0.026980499 	 1.571155e-08 	-0.00072952787 	0.030292107 	 3.29465e-09 	-0.0015417947 	-0.0028988181 	 0.01979901 	-333.03724 	-137.3733 	 0.11801118 	-7.713365e-06 	-7.1078425e-07 	 0.015556858 	-6.72123e-06 	-6.34554e-09 		0.04125 -2.631734e-07 -3.000859e-07 100000 1
0.0425 36619.667 	1.252201 	0.066262742 	 164947.98 	-0.07195 	-0.0084499075 	 1.52463e-08 	-0.00072073517 	0.03037367 	 3.1837e-09 	-0.0015609518 	-0.0028622935 	 0.019137375 	-320.08446 	-142.11782 	 0.12315115 	-7.347505e-06 	-7.1476115e-07 	 0.045205971 	-6.91435e-06 	3.4611371e-07 		0.0425 -2.7259665e-07 -3.0890755e-07 100000 1
0.04375 36006.215 	1.211371 	0.0663751 	 170162.66 	-0.09044 	0.029218886 	 1.48919e-08 	-0.00071402019 	0.030460931 	 3.22515e-09 	-0.0015839564 	-0.0028217048 	 0.018625555 	-308.33214 	-147.79656 	 0.12769841 	-6.99423e-06 	-7.150907e-07 	 0.070079731 	-6.608855e-06 	-3.2412165e-08 		0.04375 -2.815514e-07 -3.1706965e-07 100000 1
0.045 35481.072 	1.168474 	0.066825915 	 175952.94 	-0.05694 	-0.0064075383 	 1.442095e-08 	-0.00070927132 	0.030554069 	 3.11295e-09 	-0.0016106813 	-0.0027767237 	 0.01794836 	-297.77751 	-154.45566 	 0.13167463 	-6.622844e-06 	-7.188783e-07 	 0.090068147 	-6.820895e-06 	3.2193093e-07 		0.045 -2.900711e-07 -3.257459e-07 100000 1
0.04625 35038.795 	1.126953 	0.06684377 	 182338.16 	-0.07623 	0.031045301 	 1.40591e-08 	-0.00070639498 	0.030653272 	 3.15265e-09 	-0.0016409965 	-0.0027269929 	 0.01742674 	-288.43144 	-162.14881 	 0.13510012 	-6.265465e-06 	-7.1827876e-07 	 0.10505178 	-6.50457e-06 	-5.452009e-08 		0.04625 -2.981186e-07 -3.3380465e-07 100000 1
0.0475 34673.956 	1.0835645 	0.067193361 	 189339.01 	-0.046985 	-0.0037756132 	 1.3588e-08 	-0.00070530222 	0.03075876 	 3.0457e-09 	-0.0016747487 	-0.0026721127 	 0.016747785 	-280.32264 	-170.93518 	 0.1379926 	-5.8918485e-06 	-7.2107456e-07 	 0.11489922 	-6.671775e-06 	2.9168831e-07 		0.0475 -3.057243e-07 -3.423072e-07 100000 1
0.04875 34380.973 	1.041646 	0.06722856 	 196977.24 	-0.06574 	0.031602642 	 1.321935e-08 	-0.00070591861 	0.030870765 	 3.08325e-09 	-0.0017117701 	-0.002611651 	 0.01621619 	-273.49678 	-180.87977 	 0.14036858 	-5.5330325e-06 	-7.2067568e-07 	 0.11947021 	-6.3588205e-06 	-6.4094705e-08 		0.04875 -3.1285835e-07 -3.501884e-07 100000 1
0.05 34154.176 	0.997899 	0.06762793 	 205275.84 	-0.03656 	-0.0025320905 	 1.274695e-08 	-0.00070817284 	0.030989546 	 2.98065e-09 	-0.001751856 	-0.0025451269 	 0.015530345 	-268.02155 	-192.05064 	 0.14224213 	-5.158086e-06 	-7.2399299e-07 	 0.11861357 	-6.5236025e-06 	2.7517539e-07 		0.05 -3.195467e-07 -3.5849725e-07 100000 1
0.05125 33987.644 	0.9553655 	0.067774299 	 214258.78 	-0.05438 	0.032116492 	 1.237075e-08 	-0.00071200517 	0.031115381 	 3.0159e-09 	-0.0017947716 	-0.0024720218 	 0.01498475 	-263.98643 	-204.51855 	 0.14362618 	-4.795289e-06 	-7.247281e-07 	 0.11217054 	-6.21824e-06 	-7.338484e-08 		0.05125 -3.2576225e-07 -3.662102e-07 100000 1
0.0525 33875.257 	0.9110985 	0.06817272 	 223951.2 	-0.02715 	-0.0006394055 	 1.189775e-08 	-0.00071735798 	0.031248575 	 2.91715e-09 	-0.0018402268 	-0.0023917609 	 0.014291355 	-261.50869 	-218.35307 	 0.14453137 	-4.4171395e-06 	-7.280558e-07 	 0.099973025 	-6.362435e-06 	2.520218e-07 		0.0525 -3.3152525e-07 -3.7431965e-07 100000 1
0.05375 33810.531 	0.868038 	0.068331811 	 234379.07 	-0.04476 	0.033052465 	 1.151425e-08 	-0.00072418285 	0.031389451 	 2.94925e-09 	-0.00188788 	-0.0023037245 	 0.013732355 	-260.73393 	-233.62094 	 0.14496727 	-4.0509481e-06 	-7.289419e-07 	 0.0818471 	-6.058095e-06 	-8.70387e-08 		0.05375 -3.36814e-07 -3.8184365e-07 100000 1
0.055 33786.663 	0.8233815 	0.06865626 	 245569.33 	-0.01957 	0.001357695 	 1.1041e-08 	-0.00073243277 	0.031538363 	 2.85465e-09 	-0.0019373086 	-0.0022072283 	 0.013031735 	-261.84328 	-250.38034 	 0.14494128 	-3.6705382e-06 	-7.315566e-07 	 0.057611796 	-6.181215e-06 	2.2769545e-07 		0.055 -3.416435e-07 -3.897289e-07 100000 1
0.05625 33796.358 	0.779887 	0.068811632 	 257549.58 	-0.037655 	0.0334271 	 1.06515e-08 	-0.00074206839 	0.031695686 	 2.88355e-09 	-0.0019880071 	-0.0021015339 	 0.012459005 	-265.05495 	-268.67693 	 0.14445971 	-3.3015465e-06 	-7.324406e-07 	 0.027082782 	-5.871855e-06 	-9.5199e-08 		0.05625 -3.4599845e-07 -3.9703371e-07 100000 1
0.0575 33831.857 	0.73493 	0.069060469 	 270348.14 	-0.01375 	0.002152285 	 1.017925e-08 	-0.00075305133 	0.031861827 	 2.7933e-09 	-0.0020393521 	-0.001985828 	 0.01174951 	-270.63273 	-288.53503 	 0.14352683 	-2.919418e-06 	-7.3433635e-07 	 -0.0099284006 	-5.981775e-06 	2.1528995e-07 		0.0575 -3.498888e-07 -4.0466562e-07 100000 1
0.05875 33884.766 	0.6910815 	0.069202132 	 283993.72 	-0.031105 	0.03267064 	 9.78535e-09 	-0.00076535006 	0.032037216 	 2.8189e-09 	-0.0020905913 	-0.0018592313 	 0.011160845 	-278.88896 	-309.94982 	 0.14214585 	-2.54805e-06 	-7.3512391e-07 	 -0.053610422 	-5.6798e-06 	-9.21371e-08 		0.05875 -3.533048e-07 -4.117354e-07 100000 1
0.06 33946.059 	0.6457815 	0.069402075 	 298515.46 	-0.007915 	0.00231881 	 9.31565e-09 	-0.00077893394 	0.032222319 	 2.7324e-09 	-0.0021407975 	-0.0017207766 	 0.01044007 	-290.19469 	-332.8732 	 0.14031804 	-2.163394e-06 	-7.3656931e-07 	 -0.1041525 	-5.783e-06 	2.090808e-07 		0.06 -3.5625095e-07 -4.1911345e-07 100000 1
0.06125 34005.904 	0.6014165 	0.069529903 	 313942.57 	-0.02382 	0.03059491 	 8.92005e-09 	-0.00079377877 	0.032417627 	 2.7543e-09 	-0.002188843 	-0.0015694141 	 0.009829155 	-304.98449 	-357.19924 	 0.13804361 	-1.7876945e-06 	-7.3725925e-07 	 -0.16174036 	-5.49585e-06 	-7.594765e-08 		0.06125 -3.5872015e-07 -4.259537e-07 100000 1
0.0625 34053.638 	0.5557045 	0.069667123 	 330304.35 	-0.00238 	0.00203124 	 8.45445e-09 	-0.00080986214 	0.03262367 	 2.6718e-09 	-0.0022333346 	-0.0014039866 	 0.009096075 	-323.769 	-382.74076 	 0.13532097 	-1.39952e-06 	-7.381129e-07 	 -0.22655624 	-5.5829e-06 	2.0738255e-07 		0.0625 -3.607126e-07 -4.330839e-07 100000 1
0.06375 34077.576 	0.5108895 	0.069742346 	 347629.8 	-0.01755 	0.02910555 	 8.06085e-09 	-0.0008271694 	0.032841006 	 2.69165e-09 	-0.0022725595 	-0.001223227 	 0.00846291 	-347.14281 	-409.20224 	 0.13214757 	-1.0198475e-06 	-7.383131e-07 	 -0.29877477 	-5.30445e-06 	-6.562745e-08 		0.06375 -3.622254e-07 -4.3968675e-07 100000 1
0.065 34064.945 	0.464828 	0.069694649 	 365947.67 	0.003565 	0.00113935 	 7.60473e-09 	-0.0008456914 	0.033070228 	 2.61725e-09 	-0.0023043805 	-0.0010257225 	 0.00771433 	-375.80135 	-436.13865 	 0.12851926 	-6.285515e-07 	-7.3734775e-07 	 -0.37856287 	-5.38945e-06 	2.117425e-07 		0.065 -3.6325535e-07 -4.46563e-07 100000 1
0.06625 34001.653 	0.4194075 	0.069506247 	 385286.07 	-0.00942 	0.02604985 	 7.21782e-09 	-0.00086543469 	0.033311963 	 2.6437e-09 	-0.0023261203 	-0.00080989059 	 0.007051 	-410.55575 	-462.90264 	 0.12443126 	-2.43095e-07 	-7.3493645e-07 	 -0.46607592 	-5.13505e-06 	-3.96315e-08 		0.06625 -3.6380205e-07 -4.529485e-07 100000 1
0.0675 33872.132 	0.37239 	0.069380115 	 405672.53 	0.01085 	0.0015302 	 6.775175e-09 	-0.00088642594 	0.033566862 	 2.58735e-09 	-0.0023343605 	-0.00057390201 	 0.00627864 	-452.36196 	-488.56417 	 0.1198777 	1.5753e-07 	-7.3320325e-07 	 -0.56145784 	-5.21345e-06 	2.03324e-07 		0.0675 -3.63856e-07 -4.59608e-07 100000 1
0.06875 33658.976 	0.3259665 	0.068708889 	 427133.7 	-0.00434 	0.0231604 	 6.40347e-09 	-0.00090873975 	0.033835589 	 2.63315e-09 	-0.0023246604 	-0.00031557339 	 0.00557463 	-502.35906 	-511.79468 	 0.11485284 	5.52725e-07 	-7.25996e-07 	 -0.66483815 	-4.93915e-06 	-1.5126e-08 		0.06875 -3.6341415e-07 -4.657715e-07 100000 1
0.07 33342.529 	0.27701495 	0.067528922 	 449695.53 	0.018346 	-0.0007039 	 5.99917e-09 	-0.00093254395 	0.034118796 	 2.61785e-09 	-0.0022910644 	-3.2110519e-05 	 0.00475534 	-561.94927 	-530.67862 	 0.1093512 	9.725e-07 	-7.137511e-07 	 -0.77633316 	-5.04435e-06 	2.21346e-07 		0.07 -3.62461e-07 -4.7216e-07 100000 1
0.07125 32900.024 	0.22640135 	0.065253503 	 473383.2 	-0.007555 	0.02598455 	 5.67776e-09 	-0.00095825082 	0.034417181 	 2.72509e-09 	-0.0022252639 	0.0002804393 	 0.00395674 	-632.96169 	-542.39937 	 0.10336949 	1.40924e-06 	-6.905056e-07 	 -0.89604603 	-4.66575e-06 	-4.75775e-08 		0.07125 -3.609806e-07 -4.7808e-07 100000 1
0.0725 32304.029 	0.17403535 	0.059387729 	 498222.32 	0.023172 	0.00151475 	 5.371425e-09 	-0.00098753289 	0.034739536 	 2.80963e-09 	-0.0021130332 	0.00064139735 	 0.003060514 	-721.46176 	-542.17201 	 0.096908399 	1.862885e-06 	-6.314177e-07 	 -1.0240758 	-4.8546e-06 	1.95117e-07 		0.0725 -3.5893385e-07 -4.841855e-07 100000 1
0.07375 31524.395 	0.10608225 	0.046276384 	 524270.05 	0.0035465 	0.0011598071 	 5.1748686e-09 	-0.0010064362 	0.035078283 	 3.0573143e-09 	-0.00192669 	0.0010444069 	 0.0018866054 	-827.07376 	-520.70715 	 0.089965068 	2.4725921e-06 	-4.9983261e-07 	 -1.1607593 	-4.5428214e-06 	1.967335e-07 		0.07375 -3.5627645e-07 -4.8997843e-07 100000 1
0.075 30294.296 	0.026650855 	0.0330457 	 547769.01 	0.0083757 	0.0042245 	 5.04312e-09 	-0.0010313944 	0.035311485 	 3.219365e-09 	-0.0017258875 	0.0013949227 	 0.00049813035 	-916.8977 	-488.35691 	 0.084476949 	3.19468e-06 	-3.6699845e-07 	 -1.2685072 	-4.4757e-06 	1.640735e-07 		0.075 -3.5261357e-07 -4.9559397e-07 100000 1
