# y jRe_x jRe_y jRe_z jIm_x jIm_y jIm_z BRe_x BRe_y BRe_z BIm_x BIm_y BIm_z F_x F_y F_z VReGrad_x VReGrad_y VReGrad_z VImGrad_x VImGrad_y VImGrad_z s VRe VIm sigma mur
-0.075 -1802973.4 	-429.57285 	68.943194 	 -4431388.6 	-155.80882 	253.35514 	 1.6670075e-06 	0.009151648 	0.038465668 	 1.2983851e-06 	0.011902772 	0.0048173977 	 -10.450741 	45350.003 	-34622.365 	 0.16499406 	4.1346848e-05 	-5.001098e-05 	 0.34145774 	5.2968111e-05 	-0.00021222571 		-0.075 -1.12146e-05 -4.1782811e-05 1200000 1
-0.07375 -1907747.6 	0.2209175 	-0.0569062 	 -4106390.1 	0.0015075 	0.02608725 	 2.00077e-08 	0.0091738788 	0.03799096 	 1.3641325e-08 	0.011456108 	0.003844906 	 0.004068825 	44313.502 	-32271.995 	 0.1534569 	1.41562e-05 	-7.3967e-08 	 0.29504137 	-1.946855e-05 	3.618755e-07 		-0.07375 1.0902335e-07 2.1067067e-06 1200000 1
-0.0725 -1930457.1 	0.4823275 	-0.0677549 	 -3766467.4 	0.2313575 	-0.31235525 	 2.1447e-08 	0.010023948 	0.036063521 	 1.3074075e-08 	0.012313787 	0.00060754063 	 0.010589425 	36181.783 	-32847.168 	 0.12505457 	1.419135e-05 	-8.43005e-08 	 0.1792884 	-2.01727e-05 	6.5321e-07 		-0.0725 1.267801e-07 2.0820489e-06 1200000 1
-0.07125 -1932615.3 	0.811515 	-0.05934105 	 -3446935.2 	0.704375 	-0.6334845 	 2.302825e-08 	0.010671999 	0.034184209 	 1.26361e-08 	0.012713955 	-0.0021012542 	 0.017128525 	29597.007 	-32208.542 	 0.098143938 	1.4155875e-05 	-1.1051375e-07 	 0.068106092 	-2.108295e-05 	9.29391e-07 		-0.07125 1.445205e-07 2.056331e-06 1200000 1
-0.07 -1917315.3 	1.12098 	-0.00889025 	 -3147655.2 	0.84418 	-0.5001545 	 2.471925e-08 	0.011085552 	0.032356906 	 1.21552e-08 	0.012776595 	-0.0044216599 	 0.019247725 	24169.648 	-30721.32 	 0.072857026 	1.4117775e-05 	-1.6931275e-07 	 -0.038476442 	-2.17215e-05 	8.263105e-07 		-0.07 1.6216735e-07 2.0292684e-06 1200000 1
-0.06875 -1882184.5 	1.347 	0.00613855 	 -2872148.2 	0.43095 	-0.356612 	 2.5749e-08 	0.011170602 	0.030558184 	 9.7631e-09 	0.012269127 	-0.0064767534 	 0.0212635 	19580.034 	-28170.606 	 0.049542893 	1.410675e-05 	-1.978405e-07 	 -0.13974876 	-2.189935e-05 	7.145535e-07 		-0.06875 1.7981571e-07 2.0019521e-06 1200000 1
-0.0675 -1840218.3 	1.562825 	-0.0067585 	 -2613327.4 	0.0255 	-0.42556325 	 2.776175e-08 	0.011394069 	0.028863806 	 8.608e-09 	0.012127253 	-0.0081613813 	 0.02469575 	15973.013 	-26385.243 	 0.02774609 	1.4100825e-05 	-2.0350525e-07 	 -0.23642161 	-2.209915e-05 	7.79603e-07 		-0.0675 1.9743141e-07 1.9744673e-06 1200000 1
-0.06625 -1785190.7 	1.788725 	-0.04512995 	 -2376400.4 	-0.14095 	-0.95137625 	 2.952925e-08 	0.011357028 	0.027259671 	 7.9875e-09 	0.011617114 	-0.0096008968 	 0.03053275 	13023.295 	-23991.951 	 0.0078390575 	1.4085125e-05 	-1.8707625e-07 	 -0.32813037 	-2.25066e-05 	1.22507e-06 		-0.06625 2.1506621e-07 1.9468377e-06 1200000 1
-0.065 -1722690.5 	2.03875 	-0.052593225 	 -2156193.1 	0.134275 	-1.133822 	 3.13375e-08 	0.011225799 	0.025730608 	 7.51075e-09 	0.011003096 	-0.010853049 	 0.03194175 	10544.622 	-21569.307 	 -0.010557595 	1.4045445e-05 	-1.92977e-07 	 -0.4156076 	-2.3282275e-05 	1.3840065e-06 		-0.065 2.3264924e-07 1.9183105e-06 1200000 1
-0.06375 -1654358.9 	2.2583 	-0.002772925 	 -1951846.9 	0.043175 	-0.7249625 	 3.31205e-08 	0.011040264 	0.024275291 	 6.87375e-09 	0.010397934 	-0.011937828 	 0.03090275 	8472.1228 	-19294.013 	 -0.02749482 	1.4025445e-05 	-2.424975e-07 	 -0.49897554 	-2.3753175e-05 	1.0497285e-06 		-0.06375 2.5017322e-07 1.8885355e-06 1200000 1
-0.0625 -1577988.8 	2.41045 	0.0086101 	 -1766538 	-0.52255 	-0.4152555 	 3.38315e-08 	0.010641788 	0.022829999 	 4.278e-09 	0.0095672141 	-0.012934028 	 0.0328295 	6646.1337 	-16895.39 	 -0.042789073 	1.4028165e-05 	-2.5934e-07 	 -0.57772538 	-2.382185e-05 	7.980335e-07 		-0.0625 2.6771781e-07 1.8588234e-06 1200000 1
-0.06125 -1501875.3 	2.5666 	-0.007146325 	 -1593360.3 	-0.95925 	-0.42621775 	 3.582025e-08 	0.010423062 	0.021605683 	 3.10725e-09 	0.0090802933 	-0.013629174 	 0.03589825 	5406.3902 	-15106.788 	 -0.056822684 	1.4030605e-05 	-2.5509e-07 	 -0.65259652 	-2.4014775e-05 	8.1328725e-07 		-0.06125 2.852391e-07 1.828971e-06 1200000 1
-0.06 -1421975.2 	2.74775 	-0.039991025 	 -1436241.7 	-1.16485 	-0.99862725 	 3.757525e-08 	0.010050026 	0.020412468 	 2.35525e-09 	0.0084435135 	-0.014269115 	 0.04054525 	4312.7285 	-13256.174 	 -0.069363229 	1.401469e-05 	-2.3672165e-07 	 -0.72321613 	-2.4409175e-05 	1.2960132e-06 		-0.06 3.027933e-07 1.798929e-06 1200000 1
-0.05875 -1340378.1 	2.96165 	-0.045315475 	 -1291503.8 	-0.92355 	-1.1757777 	 3.944925e-08 	0.0096070279 	0.019293963 	 1.967e-09 	0.0077697002 	-0.014815369 	 0.04020575 	3400.3393 	-11494.036 	 -0.080732588 	1.3970302e-05 	-2.3809658e-07 	 -0.79033397 	-2.517525e-05 	1.4489927e-06 		-0.05875 3.20284e-07 1.7680445e-06 1200000 1
-0.0575 -1257995 	3.1357 	0.005482325 	 -1158150.6 	-1.05615 	-0.70357725 	 4.131425e-08 	0.0091724104 	0.018248576 	 1.2585e-09 	0.0071596018 	-0.015276084 	 0.03924975 	2648.2038 	-9935.2446 	 -0.090992113 	1.3955702e-05 	-2.8243097e-07 	 -0.85411122 	-2.56276e-05 	1.0604738e-06 		-0.0575 3.377078e-07 1.7358915e-06 1200000 1
-0.05625 -1173242.3 	3.2336 	0.0168375 	 -1038741.5 	-1.62575 	-0.3559375 	 4.1816e-08 	0.008593271 	0.017182393 	 -1.3195e-09 	0.006442062 	-0.015731278 	 0.0416842 	1935.8406 	-8427.537 	 -0.10004365 	1.3976415e-05 	-2.9404745e-07 	 -0.91422115 	-2.570155e-05 	7.758015e-07 		-0.05625 3.5517547e-07 1.7038767e-06 1200000 1
-0.055 -1091148.3 	3.333425 	-0.000524875 	 -927501.98 	-2.0346 	-0.370008 	 4.39275e-08 	0.0081737515 	0.016389129 	 -2.42775e-09 	0.0059746317 	-0.015950896 	 0.0444139 	1565.0036 	-7264.8954 	 -0.10815989 	1.4003563e-05 	-2.8400602e-07 	 -0.97136058 	-2.59252e-05 	7.923185e-07 		-0.055 3.7264603e-07 1.6716495e-06 1200000 1
-0.05375 -1009195.5 	3.461475 	-0.034442725 	 -826971.99 	-2.23765 	-0.978177 	 4.554e-08 	0.0076711406 	0.015580902 	 -3.26375e-09 	0.0054450064 	-0.016189654 	 0.04775165 	1189.98 	-6160.3652 	 -0.11522921 	1.4012142e-05 	-2.609663e-07 	 -1.0252926 	-2.632305e-05 	1.303689e-06 		-0.05375 3.9018208e-07 1.639187e-06 1200000 1
-0.0525 -927908.72 	3.6258 	-0.046171225 	 -734809.78 	-2.012775 	-1.1656125 	 4.7143e-08 	0.0071145778 	0.014834954 	 -3.5735e-09 	0.0049018168 	-0.016385295 	 0.046489925 	878.63046 	-5135.2105 	 -0.12149498 	1.398977e-05 	-2.5347101e-07 	 -1.076675 	-2.7071325e-05 	1.4641802e-06 		-0.0525 4.076878e-07 1.6059237e-06 1200000 1
-0.05125 -847717.01 	3.7654 	0.003366425 	 -650088.54 	-2.178175 	-0.6488265 	 4.88305e-08 	0.0065939181 	0.014149936 	 -4.303e-09 	0.0044204448 	-0.016541296 	 0.046219725 	625.47198 	-4253.4612 	 -0.12701976 	1.3986905e-05 	-2.9337093e-07 	 -1.125689 	-2.7489625e-05 	1.0374982e-06 		-0.05125 4.251492e-07 1.5714077e-06 1200000 1
-0.05 -767518.37 	3.8495 	0.01222075 	 -574691.24 	-2.75775 	-0.286009 	 4.89975e-08 	0.0059812855 	0.013417127 	 -6.8505e-09 	0.0038876972 	-0.016731419 	 0.0494874 	353.21133 	-3446.439 	 -0.13178064 	1.400722e-05 	-3.001074e-07 	 -1.1721881 	-2.75458e-05 	7.392105e-07 		-0.05 4.4265883e-07 1.5371109e-06 1200000 1
-0.04875 -690160.37 	3.9467 	-0.007108025 	 -504346.64 	-3.148375 	-0.31802425 	 5.1133e-08 	0.0054832916 	0.012972745 	 -7.90375e-09 	0.0035167679 	-0.016739255 	 0.0523759 	266.96228 	-2807.4837 	 -0.13594486 	1.403018e-05 	-2.8601728e-07 	 -1.216742 	-2.77784e-05 	7.697175e-07 		-0.04875 4.601645e-07 1.50257e-06 1200000 1
-0.0475 -614105.57 	4.0738 	-0.042218175 	 -440328.93 	-3.318725 	-0.94206325 	 5.27325e-08 	0.0049503099 	0.012480289 	 -8.73975e-09 	0.0031205287 	-0.01679705 	 0.05481305 	144.49827 	-2239.2972 	 -0.13950799 	1.403501e-05 	-2.5983922e-07 	 -1.2592618 	-2.81981e-05 	1.2933285e-06 		-0.0475 4.777308e-07 1.4677785e-06 1200000 1
-0.04625 -539217.12 	4.2359 	-0.050636975 	 -381393.07 	-3.059875 	-1.1409878 	 5.443675e-08 	0.004372587 	0.012036965 	 -9.017e-09 	0.0027171847 	-0.016838643 	 0.053042815 	40.423685 	-1727.2988 	 -0.14263496 	1.400993e-05 	-2.5306915e-07 	 -1.3002516 	-2.8968125e-05 	1.462385e-06 		-0.04625 4.9526275e-07 1.4321515e-06 1200000 1
-0.045 -465638.74 	4.3706 	0.002088375 	 -326739.96 	-3.213625 	-0.59824175 	 5.619175e-08 	0.0038395341 	0.011641918 	 -9.7355e-09 	0.0023597498 	-0.016865375 	 0.053417515 	-45.22136 	-1302.3551 	 -0.14538843 	1.400724e-05 	-2.9361065e-07 	 -1.3398906 	-2.9387275e-05 	1.013071e-06 		-0.045 5.1274675e-07 1.395249e-06 1200000 1
-0.04375 -392568.24 	4.44595 	0.01485955 	 -277605.08 	-3.79145 	-0.2256635 	 5.628e-08 	0.0032545398 	0.011180891 	 -1.23105e-08 	0.0019787835 	-0.016944594 	 0.05728254 	-152.4881 	-943.81814 	 -0.14781644 	1.403236e-05 	-3.019063e-07 	 -1.3781933 	-2.943285e-05 	7.05638e-07 		-0.04375 5.3028316e-07 1.3585979e-06 1200000 1
-0.0425 -321461.71 	4.535775 	-0.00080009 	 -231225 	-4.175525 	-0.27057425 	 5.872e-08 	0.0027282663 	0.011009045 	 -1.33485e-08 	0.0016865883 	-0.016875699 	 0.060351213 	-174.66039 	-658.9389 	 -0.14999153 	1.4063335e-05 	-2.8935845e-07 	 -1.4155695 	-2.96623e-05 	7.45862e-07 		-0.0425 5.4782425e-07 1.32169e-06 1200000 1
-0.04125 -251469.65 	4.654725 	-0.03354798 	 -187690.26 	-4.327625 	-0.90289375 	 6.0335e-08 	0.0022015683 	0.010769454 	 -1.41435e-08 	0.0013857114 	-0.016867684 	 0.062233247 	-224.2189 	-436.27256 	 -0.15200548 	1.4080305e-05 	-2.6383745e-07 	 -1.4520717 	-3.008545e-05 	1.275409e-06 		-0.04125 5.6543925e-07 1.28457e-06 1200000 1
-0.04 -182210.63 	4.804225 	-0.041059595 	 -146622.9 	-4.0589 	-1.1102117 	 6.20255e-08 	0.0016339353 	0.010570179 	 -1.439825e-08 	0.0010755734 	-0.016855967 	 0.060393515 	-271.52927 	-256.51817 	 -0.15394974 	1.407029e-05 	-2.5664605e-07 	 -1.4880345 	-3.0850525e-05 	1.4505597e-06 		-0.04 5.830365e-07 1.2465775e-06 1200000 1
-0.03875 -113686.98 	4.925075 	0.011911465 	 -107325.07 	-4.22755 	-0.56005625 	 6.37235e-08 	0.0011112772 	0.010410844 	 -1.507275e-08 	0.00079520917 	-0.016840902 	 0.061659775 	-314.91857 	-129.62068 	 -0.15588777 	1.408317e-05 	-2.9632225e-07 	 -1.5236277 	-3.1240725e-05 	9.9420425e-07 		-0.03875 6.00606e-07 1.2073125e-06 1200000 1
-0.0375 -45259.561 	4.9933 	0.022166746 	 -70409.546 	-4.81625 	-0.190772 	 6.33395e-08 	0.00056880176 	0.010177357 	 -1.75835e-08 	0.00050596965 	-0.016885966 	 0.06625145 	-363.39024 	-59.426167 	 -0.1579389 	1.4120355e-05 	-3.017265e-07 	 -1.5590132 	-3.12555e-05 	6.887365e-07 		-0.0375 6.1824988e-07 1.1683799e-06 1200000 1
-0.03625 22507.014 	5.082625 	0.00279121 	 -34496.768 	-5.2075 	-0.25065475 	 6.573575e-08 	2.5290429e-05 	0.010229738 	 -1.851025e-08 	0.00024450853 	-0.016798575 	 0.069741625 	-400.7031 	-27.66182 	 -0.16008798 	1.4161775e-05 	-2.85473e-07 	 -1.5944401 	-3.146105e-05 	7.406895e-07 		-0.03625 6.3590775e-07 1.1292125e-06 1200000 1
-0.035 89877.105 	5.207375 	-0.03077328 	 1498.0642 	-5.3601 	-0.88623425 	 6.723175e-08 	-0.00049006101 	0.010206691 	 -1.917475e-08 	-1.591758e-05 	-0.016773536 	 0.071565225 	-445.25974 	-50.134944 	 -0.16251875 	1.418659e-05 	-2.588315e-07 	 -1.6300975 	-3.1865e-05 	1.272217e-06 		-0.035 6.5364775e-07 1.0898175e-06 1200000 1
-0.03375 157317.62 	5.363725 	-0.04195261 	 37249.167 	-5.097525 	-1.1079398 	 6.864325e-08 	-0.0010456847 	0.010221123 	 -1.92485e-08 	-0.00029311942 	-0.016747756 	 0.0701058 	-494.42586 	-116.01391 	 -0.16525331 	1.4182995e-05 	-2.483165e-07 	 -1.6661559 	-3.2601475e-05 	1.4586323e-06 		-0.03375 6.713825e-07 1.049645e-06 1200000 1
-0.0325 224861.61 	5.497675 	0.0093417 	 73414.756 	-5.270375 	-0.56063925 	 7.023425e-08 	-0.0015581177 	0.010273098 	 -1.97075e-08 	-0.00055271615 	-0.016721013 	 0.07239255 	-546.39819 	-219.82839 	 -0.16835752 	1.419827e-05 	-2.86414e-07 	 -1.7027771 	-3.2961275e-05 	1.0039172e-06 		-0.0325 6.89096e-07 1.008235e-06 1200000 1
-0.03125 293049.34 	5.58665 	0.01911528 	 110028.15 	-5.8333 	-0.208393 	 6.96575e-08 	-0.0020608964 	0.010253124 	 -2.187e-08 	-0.00081151196 	-0.016755704 	 0.07761105 	-583.22172 	-374.79459 	 -0.1720269 	1.4236155e-05 	-2.91391e-07 	 -1.7402645 	-3.296615e-05 	7.118635e-07 		-0.03125 7.0688234e-07 9.671509e-07 1200000 1
-0.03 361944.08 	5.703175 	0.00023356 	 147204.42 	-6.19165 	-0.285655 	 7.22835e-08 	-0.0026249377 	0.010515483 	 -2.2399e-08 	-0.0010984911 	-0.016656512 	 0.081405925 	-675.20797 	-578.01112 	 -0.17615914 	1.4278275e-05 	-2.755765e-07 	 -1.7787168 	-3.317175e-05 	7.7746375e-07 		-0.03 7.24686e-07 9.25845e-07 1200000 1
-0.02875 431155.4 	5.858325 	-0.03239633 	 187267.23 	-6.30605 	-0.920617 	 7.39895e-08 	-0.0031320109 	0.010705458 	 -2.26825e-08 	-0.0013743084 	-0.016615247 	 0.0831488 	-755.10461 	-831.3368 	 -0.18103403 	1.4304975e-05 	-2.4961e-07 	 -1.8184565 	-3.358155e-05 	1.3076012e-06 		-0.02875 7.42577e-07 8.8431e-07 1200000 1
-0.0275 501218.68 	6.04415 	-0.040433185 	 229273.18 	-5.99975 	-1.1570785 	 7.598275e-08 	-0.0036785043 	0.010936241 	 -2.22485e-08 	-0.0016781366 	-0.016568058 	 0.08192923 	-847.9355 	-1142.7431 	 -0.18660538 	1.43047e-05 	-2.41587e-07 	 -1.8594989 	-3.43247e-05 	1.505374e-06 		-0.0275 7.6046175e-07 8.41955e-07 1200000 1
-0.02625 572108.29 	6.20285 	0.012144475 	 273906.75 	-6.08955 	-0.6164155 	 7.795925e-08 	-0.0041817186 	0.011208377 	 -2.2273e-08 	-0.0019712051 	-0.016514026 	 0.084742575 	-952.78076 	-1491.2658 	 -0.19294362 	1.432713e-05 	-2.804635e-07 	 -1.9020003 	-3.4721e-05 	1.055224e-06 		-0.02625 7.7833025e-07 7.9838e-07 1200000 1
-0.025 644223.02 	6.3123 	0.02442557 	 321942.46 	-6.532 	-0.278045 	 7.79505e-08 	-0.0046424067 	0.011422087 	 -2.40475e-08 	-0.0022522015 	-0.016516 	 0.0899409 	-1028.0003 	-1886.3478 	 -0.20032976 	1.437602e-05 	-2.86969e-07 	 -1.9463988 	-3.479465e-05 	7.736735e-07 		-0.025 7.9628401e-07 7.5506136e-07 1200000 1
-0.02375 718180.7 	6.4524 	0.0076464 	 372283.9 	-6.76735 	-0.3549015 	 8.152475e-08 	-0.0052224877 	0.011913045 	 -2.400175e-08 	-0.002619571 	-0.016365814 	 0.093417402 	-1232.9339 	-2382.9434 	 -0.20856751 	1.443128e-05 	-2.721034e-07 	 -1.9926529 	-3.5075075e-05 	8.378385e-07 		-0.02375 8.1426725e-07 7.1145e-07 1200000 1
-0.0225 792677.36 	6.62745 	-0.0224574 	 428593.91 	-6.74995 	-0.9712745 	 8.361925e-08 	-0.0057109608 	0.012344905 	 -2.382875e-08 	-0.0029586304 	-0.016261905 	 0.094413658 	-1416.8959 	-2924.8091 	 -0.21804508 	1.4474035e-05 	-2.470834e-07 	 -2.0412081 	-3.5562325e-05 	1.3513575e-06 		-0.0225 8.3235675e-07 6.6747e-07 1200000 1
-0.02125 868382.9 	6.8233 	-0.0291872 	 489336.27 	-6.32585 	-1.1806762 	 8.60875e-08 	-0.0062324362 	0.012826249 	 -2.29265e-08 	-0.003337906 	-0.016137 	 0.09299369 	-1634.3303 	-3552.4656 	 -0.22864479 	1.4496002e-05 	-2.3882768e-07 	 -2.0919273 	-3.6366325e-05 	1.5254195e-06 		-0.02125 8.504605e-07 6.226225e-07 1200000 1
-0.02 945104.58 	6.98415 	0.022031 	 555266.01 	-6.32225 	-0.65475675 	 8.81475e-08 	-0.0067059465 	0.013358223 	 -2.2499e-08 	-0.0037061824 	-0.015988769 	 0.0963807 	-1887.1811 	-4224.7225 	 -0.24044375 	1.4547162e-05 	-2.7531022e-07 	 -2.1449575 	-3.6795675e-05 	1.0863885e-06 		-0.02 8.685805e-07 5.764675e-07 1200000 1
-0.01875 1022878.4 	7.09685 	0.0319414 	 628073.97 	-6.68565 	-0.335232 	 8.78335e-08 	-0.0070928665 	0.013858484 	 -2.3714e-08 	-0.004040075 	-0.015878488 	 0.10193749 	-2117.3164 	-4925.9632 	 -0.25382048 	1.462742e-05 	-2.784493e-07 	 -2.2008502 	-3.68796e-05 	8.193335e-07 		-0.01875 8.8683189e-07 5.3051114e-07 1200000 1
-0.0175 1102976.9 	7.24675 	0.0098272 	 705419.29 	-6.865625 	-0.40953225 	 9.13935e-08 	-0.0076504777 	0.014622187 	 -2.295325e-08 	-0.0045254298 	-0.015580737 	 0.10567913 	-2576.3977 	-5832.179 	 -0.26847124 	1.47142e-05 	-2.5768988e-07 	 -2.2594322 	-3.714905e-05 	8.8014125e-07 		-0.0175 9.0515e-07 4.843025e-07 1200000 1
-0.01625 1182700.9 	7.4406 	-0.0234481 	 792355.9 	-6.780025 	-0.99411075 	 9.335e-08 	-0.0080702117 	0.015350155 	 -2.217675e-08 	-0.0049479418 	-0.015304 	 0.10660193 	-3034.887 	-6759.8394 	 -0.28490959 	1.4782035e-05 	-2.2848538e-07 	 -2.3212383 	-3.76342e-05 	1.3658773e-06 		-0.01625 9.236155e-07 4.377325e-07 1200000 1
-0.015 1262967.8 	7.66615 	-0.03692855 	 886757.29 	-6.29455 	-1.1909195 	 9.581875e-08 	-0.0085016565 	0.01613897 	 -2.04135e-08 	-0.0054153111 	-0.014976283 	 0.10590623 	-3578.4531 	-7801.5601 	 -0.30293763 	1.4818425e-05 	-2.131865e-07 	 -2.3859775 	-3.8433975e-05 	1.5280345e-06 		-0.015 9.42123e-07 3.90275e-07 1200000 1
-0.01375 1343274.3 	7.8666 	0.01377465 	 989437.75 	-6.1818 	-0.7005405 	 9.812575e-08 	-0.0088734789 	0.016990485 	 -1.92055e-08 	-0.0058593071 	-0.014592138 	 0.11033663 	-4216.878 	-8888.624 	 -0.32263864 	1.487245e-05 	-2.4793125e-07 	 -2.4537734 	-3.8904375e-05 	1.117023e-06 		-0.01375 9.606525e-07 3.4157e-07 1200000 1
-0.0125 1422742.3 	8.02755 	0.02475775 	 1103252.9 	-6.41495 	-0.43119 	 9.8309e-08 	-0.0090918633 	0.017852636 	 -1.9218e-08 	-0.0062154055 	-0.014199952 	 0.1162718 	-4899.6247 	-9926.8546 	 -0.34449686 	1.494995e-05 	-2.50344e-07 	 -2.5252372 	-3.904985e-05 	8.89921e-07 		-0.0125 9.7930623e-07 2.9290001e-07 1200000 1
-0.01125 1503592.1 	8.226675 	0.0039855 	 1224512.8 	-6.4779 	-0.51596225 	 1.027375e-07 	-0.0095148491 	0.018939345 	 -1.700125e-08 	-0.0067911243 	-0.013571479 	 0.120314 	-5951.389 	-11322.238 	 -0.36807936 	1.50363e-05 	-2.285995e-07 	 -2.6000888 	-3.9370425e-05 	9.57395e-07 		-0.01125 9.98023e-07 2.439725e-07 1200000 1
-0.01 1581003.2 	8.455275 	-0.0302065 	 1359507.7 	-6.1938 	-1.0545662 	 1.05218e-07 	-0.0097345543 	0.020022738 	 -1.471675e-08 	-0.0072296363 	-0.012910292 	 0.12095595 	-7096.9354 	-12633.244 	 -0.39403306 	1.511425e-05 	-1.957305e-07 	 -2.6788852 	-3.9964775e-05 	1.402553e-06 		-0.01 1.016895e-06 1.946225e-07 1200000 1
-0.00875 1656232.8 	8.709225 	-0.0400325 	 1505587.4 	-5.4903 	-1.2137605 	 1.082195e-07 	-0.0099123167 	0.021174821 	 -1.0681e-08 	-0.0076830874 	-0.012142781 	 0.12105927 	-8449.0239 	-14022.986 	 -0.42205876 	1.516745e-05 	-1.80061e-07 	 -2.7611944 	-4.08785e-05 	1.5308935e-06 		-0.00875 1.0358247e-06 1.441175e-07 1200000 1
-0.0075 1728267.8 	8.925925 	0.0161495 	 1663525.7 	-5.1874 	-0.780127 	 1.10754e-07 	-0.010007368 	0.022398632 	 -7.31e-09 	-0.008071858 	-0.011255564 	 0.12653558 	-10038.876 	-15393.678 	 -0.45222778 	1.52437e-05 	-2.15599e-07 	 -2.8471133 	-4.14292e-05 	1.1645365e-06 		-0.0075 1.0548003e-06 9.23175e-08 1200000 1
-0.00625 1794057.8 	9.11635 	0.028585 	 1837685.1 	-5.19745 	-0.535318 	 1.112625e-07 	-0.0098385486 	0.023699663 	 -4.274e-09 	-0.0082358756 	-0.010238779 	 0.13292665 	-11918.312 	-16414.871 	 -0.48511124 	1.533485e-05 	-2.14151e-07 	 -2.9372312 	-4.16694e-05 	9.55101e-07 		-0.00625 1.0739332e-06 4.0432484e-08 1200000 1
-0.005 1857114.6 	9.345175 	0.00968575 	 2023075.1 	-5.050675 	-0.51436775 	 1.16338e-07 	-0.0098589291 	0.025136579 	 1.111e-09 	-0.0086440061 	-0.0089268506 	 0.13814998 	-14366.96 	-17892.426 	 -0.52007694 	1.54322e-05 	-1.8715225e-07 	 -3.0313177 	-4.2064525e-05 	9.31615e-07 		-0.005 1.0931435e-06 -1.17425e-08 1200000 1
-0.00375 1909427.3 	9.60371 	-0.0045041 	 2226728.2 	-4.597375 	-0.81228525 	 1.194845e-07 	-0.0095557145 	0.026607386 	 6.276e-09 	-0.0086924217 	-0.0074674689 	 0.14185797 	-17185.365 	-18795.031 	 -0.55784356 	1.551185e-05 	-1.626734e-07 	 -3.129921 	-4.2684875e-05 	1.173376e-06 		-0.00375 1.1125065e-06 -6.46225e-08 1200000 1
-0.0025 1952235.1 	9.8832375 	0.004030575 	 2445824.3 	-3.8325 	-0.85920175 	 1.235915e-07 	-0.0090406412 	0.028169065 	 1.316875e-08 	-0.0085460739 	-0.0057534598 	 0.14708505 	-20579.83 	-19269.999 	 -0.59785899 	1.556125e-05 	-1.5401847e-07 	 -3.2324802 	-4.352295e-05 	1.2054568e-06 		-0.0025 1.1319395e-06 -1.18445e-07 1200000 1
-0.00125 1983281.7 	10.115898 	0.064871975 	 2680926.7 	-3.40625 	-0.70288925 	 1.26429e-07 	-0.0083021397 	0.029844506 	 1.892325e-08 	-0.0081215379 	-0.0036922556 	 0.1550356 	-24742.084 	-19122.677 	 -0.63986228 	1.5609e-05 	-1.8559948e-07 	 -3.3390284 	-4.402615e-05 	1.0676753e-06 		-0.00125 1.1514005e-06 -1.7347e-07 1200000 1
5.2475385e-17 1075700.3 	10.129385 	0.0631169 	 1506596.9 	-3.26785 	-0.4086254 	 1.25433e-07 	-0.0071362234 	0.031021205 	 2.1595e-08 	-0.0070659384 	-0.0021747158 	 0.15937125 	-14444.193 	-9960.6395 	 -0.65339284 	-3.04683e-05 	-2.67282e-07 	 -3.3586216 	-2.88902e-05 	1.131559e-06 		5.2475385e-17 1.1342842e-06 -2.1658149e-07 650000 1
0.00125 156720.9 	10.0025 	0.03068864 	 237748.12 	-3.2815 	-0.071065325 	 1.266895e-07 	-0.0061329779 	0.031265919 	 2.29925e-08 	-0.0061676932 	-0.0017491941 	 0.15913463 	-2242.7361 	-1218.341 	 -0.63093902 	-7.56603e-05 	-3.9050975e-07 	 -3.2732382 	-1.4167625e-05 	1.1773378e-06 		0.00125 1.0747023e-06 -2.454975e-07 100000 1
0.0025 148073.95 	9.778975 	0.05400188 	 230552.94 	-3.1375 	-0.10189708 	 1.239955e-07 	-0.0052782181 	0.030986618 	 2.1537e-08 	-0.0053863992 	-0.0020746649 	 0.15466168 	-2056.0048 	-1016.3086 	 -0.57999983 	-7.331235e-05 	-6.0309925e-07 	 -3.1010009 	-1.5590575e-05 	1.4776253e-06 		0.0025 9.8195875e-07 -2.639925e-07 100000 1
0.00375 139904.86 	9.585285 	0.08266766 	 223454.07 	-2.973575 	-0.12438943 	 1.2055225e-07 	-0.0045790276 	0.0307591 	 1.928925e-08 	-0.0047616871 	-0.0023036688 	 0.15075688 	-1895.2504 	-856.07559 	 -0.53101625 	-7.130895e-05 	-8.7161475e-07 	 -2.9329514 	-1.71578e-05 	1.6943468e-06 		0.00375 8.916905e-07 -2.84595e-07 100000 1
0.005 132217.15 	9.41681 	0.1115687 	 216467.68 	-2.844325 	-0.093533175 	 1.1787175e-07 	-0.0040600868 	0.03056285 	 1.738925e-08 	-0.0043019827 	-0.0024815268 	 0.14746543 	-1752.574 	-736.69647 	 -0.48424164 	-6.95865e-05 	-1.1445282e-06 	 -2.7691515 	-1.83441e-05 	1.3777343e-06 		0.005 8.036195e-07 -3.06925e-07 100000 1
0.00625 124978.95 	9.26439 	0.14384855 	 209742.17 	-2.7577 	-0.0948817 	 1.132417e-07 	-0.0035961312 	0.030425201 	 1.47905e-08 	-0.0038805854 	-0.0026065534 	 0.144614 	-1628.2344 	-634.77584 	 -0.4401832 	-6.80569e-05 	-1.453416e-06 	 -2.6103491 	-1.905105e-05 	1.383421e-06 		0.00625 7.1789077e-07 -3.3057605e-07 100000 1
0.0075 118208.05 	9.126865 	0.13869785 	 203174.29 	-2.6809 	-0.10197957 	 1.1301888e-07 	-0.0032425668 	0.030271161 	 1.4423e-08 	-0.003583685 	-0.0027165071 	 0.14184148 	-1513.4243 	-558.17183 	 -0.39820613 	-6.66592e-05 	-1.3897843e-06 	 -2.4560048 	-1.96818e-05 	1.4471302e-06 		0.0075 6.334625e-07 -3.54705e-07 100000 1
0.00875 111896.38 	8.996855 	0.1463098 	 196839.22 	-2.5842 	-0.12281677 	 1.1094253e-07 	-0.00294283 	0.030165169 	 1.33815e-08 	-0.0033188336 	-0.0027925943 	 0.13934563 	-1413.11 	-493.82884 	 -0.35886637 	-6.533985e-05 	-1.4551328e-06 	 -2.3065686 	-2.04839e-05 	1.6489312e-06 		0.00875 5.511325e-07 -3.795e-07 100000 1
0.01 105934.21 	8.8686425 	0.14728915 	 190764.81 	-2.4652 	-0.1406888 	 1.0920907e-07 	-0.0026593252 	0.030074325 	 1.2924e-08 	-0.0030678849 	-0.0028554075 	 0.13688655 	-1320.8284 	-435.76297 	 -0.32162282 	-6.40605e-05 	-1.4552258e-06 	 -2.1614548 	-2.14777e-05 	1.821433e-06 		0.01 4.7021475e-07 -4.059075e-07 100000 1
0.01125 100316.01 	8.7392275 	0.1571111 	 184953.58 	-2.3837 	-0.09894825 	 1.0768772e-07 	-0.0024259109 	0.029994888 	 1.25725e-08 	-0.0028607244 	-0.0029087986 	 0.13459625 	-1235.6822 	-388.03961 	 -0.28641002 	-6.278415e-05 	-1.5444792e-06 	 -2.0206556 	-2.20742e-05 	1.3981615e-06 		0.01125 3.9087525e-07 -4.333275e-07 100000 1
0.0125 95034.006 	8.60827 	0.1786599 	 179509.22 	-2.329 	-0.09022635 	 1.041427e-07 	-0.0022028949 	0.029930847 	 1.13195e-08 	-0.0026491837 	-0.0029617499 	 0.13236275 	-1156.4952 	-344.44953 	 -0.25349907 	-6.151685e-05 	-1.752043e-06 	 -1.8848785 	-2.235555e-05 	1.3054455e-06 		0.0125 3.1347933e-07 -4.6122978e-07 100000 1
0.01375 90100.628 	8.4805175 	0.15962993 	 174335.3 	-2.267525 	-0.09183695 	 1.0484245e-07 	-0.0020356939 	0.029865802 	 1.2378e-08 	-0.0025110737 	-0.0029943243 	 0.13009388 	-1084.5726 	-312.33848 	 -0.22234678 	-6.02601e-05 	-1.554644e-06 	 -1.7534825 	-2.273205e-05 	1.316456e-06 		0.01375 2.37042e-07 -4.8928e-07 100000 1
0.015 85502.544 	8.3494975 	0.16383305 	 169517.71 	-2.190875 	-0.11071095 	 1.0316015e-07 	-0.0018849249 	0.029818288 	 1.2035e-08 	-0.0023753909 	-0.0030254089 	 0.12784643 	-1018.4328 	-283.65143 	 -0.19330416 	-5.89769e-05 	-1.5902285e-06 	 -1.6270772 	-2.323415e-05 	1.500545e-06 		0.015 1.62647e-07 -5.17805e-07 100000 1
0.01625 81172.341 	8.214015 	0.16041136 	 165030.86 	-2.095725 	-0.12815053 	 1.0179177e-07 	-0.0017396043 	0.029779723 	 1.228825e-08 	-0.002244112 	-0.0030509471 	 0.12552402 	-956.9605 	-257.36999 	 -0.16593184 	-5.7671025e-05 	-1.550115e-06 	 -1.5049694 	-2.389435e-05 	1.6704565e-06 		0.01625 8.96894e-08 -5.4734e-07 100000 1
0.0175 77103.107 	8.07703 	0.16604336 	 160876.77 	-2.026675 	-0.088860275 	 1.0035632e-07 	-0.0016175014 	0.029748565 	 1.232375e-08 	-0.0021341382 	-0.0030723779 	 0.12330647 	-899.76521 	-235.40574 	 -0.14015846 	-5.6366075e-05 	-1.6008215e-06 	 -1.3871328 	-2.427385e-05 	1.2732105e-06 		0.0175 1.83714e-08 -5.77609e-07 100000 1
0.01875 73292.23 	7.941085 	0.18515696 	 157144.32 	-1.9714 	-0.07870945 	 9.696205e-08 	-0.0014967035 	0.029723502 	 1.1403e-08 	-0.0020123956 	-0.0031023812 	 0.1211452 	-845.51308 	-214.41845 	 -0.11617663 	-5.50946e-05 	-1.7869505e-06 	 -1.2742373 	-2.447485e-05 	1.167553e-06 		0.01875 -5.0985286e-08 -6.0815156e-07 100000 1
0.02 69749.978 	7.8100075 	0.16338702 	 153744.12 	-1.907125 	-0.07947575 	 9.758215e-08 	-0.0014087239 	0.029707203 	 1.27735e-08 	-0.0019457336 	-0.003104512 	 0.11901635 	-797.43984 	-200.02853 	 -0.093566807 	-5.3849075e-05 	-1.5646817e-06 	 -1.1655837 	-2.479525e-05 	1.1712685e-06 		0.02 -1.194049e-07 -6.388385e-07 100000 1
0.02125 66457.639 	7.6782275 	0.1672634 	 150759.67 	-1.834925 	-0.09534885 	 9.592825e-08 	-0.0013256057 	0.029697835 	 1.26775e-08 	-0.0018721167 	-0.0031146381 	 0.11691435 	-752.06459 	-186.45782 	 -0.07257812 	-5.2602175e-05 	-1.5992019e-06 	 -1.0617897 	-2.51763e-05 	1.3262775e-06 		0.02125 -1.8579835e-07 -6.69942e-07 100000 1
0.0225 63371.224 	7.5424575 	0.16422934 	 148143.33 	-1.7515 	-0.10835368 	 9.4664925e-08 	-0.0012450949 	0.029694913 	 1.324225e-08 	-0.0018011998 	-0.0031214866 	 0.11474693 	-709.69183 	-174.07547 	 -0.052872713 	-5.133525e-05 	-1.5649237e-06 	 -0.96214269 	-2.56453e-05 	1.4526175e-06 		0.0225 -2.5082e-07 -7.0179225e-07 100000 1
0.02375 60484.383 	7.4020775 	0.16939183 	 145896.76 	-1.69385 	-0.070704025 	 9.3263575e-08 	-0.0011765348 	0.029697636 	 1.345575e-08 	-0.0017421985 	-0.003125845 	 0.11261007 	-670.09539 	-163.78005 	 -0.034392686 	-5.00375e-05 	-1.6127164e-06 	 -0.866611 	-2.583925e-05 	1.0724165e-06 		0.02375 -3.1425025e-07 -7.3414725e-07 100000 1
0.025 57796.18 	7.25918 	0.1897597 	 144101.59 	-1.6487 	-0.06029155 	 9.004005e-08 	-0.0011081837 	0.029702168 	 1.2717e-08 	-0.0016701925 	-0.0031421644 	 0.1104603 	-631.93598 	-153.48407 	 -0.017281348 	-4.873566e-05 	-1.8130174e-06 	 -0.77583916 	-2.58716e-05 	9.6463e-07 		0.025 -3.7567586e-07 -7.6650638e-07 100000 1
0.02625 55318.976 	7.1185425 	0.16891444 	 142677.29 	-1.599125 	-0.061519775 	 9.0457175e-08 	-0.0010589097 	0.029719783 	 1.406025e-08 	-0.0016439929 	-0.0031271248 	 0.10833082 	-598.96297 	-147.6113 	 -0.0012233212 	-4.7436345e-05 	-1.6014691e-06 	 -0.68913969 	-2.597565e-05 	9.7336225e-07 		0.02625 -4.3612409e-07 -7.98836e-07 100000 1
0.0275 53029.78 	6.9735075 	0.17370789 	 141704.89 	-1.548575 	-0.074210325 	 8.8563975e-08 	-0.0010112847 	0.029739599 	 1.376225e-08 	-0.0016074932 	-0.0031237359 	 0.10616078 	-567.21154 	-141.71356 	 0.013598171 	-4.609843e-05 	-1.6465596e-06 	 -0.60713908 	-2.607105e-05 	1.0968952e-06 		0.0275 -4.9447089e-07 -8.31302e-07 100000 1
0.02875 50900.385 	6.8225 	0.17036863 	 141128.57 	-1.486575 	-0.09076225 	 8.7265875e-08 	-0.00096551004 	0.029764711 	 1.43785e-08 	-0.0015738252 	-0.0031178247 	 0.10388205 	-537.49799 	-136.58219 	 0.027438122 	-4.471726e-05 	-1.6105684e-06 	 -0.52915627 	-2.6265225e-05 	1.2590307e-06 		0.02875 -5.5128464e-07 -8.6400425e-07 100000 1
0.03 48925.271 	6.66914 	0.17467241 	 140952.04 	-1.438725 	-0.05639655 	 8.5852075e-08 	-0.00092617914 	0.029794684 	 1.4657e-08 	-0.0015472701 	-0.0031098791 	 0.10163825 	-509.67466 	-132.61219 	 0.040339996 	-4.3326835e-05 	-1.6510379e-06 	 -0.45518007 	-2.6302375e-05 	9.1194875e-07 		0.03 -6.0637323e-07 -8.9701875e-07 100000 1
0.03125 47103.678 	6.51576 	0.19454142 	 141256.92 	-1.4026 	-0.04607025 	 8.265945e-08 	-0.000888424 	0.029824506 	 1.39285e-08 	-0.0015076688 	-0.0031149661 	 0.0994111 	-482.40975 	-128.30208 	 0.052193375 	-4.195658e-05 	-1.8475422e-06 	 -0.38587168 	-2.618645e-05 	8.05281e-07 		0.03125 -6.5935801e-07 -9.2986951e-07 100000 1
0.0325 45451.911 	6.365115 	0.17238435 	 141971.64 	-1.362125 	-0.04912865 	 8.2737775e-08 	-0.00086033013 	0.029869779 	 1.50915e-08 	-0.0015096722 	-0.0030867391 	 0.097212375 	-459.697 	-127.54455 	 0.063234186 	-4.0598883e-05 	-1.624026e-06 	 -0.32057905 	-2.61373e-05 	8.3249475e-07 		0.0325 -7.112987e-07 -9.6250325e-07 100000 1
0.03375 43941.746 	6.21218 	0.17754832 	 143178.98 	-1.315175 	-0.05806005 	 8.0456775e-08 	-0.0008336114 	0.029915214 	 1.43955e-08 	-0.001499547 	-0.0030712625 	 0.094985025 	-437.38352 	-126.4679 	 0.073323525 	-3.9225417e-05 	-1.6739073e-06 	 -0.2599719 	-2.613475e-05 	9.1853975e-07 		0.03375 -7.6106065e-07 -9.9506425e-07 100000 1
0.035 42556.717 	6.0550725 	0.17409181 	 144819.8 	-1.256675 	-0.07581105 	 7.8879025e-08 	-0.0008087452 	0.029965649 	 1.472425e-08 	-0.0014930313 	-0.0030531539 	 0.092668775 	-416.53757 	-126.09185 	 0.082653373 	-3.7825337e-05 	-1.6377774e-06 	 -0.20340757 	-2.6234075e-05 	1.0927473e-06 		0.035 -8.0926487e-07 -1.0278117e-06 100000 1
0.03625 41291.77 	5.8962325 	0.17721023 	 146901.82 	-1.207425 	-0.04893845 	 7.7297925e-08 	-0.00078726269 	0.030020858 	 1.484375e-08 	-0.0014907076 	-0.0030327361 	 0.090378025 	-397.05314 	-126.50316 	 0.091254861 	-3.6419523e-05 	-1.6673632e-06 	 -0.15091244 	-2.6227075e-05 	8.2067725e-07 		0.03625 -8.5573538e-07 -1.0606938e-06 100000 1
0.0375 40145.166 	5.73758 	0.19689196 	 149513.38 	-1.16915 	-0.040519 	 7.41593e-08 	-0.00076963072 	0.030075253 	 1.412e-08 	-0.0014749869 	-0.0030250429 	 0.08810195 	-377.55535 	-126.43907 	 0.099038942 	-3.503268e-05 	-1.8628376e-06 	 -0.10321336 	-2.608385e-05 	7.33171e-07 		0.0375 -9.0007082e-07 -1.0934534e-06 100000 1
0.03875 39138.517 	5.580135 	0.17416192 	 152589.59 	-1.12685 	-0.04190985 	 7.4133975e-08 	-0.00075436958 	0.030146839 	 1.5344975e-08 	-0.001500253 	-0.0029826165 	 0.085835425 	-362.37817 	-129.87493 	 0.10618363 	-3.3643005e-05 	-1.6342776e-06 	 -0.059681908 	-2.6003125e-05 	7.437355e-07 		0.03875 -9.4334562e-07 -1.1259695e-06 100000 1
0.04 38236.328 	5.417765 	0.17723945 	 156220.42 	-1.071 	-0.037704005 	 7.1940625e-08 	-0.0007413584 	0.030217976 	 1.4780025e-08 	-0.001511437 	-0.0029525716 	 0.083488275 	-347.09574 	-132.87772 	 0.11257887 	-3.2211625e-05 	-1.6638437e-06 	 -0.021075283 	-2.6044075e-05 	6.9843e-07 		0.04 -9.8439377e-07 -1.1583112e-06 100000 1
0.04125 37431.696 	5.254885 	0.16957087 	 160343.21 	-1.02015 	-0.025686327 	 7.0137475e-08 	-0.00073053788 	0.030294425 	 1.4805875e-08 	-0.0015272162 	-0.0029191139 	 0.081137667 	-332.98596 	-136.74956 	 0.11837051 	-3.0785247e-05 	-1.586037e-06 	 0.013232668 	-2.60244e-05 	5.74996e-07 		0.04125 -1.0237595e-06 -1.1911029e-06 100000 1
0.0425 36719.464 	5.094455 	0.17086107 	 164970.85 	-0.9775 	-0.020253158 	 6.8071525e-08 	-0.00072115784 	0.03037609 	 1.4347725e-08 	-0.0015450484 	-0.0028824482 	 0.078835983 	-319.97333 	-141.31808 	 0.12357972 	-2.9393193e-05 	-1.5979446e-06 	 0.043170088 	-2.59089e-05 	5.173395e-07 		0.0425 -1.0614532e-06 -1.2234139e-06 100000 1
0.04375 36095.441 	4.93095 	0.19241549 	 170204.53 	-0.93145 	-0.02550399 	 6.45672e-08 	-0.00071842114 	0.030457111 	 1.31149e-08 	-0.0015481419 	-0.0028570214 	 0.07647718 	-306.59381 	-145.31421 	 0.12813012 	-2.7988765e-05 	-1.812701e-06 	 0.067896041 	-2.580735e-05 	5.664634e-07 		0.04375 -1.0970159e-06 -1.2558653e-06 100000 1
0.045 35588.15 	4.7693925 	0.16950459 	 175982.46 	-0.89205 	-0.016373875 	 6.457415e-08 	-0.0007116657 	0.030556987 	 1.4533225e-08 	-0.0015944884 	-0.002795641 	 0.074171325 	-297.73884 	-153.46031 	 0.13215909 	-2.6584685e-05 	-1.5826754e-06 	 0.088047915 	-2.5664002e-05 	4.718209e-07 		0.045 -1.1314646e-06 -1.2880378e-06 100000 1
0.04625 35151.897 	4.6046975 	0.17083084 	 182406.89 	-0.85744 	0.00440762 	 6.295555e-08 	-0.00070860469 	0.030656694 	 1.4661175e-08 	-0.0016238689 	-0.0027450596 	 0.071831345 	-288.52485 	-161.08151 	 0.13557365 	-2.5166555e-05 	-1.5951331e-06 	 0.10273764 	-2.5447818e-05 	2.606492e-07 		0.04625 -1.1636655e-06 -1.3199531e-06 100000 1
0.0475 34788.262 	4.438455 	0.16843574 	 189408.7 	-0.8150475 	-0.008310455 	 6.10814e-08 	-0.00070827369 	0.030762534 	 1.4643475e-08 	-0.001658675 	-0.0026895828 	 0.069422718 	-280.47534 	-169.94343 	 0.13848719 	-2.3733915e-05 	-1.5705709e-06 	 0.11261474 	-2.5312498e-05 	3.8451825e-07 		0.0475 -1.1942755e-06 -1.3516097e-06 100000 1
0.04875 34491.305 	4.269165 	0.17212513 	 197006.27 	-0.7626325 	-0.00965006 	 5.89241e-08 	-0.00070796109 	0.030874509 	 1.4117525e-08 	-0.0016935933 	-0.0026292847 	 0.066963183 	-273.55715 	-179.57769 	 0.14091272 	-2.2280485e-05 	-1.6069371e-06 	 0.11756202 	-2.5268166e-05 	3.9454605e-07 		0.04875 -1.2231227e-06 -1.3832244e-06 100000 1
0.05 34252.06 	4.099205 	0.19486875 	 205318.57 	-0.71659 	-0.01494823 	 5.56125e-08 	-0.00071764442 	0.030986651 	 1.29922e-08 	-0.0017107884 	-0.0025772836 	 0.064494665 	-266.23431 	-188.42386 	 0.14277921 	-2.0835627e-05 	-1.8340076e-06 	 0.11658654 	-2.5140766e-05 	4.441331e-07 		0.05 -1.2497497e-06 -1.4148029e-06 100000 1
0.05125 34108.108 	3.93238 	0.1720813 	 214282.91 	-0.6768425 	-0.0093190625 	 5.53706e-08 	-0.00071697197 	0.031119539 	 1.42289e-08 	-0.0017758744 	-0.0024883151 	 0.062088252 	-264.16009 	-202.84898 	 0.14419737 	-1.9404388e-05 	-1.6056053e-06 	 0.11037647 	-2.4973598e-05 	3.8450543e-07 		0.05125 -1.275239e-06 -1.4461012e-06 100000 1
0.0525 33999.741 	3.76233 	0.17313406 	 224017.3 	-0.6396375 	0.0095833175 	 5.36829e-08 	-0.00072189582 	0.031253234 	 1.42574e-08 	-0.0018194585 	-0.0024071059 	 0.059638308 	-261.8653 	-216.49765 	 0.14508155 	-1.7955268e-05 	-1.6157005e-06 	 0.097884066 	-2.4766397e-05 	1.9218707e-07 		0.0525 -1.298456e-06 -1.4772119e-06 100000 1
0.05375 33936.631 	3.5903208 	0.17140294 	 234441.59 	-0.5989525 	-0.0031657925 	 5.1804775e-08 	-0.00073028341 	0.0313944 	 1.42169e-08 	-0.001868477 	-0.0023186049 	 0.057114348 	-261.16861 	-231.89309 	 0.1455233 	-1.6486895e-05 	-1.5981335e-06 	 0.079832279 	-2.459456e-05 	3.1646429e-07 		0.05375 -1.320024e-06 -1.5079829e-06 100000 1
0.055 33911.257 	3.4155183 	0.17468868 	 245579.02 	-0.5486475 	-0.0066404925 	 4.9664025e-08 	-0.00073749331 	0.031543126 	 1.37084e-08 	-0.0019153601 	-0.0022226768 	 0.054537673 	-262.12416 	-248.1824 	 0.14552878 	-1.4998131e-05 	-1.6308219e-06 	 0.056069002 	-2.4513825e-05 	3.479945e-07 		0.055 -1.339797e-06 -1.5386879e-06 100000 1
0.05625 33905.865 	3.2405625 	0.1978166 	 257568.64 	-0.50549 	-0.009945105 	 4.65782e-08 	-0.00075890138 	0.031693409 	 1.27073e-08 	-0.0019387186 	-0.0021298053 	 0.051957945 	-263.31913 	-262.98144 	 0.14502589 	-1.3520004e-05 	-1.8620773e-06 	 0.025437178 	-2.434775e-05 	3.778685e-07 		0.05625 -1.357291e-06 -1.5692887e-06 100000 1
0.0575 33970.101 	3.068298 	0.17456464 	 270343.39 	-0.46867 	-0.00466015 	 4.60953e-08 	-0.00076293968 	0.031866827 	 1.3769625e-08 	-0.0020161706 	-0.0019995967 	 0.049422178 	-271.14535 	-285.69442 	 0.14410964 	-1.205257e-05 	-1.6293861e-06 	 -0.011281456 	-2.4140525e-05 	3.2197425e-07 		0.0575 -1.373618e-06 -1.5995792e-06 100000 1
0.05875 34025.657 	2.8924315 	0.174497 	 284036.87 	-0.43539 	0.01082985 	 4.437515e-08 	-0.00077508302 	0.032042683 	 1.3745175e-08 	-0.0020647628 	-0.0018718974 	 0.046828837 	-279.71426 	-306.76266 	 0.14269311 	-1.0561074e-05 	-1.6286622e-06 	 -0.055289897 	-2.3888225e-05 	1.6416225e-07 		0.05875 -1.3876245e-06 -1.6296202e-06 100000 1
0.06 34090.091 	2.714334 	0.1726869 	 298552.71 	-0.398505 	-8.205e-05 	 4.2527675e-08 	-0.00079172903 	0.032227942 	 1.37106e-08 	-0.0021163695 	-0.0017331943 	 0.044152017 	-291.12654 	-329.84772 	 0.14085455 	-9.046828e-06 	-1.6106863e-06 	 -0.10573849 	-2.3674925e-05 	2.70536e-07 		0.06 -1.3999111e-06 -1.659261e-06 100000 1
0.06125 34153.471 	2.5339915 	0.17489571 	 313917.05 	-0.352895 	-0.00433105 	 4.0470875e-08 	-0.00080609539 	0.032422782 	 1.32657e-08 	-0.0021624712 	-0.0015829376 	 0.041424458 	-305.63481 	-353.65483 	 0.13859392 	-7.51622e-06 	-1.6330096e-06 	 -0.1627893 	-2.3547025e-05 	3.103815e-07 		0.06125 -1.4103637e-06 -1.6887984e-06 100000 1
0.0625 34182.074 	2.354119 	0.19656832 	 330286.5 	-0.313265 	-0.00673005 	 3.773895e-08 	-0.00084031933 	0.032621101 	 1.2498e-08 	-0.0021736754 	-0.0014262672 	 0.03869574 	-322.62288 	-373.68387 	 0.13583188 	-5.99979e-06 	-1.8501283e-06 	 -0.22772797 	-2.33512e-05 	3.319095e-07 		0.0625 -1.4184824e-06 -1.7181519e-06 100000 1
0.06375 34241.892 	2.175359 	0.17177651 	 347589.15 	-0.2794675 	-0.00319 	 3.7146825e-08 	-0.00084876972 	0.032845811 	 1.3508675e-08 	-0.0022446971 	-0.0012339444 	 0.035967945 	-348.35898 	-404.66612 	 0.13265706 	-4.48015e-06 	-1.6024904e-06 	 -0.2996584 	-2.3117475e-05 	2.9427175e-07 		0.06375 -1.4253816e-06 -1.747186e-06 100000 1
0.065 34231.185 	1.9907615 	0.16864545 	 365968.24 	-0.2500025 	0.00617875 	 3.5569025e-08 	-0.00086894122 	0.033075301 	 1.3618275e-08 	-0.0022738586 	-0.0010349493 	 0.03313086 	-377.62078 	-431.11527 	 0.12897341 	-2.91223e-06 	-1.5716056e-06 	 -0.37987966 	-2.2835675e-05 	1.9863275e-07 		0.065 -1.4298878e-06 -1.7759365e-06 100000 1
0.06625 34174.373 	1.8010835 	0.16348909 	 385307.72 	-0.21293 	-0.006256825 	 3.3963375e-08 	-0.00089526691 	0.033317011 	 1.38478e-08 	-0.0022967562 	-0.00081902268 	 0.03015332 	-412.55533 	-458.05723 	 0.12485366 	-1.29276e-06 	-1.5206178e-06 	 -0.46738152 	-2.263455e-05 	3.21326e-07 		0.06625 -1.4325548e-06 -1.8042245e-06 100000 1
0.0675 34058.385 	1.606717 	0.16119558 	 405635.04 	-0.16091 	-0.011075325 	 3.2188675e-08 	-0.00091800996 	0.033571344 	 1.372985e-08 	-0.0023071824 	-0.00058454464 	 0.027076245 	-453.90994 	-483.9782 	 0.12029261 	3.692e-07 	-1.4983369e-06 	 -0.56231226 	-2.25849e-05 	3.680895e-07 		0.0675 -1.4332522e-06 -1.832486e-06 100000 1
0.06875 33819.086 	1.406025 	0.17105188 	 427116.93 	-0.12502 	-0.01123905 	 3.002965e-08 	-0.00096939409 	0.03383313 	 1.353155e-08 	-0.0022579866 	-0.00032338282 	 0.023871855 	-504.29082 	-498.64055 	 0.11519861 	2.09076e-06 	-1.5976154e-06 	 -0.66599915 	-2.237345e-05 	3.68739e-07 		0.06875 -1.4314617e-06 -1.860699e-06 100000 1
0.07 33542.846 	1.1885135 	0.13658836 	 449692.46 	-0.0999925 	-0.011688625 	 2.9606425e-08 	-0.00098034558 	0.034130636 	 1.4851025e-08 	-0.0022652543 	-3.2059807e-05 	 0.020332225 	-566.3318 	-525.37748 	 0.10966489 	3.99196e-06 	-1.2535936e-06 	 -0.7775367 	-2.20725e-05 	3.7263775e-07 		0.07 -1.4280791e-06 -1.8885255e-06 100000 1
0.07125 33099.46 	0.9367359 	0.11373307 	 473512.34 	-0.0731435 	-0.016246925 	 2.8734725e-08 	-0.00099499645 	0.034434415 	 1.5584925e-08 	-0.0021975227 	0.00028414407 	 0.01614522 	-639.02435 	-536.18577 	 0.10358208 	6.22339e-06 	-1.025827e-06 	 -0.89826759 	-2.17877e-05 	4.1777125e-07 		0.07125 -1.4216621e-06 -1.9157925e-06 100000 1
0.0725 32509.944 	0.65116358 	0.084290358 	 498418.17 	-0.039213 	-0.02563685 	 2.783205e-08 	-0.0010114758 	0.034738806 	 1.639815e-08 	-0.0020811855 	0.0006391259 	 0.011299792 	-726.17069 	-534.44469 	 0.097041633 	8.792005e-06 	-7.3223582e-07 	 -1.0268691 	-2.158005e-05 	5.113645e-07 		0.0725 -1.4124312e-06 -1.9429167e-06 100000 1
0.07375 31748.101 	0.33641113 	0.058575325 	 524391.3 	-0.013715 	-0.0389054 	 2.67512e-08 	-0.001053554 	0.035031817 	 1.69757e-08 	-0.0019066689 	0.0010458091 	 0.0058662498 	-831.92666 	-516.29486 	 0.090072778 	1.1644465e-05 	-4.7600397e-07 	 -1.1631283 	-2.128955e-05 	6.435955e-07 		0.07375 -1.3999805e-06 -1.9697882e-06 100000 1
0.075 30369.48 	0.19523415 	0.055844023 	 541459.06 	0.026357558 	-0.04680498 	 2.59773e-08 	-0.0010977622 	0.035138546 	 1.68682e-08 	-0.001804666 	0.0012297088 	 0.0034377957 	-866.48847 	-505.27259 	 0.087376126 	1.27724e-05 	-4.494756e-07 	 -1.2150545 	-2.11863e-05 	7.2207e-07 		0.075 -1.3844386e-06 -1.9947673e-06 100000 1
