# y jRe_x jRe_y jRe_z jIm_x jIm_y jIm_z BRe_x BRe_y BRe_z BIm_x BIm_y BIm_z F_x F_y F_z VReGrad_x VReGrad_y VReGrad_z VImGrad_x VImGrad_y VImGrad_z s VRe VIm sigma mur
-0.075 -1849825.3 	-275.29527 	35.398014 	 -4461384.6 	-1151.9507 	309.38559 	 3.2378677e-07 	0.0081761645 	0.039824507 	 2.410178e-08 	0.010220116 	0.0071918757 	 -11.243825 	52877.201 	-30359.581 	 0.17927391 	0.00025790022 	-2.7010946e-05 	 0.3976308 	0.00091967515 	-0.00025797476 		-0.075 7.334126e-10 9.8451692e-07 1200000 1
-0.07375 -1910069.7 	0.012863342 	0.0027591096 	 -4120314.3 	0.28171252 	-0.17765681 	 4.9438857e-09 	0.009314842 	0.038215529 	 4.1512175e-09 	0.011979909 	0.0041114904 	 0.0018643584 	44977.312 	-33574.855 	 0.15417222 	5.1880889e-06 	2.1056089e-07 	 0.29607499 	-5.3447347e-06 	2.4481822e-07 		-0.07375 2.7588371e-08 7.7216796e-07 1200000 1
-0.0725 -1935215.1 	0.10424417 	0.026102013 	 -3778314.1 	0.27092001 	-0.22819597 	 5.1701196e-09 	0.010153737 	0.036043714 	 3.9195308e-09 	0.012761197 	0.00047603713 	 0.0032719056 	35810.946 	-33935.101 	 0.12588367 	5.1995537e-06 	1.9020753e-07 	 0.18012586 	-5.4785958e-06 	2.8857755e-07 		-0.0725 3.4076781e-08 7.6539541e-07 1200000 1
-0.07125 -1937928.6 	0.18151287 	0.032269023 	 -3459017.2 	0.260791 	-0.19899008 	 5.7635341e-09 	0.010840949 	0.034173036 	 3.777701e-09 	0.013256921 	-0.0022002079 	 0.0039700795 	29319.337 	-33430.997 	 0.099082239 	5.2195552e-06 	1.8452313e-07 	 0.068966516 	-5.6177168e-06 	2.6565236e-07 		-0.07125 4.0598113e-08 7.5846171e-07 1200000 1
-0.07 -1921489.1 	0.26561681 	0.023945051 	 -3160793.2 	0.2581064 	-0.20338556 	 6.4039934e-09 	0.011194057 	0.032369557 	 3.5900808e-09 	0.013140382 	-0.0044744865 	 0.0049403125 	24052.866 	-31531.476 	 0.074107685 	5.2311743e-06 	1.9147598e-07 	 -0.037136383 	-5.7670931e-06 	2.7068113e-07 		-0.07 4.7123373e-08 7.5133998e-07 1200000 1
-0.06875 -1890570.4 	0.35462252 	0.012826886 	 -2883066.9 	0.22041402 	-0.17140229 	 6.9966736e-09 	0.011489487 	0.030629092 	 3.3744108e-09 	0.012978854 	-0.0064318908 	 0.0057693736 	19692.904 	-29569.501 	 0.050758172 	5.2368369e-06 	2.0109856e-07 	 -0.13864876 	-5.8898481e-06 	2.4527008e-07 		-0.06875 5.3666869e-08 7.440373e-07 1200000 1
-0.0675 -1846089.3 	0.44025497 	0.019690295 	 -2625427.6 	0.17599377 	-0.16143163 	 7.557246e-09 	0.011560324 	0.028946303 	 3.1188211e-09 	0.012511318 	-0.0081310149 	 0.006573242 	16062.863 	-27106.311 	 0.029172385 	5.2428067e-06 	1.9614306e-07 	 -0.23533781 	-6.0104583e-06 	2.3813711e-07 		-0.0675 6.0216021e-08 7.3660421e-07 1200000 1
-0.06625 -1792357.2 	0.52470362 	0.02822836 	 -2386290.3 	0.14538918 	-0.13223413 	 8.1221435e-09 	0.011564619 	0.027347071 	 2.9395029e-09 	0.01200848 	-0.0095865935 	 0.0071209213 	13080.026 	-24694.286 	 0.0092034274 	5.2481908e-06 	1.8996552e-07 	 -0.32753531 	-6.1448584e-06 	2.1487484e-07 		-0.06625 6.6776901e-08 7.2901345e-07 1200000 1
-0.065 -1729666.4 	0.6029511 	0.025888875 	 -2165435.5 	0.11526017 	-0.1104956 	 8.718417e-09 	0.011448327 	0.025815684 	 2.8020697e-09 	0.011406614 	-0.010844942 	 0.0076639002 	10596.206 	-22262.517 	 -0.0091493871 	5.2566354e-06 	1.9305059e-07 	 -0.41520779 	-6.2826625e-06 	1.9780733e-07 		-0.065 7.3341515e-08 7.2125107e-07 1200000 1
-0.06375 -1660772.2 	0.67750001 	0.019000291 	 -1961714.6 	0.068174174 	-0.12249582 	 9.3110422e-09 	0.011227407 	0.024368329 	 2.5636003e-09 	0.010727752 	-0.011922947 	 0.0084144506 	8549.9612 	-19852.102 	 -0.025946901 	5.2669133e-06 	2.0008698e-07 	 -0.49848296 	-6.4086459e-06 	2.0883497e-07 		-0.06375 7.9914073e-08 7.1331083e-07 1200000 1
-0.0625 -1586793.3 	0.75457998 	0.019067054 	 -1773931.9 	0.008617884 	-0.1216128 	 9.8588482e-09 	0.010982452 	0.02300716 	 2.2871671e-09 	0.010094077 	-0.012835285 	 0.0091503213 	6876.9567 	-17675.832 	 -0.041307108 	5.2736994e-06 	2.0142963e-07 	 -0.57760934 	-6.5269504e-06 	2.0908393e-07 		-0.0625 8.6504545e-08 7.0521788e-07 1200000 1
-0.06125 -1509162.2 	0.82722971 	0.034738828 	 -1601414.8 	-0.036139698 	-0.14291949 	 1.0421261e-08 	0.0106007 	0.021714451 	 2.0920447e-09 	0.0093508906 	-0.013625639 	 0.0097305345 	5483.3323 	-15495.173 	 -0.055212049 	5.2825757e-06 	1.8997558e-07 	 -0.65251033 	-6.658593e-06 	2.2781439e-07 		-0.06125 9.310161e-08 6.9698157e-07 1200000 1
-0.06 -1428607.6 	0.89152039 	0.036002336 	 -1443248.9 	-0.072507871 	-0.094767799 	 1.0990793e-08 	0.010262449 	0.020529354 	 1.8879785e-09 	0.008732713 	-0.014267941 	 0.009917925 	4372.3073 	-13638.697 	 -0.067855906 	5.2972885e-06 	1.9060153e-07 	 -0.72365883 	-6.7980736e-06 	1.8860785e-07 		-0.06 9.9718475e-08 6.8858445e-07 1200000 1
-0.05875 -1346858.7 	0.95130638 	0.027873416 	 -1297779.6 	-0.12194275 	-0.13983291 	 1.1617792e-08 	0.0097720683 	0.019387592 	 1.5999293e-09 	0.0079926221 	-0.014839595 	 0.010571855 	3433.5152 	-11776.543 	 -0.07917335 	5.3150468e-06 	1.9918863e-07 	 -0.79085251 	-6.9286014e-06 	2.2715223e-07 		-0.05875 1.0634133e-07 6.800101e-07 1200000 1
-0.0575 -1263423.7 	1.014989 	0.014584386 	 -1165394.6 	-0.1849301 	-0.11569692 	 1.2237295e-08 	0.0093716047 	0.018376058 	 1.2332261e-09 	0.007419048 	-0.015273934 	 0.011115206 	2709.904 	-10247.365 	 -0.089400336 	5.3287225e-06 	2.1209627e-07 	 -0.85471258 	-7.0478322e-06 	2.0793523e-07 		-0.0575 1.1300114e-07 6.7125785e-07 1200000 1
-0.05625 -1180500.7 	1.0894708 	0.0295577 	 -1043356.3 	-0.22859165 	-0.1661152 	 1.27945e-08 	0.0088083656 	0.017377228 	 9.7162511e-10 	0.0067154092 	-0.015680975 	 0.011711854 	2081.5871 	-8711.5303 	 -0.098442078 	5.3324654e-06 	2.0157894e-07 	 -0.91494707 	-7.1853617e-06 	2.5088358e-07 		-0.05625 1.196608e-07 6.623615e-07 1200000 1
-0.055 -1097100.5 	1.1546258 	0.034249883 	 -932689.47 	-0.26153289 	-0.085598921 	 1.3394697e-08 	0.0083644344 	0.016527328 	 7.2305009e-10 	0.0061944518 	-0.01596134 	 0.011766616 	1623.3058 	-7480.5653 	 -0.10655104 	5.3434724e-06 	1.9961917e-07 	 -0.97226354 	-7.3307339e-06 	1.8455355e-07 		-0.055 1.2634099e-07 6.5329921e-07 1200000 1
-0.05375 -1014852.6 	1.2098181 	0.029460061 	 -830866.89 	-0.31482665 	-0.1246618 	 1.4020834e-08 	0.0077836898 	0.015678215 	 4.48314e-10 	0.0055735831 	-0.016234448 	 0.012296697 	1215.1182 	-6273.1159 	 -0.11364483 	5.3622099e-06 	2.0562957e-07 	 -1.0263907 	-7.4604661e-06 	2.1794873e-07 		-0.05375 1.3302091e-07 6.4406586e-07 1200000 1
-0.0525 -933096.33 	1.2638381 	0.016901217 	 -738403.97 	-0.37423035 	-0.091159522 	 1.4633755e-08 	0.0072856503 	0.014961112 	 6.6707189e-11 	0.0050814644 	-0.0164133 	 0.012704173 	920.84924 	-5279.1651 	 -0.11993838 	5.3821746e-06 	2.1808592e-07 	 -1.077962 	-7.5841553e-06 	1.9078655e-07 		-0.0525 1.3973981e-07 6.3464417e-07 1200000 1
-0.05125 -852442.98 	1.3228917 	0.022104748 	 -653937.57 	-0.42158053 	-0.12779903 	 1.5187487e-08 	0.0067039934 	0.014256647 	 -1.9210553e-10 	0.0045442281 	-0.016583582 	 0.013160382 	657.1958 	-4350.3375 	 -0.12540347 	5.3967728e-06 	2.1578721e-07 	 -1.1268527 	-7.7186736e-06 	2.2211571e-07 		-0.05125 1.4647524e-07 6.2507423e-07 1200000 1
-0.05 -773182.63 	1.3897132 	0.019604285 	 -576636.1 	-0.46212829 	-0.079857304 	 1.5769767e-08 	0.0061703628 	0.013658753 	 -4.1746482e-10 	0.0040887709 	-0.016691513 	 0.013458025 	468.04346 	-3568.5939 	 -0.13019868 	5.4052511e-06 	2.1988185e-07 	 -1.1735482 	-7.858435e-06 	1.8285075e-07 		-0.05 1.5323398e-07 6.153442e-07 1200000 1
-0.04875 -694850.32 	1.4573791 	0.015399414 	 -506497.5 	-0.49772911 	-0.097253393 	 1.6383501e-08 	0.0055951276 	0.013089012 	 -6.3466635e-10 	0.0036262754 	-0.016786716 	 0.013865608 	298.63888 	-2868.6687 	 -0.13434401 	5.4126392e-06 	2.2542003e-07 	 -1.2180644 	-8.0016708e-06 	1.9796604e-07 		-0.04875 1.5999117e-07 6.0544334e-07 1200000 1
-0.0475 -618266.6 	1.5216306 	0.010585835 	 -441817.17 	-0.53411052 	-0.095022949 	 1.6991181e-08 	0.0050377319 	0.012597116 	 -9.4658586e-10 	0.0032079077 	-0.016846892 	 0.014219778 	172.59359 	-2270.8888 	 -0.13795488 	5.4227092e-06 	2.3144998e-07 	 -1.2607583 	-8.1438625e-06 	1.9662372e-07 		-0.0475 1.6675955e-07 5.9534161e-07 1200000 1
-0.04625 -542666.4 	1.5799111 	0.020004919 	 -383013.52 	-0.5798733 	-0.10440472 	 1.7559459e-08 	0.0044744836 	0.012152929 	 -1.2110247e-09 	0.0028106019 	-0.01688895 	 0.014611272 	65.162186 	-1758.199 	 -0.14109066 	5.43796e-06 	2.2565465e-07 	 -1.3017722 	-8.27807e-06 	2.0490398e-07 		-0.04625 1.7354766e-07 5.8506822e-07 1200000 1
-0.045 -468646.86 	1.6333459 	0.028851573 	 -328553.17 	-0.62067914 	-0.10940375 	 1.8113126e-08 	0.0039036322 	0.011755418 	 -1.3589582e-09 	0.0024272972 	-0.016918796 	 0.014937962 	-24.609739 	-1318.8394 	 -0.14383178 	5.4573281e-06 	2.2034783e-07 	 -1.3413412 	-8.4139084e-06 	2.0952231e-07 		-0.045 1.8035964e-07 5.7464462e-07 1200000 1
-0.04375 -395684.04 	1.6902222 	0.017636663 	 -278543.45 	-0.64815136 	-0.071285843 	 1.8695527e-08 	0.0033507062 	0.011427927 	 -1.5681937e-09 	0.0020814076 	-0.01692433 	 0.015197608 	-94.673594 	-958.08445 	 -0.14626493 	5.4740587e-06 	2.3173146e-07 	 -1.379707 	-8.5609821e-06 	1.7820338e-07 		-0.04375 1.871949e-07 5.6404574e-07 1200000 1
-0.0425 -324054.73 	1.7521375 	0.0071940713 	 -231788.03 	-0.67879939 	-0.11797023 	 1.9245612e-08 	0.0027790466 	0.011116149 	 -1.7779555e-09 	0.0017322803 	-0.016936952 	 0.015592839 	-161.57019 	-656.50986 	 -0.14845477 	5.4865847e-06 	2.424778e-07 	 -1.4170282 	-8.703203e-06 	2.1753091e-07 		-0.0425 1.9403839e-07 5.5325931e-07 1200000 1
-0.04125 -253280.39 	1.8150603 	-0.00055264383 	 -188383.49 	-0.72523498 	-0.095281363 	 1.9855384e-08 	0.0022314441 	0.010897203 	 -2.0657568e-09 	0.001423099 	-0.016917791 	 0.016100623 	-212.72438 	-421.32835 	 -0.15049126 	5.498676e-06 	2.5095599e-07 	 -1.453583 	-8.8313907e-06 	1.9892778e-07 		-0.04125 2.0090844e-07 5.4228043e-07 1200000 1
-0.04 -183583.17 	1.8745625 	0.014844237 	 -147136.46 	-0.7527108 	-0.14242875 	 2.0385431e-08 	0.0016675942 	0.010664641 	 -2.1173749e-09 	0.001104241 	-0.016922536 	 0.016445541 	-265.89277 	-239.62114 	 -0.15244747 	5.5137254e-06 	2.4017546e-07 	 -1.4895119 	-8.973948e-06 	2.3846021e-07 		-0.04 2.0778819e-07 5.3115511e-07 1200000 1
-0.03875 -114459.92 	1.9310983 	0.012844361 	 -108197.45 	-0.75716936 	-0.068082377 	 2.1089117e-08 	0.0011215249 	0.01054827 	 -2.2944223e-09 	0.00081918726 	-0.016886683 	 0.016609393 	-309.66808 	-112.65201 	 -0.15439667 	5.5320611e-06 	2.4384955e-07 	 -1.52508 	-9.1322875e-06 	1.7656918e-07 		-0.03875 2.1470124e-07 5.1985455e-07 1200000 1
-0.0375 -46019.956 	1.9937417 	0.0081754477 	 -70535.984 	-0.79712413 	-0.13834093 	 2.1565084e-08 	0.00056995463 	0.010390123 	 -2.3603332e-09 	0.00052377858 	-0.016889618 	 0.017141302 	-356.53987 	-36.601825 	 -0.15643685 	5.5450885e-06 	2.497386e-07 	 -1.5604488 	-9.2618333e-06 	2.3518067e-07 		-0.0375 2.2161218e-07 5.0837479e-07 1200000 1
-0.03625 22078.415 	2.0676919 	-0.0025690781 	 -34051.473 	-0.83889146 	-0.090697609 	 2.2230809e-08 	2.104442e-05 	0.010366672 	 -2.6595157e-09 	0.00025001399 	-0.01684505 	 0.017800724 	-401.44068 	-8.1667558 	 -0.15861403 	5.5506998e-06 	2.6062815e-07 	 -1.5958401 	-9.3854918e-06 	1.9535758e-07 		-0.03625 2.285555e-07 4.9669483e-07 1200000 1
-0.035 90021.447 	2.1401778 	0.015525607 	 1814.8214 	-0.85471524 	-0.13939863 	 2.2700584e-08 	-0.00051811589 	0.01030042 	 -2.6352222e-09 	-2.8015855e-05 	-0.016839868 	 0.018233824 	-448.33449 	-28.43005 	 -0.16105439 	5.5568081e-06 	2.4750688e-07 	 -1.6314618 	-9.5313467e-06 	2.3585125e-07 		-0.035 2.3549311e-07 4.8486421e-07 1200000 1
-0.03375 157878.49 	2.2119946 	0.014609565 	 37657.437 	-0.85478429 	-0.062638958 	 2.3473341e-08 	-0.0010700205 	0.010347888 	 -2.7776313e-09 	-0.00030272335 	-0.016797551 	 0.018626286 	-501.22332 	-94.780085 	 -0.16378488 	5.5650372e-06 	2.5019041e-07 	 -1.6674798 	-9.6857793e-06 	1.7168358e-07 		-0.03375 2.4245216e-07 4.7286173e-07 1200000 1
-0.0325 226067.6 	2.2833097 	0.0080144976 	 73601.514 	-0.87188608 	-0.089352576 	 2.3972376e-08 	-0.0016019168 	0.010378594 	 -2.7954166e-09 	-0.00057541406 	-0.016781401 	 0.019157941 	-555.54206 	-207.33421 	 -0.16694236 	5.5744542e-06 	2.5758801e-07 	 -1.7041409 	-9.8248131e-06 	1.9376122e-07 		-0.0325 2.4940585e-07 4.6067964e-07 1200000 1
-0.03125 294456.94 	2.3519063 	-0.0038335651 	 110566.86 	-0.8963262 	-0.058183474 	 2.4640747e-08 	-0.0021530895 	0.010497385 	 -3.0129509e-09 	-0.00085753825 	-0.016739915 	 0.019824411 	-621.27801 	-369.45664 	 -0.17055545 	5.5870106e-06 	2.6928391e-07 	 -1.7415805 	-9.954736e-06 	1.674794e-07 		-0.03125 2.5638193e-07 4.4829936e-07 1200000 1
-0.03 363565.6 	2.4191208 	0.0069697202 	 148509.65 	-0.91451246 	-0.092548275 	 2.5192917e-08 	-0.0026825486 	0.010626512 	 -3.003666e-09 	-0.0011371539 	-0.016710344 	 0.020459846 	-690.80001 	-577.04041 	 -0.17475587 	5.6023529e-06 	2.6205405e-07 	 -1.7800542 	-1.0087296e-05 	1.9569618e-07 		-0.03 2.633744e-07 4.3576742e-07 1200000 1
-0.02875 433178.26 	2.4837111 	0.017489426 	 188476.21 	-0.91908856 	-0.068191492 	 2.589557e-08 	-0.0032261061 	0.010818872 	 -3.0218468e-09 	-0.0014318041 	-0.016665475 	 0.021077252 	-774.29493 	-839.00734 	 -0.1795908 	5.6207001e-06 	2.5499273e-07 	 -1.819703 	-1.0228747e-05 	1.7482387e-07 		-0.02875 2.7039181e-07 4.2307679e-07 1200000 1
-0.0275 503839.86 	2.5394431 	0.022483931 	 230295.08 	-0.90840632 	-0.057905762 	 2.6469723e-08 	-0.003759476 	0.011050233 	 -3.0309023e-09 	-0.0017312242 	-0.01661696 	 0.021580098 	-870.10285 	-1151.0481 	 -0.18516672 	5.6472836e-06 	2.5248718e-07 	 -1.8607439 	-1.0379567e-05 	1.6555327e-07 		-0.0275 2.7743244e-07 4.1020686e-07 1200000 1
-0.02625 575201.58 	2.588975 	0.02468154 	 275333.46 	-0.90501244 	-0.081763051 	 2.6900042e-08 	-0.0042853227 	0.011320715 	 -2.987791e-09 	-0.0020415892 	-0.016561647 	 0.022129031 	-977.62223 	-1518.9488 	 -0.19157437 	5.6803133e-06 	2.5225568e-07 	 -1.9033824 	-1.0520392e-05 	1.8467424e-07 		-0.02625 2.8450618e-07 3.9713954e-07 1200000 1
-0.025 647874.7 	2.6391392 	0.026497992 	 323101 	-0.91621835 	-0.071171773 	 2.75173e-08 	-0.0048265995 	0.0116592 	 -2.9896844e-09 	-0.0023732733 	-0.016484941 	 0.022918946 	-1113.5364 	-1951.0823 	 -0.19886981 	5.7151514e-06 	2.5227749e-07 	 -1.947738 	-1.0646949e-05 	1.7505455e-07 		-0.025 2.9163115e-07 3.8389171e-07 1200000 1
-0.02375 721461.53 	2.694 	0.028048225 	 375128.34 	-0.91065968 	-0.10060865 	 2.800957e-08 	-0.0053271132 	0.01201554 	 -2.705686e-09 	-0.0027026 	-0.016409101 	 0.023598603 	-1258.7307 	-2434.0674 	 -0.20720903 	5.7465651e-06 	2.5248747e-07 	 -1.9941194 	-1.0784311e-05 	1.9881305e-07 		-0.02375 2.9879751e-07 3.705087e-07 1200000 1
-0.0225 796320.49 	2.7647556 	0.012611038 	 431213.79 	-0.8824679 	-0.047379256 	 2.8755e-08 	-0.005874252 	0.01246697 	 -2.6076537e-09 	-0.0030763438 	-0.016290923 	 0.024391829 	-1451.6689 	-3005.9575 	 -0.21658349 	5.7661526e-06 	2.6678917e-07 	 -2.0425291 	-1.0936406e-05 	1.5355927e-07 		-0.0225 3.0599937e-07 3.5694585e-07 1200000 1
-0.02125 872448.13 	2.8468431 	0.0087633975 	 492185.77 	-0.86751829 	-0.097590767 	 2.9024862e-08 	-0.0063409082 	0.012918945 	 -2.2909804e-09 	-0.0034265026 	-0.016180466 	 0.025279785 	-1656.291 	-3614.886 	 -0.22722516 	5.7775079e-06 	2.7138581e-07 	 -2.0933815 	-1.1075563e-05 	1.9437791e-07 		-0.02125 3.1320422e-07 3.431966e-07 1200000 1
-0.02 949468.01 	2.9218163 	0.014130142 	 558938.59 	-0.86161191 	-0.069504317 	 2.9745096e-08 	-0.006890725 	0.013490706 	 -2.1959572e-09 	-0.0038511188 	-0.016003324 	 0.026516225 	-1932.5352 	-4350.8494 	 -0.23904969 	5.7973717e-06 	2.6822524e-07 	 -2.1465559 	-1.1200511e-05 	1.6966466e-07 		-0.02 3.2044258e-07 3.2925661e-07 1200000 1
-0.01875 1028051.7 	2.9640333 	0.039784941 	 631180.95 	-0.82690746 	-0.12266176 	 3.0056501e-08 	-0.0073092903 	0.014049258 	 -1.6660164e-09 	-0.004219733 	-0.015838995 	 0.027264317 	-2226.3684 	-5094.5803 	 -0.25238159 	5.8448879e-06 	2.4813478e-07 	 -2.2025852 	-1.1348494e-05 	2.126499e-07 		-0.01875 3.277099e-07 3.1515721e-07 1200000 1
-0.0175 1107100.1 	3.0015935 	0.02927094 	 710752.4 	-0.77148962 	-0.041719033 	 3.0955819e-08 	-0.0078500236 	0.014744865 	 -1.4707274e-09 	-0.004697978 	-0.015583785 	 0.028159202 	-2625.0314 	-6018.4802 	 -0.26705838 	5.8985518e-06 	2.5810433e-07 	 -2.2612232 	-1.1505705e-05 	1.4373965e-07 		-0.0175 3.3506429e-07 3.0088542e-07 1200000 1
-0.01625 1187564.4 	3.0772361 	0.010771305 	 796921.47 	-0.73928439 	-0.085359127 	 3.1201251e-08 	-0.008235625 	0.015437834 	 -1.0245637e-09 	-0.0051013802 	-0.015328774 	 0.029256549 	-3062.8191 	-6928.6366 	 -0.28345979 	5.9213335e-06 	2.7465478e-07 	 -2.3230587 	-1.164415e-05 	1.7866411e-07 		-0.01625 3.4244373e-07 2.8642805e-07 1200000 1
-0.015 1267946.4 	3.1585269 	0.006469431 	 891792.74 	-0.6927347 	-0.064038104 	 3.1916265e-08 	-0.0087183243 	0.016250302 	 -8.4049355e-10 	-0.0056082979 	-0.0149781 	 0.030700462 	-3626.2863 	-8032.6246 	 -0.30141737 	5.9416079e-06 	2.7925982e-07 	 -2.3878294 	-1.1786403e-05 	1.5917199e-07 		-0.015 3.4985605e-07 2.7177188e-07 1200000 1
-0.01375 1348884 	3.2200372 	0.026078718 	 995083.12 	-0.63253187 	-0.10746699 	 3.240464e-08 	-0.0090584201 	0.017091056 	 -3.3597757e-10 	-0.0060444536 	-0.0145957 	 0.031928861 	-4269.6554 	-9122.0477 	 -0.32127913 	5.9797814e-06 	2.6388544e-07 	 -2.4560449 	-1.1936356e-05 	1.9355466e-07 		-0.01375 3.5730752e-07 2.5693521e-07 1200000 1
-0.0125 1429181.5 	3.2690499 	0.033295891 	 1108066.6 	-0.56455748 	-0.081671979 	 3.3202685e-08 	-0.0094534721 	0.018030533 	 3.8231256e-12 	-0.0065615692 	-0.014113639 	 0.03334459 	-5069.7689 	-10396.808 	 -0.34293564 	6.0286571e-06 	2.5873982e-07 	 -2.5275195 	-1.2086263e-05 	1.7012642e-07 		-0.0125 3.6481497e-07 2.4192463e-07 1200000 1
-0.01125 1508671.4 	3.3183291 	0.022930677 	 1231522.8 	-0.48048744 	-0.11360671 	 3.3660792e-08 	-0.0097233279 	0.019025833 	 5.4421726e-10 	-0.0070153104 	-0.013562152 	 0.034542899 	-6006.0218 	-11658.48 	 -0.3666674 	6.0781258e-06 	2.6819711e-07 	 -2.602636 	-1.2244262e-05 	1.947745e-07 		-0.01125 3.7237775e-07 2.2672542e-07 1200000 1
-0.01 1586374.9 	3.3796242 	0.012517882 	 1365988.8 	-0.38608966 	-0.12645233 	 3.4198254e-08 	-0.0099843873 	0.020101333 	 1.022174e-09 	-0.0075026836 	-0.012902495 	 0.036052916 	-7138.9574 	-13050.709 	 -0.39244511 	6.1171631e-06 	2.7768912e-07 	 -2.681317 	-1.2405231e-05 	2.0338649e-07 		-0.01 3.7999646e-07 2.1132519e-07 1200000 1
-0.00875 1661801 	3.4390525 	0.020792058 	 1512432.4 	-0.29759299 	-0.15653279 	 3.4743123e-08 	-0.010154609 	0.021253838 	 1.7687435e-09 	-0.0079473016 	-0.012130169 	 0.037836084 	-8492.1328 	-14449.176 	 -0.42043595 	6.1584753e-06 	2.7164846e-07 	 -2.7637587 	-1.2555619e-05 	2.2619093e-07 		-0.00875 3.8767173e-07 1.9568633e-07 1200000 1
-0.0075 1733178.3 	3.494125 	0.034629222 	 1671976.6 	-0.19919161 	-0.1774785 	 3.5303209e-08 	-0.010220726 	0.02247259 	 2.7982629e-09 	-0.0083366523 	-0.011232277 	 0.039817429 	-10094.719 	-15833.04 	 -0.45072932 	6.2026671e-06 	2.6110832e-07 	 -2.850057 	-1.2708021e-05 	2.4122728e-07 		-0.0075 3.9540029e-07 1.7994625e-07 1200000 1
-0.00625 1800417.4 	3.5516306 	0.036250768 	 1844671.4 	-0.081101217 	-0.17658018 	 3.5841634e-08 	-0.01023782 	0.023778005 	 3.9018667e-09 	-0.0087109791 	-0.010173767 	 0.042054462 	-12027.336 	-17250.67 	 -0.48331693 	6.2447432e-06 	2.6086123e-07 	 -2.9401842 	-1.2869957e-05 	2.3788285e-07 		-0.00625 4.0318118e-07 1.6393447e-07 1200000 1
-0.005 1860823.1 	3.6096647 	0.039739114 	 2032237.6 	0.046264511 	-0.21281458 	 3.6036539e-08 	-0.01004114 	0.025146269 	 5.1017615e-09 	-0.0088995387 	-0.0089536741 	 0.044443968 	-14312.643 	-18390.301 	 -0.51841322 	6.2856611e-06 	2.5948119e-07 	 -3.0344107 	-1.3032687e-05 	2.6537214e-07 		-0.005 4.1100375e-07 1.4775656e-07 1200000 1
-0.00375 1913680.8 	3.6777429 	0.052340882 	 2234907 	0.13790037 	-0.25425893 	 3.6589683e-08 	-0.0098099101 	0.026596875 	 6.3174891e-09 	-0.0090705904 	-0.0075165099 	 0.047488632 	-17055.921 	-19522.057 	 -0.5557827 	6.31855e-06 	2.5089004e-07 	 -3.1325732 	-1.3157333e-05 	2.9699143e-07 		-0.00375 4.1888746e-07 1.3140608e-07 1200000 1
-0.0025 1956167.6 	3.7428879 	0.088515311 	 2453746.1 	0.24998562 	-0.2950067 	 3.7002036e-08 	-0.0092379688 	0.028132756 	 7.8675213e-09 	-0.0088607431 	-0.0058292811 	 0.051041586 	-20383.848 	-19907.274 	 -0.59570953 	6.3506742e-06 	2.2359166e-07 	 -3.2350642 	-1.3291467e-05 	3.2809446e-07 		-0.0025 4.2681022e-07 1.1487e-07 1200000 1
-0.00125 1985599.3 	3.8227206 	0.11589063 	 2690239.6 	0.25904378 	-0.33820856 	 3.7976918e-08 	-0.0085405834 	0.029987022 	 9.5439311e-09 	-0.0084920447 	-0.0035078692 	 0.055930535 	-25057.965 	-19901.275 	 -0.63758111 	6.3651117e-06 	2.0467107e-07 	 -3.3417671 	-1.3328108e-05 	3.6122689e-07 		-0.00125 4.3476545e-07 9.8224525e-08 1200000 1
5.2475385e-17 1081292.8 	3.888625 	0.087596748 	 1573276.6 	0.30526249 	-0.20876009 	 3.784945e-08 	-0.0072889826 	0.031496698 	 1.14837e-08 	-0.0073108871 	-0.001423507 	 0.06057775 	-15740.594 	-9900.9265 	 -0.67370372 	-1.1359828e-05 	1.4350225e-07 	 -3.4295245 	-1.4883275e-05 	4.2794148e-07 		5.2475385e-17 4.3906625e-07 8.1207e-08 650000 1
0.00125 156967.68 	3.7502017 	0.060720921 	 238337.92 	0.32436825 	-0.029098654 	 3.7381463e-08 	-0.0062546197 	0.031216021 	 1.1124193e-08 	-0.006366255 	-0.0017550829 	 0.058341459 	-2240.8902 	-1250.1281 	 -0.62869655 	-2.7839518e-05 	-2.9369381e-07 	 -3.2758647 	-1.6372199e-05 	3.6606185e-07 		0.00125 4.0709065e-07 6.1091763e-08 100000 1
0.0025 148326.07 	3.6847718 	0.079480482 	 231070.6 	0.32914029 	-0.019734722 	 3.6330831e-08 	-0.0053501042 	0.03090215 	 1.0659813e-08 	-0.0055174764 	-0.0021161402 	 0.05674274 	-2047.4675 	-1035.1039 	 -0.57791963 	-2.7157264e-05 	-4.760484e-07 	 -3.1033713 	-1.6404619e-05 	2.702147e-07 		0.0025 3.7273906e-07 4.0531889e-08 100000 1
0.00375 140132.55 	3.6258713 	0.091668438 	 223961.71 	0.33525739 	-0.0081649906 	 3.619146e-08 	-0.0046941483 	0.030692525 	 1.0430886e-08 	-0.0049278554 	-0.0023229705 	 0.055451053 	-1890.4556 	-881.26644 	 -0.52905819 	-2.6547567e-05 	-5.9344248e-07 	 -2.9352845 	-1.6444053e-05 	1.5216817e-07 		0.00375 3.3918257e-07 2.0064579e-08 100000 1
0.005 132478.08 	3.5717481 	0.091895729 	 216976.18 	0.3432132 	-0.0047769199 	 3.5541323e-08 	-0.0041332467 	0.03053842 	 1.0274648e-08 	-0.0044188912 	-0.0024629309 	 0.054295208 	-1755.7166 	-753.83275 	 -0.48270816 	-2.5990526e-05 	-5.9183503e-07 	 -2.7718594 	-1.6495774e-05 	1.1607802e-07 		0.005 3.0635993e-07 -5.4963954e-10 100000 1
0.00625 125256.95 	3.5201655 	0.096432287 	 210167.77 	0.35120232 	0.00047554022 	 3.5174547e-08 	-0.0036882559 	0.030397775 	 1.0042148e-08 	-0.0040259018 	-0.0025769312 	 0.053230455 	-1633.0322 	-654.53119 	 -0.43858823 	-2.5463591e-05 	-6.3389393e-07 	 -2.612774 	-1.6540141e-05 	6.1306746e-08 		0.00625 2.7419704e-07 -2.1195857e-08 100000 1
0.0075 118464.19 	3.4695154 	0.09631294 	 203592.91 	0.35991917 	0.0021940047 	 3.4729851e-08 	-0.0032999696 	0.030279716 	 9.9273171e-09 	-0.0036772186 	-0.0026680157 	 0.052211725 	-1521.9792 	-570.32724 	 -0.39692546 	-2.49501e-05 	-6.2984778e-07 	 -2.4583371 	-1.6584317e-05 	4.1994911e-08 		0.0075 2.4269825e-07 -4.1912917e-08 100000 1
0.00875 112089.01 	3.4187942 	0.098459427 	 197230.26 	0.36856917 	0.0070035403 	 3.4462098e-08 	-0.0029767224 	0.030175868 	 9.82797e-09 	-0.0033901774 	-0.0027430714 	 0.051237036 	-1420.7269 	-501.58672 	 -0.35751072 	-2.4439831e-05 	-6.4889796e-07 	 -2.3083559 	-1.6621846e-05 	-8.2282048e-09 		0.00875 2.1183564e-07 -6.2663945e-08 100000 1
0.01 106082.38 	3.3684778 	0.098816488 	 191152.34 	0.37792626 	0.0099465862 	 3.41213e-08 	-0.0026975135 	0.03008393 	 9.761545e-09 	-0.0031401517 	-0.0028076786 	 0.050287526 	-1327.3626 	-443.66157 	 -0.32035231 	-2.3938663e-05 	-6.5042202e-07 	 -2.1629837 	-1.6657878e-05 	-3.9720115e-08 		0.01 1.815946e-07 -8.3456681e-08 100000 1
0.01125 100455.62 	3.3178846 	0.098011148 	 185345 	0.38635959 	0.010149683 	 3.3723784e-08 	-0.002452451 	0.030006224 	 9.7471966e-09 	-0.0029182828 	-0.0028608099 	 0.049362195 	-1242.0605 	-394.01492 	 -0.28536761 	-2.3439192e-05 	-6.4064938e-07 	 -2.0222418 	-1.6677883e-05 	-4.3748959e-08 		0.01125 1.5198166e-07 -1.0430363e-07 100000 1
0.0125 95158.239 	3.266259 	0.10061963 	 179844.31 	0.39356701 	0.013024055 	 3.3443047e-08 	-0.0022468084 	0.029936861 	 9.729225e-09 	-0.0027350372 	-0.0029068477 	 0.048450305 	-1162.994 	-353.23339 	 -0.25239572 	-2.2933853e-05 	-6.6528774e-07 	 -1.8860073 	-1.6679909e-05 	-7.4472998e-08 		0.0125 1.2299315e-07 -1.2516555e-07 100000 1
0.01375 90209.163 	3.2137451 	0.09758933 	 174661.24 	0.39789362 	0.012286108 	 3.3004432e-08 	-0.0020566411 	0.029879821 	 9.837606e-09 	-0.002558562 	-0.0029459488 	 0.047543979 	-1090.4689 	-316.54683 	 -0.22147354 	-2.2425268e-05 	-6.3381084e-07 	 -1.7545411 	-1.6647675e-05 	-6.8955446e-08 		0.01375 9.4651324e-08 -1.4599372e-07 100000 1
0.015 85542.471 	3.161366 	0.099994317 	 169810.74 	0.40423918 	0.015968486 	 3.2715868e-08 	-0.0019020384 	0.029830323 	 9.8242161e-09 	-0.0024224138 	-0.0029775803 	 0.04666563 	-1023.0776 	-287.35905 	 -0.19233465 	-2.1923069e-05 	-6.5691825e-07 	 -1.6274684 	-1.6628172e-05 	-1.0767625e-07 		0.015 6.6921386e-08 -1.6678154e-07 100000 1
0.01625 81206.099 	3.1097956 	0.095677347 	 165305.22 	0.41145556 	0.013501568 	 3.2095882e-08 	-0.0017521679 	0.029790497 	 9.8713309e-09 	-0.0022795997 	-0.0030070078 	 0.045802544 	-961.06561 	-259.85607 	 -0.16509487 	-2.1433043e-05 	-6.130105e-07 	 -1.5052346 	-1.6614488e-05 	-8.4740977e-08 		0.01625 3.9834987e-08 -1.8754954e-07 100000 1
0.0175 77105.334 	3.058003 	0.10073495 	 161155.33 	0.41329255 	0.018072209 	 3.1776758e-08 	-0.0016345124 	0.029758593 	 9.7935556e-09 	-0.0021789845 	-0.0030270046 	 0.044978539 	-903.37041 	-238.87675 	 -0.13942825 	-2.0945681e-05 	-6.6304285e-07 	 -1.3872644 	-1.6539443e-05 	-1.3227039e-07 		0.0175 1.332347e-08 -2.083051e-07 100000 1
0.01875 73317.898 	3.0026751 	0.097006774 	 157373.39 	0.41563542 	0.012168883 	 3.1133426e-08 	-0.0015146039 	0.029733494 	 9.8595754e-09 	-0.0020613316 	-0.0030493746 	 0.044093212 	-850.06679 	-217.98121 	 -0.11551088 	-2.0426202e-05 	-6.2538841e-07 	 -1.2741749 	-1.6468458e-05 	-7.4837462e-08 		0.01875 -1.2517288e-08 -2.2892608e-07 100000 1
0.02 69736.435 	2.9462807 	0.10178894 	 153959.1 	0.42132166 	0.018097257 	 3.0848457e-08 	-0.0014238439 	0.029717388 	 9.7378534e-09 	-0.0019876071 	-0.0030602261 	 0.043224561 	-800.62101 	-202.91031 	 -0.092988081 	-1.9901307e-05 	-6.7300339e-07 	 -1.1652343 	-1.6421897e-05 	-1.358385e-07 		0.02 -3.7736425e-08 -2.4948224e-07 100000 1
0.02125 66434.526 	2.8915654 	0.09716863 	 150935.6 	0.42271431 	0.015885153 	 3.0172149e-08 	-0.0013300246 	0.029705809 	 9.7089712e-09 	-0.0018960703 	-0.0030754147 	 0.042378335 	-754.65932 	-187.51387 	 -0.072038025 	-1.9396071e-05 	-6.2673379e-07 	 -1.061108 	-1.6332574e-05 	-1.1523948e-07 		0.02125 -6.2275198e-08 -2.6993745e-07 100000 1
0.0225 63325.077 	2.8378852 	0.10124655 	 148290.68 	0.42279013 	0.019269517 	 2.9784226e-08 	-0.0012564097 	0.029703108 	 9.5544037e-09 	-0.0018374324 	-0.0030804937 	 0.041578109 	-712.07242 	-176.26023 	 -0.052358738 	-1.8905849e-05 	-6.6757842e-07 	 -0.96111608 	-1.6222817e-05 	-1.506907e-07 		0.0225 -8.6225222e-08 -2.9030469e-07 100000 1
0.02375 60449.771 	2.7830042 	0.099722798 	 146056.02 	0.42330834 	0.016536371 	 2.9200455e-08 	-0.0011830331 	0.029704012 	 9.5291962e-09 	-0.0017682103 	-0.0030886931 	 0.040754189 	-672.24439 	-165.11322 	 -0.034061638 	-1.8407312e-05 	-6.5255064e-07 	 -0.86577872 	-1.6114732e-05 	-1.2482829e-07 		0.02375 -1.0953278e-07 -3.1051735e-07 100000 1
0.025 57764.351 	2.7259589 	0.10387079 	 144208.4 	0.42350503 	0.020091929 	 2.8799281e-08 	-0.0011228612 	0.029713106 	 9.3974279e-09 	-0.0017217938 	-0.0030892596 	 0.039920678 	-635.42924 	-156.80513 	 -0.016933525 	-1.7891034e-05 	-6.9435368e-07 	 -0.77459981 	-1.5999484e-05 	-1.6190137e-07 		0.025 -1.3222589e-07 -3.3058805e-07 100000 1
0.02625 55274.153 	2.6674583 	0.10256915 	 142785.97 	0.42298501 	0.018737465 	 2.8231788e-08 	-0.0010654344 	0.029725806 	 9.3594591e-09 	-0.0016714739 	-0.0030909137 	 0.039063521 	-600.86783 	-148.99101 	 -0.001019526 	-1.7364183e-05 	-6.8179685e-07 	 -0.68792474 	-1.5871938e-05 	-1.4976675e-07 		0.02625 -1.5425684e-07 -3.5049558e-07 100000 1
0.0275 52966.073 	2.6087187 	0.10395077 	 141766.23 	0.42273848 	0.019389166 	 2.7715313e-08 	-0.0010158753 	0.029745363 	 9.2517076e-09 	-0.0016344777 	-0.0030877549 	 0.038215272 	-568.87652 	-142.96796 	 0.013815789 	-1.6838195e-05 	-6.9616589e-07 	 -0.60546248 	-1.5744251e-05 	-1.576979e-07 		0.0275 -1.7563422e-07 -3.7026467e-07 100000 1
0.02875 50828.463 	2.5502935 	0.10347711 	 141175.25 	0.422385 	0.018859899 	 2.7192177e-08 	-0.00097126294 	0.02976957 	 9.1953728e-09 	-0.0016014092 	-0.0030830466 	 0.037375615 	-538.94736 	-137.92498 	 0.027591661 	-1.6318792e-05 	-6.9208178e-07 	 -0.52733747 	-1.5612475e-05 	-1.5376864e-07 		0.02875 -1.9635596e-07 -3.8987986e-07 100000 1
0.03 48856.589 	2.4918325 	0.10163262 	 141014.03 	0.41798459 	0.018959173 	 2.6666405e-08 	-0.00093037501 	0.029798638 	 9.1471673e-09 	-0.0015716106 	-0.0030765623 	 0.036546593 	-511.01058 	-133.72383 	 0.04036442 	-1.580276e-05 	-6.7439457e-07 	 -0.4535365 	-1.5436067e-05 	-1.5608079e-07 		0.03 -2.1642894e-07 -4.0928542e-07 100000 1
0.03125 47038.38 	2.4327757 	0.10281894 	 141281.25 	0.41730162 	0.023752335 	 2.6106789e-08 	-0.00089584537 	0.029834095 	 8.9512723e-09 	-0.0015540255 	-0.003065462 	 0.035715818 	-485.12797 	-131.0323 	 0.052215386 	-1.5284545e-05 	-6.8710436e-07 	 -0.38391559 	-1.5293869e-05 	-2.0535687e-07 		0.03125 -2.3586787e-07 -4.2847453e-07 100000 1
0.0325 45374.29 	2.3745988 	0.10005306 	 142004.04 	0.41628209 	0.022332851 	 2.5456708e-08 	-0.00086273234 	0.029872411 	 8.8953101e-09 	-0.0015310972 	-0.0030557079 	 0.034892319 	-460.75926 	-128.4511 	 0.063135523 	-1.4777766e-05 	-6.6040166e-07 	 -0.31874279 	-1.5145731e-05 	-1.924231e-07 		0.0325 -2.5464671e-07 -4.4747956e-07 100000 1
0.03375 43841.183 	2.3156747 	0.10255233 	 143165.24 	0.41084177 	0.03129984 	 2.4970237e-08 	-0.00083600862 	0.029918823 	 8.7350594e-09 	-0.0015270346 	-0.0030380197 	 0.034084553 	-438.3689 	-127.80317 	 0.073246327 	-1.4267016e-05 	-6.8641714e-07 	 -0.25766002 	-1.4949144e-05 	-2.8342485e-07 		0.03375 -2.728141e-07 -4.6630675e-07 100000 1
0.035 42459.772 	2.2566609 	0.098319036 	 144803.47 	0.40695473 	0.037423868 	 2.4351281e-08 	-0.00081000451 	0.029966398 	 8.7336878e-09 	-0.0015107823 	-0.0030247629 	 0.033265542 	-417.18723 	-126.72895 	 0.082497178 	-1.3757663e-05 	-6.4520832e-07 	 -0.2011515 	-1.4767417e-05 	-3.4587361e-07 		0.035 -2.9031428e-07 -4.8489828e-07 100000 1
0.03625 41184.379 	2.1967377 	0.10218682 	 146896.5 	0.40467771 	0.037170626 	 2.381266e-08 	-0.00078952491 	0.030023828 	 8.5302845e-09 	-0.0015194903 	-0.0030000873 	 0.032439453 	-397.90561 	-128.01545 	 0.091032337 	-1.3242768e-05 	-6.8510304e-07 	 -0.14869508 	-1.4596471e-05 	-3.4465153e-07 		0.03625 -3.072139e-07 -5.0324685e-07 100000 1
0.0375 40059.352 	2.1366826 	0.096360819 	 149492.51 	0.39871625 	0.036625002 	 2.3106476e-08 	-0.00076994372 	0.030080723 	 8.4492795e-09 	-0.0015090279 	-0.0029828454 	 0.031607355 	-379.55388 	-128.34965 	 0.098770149 	-1.2728333e-05 	-6.2816093e-07 	 -0.10098372 	-1.4389323e-05 	-3.403462e-07 		0.0375 -3.2342873e-07 -5.2134036e-07 100000 1
0.03875 39024.555 	2.0763015 	0.10220766 	 152563.48 	0.39258926 	0.037765961 	 2.2605689e-08 	-0.00075453092 	0.030149236 	 8.2561175e-09 	-0.0015292304 	-0.0029513388 	 0.030788405 	-363.14868 	-131.51728 	 0.10586652 	-1.2213699e-05 	-6.8800273e-07 	 -0.057359402 	-1.4175466e-05 	-3.5304931e-07 		0.03875 -3.3904081e-07 -5.3920954e-07 100000 1
0.04 38127.67 	2.0146819 	0.098291574 	 156165.32 	0.38808389 	0.038358086 	 2.1939413e-08 	-0.00074098064 	0.030217171 	 8.1988822e-09 	-0.0015296094 	-0.0029269558 	 0.029937661 	-347.51437 	-133.68886 	 0.11223504 	-1.1688146e-05 	-6.5031633e-07 	 -0.018606805 	-1.3977942e-05 	-3.6010712e-07 		0.04 -3.5395176e-07 -5.5681897e-07 100000 1
0.04125 37314.149 	1.9523226 	0.10311151 	 160271.32 	0.38341633 	0.03969202 	 2.1375438e-08 	-0.0007296812 	0.030295671 	 7.9711708e-09 	-0.0015551267 	-0.0028902462 	 0.029088566 	-333.62209 	-138.36976 	 0.11800804 	-1.1158243e-05 	-7.0005989e-07 	 0.015871732 	-1.377453e-05 	-3.7468701e-07 		0.04125 -3.6824458e-07 -5.7416088e-07 100000 1
0.0425 36615.055 	1.8898018 	0.10057798 	 164936.74 	0.37711959 	0.0399957 	 2.0703999e-08 	-0.00072111868 	0.030375326 	 7.8315253e-09 	-0.0015667044 	-0.0028569939 	 0.028231149 	-320.48965 	-142.52419 	 0.12312641 	-1.06286e-05 	-6.7637028e-07 	 0.045400497 	-1.3554225e-05 	-3.7884169e-07 		0.0425 -3.8184851e-07 -5.912219e-07 100000 1
0.04375 36000.455 	1.8269942 	0.10499463 	 170141.65 	0.36953119 	0.042139108 	 2.0119199e-08 	-0.00071375463 	0.030464286 	 7.6351663e-09 	-0.001597002 	-0.0028140588 	 0.027380725 	-308.98136 	-148.83622 	 0.12768265 	-1.0098202e-05 	-7.2223328e-07 	 0.070383129 	-1.3318453e-05 	-4.0145794e-07 		0.04375 -3.9481135e-07 -6.0802061e-07 100000 1
0.045 35477.548 	1.7632693 	0.10405206 	 175938.13 	0.36113042 	0.042958684 	 1.9511801e-08 	-0.0007093243 	0.030556325 	 7.5452923e-09 	-0.0016194474 	-0.0027707468 	 0.026511436 	-298.29592 	-155.1519 	 0.13164595 	-9.5607647e-06 	-7.1460536e-07 	 0.090298729 	-1.3072584e-05 	-4.1074209e-07 		0.045 -4.0709092e-07 -6.2452854e-07 100000 1
0.04625 35035.654 	1.698264 	0.10628375 	 182318.98 	0.35311681 	0.043505853 	 1.8904633e-08 	-0.0007058582 	0.03065618 	 7.3594644e-09 	-0.0016529061 	-0.0027203049 	 0.02562478 	-289.06623 	-163.16588 	 0.13507259 	-9.0122731e-06 	-7.3879079e-07 	 0.10532484 	-1.2829187e-05 	-4.1731263e-07 		0.04625 -4.1869999e-07 -6.4071796e-07 100000 1
0.0475 34671.851 	1.6325318 	0.10681098 	 189319.8 	0.34523889 	0.044536573 	 1.826989e-08 	-0.00070476537 	0.030761637 	 7.1659394e-09 	-0.0016868878 	-0.0026654872 	 0.024725209 	-280.96962 	-171.99198 	 0.13796165 	-8.4585711e-06 	-7.4602247e-07 	 0.11517337 	-1.2585294e-05 	-4.2866732e-07 		0.0475 -4.2962014e-07 -6.5659159e-07 100000 1
0.04875 34375.764 	1.5666653 	0.10577809 	 196963.34 	0.33595333 	0.04531253 	 1.7634738e-08 	-0.00070534067 	0.030872984 	 7.0138838e-09 	-0.0017214874 	-0.0026059396 	 0.023822667 	-274.02794 	-181.77004 	 0.14033021 	-7.9050843e-06 	-7.3773552e-07 	 0.11969215 	-1.2326401e-05 	-4.3742089e-07 		0.04875 -4.3984888e-07 -6.721603e-07 100000 1
0.05 34148.537 	1.5005469 	0.10812093 	 205254.96 	0.32536647 	0.04658413 	 1.7051422e-08 	-0.00070676788 	0.030992846 	 6.8525139e-09 	-0.0017668467 	-0.0025379361 	 0.022919941 	-268.72178 	-193.47455 	 0.14220898 	-7.3505661e-06 	-7.6326458e-07 	 0.11891775 	-1.2052929e-05 	-4.5113915e-07 		0.05 -4.4938986e-07 -6.8741184e-07 100000 1
0.05125 33979.991 	1.4342001 	0.10427294 	 214249.81 	0.3150907 	0.045691557 	 1.6413384e-08 	-0.00071160082 	0.031116881 	 6.7299808e-09 	-0.0018020658 	-0.0024672824 	 0.022003769 	-264.39982 	-205.23925 	 0.14357988 	-6.7952723e-06 	-7.2699609e-07 	 0.11234113 	-1.1782075e-05 	-4.4310477e-07 		0.05125 -4.5822183e-07 -7.0231563e-07 100000 1
0.0525 33860.218 	1.3680014 	0.10740212 	 223931.41 	0.30596628 	0.047046593 	 1.5807107e-08 	-0.00071485733 	0.031252084 	 6.5026964e-09 	-0.0018574443 	-0.0023841342 	 0.021094146 	-262.16672 	-220.14446 	 0.1444965 	-6.2431166e-06 	-7.6055635e-07 	 0.10029279 	-1.1521639e-05 	-4.5759615e-07 		0.0525 -4.6638796e-07 -7.1687427e-07 100000 1
0.05375 33800.016 	1.3017078 	0.10312077 	 234374.36 	0.29455098 	0.046424028 	 1.5135117e-08 	-0.00072416258 	0.031390199 	 6.355585e-09 	-0.0018924479 	-0.0022999402 	 0.020173107 	-261.0118 	-234.10544 	 0.14491577 	-5.6907029e-06 	-7.2011451e-07 	 0.081968212 	-1.1238777e-05 	-4.5216823e-07 		0.05375 -4.7383439e-07 -7.310843e-07 100000 1
0.055 33761.345 	1.2345384 	0.10823061 	 245549.4 	0.2815183 	0.048336532 	 1.4574262e-08 	-0.00072859479 	0.031542073 	 6.1656646e-09 	-0.0019570789 	-0.0021993297 	 0.019247413 	-262.43575 	-252.64285 	 0.14490722 	-5.1311136e-06 	-7.7362786e-07 	 0.057956601 	-1.0938046e-05 	-4.7217292e-07 		0.055 -4.8062676e-07 -7.4497047e-07 100000 1
0.05625 33782.515 	1.1664156 	0.10260888 	 257548.17 	0.27040583 	0.046874446 	 1.3908255e-08 	-0.0007426464 	0.031695648 	 6.0558836e-09 	-0.00198948 	-0.0020986685 	 0.01828624 	-265.17618 	-268.82964 	 0.14440564 	-4.5621377e-06 	-7.1993923e-07 	 0.027158327 	-1.0658256e-05 	-4.5824541e-07 		0.05625 -4.8665968e-07 -7.5847794e-07 100000 1
0.0575 33805.17 	1.0982094 	0.10845563 	 270330.13 	0.25961992 	0.049113637 	 1.33169e-08 	-0.00074816151 	0.031865552 	 5.8114374e-09 	-0.0020608272 	-0.0019784766 	 0.017332168 	-271.20419 	-291.26167 	 0.14349214 	-3.9939839e-06 	-7.8098376e-07 	 -0.0096003482 	-1.0380307e-05 	-4.8143361e-07 		0.0575 -4.9202931e-07 -7.7162458e-07 100000 1
0.05875 33872.801 	1.0305903 	0.10421621 	 283994.38 	0.24620681 	0.047537764 	 1.2644342e-08 	-0.00076485272 	0.032037909 	 5.6352405e-09 	-0.0020962604 	-0.0018558209 	 0.016370189 	-279.15216 	-310.70017 	 0.14209369 	-3.4316168e-06 	-7.4127957e-07 	 -0.053545614 	-1.0077942e-05 	-4.6627994e-07 		0.05875 -4.9664506e-07 -7.8438054e-07 100000 1
0.06 33928.029 	0.96237288 	0.10948339 	 298502.23 	0.23323697 	0.049274774 	 1.20577e-08 	-0.00077345569 	0.032225895 	 5.4243568e-09 	-0.0021628808 	-0.0017146917 	 0.01540237 	-290.8039 	-336.00887 	 0.14028153 	-2.8642004e-06 	-7.966864e-07 	 -0.10388912 	-9.779297e-06 	-4.8431994e-07 		0.06 -5.0059796e-07 -7.9680407e-07 100000 1
0.06125 33995.989 	0.89378129 	0.10642681 	 313944.17 	0.22048764 	0.048900249 	 1.1433072e-08 	-0.00079172043 	0.032419097 	 5.285596e-09 	-0.0021993398 	-0.0015656639 	 0.014410957 	-305.37745 	-358.75851 	 0.13799601 	-2.2931366e-06 	-7.689691e-07 	 -0.1616743 	-9.4847175e-06 	-4.8107542e-07 		0.06125 -5.0380244e-07 -8.0885309e-07 100000 1
0.0625 34044.97 	0.82459642 	0.1103539 	 330295.09 	0.20704097 	0.050249952 	 1.082611e-08 	-0.00080367821 	0.03262713 	 5.0632024e-09 	-0.0022560189 	-0.0013993034 	 0.013408097 	-324.38137 	-386.34781 	 0.13528553 	-1.7166315e-06 	-8.1115393e-07 	 -0.22635075 	-9.1836225e-06 	-4.9508673e-07 		0.0625 -5.0631541e-07 -8.2052023e-07 100000 1
0.06375 34069.913 	0.75506327 	0.10844447 	 347630.81 	0.19338792 	0.049292871 	 1.0203796e-08 	-0.00082290064 	0.032843326 	 4.8782504e-09 	-0.0022885801 	-0.0012194874 	 0.01238231 	-347.61789 	-411.84476 	 0.13210736 	-1.1370347e-06 	-7.9509878e-07 	 -0.29869186 	-8.8813293e-06 	-4.8587878e-07 		0.06375 -5.0809327e-07 -8.3179633e-07 100000 1
0.065 34059.308 	0.68557507 	0.11006827 	 365945.4 	0.17970722 	0.049450289 	 9.6069544e-09 	-0.00083890774 	0.033073387 	 4.6900114e-09 	-0.0023259722 	-0.0010225172 	 0.011348693 	-376.25443 	-439.96783 	 0.12848612 	-5.5771012e-07 	-8.1445023e-07 	 -0.37843377 	-8.5804111e-06 	-4.8776392e-07 		0.065 -5.091543e-07 -8.427106e-07 100000 1
0.06625 33996.441 	0.61606944 	0.10987966 	 385284.79 	0.16541236 	0.048919263 	 9.0387812e-09 	-0.00085803983 	0.03331526 	 4.5488489e-09 	-0.0023483937 	-0.00080675254 	 0.010299923 	-410.99592 	-466.97588 	 0.12440166 	2.1763896e-08 	-8.1578321e-07 	 -0.46595811 	-8.2741195e-06 	-4.8264391e-07 		0.06625 -5.0948937e-07 -8.5325345e-07 100000 1
0.0675 33861.953 	0.5459584 	0.10849556 	 405679.85 	0.15082958 	0.047552159 	 8.4692668e-09 	-0.00087907637 	0.0335696 	 4.408192e-09 	-0.002352787 	-0.00057216579 	 0.0092238347 	-452.47859 	-492.18933 	 0.11984811 	6.0745766e-07 	-8.0528248e-07 	 -0.56141942 	-7.9672166e-06 	-4.6902696e-07 		0.0675 -5.0909451e-07 -8.6340909e-07 100000 1
0.06875 33648.948 	0.47532215 	0.11042256 	 427132.97 	0.13672878 	0.047851885 	 7.9108404e-09 	-0.00089705265 	0.033839901 	 4.246858e-09 	-0.0023521815 	-0.00031412089 	 0.0081265766 	-502.375 	-517.39659 	 0.11483586 	1.198602e-06 	-8.279945e-07 	 -0.66469469 	-7.6671302e-06 	-4.7198889e-07 		0.06875 -5.0797393e-07 -8.7316966e-07 100000 1
0.07 33326.845 	0.403554 	0.10637363 	 449709.83 	0.12062587 	0.045937536 	 7.3690214e-09 	-0.00092372589 	0.034121544 	 4.1492477e-09 	-0.0023056947 	-3.1918176e-05 	 0.0069845164 	-561.64123 	-533.85705 	 0.10932841 	1.8016439e-06 	-7.9109658e-07 	 -0.77635875 	-7.3493084e-06 	-4.5257435e-07 		0.07 -5.0609406e-07 -8.8255447e-07 100000 1
0.07125 32878.629 	0.33078001 	0.10829494 	 473385.37 	0.10285954 	0.045200419 	 6.8433799e-09 	-0.0009399117 	0.034422872 	 4.0630199e-09 	-0.002256226 	0.00027833591 	 0.0058091581 	-631.89149 	-549.43533 	 0.10336824 	2.4150882e-06 	-8.14013e-07 	 -0.89587456 	-7.0166055e-06 	-4.4481687e-07 		0.07125 -5.0347993e-07 -8.9154964e-07 100000 1
0.0725 32281.478 	0.25486119 	0.099256664 	 498237.75 	0.086893584 	0.037196635 	 6.2680468e-09 	-0.0009733951 	0.034734545 	 4.0767905e-09 	-0.0021244425 	0.00062763229 	 0.0045402662 	-717.3221 	-544.87108 	 0.096897101 	3.0608925e-06 	-7.2752128e-07 	 -1.0241014 	-6.7042292e-06 	-3.6406361e-07 		0.0725 -5.0004888e-07 -9.0012776e-07 100000 1
0.07375 31487.542 	0.17619205 	0.087762777 	 524233.06 	0.064123121 	0.029488413 	 6.0036164e-09 	-0.00099222667 	0.035102173 	 4.1784452e-09 	-0.0019605198 	0.0010779974 	 0.0031994347 	-835.30307 	-529.46686 	 0.090001709 	3.7340888e-06 	-6.166234e-07 	 -1.1602091 	-6.3263681e-06 	-2.8610844e-07 		0.07375 -4.9582492e-07 -9.0827623e-07 100000 1
0.075 30337.629 	0.034877293 	0.059787981 	 549077.48 	0.0132516 	0.013414549 	 5.728625e-09 	-0.001024267 	0.035351859 	 4.287185e-09 	-0.0016924532 	0.0014452841 	 0.0006682118 	-933.02511 	-480.19648 	 0.083826941 	5.03376e-06 	-3.4113346e-07 	 -1.2813935 	-5.6736e-06 	-1.2415099e-07 		0.075 -4.9029731e-07 -9.1573879e-07 100000 1
