# y jRe_x jRe_y jRe_z jIm_x jIm_y jIm_z BRe_x BRe_y BRe_z BIm_x BIm_y BIm_z F_x F_y F_z VReGrad_x VReGrad_y VReGrad_z VImGrad_x VImGrad_y VImGrad_z s VRe VIm sigma mur
-0.075 -1847785.1 	0.000693 	-0.00740775 	 -4455605.5 	0.0443925 	-0.1398275 	 1.48575e-09 	0.0082371966 	0.03973145 	 1.06925e-09 	0.0103163 	0.0069994206 	 0.000878325 	52300.386 	-30595.145 	 0.17822208 	1.759975e-06 	1.39175e-08 	 0.39317648 	-2.176e-06 	3.703825e-07 		-0.075 3.8355654e-08 3.0412803e-07 1200000 1
-0.07375 -1906714.8 	-0.029248864 	0.020515886 	 -4122157.7 	0.19045587 	-0.287311 	 1.6523954e-09 	0.0092576207 	0.038089138 	 7.3562937e-10 	0.011795837 	0.0038640775 	 0.0014175652 	44320.54 	-33119.713 	 0.15431368 	1.8150487e-06 	-1.3522631e-08 	 0.29633714 	-2.3563258e-06 	4.9797447e-07 		-0.07375 4.0604891e-08 3.0130132e-07 1200000 1
-0.0725 -1929493.2 	0.046599975 	0.069260042 	 -3782440.9 	0.052634912 	-0.37347489 	 1.9190052e-09 	0.010195104 	0.036021619 	 5.9915771e-10 	0.012848324 	0.0004434055 	 0.0028968425 	35607.933 	-34136.179 	 0.12587217 	1.7795066e-06 	-5.7914901e-08 	 0.18011621 	-2.30234e-06 	5.740746e-07 		-0.0725 4.2853788e-08 2.9839602e-07 1200000 1
-0.07125 -1934752.3 	0.091052316 	0.095126048 	 -3460751 	0.081506716 	-0.42269588 	 2.0471204e-09 	0.01077797 	0.034172767 	 3.2282508e-10 	0.013125857 	-0.0021972184 	 0.0037608259 	29294.007 	-33142.812 	 0.099190867 	1.7682157e-06 	-8.276579e-08 	 0.069127176 	-2.3905471e-06 	6.1932825e-07 		-0.07125 4.5054567e-08 2.954021e-07 1200000 1
-0.07 -1920323.4 	0.12721513 	0.13702786 	 -3161167.7 	0.064044387 	-0.37066658 	 2.1463159e-09 	0.01117627 	0.032369021 	 1.533427e-10 	0.013095413 	-0.0044771844 	 0.0035900222 	24034.814 	-31434.227 	 0.074158958 	1.7619039e-06 	-1.2019371e-07 	 -0.037105831 	-2.440672e-06 	5.8001162e-07 		-0.07 4.7278516e-08 2.9237702e-07 1200000 1
-0.06875 -1885066.8 	0.14520854 	0.14641989 	 -2887096.9 	0.03020438 	-0.37287022 	 2.3377838e-09 	0.011445661 	0.030623399 	 2.6808179e-10 	0.012910535 	-0.0064328981 	 0.0037109425 	19600.335 	-29430.181 	 0.050834607 	1.7713637e-06 	-1.2983018e-07 	 -0.13850169 	-2.4773641e-06 	5.8564218e-07 		-0.06875 4.9475456e-08 2.8933893e-07 1200000 1
-0.0675 -1840265.7 	0.20798209 	0.17202571 	 -2630137.2 	0.027554501 	-0.31833926 	 2.544297e-09 	0.011556932 	0.028946747 	 2.2345767e-10 	0.012513817 	-0.0081242238 	 0.0039151914 	15966.13 	-27098.405 	 0.029206166 	1.7418306e-06 	-1.5269201e-07 	 -0.23527075 	-2.5424505e-06 	5.4407396e-07 		-0.0675 5.1664876e-08 2.861916e-07 1200000 1
-0.06625 -1789542.3 	0.22241102 	0.17018969 	 -2388150.3 	0.024668138 	-0.24879055 	 2.8604764e-09 	0.011515569 	0.027335268 	 1.7334814e-10 	0.011935797 	-0.009597081 	 0.0034413411 	13020.454 	-24567.67 	 0.0092771959 	1.7522964e-06 	-1.5261157e-07 	 -0.32739562 	-2.6089425e-06 	4.9020118e-07 		-0.06625 5.3873191e-08 2.8296358e-07 1200000 1
-0.065 -1727283.1 	0.23715663 	0.14943689 	 -2167234.7 	-0.014173364 	-0.24024805 	 3.1743802e-09 	0.011400381 	0.025806978 	 1.122153e-10 	0.01133622 	-0.010853164 	 0.0036716261 	10545.265 	-22139.922 	 -0.0090772069 	1.7620641e-06 	-1.3650917e-07 	 -0.41506484 	-2.6459175e-06 	4.8688887e-07 		-0.065 5.6047979e-08 2.796793e-07 1200000 1
-0.06375 -1655513.9 	0.29755391 	0.16702044 	 -1966425.8 	-0.0079106928 	-0.18705373 	 3.3980151e-09 	0.011224839 	0.024372109 	 -8.9641067e-11 	0.010734776 	-0.011910793 	 0.0037454959 	8472.9761 	-19852.821 	 -0.025913913 	1.7325481e-06 	-1.5205279e-07 	 -0.49839651 	-2.7199864e-06 	4.4611384e-07 		-0.06375 5.8240554e-08 2.7633589e-07 1200000 1
-0.0625 -1582629.1 	0.29554006 	0.15359319 	 -1777856.4 	-0.031656704 	-0.17434585 	 3.7307309e-09 	0.010944768 	0.023003488 	 -1.540539e-10 	0.010052026 	-0.012832952 	 0.0036505022 	6806.2303 	-17605.983 	 -0.04124114 	1.7556158e-06 	-1.4187598e-07 	 -0.57743804 	-2.7700471e-06 	4.3913327e-07 		-0.0625 6.0430234e-08 2.7291197e-07 1200000 1
-0.06125 -1508057.6 	0.33286706 	0.12974944 	 -1601980.5 	-0.058820846 	-0.17961458 	 3.9929259e-09 	0.010587114 	0.021702061 	 -3.1129242e-10 	0.0093330956 	-0.013634387 	 0.0041830282 	5454.2451 	-15469.498 	 -0.055172679 	1.7451609e-06 	-1.2308368e-07 	 -0.65243039 	-2.819057e-06 	4.4709203e-07 		-0.06125 6.2598615e-08 2.6939129e-07 1200000 1
-0.06 -1426722.6 	0.37395834 	0.1467404 	 -1444997.1 	-0.059696802 	-0.15353929 	 4.2385262e-09 	0.010212713 	0.020511762 	 -5.4899091e-10 	0.0086748665 	-0.014279804 	 0.0041794857 	4324.5898 	-13562.229 	 -0.067777786 	1.7307959e-06 	-1.3796219e-07 	 -0.72345527 	-2.8883139e-06 	4.2856685e-07 		-0.06 6.4788764e-08 2.6583617e-07 1200000 1
-0.05875 -1342631.7 	0.36391502 	0.1376861 	 -1302239.6 	-0.10613404 	-0.20026689 	 4.571962e-09 	0.0098070977 	0.01941294 	 -6.1138316e-10 	0.008043092 	-0.014809843 	 0.0044608447 	3392.4857 	-11825.689 	 -0.079166025 	1.7595166e-06 	-1.3101546e-07 	 -0.79082408 	-2.9190871e-06 	4.7048334e-07 		-0.05875 6.6959487e-08 2.6222363e-07 1200000 1
-0.0575 -1261588.2 	0.4195507 	0.13128211 	 -1167290.9 	-0.12076754 	-0.20036097 	 4.7625748e-09 	0.0093289802 	0.018357273 	 -8.3199034e-10 	0.0073751428 	-0.015283643 	 0.0049064093 	2666.315 	-10198.335 	 -0.08932423 	1.7319405e-06 	-1.2641545e-07 	 -0.85449518 	-2.9789122e-06 	4.7368724e-07 		-0.0575 6.9129631e-08 2.5850972e-07 1200000 1
-0.05625 -1180475.3 	0.44141667 	0.13551683 	 -1042875 	-0.1339 	-0.16959275 	 4.9875e-09 	0.0088205972 	0.017368573 	 -1.0276667e-09 	0.0067262716 	-0.015685299 	 0.0048646667 	2078.1482 	-8722.0746 	 -0.098422173 	1.73225e-06 	-1.3056133e-07 	 -0.91490537 	-3.0400833e-06 	4.5112067e-07 		-0.05625 7.1320833e-08 2.5475583e-07 1200000 1
-0.055 -1095574.5 	0.44408289 	0.12361526 	 -934376.74 	-0.19299834 	-0.21615772 	 5.2787101e-09 	0.008327118 	0.01650731 	 -1.0578945e-09 	0.0061588414 	-0.015970343 	 0.0053719114 	1585.8849 	-7446.4448 	 -0.10648191 	1.7493905e-06 	-1.2084406e-07 	 -0.97205793 	-3.0605588e-06 	4.9251891e-07 		-0.055 7.3477722e-08 2.5094518e-07 1200000 1
-0.05375 -1011850.7 	0.50611298 	0.14385379 	 -834446.49 	-0.17406666 	-0.19821271 	 5.4653028e-09 	0.0078112271 	0.015710491 	 -1.2737238e-09 	0.0056100911 	-0.016203711 	 0.0053762644 	1189.5583 	-6297.3551 	 -0.11363017 	1.7161583e-06 	-1.377696e-07 	 -1.0263483 	-3.1464272e-06 	4.8008068e-07 		-0.05375 7.564431e-08 2.4707688e-07 1200000 1
-0.0525 -931816.2 	0.50423808 	0.14036835 	 -739808.17 	-0.22404854 	-0.16615593 	 5.7108492e-09 	0.0072536957 	0.01493749 	 -1.3625419e-09 	0.0050530096 	-0.0164228 	 0.0055283972 	888.71054 	-5256.7987 	 -0.11988147 	1.7360249e-06 	-1.350875e-07 	 -1.0777866 	-3.1768206e-06 	4.561164e-07 		-0.0525 7.7821951e-08 2.4313474e-07 1200000 1
-0.05125 -851916.76 	0.52316287 	0.12068761 	 -654265.88 	-0.27317523 	-0.17360645 	 5.9200759e-09 	0.0066961454 	0.014242173 	 -1.4337055e-09 	0.0045371356 	-0.016588653 	 0.005993416 	642.92015 	-4344.0617 	 -0.12537323 	1.7384824e-06 	-1.1884189e-07 	 -1.1267638 	-3.2076767e-06 	4.6489128e-07 		-0.05125 7.9975121e-08 2.3910552e-07 1200000 1
-0.05 -771303.02 	0.57365851 	0.14998659 	 -579012.45 	-0.25188816 	-0.13975754 	 6.0955539e-09 	0.0061525271 	0.013654284 	 -1.6324562e-09 	0.004077738 	-0.016685947 	 0.0058394141 	437.0687 	-3559.4486 	 -0.13015263 	1.7146644e-06 	-1.431585e-07 	 -1.1734073 	-3.294459e-06 	4.3889254e-07 		-0.05 8.2142246e-08 2.3507466e-07 1200000 1
-0.04875 -693009.66 	0.56414785 	0.14456214 	 -508867.05 	-0.33892169 	-0.15697655 	 6.34888e-09 	0.0055945148 	0.013104742 	 -1.6470154e-09 	0.0036319149 	-0.01676918 	 0.0064339922 	275.81257 	-2868.1469 	 -0.13431183 	1.7410415e-06 	-1.3874851e-07 	 -1.2179754 	-3.2912854e-06 	4.5552775e-07 		-0.04875 8.430477e-08 2.309701e-07 1200000 1
-0.0475 -617364.5 	0.60210127 	0.12971519 	 -442839.59 	-0.33342888 	-0.15921501 	 6.4894845e-09 	0.0050211139 	0.012576159 	 -1.7896114e-09 	0.0031950395 	-0.016852255 	 0.006529131 	152.83745 	-2264.5397 	 -0.13791748 	1.7270705e-06 	-1.267358e-07 	 -1.2606386 	-3.3675719e-06 	4.5981937e-07 		-0.0475 8.6456443e-08 2.2675626e-07 1200000 1
-0.04625 -542052.23 	0.63194364 	0.14782367 	 -383656 	-0.33126081 	-0.13260009 	 6.664157e-09 	0.0044580894 	0.01213238 	 -1.9452404e-09 	0.0027971519 	-0.016894665 	 0.006492219 	48.786259 	-1751.6253 	 -0.14105555 	1.7197981e-06 	-1.4197755e-07 	 -1.3016632 	-3.4388508e-06 	4.3982288e-07 		-0.04625 8.8628659e-08 2.2253696e-07 1200000 1
-0.045 -467307.6 	0.62525719 	0.13816417 	 -330336.7 	-0.41129433 	-0.18262144 	 6.9244885e-09 	0.0039034465 	0.011771899 	 -1.9176224e-09 	0.0024327158 	-0.016901134 	 0.0071226445 	-40.306527 	-1319.02 	 -0.14380023 	1.7441537e-06 	-1.3392507e-07 	 -1.341259 	-3.4392417e-06 	4.8343138e-07 		-0.045 9.078207e-08 2.1824004e-07 1200000 1
-0.04375 -394775 	0.67688074 	0.14149425 	 -279712.99 	-0.36722153 	-0.17828271 	 7.0684367e-09 	0.0033405968 	0.011424135 	 -2.0863305e-09 	0.0020755678 	-0.016918495 	 0.0069171973 	-110.05882 	-955.48675 	 -0.1462311 	1.7183529e-06 	-1.3682469e-07 	 -1.3796097 	-3.5452276e-06 	4.8187439e-07 		-0.04375 9.293812e-08 2.1385209e-07 1200000 1
-0.0425 -323748.97 	0.6877677 	0.14366921 	 -232047.45 	-0.39779991 	-0.16026895 	 7.2555235e-09 	0.0027765196 	0.011100986 	 -2.1717394e-09 	0.0017311511 	-0.016939568 	 0.0071349881 	-167.42012 	-656.81317 	 -0.14843194 	1.7264029e-06 	-1.38806e-07 	 -1.4169547 	-3.5892138e-06 	4.6901471e-07 		-0.0425 9.5113637e-08 2.0941698e-07 1200000 1
-0.04125 -252958.47 	0.69279881 	0.12853083 	 -188702.06 	-0.43905571 	-0.21178906 	 7.4864805e-09 	0.0022222881 	0.010872207 	 -2.1581868e-09 	0.0014149056 	-0.016924449 	 0.0074999052 	-221.27007 	-420.83577 	 -0.15046581 	1.7407313e-06 	-1.2607266e-07 	 -1.4534949 	-3.620994e-06 	5.1372004e-07 		-0.04125 9.7263328e-08 2.0488866e-07 1200000 1
-0.04 -182918.79 	0.74262618 	0.15327735 	 -147957.68 	-0.38137296 	-0.20290311 	 7.6771769e-09 	0.0016707814 	0.01070352 	 -2.2957947e-09 	0.0011138864 	-0.01689447 	 0.0071743128 	-270.77844 	-239.56407 	 -0.1524171 	1.7172497e-06 	-1.4634761e-07 	 -1.4894572 	-3.7338803e-06 	5.0791233e-07 		-0.04 9.9426387e-08 2.0031817e-07 1200000 1
-0.03875 -114213.67 	0.73262062 	0.14388398 	 -108438.84 	-0.43945665 	-0.19907721 	 7.8877777e-09 	0.0011182712 	0.010525418 	 -2.3009439e-09 	0.00081540888 	-0.016891773 	 0.0075817749 	-314.21379 	-113.99593 	 -0.15437904 	1.7438076e-06 	-1.3838218e-07 	 -1.5250125 	-3.752371e-06 	5.0662358e-07 		-0.03875 1.016057e-07 1.9565226e-07 1200000 1
-0.0375 -45987.331 	0.75258333 	0.11893711 	 -70535.827 	-0.44708333 	-0.20736232 	 8.0341667e-09 	0.00056977932 	0.010381178 	 -2.3608333e-09 	0.00052611871 	-0.016890131 	 0.0077090667 	-356.83497 	-37.724071 	 -0.156419 	1.7451783e-06 	-1.1743892e-07 	 -1.5603902 	-3.8130333e-06 	5.1539133e-07 		-0.0375 1.0376892e-07 1.9087e-07 1200000 1
-0.03625 22171.303 	0.79216912 	0.14894744 	 -34048.218 	-0.40973546 	-0.1706879 	 8.2649071e-09 	2.2416821e-05 	0.01034389 	 -2.4848098e-09 	0.00024907896 	-0.016849998 	 0.0075694111 	-401.73714 	-9.8376988 	 -0.15860457 	1.731191e-06 	-1.4182561e-07 	 -1.5957951 	-3.9066804e-06 	4.8624636e-07 		-0.03625 1.0595205e-07 1.8608491e-07 1200000 1
-0.035 90019.868 	0.77865064 	0.14272337 	 2076.2057 	-0.48564221 	-0.19259545 	 8.5509304e-09 	-0.00052415581 	0.010339338 	 -2.4457358e-09 	-2.5973016e-05 	-0.016812329 	 0.008162023 	-447.93573 	-27.911107 	 -0.16102101 	1.762234e-06 	-1.3609182e-07 	 -1.6314109 	-3.9053917e-06 	5.059149e-07 		-0.035 1.0813175e-07 1.8121346e-07 1200000 1
-0.03375 157886.56 	0.8222002 	0.13325418 	 37769.863 	-0.45560775 	-0.18267331 	 8.690538e-09 	-0.0010627963 	0.010323136 	 -2.5789618e-09 	-0.00030006667 	-0.016803574 	 0.0081142019 	-497.64631 	-95.557888 	 -0.16378327 	1.7449028e-06 	-1.2797688e-07 	 -1.6674539 	-3.9954068e-06 	4.9930491e-07 		-0.03375 1.1031011e-07 1.7622415e-07 1200000 1
-0.0325 225976.23 	0.84455024 	0.14602339 	 73769.413 	-0.45700287 	-0.15455727 	 8.9032376e-09 	-0.0016005767 	0.010363702 	 -2.6666003e-09 	-0.00057395248 	-0.016783618 	 0.0082921237 	-552.48169 	-208.14243 	 -0.16693125 	1.7459013e-06 	-1.3829245e-07 	 -1.7040999 	-4.0573276e-06 	4.77389e-07 		-0.0325 1.1251182e-07 1.7122169e-07 1200000 1
-0.03125 294151.37 	0.84043635 	0.13436502 	 111312.31 	-0.51304436 	-0.21210601 	 9.1762645e-09 	-0.0021460043 	0.010493934 	 -2.5834746e-09 	-0.00085383091 	-0.016733841 	 0.0087701202 	-612.76604 	-368.57349 	 -0.17054981 	1.7710079e-06 	-1.2803091e-07 	 -1.741568 	-4.0697167e-06 	5.2650714e-07 		-0.03125 1.1469594e-07 1.6613899e-07 1200000 1
-0.03 362965.22 	0.8910298 	0.1428938 	 149769.01 	-0.44643738 	-0.20549979 	 9.3720487e-09 	-0.0026855584 	0.010643323 	 -2.6647284e-09 	-0.001137861 	-0.01669337 	 0.0085372843 	-681.85489 	-577.40005 	 -0.1747363 	1.7498272e-06 	-1.3461414e-07 	 -1.7800285 	-4.1851125e-06 	5.2223915e-07 		-0.03 1.1689203e-07 1.6097447e-07 1200000 1
-0.02875 432934.04 	0.89546624 	0.1358714 	 188923.26 	-0.47272704 	-0.18269009 	 9.5757132e-09 	-0.003211949 	0.010798834 	 -2.6657136e-09 	-0.0014239609 	-0.016669979 	 0.0088772997 	-763.72196 	-835.84519 	 -0.17959685 	1.7677339e-06 	-1.2832515e-07 	 -1.8196962 	-4.2251484e-06 	5.0468027e-07 		-0.02875 1.1911151e-07 1.5574009e-07 1200000 1
-0.0275 503376.02 	0.91023942 	0.11429377 	 231103.32 	-0.4971189 	-0.20389554 	 9.7963546e-09 	-0.0037452649 	0.011029864 	 -2.635947e-09 	-0.0017239818 	-0.016621336 	 0.0091995623 	-856.8829 	-1148.0664 	 -0.18517646 	1.7782937e-06 	-1.0964525e-07 	 -1.8607453 	-4.2630723e-06 	5.2352978e-07 		-0.0275 1.21311e-07 1.5039698e-07 1200000 1
-0.02625 574207.21 	0.9597609 	0.13868358 	 277158.73 	-0.44544235 	-0.17004912 	 1.0081595e-08 	-0.004288138 	0.011337017 	 -2.7215242e-09 	-0.0020426918 	-0.016544878 	 0.0092454228 	-963.18449 	-1519.1019 	 -0.19155796 	1.760507e-06 	-1.2893046e-07 	 -1.9033609 	-4.3616262e-06 	4.9622359e-07 		-0.02625 1.2352714e-07 1.4503728e-07 1200000 1
-0.025 646820.65 	0.95199524 	0.13125027 	 325001.54 	-0.51019907 	-0.16749063 	 1.0342871e-08 	-0.0048124813 	0.011655414 	 -2.6833937e-09 	-0.0023661913 	-0.016479236 	 0.0098876767 	-1092.7356 	-1946.1813 	 -0.19888212 	1.7906409e-06 	-1.2183485e-07 	 -1.9477598 	-4.3651273e-06 	4.9516283e-07 		-0.025 1.2575604e-07 1.3959793e-07 1200000 1
-0.02375 721173.83 	0.98300835 	0.11579546 	 375376.56 	-0.49220503 	-0.16739724 	 1.050813e-08 	-0.0053207093 	0.012001629 	 -2.7156537e-09 	-0.0026968405 	-0.016412795 	 0.010024655 	-1248.9941 	-2430.8777 	 -0.20721141 	1.7884252e-06 	-1.0810318e-07 	 -1.9940853 	-4.4380267e-06 	4.9618349e-07 		-0.02375 1.2797677e-07 1.3404431e-07 1200000 1
-0.0225 795582.87 	1.0239047 	0.14149415 	 432370.77 	-0.45008619 	-0.1286409 	 1.0799169e-08 	-0.0058452588 	0.012443937 	 -2.7173112e-09 	-0.0030590298 	-0.016298723 	 0.010263817 	-1429.1188 	-2992.8698 	 -0.21662392 	1.7798644e-06 	-1.2828298e-07 	 -2.0425725 	-4.5262946e-06 	4.6460576e-07 		-0.0225 1.302223e-07 1.2847412e-07 1200000 1
-0.02125 870602.36 	1.0160566 	0.13683725 	 495112.04 	-0.50682709 	-0.17166885 	 1.1109176e-08 	-0.0063718365 	0.012952434 	 -2.5316196e-09 	-0.0034457057 	-0.01615217 	 0.010830503 	-1640.832 	-3630.7103 	 -0.22718398 	1.813333e-06 	-1.2312048e-07 	 -2.0933101 	-4.5298805e-06 	5.0100614e-07 		-0.02125 1.3245865e-07 1.2282418e-07 1200000 1
-0.02 948568.25 	1.0721988 	0.13155661 	 560327.91 	-0.46947502 	-0.17935539 	 1.1267523e-08 	-0.0068565193 	0.013471052 	 -2.5240202e-09 	-0.0038287772 	-0.016010676 	 0.011083914 	-1906.1498 	-4330.3832 	 -0.23910775 	1.7917498e-06 	-1.1772669e-07 	 -2.1466188 	-4.6146304e-06 	5.0819619e-07 		-0.02 1.3469883e-07 1.1707718e-07 1200000 1
-0.01875 1028018.9 	1.093 	0.13299017 	 630750.12 	-0.45691667 	-0.15860183 	 1.14725e-08 	-0.0073217153 	0.014041119 	 -2.4583333e-09 	-0.0042240191 	-0.015841899 	 0.011458483 	-2224.451 	-5101.7884 	 -0.2523751 	1.800775e-06 	-1.1792233e-07 	 -2.2024964 	-4.6785833e-06 	4.9167167e-07 		-0.01875 1.369695e-07 1.1128167e-07 1200000 1
-0.0175 1105985 	1.1001591 	0.11681513 	 712341.61 	-0.47230502 	-0.22737226 	 1.1744428e-08 	-0.0078104927 	0.014726317 	 -2.2211559e-09 	-0.0046701331 	-0.015591798 	 0.011716228 	-2594.3763 	-5988.9551 	 -0.2671277 	1.8231726e-06 	-1.0315507e-07 	 -2.2612874 	-4.712321e-06 	5.4927336e-07 		-0.0175 1.3921626e-07 1.0541414e-07 1200000 1
-0.01625 1184841.4 	1.1632997 	0.12809664 	 800706.16 	-0.4545771 	-0.24077722 	 1.2004141e-08 	-0.0082748848 	0.015465674 	 -2.0860821e-09 	-0.0051304016 	-0.015300867 	 0.012377 	-3038.4219 	-6959.9696 	 -0.28341549 	1.7984625e-06 	-1.1123997e-07 	 -2.3229613 	-4.7723467e-06 	5.6070224e-07 		-0.01625 1.4148075e-07 9.9497806e-08 1200000 1
-0.015 1266784.3 	1.1602804 	0.10968005 	 893284.91 	-0.45362632 	-0.2494066 	 1.2193054e-08 	-0.0086710994 	0.016232533 	 -1.8796487e-09 	-0.0055713181 	-0.014988201 	 0.012610485 	-3592.5616 	-7986.7938 	 -0.30149091 	1.8295067e-06 	-9.4782632e-08 	 -2.387872 	-4.8220177e-06 	5.684358e-07 		-0.015 1.437667e-07 9.3493988e-08 1200000 1
-0.01375 1348157.3 	1.1865841 	0.079962814 	 995585.18 	-0.45015283 	-0.29148379 	 1.23537e-08 	-0.0090461513 	0.01707909 	 -1.6575742e-09 	-0.0060317447 	-0.014602382 	 0.012900942 	-4250.2469 	-9107.2927 	 -0.32130055 	1.8370892e-06 	-6.8746521e-08 	 -2.4559748 	-4.870036e-06 	6.0384042e-07 		-0.01375 1.460406e-07 8.7425682e-08 1200000 1
-0.0125 1426510.1 	1.2355054 	0.093926224 	 1111488.7 	-0.41744168 	-0.28598593 	 1.2683118e-08 	-0.0094195539 	0.018027878 	 -1.3997081e-09 	-0.0065342408 	-0.014110769 	 0.013583769 	-5022.7785 	-10356.033 	 -0.3429859 	1.8273923e-06 	-7.8681805e-08 	 -2.5275289 	-4.9366953e-06 	5.9920889e-07 		-0.0125 1.4833963e-07 8.1292274e-08 1200000 1
-0.01125 1505219.9 	1.2339515 	0.078346555 	 1235673.1 	-0.37366613 	-0.30588578 	 1.2967406e-08 	-0.0097257337 	0.019032569 	 -1.0443903e-09 	-0.0070186869 	-0.013548968 	 0.013589069 	-5958.479 	-11660.43 	 -0.36666819 	1.8611939e-06 	-6.3979574e-08 	 -2.6025711 	-5.0122097e-06 	6.1575519e-07 		-0.01125 1.5064855e-07 7.5096383e-08 1200000 1
-0.01 1584843.6 	1.2773815 	0.059931195 	 1367595.3 	-0.37094488 	-0.30955901 	 1.3135261e-08 	-0.0099369345 	0.020091955 	 -7.7448496e-10 	-0.0074569617 	-0.012910455 	 0.014362243 	-7103.086 	-12979.265 	 -0.39251182 	1.8572885e-06 	-4.6937567e-08 	 -2.6812894 	-5.0550549e-06 	6.1880776e-07 		-0.01 1.5295693e-07 6.87846e-08 1200000 1
-0.00875 1659952.6 	1.3159311 	0.065559449 	 1514147 	-0.32270414 	-0.28397236 	 1.3440076e-08 	-0.010106116 	0.021241916 	 -4.8565712e-10 	-0.0079002647 	-0.012139436 	 0.015144226 	-8451.7029 	-14375.68 	 -0.42050576 	1.8591202e-06 	-4.9603411e-08 	 -2.7637243 	-5.1307294e-06 	5.9717654e-07 		-0.00875 1.5529403e-07 6.2403604e-08 1200000 1
-0.0075 1729287.2 	1.3267945 	0.051693659 	 1676216.5 	-0.29836478 	-0.33458582 	 1.3777169e-08 	-0.010221809 	0.022476437 	 -7.2805012e-11 	-0.0083372885 	-0.011222585 	 0.015453968 	-10036.882 	-15830.395 	 -0.45073208 	1.8851784e-06 	-3.5797984e-08 	 -2.8499642 	-5.1803189e-06 	6.3870657e-07 		-0.0075 1.5762969e-07 5.6007309e-08 1200000 1
-0.00625 1796751.5 	1.3772797 	0.047972667 	 1848374.3 	-0.26361783 	-0.32784454 	 1.4031229e-08 	-0.010195176 	0.023774079 	 2.6657424e-10 	-0.0086665073 	-0.010173306 	 0.016525713 	-11968.365 	-17171.678 	 -0.4833851 	1.8776313e-06 	-3.0368427e-08 	 -2.9401522 	-5.2400065e-06 	6.324548e-07 		-0.00625 1.5997466e-07 4.9469104e-08 1200000 1
-0.005 1860018.7 	1.3986265 	0.045577519 	 2032624.6 	-0.21404461 	-0.29294204 	 1.4281275e-08 	-0.010020685 	0.025145181 	 5.7717707e-10 	-0.0088689939 	-0.0089578427 	 0.017477436 	-14298.367 	-18335.847 	 -0.51844812 	1.8948794e-06 	-2.5823826e-08 	 -3.0342772 	-5.3124454e-06 	6.0264068e-07 		-0.005 1.6234207e-07 4.2856883e-08 1200000 1
-0.00375 1911560 	1.4213414 	0.031427915 	 2236594.9 	-0.17147846 	-0.34959009 	 1.4571569e-08 	-0.0097398837 	0.026595994 	 1.0605202e-09 	-0.0089846048 	-0.0075187216 	 0.018124585 	-17032.166 	-19359.043 	 -0.5559 	1.9095478e-06 	-1.1011818e-08 	 -3.1325447 	-5.3702557e-06 	6.4865157e-07 		-0.00375 1.6471392e-07 3.6198971e-08 1200000 1
-0.0025 1952053.4 	1.4662382 	0.041673121 	 2457598.2 	-0.14119569 	-0.31705163 	 1.4882704e-08 	-0.0092877231 	0.028117948 	 1.5198626e-09 	-0.0089163128 	-0.0058380002 	 0.019797315 	-20279.778 	-20022.346 	 -0.59562829 	1.9046461e-06 	-1.5951796e-08 	 -3.234912 	-5.4127557e-06 	6.2009721e-07 		-0.0025 1.6710326e-07 2.9444078e-08 1200000 1
-0.00125 1983312.7 	1.5416487 	0.018556179 	 2692054.3 	-0.24244759 	-0.38896981 	 1.5055175e-08 	-0.0084671538 	0.029870187 	 2.5277569e-09 	-0.0083649356 	-0.0036723611 	 0.021965879 	-24700.508 	-19647.24 	 -0.63772895 	1.8746416e-06 	7.4486559e-09 	 -3.3418339 	-5.3487854e-06 	6.7862126e-07 		-0.00125 1.6947058e-07 2.276881e-08 1200000 1
5.2475385e-17 1081019.2 	1.5024125 	-0.008336875 	 1568346.4 	-0.091187499 	-0.10460175 	 1.5099375e-08 	-0.0072905486 	0.031468146 	 3.267125e-09 	-0.0073082351 	-0.0014740474 	 0.023283875 	-15648.966 	-9927.6077 	 -0.6720232 	-4.970275e-06 	1.57475e-08 	 -3.4242976 	-5.23875e-06 	5.6076875e-07 		5.2475385e-17 1.7010625e-07 1.597625e-08 650000 1
0.00125 156878.15 	1.4537015 	0.022853269 	 238416.18 	-0.03588814 	-0.031605263 	 1.5155042e-08 	-0.0062169893 	0.031226036 	 2.9785396e-09 	-0.006320194 	-0.0017459765 	 0.022697391 	-2241.5676 	-1242.0526 	 -0.62884589 	-1.1334102e-05 	-1.9495046e-07 	 -3.2759409 	-5.2064505e-06 	6.6662449e-07 		0.00125 1.5731517e-07 9.529397e-09 100000 1
0.0025 148063.44 	1.4261125 	0.036751533 	 231282.02 	-0.03503196 	-0.033236949 	 1.5023469e-08 	-0.0053683972 	0.030882771 	 2.6911817e-09 	-0.005538743 	-0.0021319586 	 0.02206677 	-2039.8647 	-1038.5454 	 -0.57784837 	-1.1047442e-05 	-3.29576e-07 	 -3.1032247 	-5.2091747e-06 	6.8066332e-07 		0.0025 1.4331565e-07 3.0436414e-09 100000 1
0.00375 140055.24 	1.4024959 	0.041217011 	 224019.3 	-0.032291581 	-0.034428799 	 1.4821467e-08 	-0.0046890411 	0.030699081 	 2.4625016e-09 	-0.0049171485 	-0.0023203276 	 0.021576707 	-1890.0161 	-879.98891 	 -0.52918088 	-1.0802044e-05 	-3.7060487e-07 	 -2.9352822 	-5.233483e-06 	6.9061469e-07 		0.00375 1.2968407e-07 -3.5309667e-09 100000 1
0.005 132441.83 	1.3821848 	0.043545412 	 216978.95 	-0.026835142 	-0.029513378 	 1.4671354e-08 	-0.0041361891 	0.030542054 	 2.359961e-09 	-0.0044190121 	-0.0024625607 	 0.021166986 	-1755.4695 	-754.07052 	 -0.48274992 	-1.0591063e-05 	-3.9069811e-07 	 -2.7717478 	-5.2804005e-06 	6.3959042e-07 		0.005 1.1633512e-07 -1.0120562e-08 100000 1
0.00625 125124.52 	1.361013 	0.044154062 	 210276.45 	-0.018805644 	-0.031379337 	 1.4577347e-08 	-0.0036876307 	0.030396414 	 2.3358338e-09 	-0.004021861 	-0.0025791577 	 0.020729654 	-1630.5902 	-654.14463 	 -0.43867075 	-1.0374494e-05 	-3.9398183e-07 	 -2.6127796 	-5.3426587e-06 	6.5632136e-07 		0.00625 1.0320903e-07 -1.6707209e-08 100000 1
0.0075 118316.92 	1.343957 	0.045347121 	 203703.39 	-0.013844776 	-0.025891972 	 1.445916e-08 	-0.0033054886 	0.030275625 	 2.3116817e-09 	-0.0036821332 	-0.0026708402 	 0.020389265 	-1519.0853 	-571.06575 	 -0.39694774 	-1.0200291e-05 	-4.0347508e-07 	 -2.4582772 	-5.3746468e-06 	5.9975232e-07 		0.0075 9.0340215e-08 -2.3416584e-08 100000 1
0.00875 112032.8 	1.323593 	0.045361271 	 197271.33 	-0.0083732195 	-0.019755076 	 1.4229094e-08 	-0.0029742961 	0.030176526 	 2.2443761e-09 	-0.0033837261 	-0.0027452399 	 0.020017323 	-1419.6592 	-500.91621 	 -0.35759146 	-9.9939035e-06 	-4.0152956e-07 	 -2.3083752 	-5.4125864e-06 	5.3675109e-07 		0.00875 7.7755538e-08 -3.0191692e-08 100000 1
0.01 106041.02 	1.3047174 	0.045264992 	 191179.92 	-0.0049733361 	-0.020170645 	 1.4045555e-08 	-0.0026944385 	0.030085438 	 2.1993558e-09 	-0.0031332872 	-0.0028089891 	 0.019663607 	-1326.6849 	-442.86706 	 -0.320431 	-9.8051822e-06 	-3.987446e-07 	 -2.1630195 	-5.4245947e-06 	5.3928858e-07 		0.01 6.5368548e-08 -3.6938747e-08 100000 1
0.01125 100337.03 	1.2877233 	0.045421303 	 185432.77 	0.00057779476 	-0.016729519 	 1.3944157e-08 	-0.0024570812 	0.030003296 	 2.219092e-09 	-0.0029228926 	-0.0028623089 	 0.019348383 	-1239.8739 	-394.65457 	 -0.28539006 	-9.6364994e-06 	-3.9870734e-07 	 -2.0222274 	-5.4519951e-06 	5.0325812e-07 		0.01125 5.3201135e-08 -4.374232e-08 100000 1
0.0125 95077.054 	1.2662279 	0.045252936 	 179911.78 	0.0075554432 	-0.015226574 	 1.3729586e-08 	-0.0022457619 	0.029935943 	 2.1740685e-09 	-0.002731463 	-0.0029081937 	 0.018973217 	-1161.5331 	-352.86132 	 -0.25246475 	-9.4234991e-06 	-3.9566077e-07 	 -1.8861002 	-5.4957276e-06 	4.86733e-07 		0.0125 4.1299628e-08 -5.0582829e-08 100000 1
0.01375 90188.497 	1.2478277 	0.045622979 	 174668.65 	0.0097863269 	-0.015048681 	 1.3475026e-08 	-0.0020578202 	0.02987964 	 2.0942031e-09 	-0.0025582764 	-0.0029486918 	 0.018655937 	-1089.9023 	-316.62078 	 -0.22150456 	-9.2430391e-06 	-3.9819701e-07 	 -1.754537 	-5.4918479e-06 	4.834684e-07 		0.01375 2.9641569e-08 -5.7458198e-08 100000 1
0.015 85516.054 	1.2289015 	0.045930858 	 169841.21 	0.015165501 	-0.013164453 	 1.3329011e-08 	-0.0018986586 	0.029830231 	 2.0953681e-09 	-0.0024149887 	-0.0029804039 	 0.018334156 	-1022.4064 	-286.62566 	 -0.19242029 	-9.0585083e-06 	-4.0025247e-07 	 -1.627628 	-5.5126725e-06 	4.6310079e-07 		0.015 1.8202958e-08 -6.434835e-08 100000 1
0.01625 81103.46 	1.2067969 	0.04591939 	 165370.03 	0.019924069 	-0.016355314 	 1.319473e-08 	-0.0017597208 	0.029789123 	 2.0991838e-09 	-0.0022913095 	-0.0030054766 	 0.01796746 	-959.50699 	-261.10434 	 -0.16507311 	-8.8444319e-06 	-3.9925717e-07 	 -1.5051859 	-5.5227238e-06 	4.9346924e-07 		0.01625 6.9840999e-09 -7.1216392e-08 100000 1
0.0175 77079.243 	1.1888162 	0.046634704 	 161192.13 	0.020883991 	-0.01749096 	 1.297614e-08 	-0.0016319601 	0.02975788 	 2.0488044e-09 	-0.0021726239 	-0.0030301305 	 0.017675842 	-902.65604 	-238.31503 	 -0.13951054 	-8.6722513e-06 	-4.0567977e-07 	 -1.3874769 	-5.498059e-06 	5.0337454e-07 		0.0175 -3.9510629e-09 -7.8116045e-08 100000 1
0.01875 73319.682 	1.167825 	0.046774087 	 157362.95 	0.027033333 	-0.017123483 	 1.2744417e-08 	-0.0015175875 	0.029733743 	 2.0023333e-09 	-0.0020655079 	-0.0030517581 	 0.017338533 	-849.92533 	-218.46234 	 -0.1155093 	-8.470675e-06 	-4.0644167e-07 	 -1.2741569 	-5.5239167e-06 	4.9823425e-07 		0.01875 -1.4635917e-08 -8.5025833e-08 100000 1
0.02 69713.942 	1.1463519 	0.046854642 	 153995.29 	0.030884527 	-0.020536317 	 1.2619445e-08 	-0.0014215514 	0.029716463 	 2.0199547e-09 	-0.0019815962 	-0.0030634831 	 0.016999302 	-799.95284 	-202.40724 	 -0.093058988 	-8.2672894e-06 	-4.0669847e-07 	 -1.1654703 	-5.5175079e-06 	5.3079785e-07 		0.02 -2.5124728e-08 -9.1900542e-08 100000 1
0.02125 66352.162 	1.1273745 	0.046936852 	 150986.16 	0.032284202 	-0.021302364 	 1.2498947e-08 	-0.0013350063 	0.02970599 	 2.0466649e-09 	-0.0019062157 	-0.0030724891 	 0.01670633 	-753.58363 	-188.43732 	 -0.072014316 	-8.0896867e-06 	-4.0705106e-07 	 -1.0611085 	-5.4875713e-06 	5.3691278e-07 		0.02125 -3.536536e-08 -9.8777469e-08 100000 1
0.0225 63305.425 	1.1047137 	0.04684943 	 148324.14 	0.037383514 	-0.019907756 	 1.2262398e-08 	-0.0012543523 	0.029701862 	 2.0073528e-09 	-0.0018314574 	-0.0030841384 	 0.016359889 	-711.42366 	-175.78659 	 -0.052411124 	-7.8758634e-06 	-4.0579502e-07 	 -0.96134858 	-5.4951899e-06 	5.2145608e-07 		0.0225 -4.5309616e-08 -1.0566015e-07 100000 1
0.02375 60441.24 	1.0837282 	0.047223013 	 146065.85 	0.037717817 	-0.018890998 	 1.2049491e-08 	-0.0011831354 	0.029703669 	 1.9812132e-09 	-0.0017677325 	-0.0030913626 	 0.016048734 	-671.89391 	-165.10835 	 -0.034069285 	-7.680909e-06 	-4.0921241e-07 	 -0.86587447 	-5.4527006e-06 	5.0971738e-07 		0.02375 -5.503393e-08 -1.125043e-07 100000 1
0.025 57715.74 	1.0629842 	0.046714144 	 144257.6 	0.039042979 	-0.017434149 	 1.1931425e-08 	-0.0011221088 	0.029712103 	 2.029e-09 	-0.0017193429 	-0.0030904188 	 0.015742689 	-634.52163 	-156.61908 	 -0.016961141 	-7.489872e-06 	-4.0385352e-07 	 -0.77481393 	-5.4146026e-06 	4.9352834e-07 		0.025 -6.4529589e-08 -1.1929461e-07 100000 1
0.02625 55213.278 	1.039334 	0.046410525 	 142832.26 	0.041768655 	-0.017073239 	 1.1745613e-08 	-0.001066252 	0.029725789 	 2.0434211e-09 	-0.0016743693 	-0.0030896019 	 0.015394031 	-599.98414 	-149.22183 	 -0.0010163601 	-7.2708437e-06 	-4.0061894e-07 	 -0.68805371 	-5.3905595e-06 	4.8828112e-07 		0.02625 -7.376252e-08 -1.2603496e-07 100000 1
0.0275 52946.839 	1.017985 	0.046805309 	 141795.74 	0.043005142 	-0.016378784 	 1.1498846e-08 	-0.0010147611 	0.029744126 	 2.0181366e-09 	-0.0016302964 	-0.0030910056 	 0.015083516 	-568.28346 	-142.66413 	 0.013797057 	-7.0758406e-06 	-4.0442446e-07 	 -0.60567228 	-5.3535212e-06 	4.7971713e-07 		0.0275 -8.2712085e-08 -1.3276022e-07 100000 1
0.02875 50811.062 	0.99596339 	0.046423863 	 141203.15 	0.048413095 	-0.014946374 	 1.1302702e-08 	-0.00096989886 	0.029768439 	 2.0345348e-09 	-0.0015971499 	-0.0030862056 	 0.014759987 	-538.3913 	-137.60757 	 0.027576905 	-6.8753785e-06 	-4.0050158e-07 	 -0.52755397 	-5.3542757e-06 	4.6371894e-07 		0.02875 -9.1424143e-08 -1.3946249e-07 100000 1
0.03 48799.678 	0.97251401 	0.046629083 	 141058.35 	0.049814628 	-0.016282373 	 1.1130076e-08 	-0.00093071203 	0.029798812 	 2.0656987e-09 	-0.0015743937 	-0.0030750883 	 0.014422864 	-510.20295 	-133.93398 	 0.04037458 	-6.6625481e-06 	-4.0248398e-07 	 -0.4536864 	-5.3101398e-06 	4.7532342e-07 		0.03 -9.9915308e-08 -1.4610559e-07 100000 1
0.03125 46995.99 	0.95060914 	0.04719937 	 141326.62 	0.048430418 	-0.013399742 	 1.0922279e-08 	-0.00089483616 	0.029833284 	 2.082405e-09 	-0.0015515753 	-0.0030664285 	 0.014116419 	-484.33816 	-130.84557 	 0.05220725 	-6.4655785e-06 	-4.0814628e-07 	 -0.38416358 	-5.240824e-06 	4.4477097e-07 		0.03125 -1.0811408e-07 -1.5271218e-07 100000 1
0.0325 45368.255 	0.92718447 	0.046992396 	 142018.93 	0.048776489 	-0.012186669 	 1.063464e-08 	-0.00086258028 	0.029872008 	 2.0337476e-09 	-0.0015306532 	-0.0030583609 	 0.013785019 	-460.44767 	-128.44034 	 0.063147504 	-6.2539724e-06 	-4.0607944e-07 	 -0.31888887 	-5.1894253e-06 	4.3090481e-07 		0.0325 -1.1603763e-07 -1.5924776e-07 100000 1
0.03375 43826.798 	0.90352477 	0.04735263 	 143200.01 	0.052073486 	-0.010682374 	 1.0409399e-08 	-0.00083478106 	0.029917368 	 2.0166463e-09 	-0.001521527 	-0.0030417222 	 0.013448603 	-437.80381 	-127.40526 	 0.073234408 	-6.0421386e-06 	-4.0971236e-07 	 -0.25795514 	-5.161955e-06 	4.1403685e-07 		0.03375 -1.237376e-07 -1.6569284e-07 100000 1
0.035 42398.304 	0.88042559 	0.046286732 	 144840.3 	0.048860376 	-0.012776119 	 1.0226128e-08 	-0.00081022256 	0.029968243 	 2.0348306e-09 	-0.0015193241 	-0.0030204783 	 0.01312747 	-416.55813 	-127.35908 	 0.082533251 	-5.8367272e-06 	-3.9910891e-07 	 -0.20122974 	-5.0674302e-06 	4.3310203e-07 		0.035 -1.3118204e-07 -1.7209852e-07 100000 1
0.03625 41168.478 	0.85578642 	0.04691562 	 146936.44 	0.053566762 	-0.0091447387 	 9.9252557e-09 	-0.00078860315 	0.030022448 	 1.9829152e-09 	-0.001514186 	-0.0030035252 	 0.012777829 	-397.32574 	-127.63077 	 0.091023309 	-5.6162525e-06 	-4.0548301e-07 	 -0.14902542 	-5.0544942e-06 	3.9492349e-07 		0.03625 -1.3832273e-07 -1.7847568e-07 100000 1
0.0375 40066.116 	0.83222333 	0.045450586 	 149496.65 	0.057475 	0.0039654842 	 9.5599167e-09 	-0.00076997834 	0.030081288 	 1.8470833e-09 	-0.0015122696 	-0.0029848243 	 0.012452067 	-379.5124 	-128.6217 	 0.098800664 	-5.4077083e-06 	-3.9093208e-07 	 -0.10107564 	-5.0329667e-06 	2.6192136e-07 		0.0375 -1.4520533e-07 -1.8474817e-07 100000 1
0.03875 39008.454 	0.8085424 	0.044801905 	 152604.4 	0.057355942 	0.0012712816 	 9.370854e-09 	-0.00075374097 	0.030147859 	 1.886006e-09 	-0.0015237647 	-0.0029547402 	 0.012121078 	-362.56081 	-131.11179 	 0.10586318 	-5.1991302e-06 	-3.8455345e-07 	 -0.057700298 	-4.9660052e-06 	2.8688813e-07 		0.03875 -1.5183197e-07 -1.909799e-07 100000 1
0.04 38066.622 	0.78187322 	0.045166108 	 156200.32 	0.062089778 	0.0061171509 	 9.158577e-09 	-0.00073978747 	0.030219287 	 1.893033e-09 	-0.001538275 	-0.0029225116 	 0.011745048 	-346.92516 	-134.34898 	 0.11227463 	-4.9616048e-06 	-3.8832387e-07 	 -0.018693447 	-4.9472124e-06 	2.3640799e-07 		0.04 -1.582145e-07 -1.9718311e-07 100000 1
0.04125 37299.476 	0.75954682 	0.044975223 	 160309.59 	0.059559282 	0.0080033537 	 8.871062e-09 	-0.00072915101 	0.030294155 	 1.8292861e-09 	-0.0015490907 	-0.0028938719 	 0.011441418 	-333.02519 	-137.89778 	 0.11801283 	-4.767843e-06 	-3.8657901e-07 	 0.015545498 	-4.8579559e-06 	2.1553814e-07 		0.04125 -1.642761e-07 -2.0329946e-07 100000 1
0.0425 36610.157 	0.73431562 	0.045777141 	 164954.43 	0.057450116 	0.005948597 	 8.6197102e-09 	-0.00072050183 	0.030375032 	 1.8234073e-09 	-0.00156602 	-0.0028594924 	 0.011091752 	-320.1839 	-142.48371 	 0.12315248 	-4.5455388e-06 	-3.9478099e-07 	 0.045227694 	-4.7717927e-06 	2.3403618e-07 		0.0425 -1.7007212e-07 -2.0933872e-07 100000 1
0.04375 35957.509 	0.70844845 	0.045271404 	 170187.93 	0.059432957 	0.0085754232 	 8.4028143e-09 	-0.00071267909 	0.03046361 	 1.8073154e-09 	-0.0015938787 	-0.0028148246 	 0.010730605 	-308.18196 	-148.56431 	 0.12769773 	-4.3186119e-06 	-3.8992584e-07 	 0.070088868 	-4.722277e-06 	2.0561657e-07 		0.04375 -1.7564965e-07 -2.1526127e-07 100000 1
0.045 35421.072 	0.68591843 	0.044690232 	 175979.02 	0.05686999 	0.0084390508 	 8.1649089e-09 	-0.00070738996 	0.030557044 	 1.7862207e-09 	-0.0016219655 	-0.002768906 	 0.010423709 	-297.55277 	-155.35427 	 0.13167533 	-4.1253146e-06 	-3.8434183e-07 	 0.090106756 	-4.6281635e-06 	2.0481954e-07 		0.045 -1.809296e-07 -2.2109354e-07 100000 1
0.04625 35018.628 	0.65896869 	0.045994016 	 182352.7 	0.05729305 	0.0070152857 	 7.8968218e-09 	-0.00070548837 	0.030654958 	 1.7639355e-09 	-0.0016476246 	-0.002723294 	 0.010044683 	-288.46285 	-162.69277 	 0.13509091 	-3.8879379e-06 	-3.9763999e-07 	 0.10504482 	-4.5657234e-06 	2.1688447e-07 		0.04625 -1.859033e-07 -2.2686445e-07 100000 1
0.0475 34652.972 	0.63414767 	0.045699638 	 189354.14 	0.058966226 	0.0098149569 	 7.6429289e-09 	-0.00070416681 	0.030760445 	 1.7169493e-09 	-0.0016815804 	-0.002668478 	 0.0096991105 	-280.34941 	-171.52503 	 0.13798099 	-3.6731806e-06 	-3.9497175e-07 	 0.1148883 	-4.5129185e-06 	1.8663018e-07 		0.0475 -1.9064564e-07 -2.3252724e-07 100000 1
0.04875 34316.814 	0.61028806 	0.045185994 	 197004.42 	0.055522566 	0.0099008907 	 7.4337537e-09 	-0.00070295977 	0.030873766 	 1.7272846e-09 	-0.0017239373 	-0.0026041024 	 0.0093730971 	-273.24945 	-181.97432 	 0.14036118 	-3.4687081e-06 	-3.9011835e-07 	 0.11949975 	-4.4067032e-06 	1.8346609e-07 		0.04875 -1.9511942e-07 -2.3810144e-07 100000 1
0.05 34099.864 	0.58230858 	0.045964837 	 205303.87 	0.05506153 	0.01041547 	 7.1838766e-09 	-0.00070535524 	0.030992246 	 1.7048556e-09 	-0.0017630201 	-0.0025386281 	 0.0089793557 	-267.84086 	-193.09953 	 0.14222905 	-3.2233421e-06 	-3.9822805e-07 	 0.11860247 	-4.3323362e-06 	1.7599291e-07 		0.05 -1.992948e-07 -2.4357657e-07 100000 1
0.05125 33975.747 	0.55846097 	0.0459546 	 214268.98 	0.05271457 	0.011995335 	 6.9003707e-09 	-0.00071080803 	0.031116671 	 1.6340964e-09 	-0.0018008155 	-0.0024695759 	 0.0086507797 	-264.06352 	-205.1079 	 0.14361024 	-3.0196881e-06 	-3.9847826e-07 	 0.11216745 	-4.2394617e-06 	1.5783897e-07 		0.05125 -2.0318757e-07 -2.4891978e-07 100000 1
0.0525 33840.474 	0.53295562 	0.046201083 	 223976.03 	0.049364498 	0.010183291 	 6.6775891e-09 	-0.00071487066 	0.031250621 	 1.6404087e-09 	-0.0018493446 	-0.002387406 	 0.0082947054 	-261.45118 	-219.30569 	 0.14451177 	-2.8001611e-06 	-4.0130629e-07 	 0.099921343 	-4.1344084e-06 	1.7354694e-07 		0.0525 -2.0681848e-07 -2.5416058e-07 100000 1
0.05375 33727.897 	0.50509373 	0.045889435 	 234407.59 	0.050245562 	0.011299783 	 6.4564186e-09 	-0.00071905872 	0.031392761 	 1.6276262e-09 	-0.0019030319 	-0.0022958347 	 0.0078979636 	-260.34167 	-235.24637 	 0.14495739 	-2.557957e-06 	-3.9857793e-07 	 0.081904588 	-4.0702765e-06 	1.5989757e-07 		0.05375 -2.1020683e-07 -2.5928678e-07 100000 1
0.055 33738.376 	0.48173495 	0.045811242 	 245600.83 	0.046924138 	0.011305357 	 6.1878574e-09 	-0.00072879861 	0.03154077 	 1.5752025e-09 	-0.0019484784 	-0.0022021217 	 0.0075731613 	-261.69586 	-251.65426 	 0.14492019 	-2.3605868e-06 	-3.9821636e-07 	 0.057543302 	-3.9664873e-06 	1.573685e-07 		0.055 -2.1326362e-07 -2.6429363e-07 100000 1
0.05625 33794.708 	0.45455583 	0.047162905 	 257553.97 	0.045116667 	0.0093855917 	 5.9275833e-09 	-0.00074076615 	0.03169655 	 1.5534167e-09 	-0.0019934314 	-0.0021003105 	 0.0071835417 	-265.17761 	-269.31827 	 0.14444188 	-2.1251117e-06 	-4.1217233e-07 	 0.027091651 	-3.8783833e-06 	1.7407225e-07 		0.05625 -2.1603542e-07 -2.6922373e-07 100000 1
0.0575 33780.393 	0.42778271 	0.046288478 	 270383.15 	0.04576037 	0.011437043 	 5.7008944e-09 	-0.0007485685 	0.03186426 	 1.5264815e-09 	-0.0020513952 	-0.0019810825 	 0.0067992298 	-270.44299 	-290.06977 	 0.14350443 	-1.8950426e-06 	-4.0387727e-07 	 -0.010020885 	-3.8117511e-06 	1.5095991e-07 		0.0575 -2.1858228e-07 -2.7401529e-07 100000 1
0.05875 33793.778 	0.40395963 	0.045712896 	 284027.82 	0.041525381 	0.010926776 	 5.477681e-09 	-0.00075806112 	0.032040571 	 1.5177535e-09 	-0.00210796 	-0.0018523941 	 0.0064619848 	-278.35112 	-312.22775 	 0.14213318 	-1.694457e-06 	-3.985851e-07 	 -0.05358844 	-3.6970182e-06 	1.534497e-07 		0.05875 -2.2083909e-07 -2.787026e-07 100000 1
0.06 33905.191 	0.37524257 	0.047070628 	 298550.44 	0.041593297 	0.01007974 	 5.2204076e-09 	-0.00077448692 	0.032224439 	 1.4884491e-09 	-0.0021519351 	-0.0017171587 	 0.0060393936 	-290.06227 	-334.43641 	 0.14029467 	-1.4446297e-06 	-4.1265676e-07 	 -0.10427712 	-3.6278552e-06 	1.5931579e-07 		0.06 -2.2276605e-07 -2.8330303e-07 100000 1
0.06125 33990.301 	0.34937857 	0.046826678 	 313963.87 	0.04073013 	0.011626087 	 4.9671908e-09 	-0.00079063811 	0.03241898 	 1.436858e-09 	-0.0021969529 	-0.0015676058 	 0.0056625732 	-305.00214 	-358.40634 	 0.13802254 	-1.2238714e-06 	-4.1072512e-07 	 -0.16182864 	-3.5486722e-06 	1.4119508e-07 		0.06125 -2.244379e-07 -2.8777296e-07 100000 1
0.0625 33983.204 	0.32385096 	0.046569461 	 330349.14 	0.036757391 	0.010184141 	 4.7593628e-09 	-0.00080236325 	0.032626545 	 1.4460246e-09 	-0.0022490162 	-0.0013996693 	 0.0052874616 	-323.30081 	-385.19138 	 0.13530173 	-1.0068597e-06 	-4.0866112e-07 	 -0.22667877 	-3.4372277e-06 	1.5291805e-07 		0.0625 -2.2584062e-07 -2.9214101e-07 100000 1
0.06375 33992.381 	0.29477698 	0.04685364 	 347675.56 	0.03825058 	0.01031519 	 4.5358163e-09 	-0.00081795368 	0.032844223 	 1.4300516e-09 	-0.0022906281 	-0.0012188084 	 0.0048485044 	-346.45005 	-412.14623 	 0.13213273 	-7.5438109e-07 	-4.1203427e-07 	 -0.29886458 	-3.3816152e-06 	1.4888489e-07 		0.06375 -2.2695329e-07 -2.9640997e-07 100000 1
0.065 34033.712 	0.26981681 	0.046654217 	 365984.09 	0.035741696 	0.011586845 	 4.2902496e-09 	-0.00084011754 	0.03307215 	 1.3827842e-09 	-0.0023152209 	-0.0010237416 	 0.0044763373 	-375.63721 	-438.01422 	 0.12849972 	-5.4273297e-07 	-4.1059126e-07 	 -0.37872607 	-3.2878267e-06 	1.3346184e-07 		0.065 -2.2774762e-07 -3.0056288e-07 100000 1
0.06625 33969.581 	0.24270224 	0.047084463 	 385324.72 	0.032139038 	0.01004323 	 4.0745817e-09 	-0.00085905269 	0.033313982 	 1.3808106e-09 	-0.0023373598 	-0.00080838148 	 0.0040615506 	-410.30604 	-464.9732 	 0.12441346 	-3.0973957e-07 	-4.1545183e-07 	 -0.46625189 	-3.1827341e-06 	1.4616939e-07 		0.06625 -2.2826674e-07 -3.0462394e-07 100000 1
0.0675 33784.061 	0.21416405 	0.046136344 	 405725.31 	0.031557653 	0.011375589 	 3.8699691e-09 	-0.00087400516 	0.033570375 	 1.3698278e-09 	-0.0023543321 	-0.00057207964 	 0.0036192276 	-451.16696 	-492.41109 	 0.11986863 	-6.2966437e-08 	-4.0654644e-07 	 -0.56158273 	-3.1074775e-06 	1.3003949e-07 		0.0675 -2.2853749e-07 -3.0855161e-07 100000 1
0.06875 33584.071 	0.18848535 	0.045746593 	 427190.26 	0.028160873 	0.011019188 	 3.654904e-09 	-0.00089637146 	0.033839037 	 1.3480439e-09 	-0.0023427679 	-0.00031467794 	 0.0032179774 	-501.24288 	-515.44854 	 0.1148429 	1.5572979e-07 	-4.0324718e-07 	 -0.66502173 	-3.0063497e-06 	1.3086338e-07 		0.06875 -2.2847482e-07 -3.1235358e-07 100000 1
0.07 33323.166 	0.15959399 	0.047590124 	 449728.96 	0.024925905 	0.005551937 	 3.434126e-09 	-0.00092435632 	0.034121034 	 1.3413754e-09 	-0.0023007104 	-3.1987606e-05 	 0.0027504317 	-561.63531 	-532.71367 	 0.10934321 	4.0683244e-07 	-4.2230419e-07 	 -0.77649284 	-2.9076588e-06 	1.8282862e-07 		0.07 -2.2808816e-07 -3.1608027e-07 100000 1
0.07125 32853.236 	0.13065805 	0.045189173 	 473437.65 	0.022670902 	0.0074233843 	 3.2374585e-09 	-0.00094499612 	0.034420635 	 1.3408627e-09 	-0.0022388764 	0.00027909435 	 0.002281164 	-631.85015 	-545.45444 	 0.10336406 	6.5778518e-07 	-3.9893021e-07 	 -0.89626757 	-2.8185294e-06 	1.6133814e-07 		0.07125 -2.2744937e-07 -3.1963755e-07 100000 1
0.0725 32211.4 	0.10168681 	0.04185391 	 498278.55 	0.020731999 	0.0075884264 	 3.1111836e-09 	-0.00096397833 	0.034736703 	 1.3962561e-09 	-0.0021378621 	0.00062203712 	 0.0018007994 	-714.59335 	-548.12629 	 0.096921938 	9.090528e-07 	-3.6623651e-07 	 -1.0241346 	-2.733417e-06 	1.5689937e-07 		0.0725 -2.2648992e-07 -3.2311838e-07 100000 1
0.07375 31463.027 	0.065018197 	0.035066891 	 524311.28 	0.0061129873 	-0.0045720945 	 2.9740017e-09 	-0.00099520845 	0.035084315 	 1.4810351e-09 	-0.0019402763 	0.0010481224 	 0.0011565376 	-827.12617 	-524.05167 	 0.08998286 	1.2378352e-06 	-2.9905014e-07 	 -1.1607968 	-2.5239564e-06 	2.7580368e-07 		0.07375 -2.2514196e-07 -3.2639603e-07 100000 1
0.075 30323.339 	0.015867093 	0.02365375 	 548567.78 	0.000277 	-0.002511 	 2.942675e-09 	-0.0010251989 	0.035337547 	 1.5555e-09 	-0.0017046156 	0.0014287989 	 0.0002905004 	-927.6662 	-483.10572 	 0.084097977 	1.69085e-06 	-1.856115e-07 	 -1.2763381 	-2.40375e-06 	2.52405e-07 		0.075 -2.232722e-07 -3.2948485e-07 100000 1
