# x y z jRe_x jRe_y jRe_z jIm_x jIm_y jIm_z BRe_x BRe_y BRe_z BIm_x BIm_y BIm_z F_x F_y F_z
# 1e-3 1e-3 1e-3 1e+6 1e+6 1e+6 1e+6 1e+6 1e+6 1 1 1 1 1 1 1e+6 1e+6 1e+6
30 -75 10 -7.10544 -0.305026 -0.649087 -10.3714 0.0205033 -0.95903 -0.0041977 0.00118557 0.0511051 0.000225083 -0.00123195 0.000524293 -0.00799479 0.185536 0.00153402
30 -74.5 10 -7.10675 -0.509501 -0.625761 -8.73968 -0.0699628 -0.824155 -0.00391967 0.00102065 0.048743 0.000557082 -0.0013033 -0.00270878 -0.0125403 0.162362 0.00108941
30 -74 10 -6.97528 -0.918077 -0.622268 -7.13847 -0.10479 -0.670836 -0.00355493 0.0009143 0.0452108 0.000994402 -0.0012774 -0.00726262 -0.020517 0.13253 -0.000209173
30 -73.5 10 -6.80399 -1.34611 -0.577604 -5.63492 -0.182795 -0.542459 -0.00315177 0.000742399 0.0413111 0.00138187 -0.00134113 -0.011467 -0.0269059 0.108768 -0.000742079
30 -73 10 -6.48734 -1.8025 -0.546483 -4.36464 -0.172395 -0.451548 -0.00278996 0.000612061 0.037621 0.0016874 -0.00134559 -0.014854 -0.0327621 0.0899954 -0.00141782
30 -72.5 10 -6.11652 -2.24075 -0.500381 -3.22982 -0.193483 -0.356428 -0.00241624 0.000383772 0.0338632 0.00191861 -0.00134821 -0.017616 -0.0363795 0.0753768 -0.00151793
30 -72 10 -5.67524 -2.60316 -0.454165 -2.34867 -0.171791 -0.278521 -0.00216279 0.000370905 0.0309418 0.00209796 -0.00131346 -0.0194175 -0.0387041 0.0651976 -0.00214489
30 -71.5 10 -5.21625 -2.95368 -0.407286 -1.56614 -0.137763 -0.210442 -0.00187458 0.000295449 0.0280494 0.002244 -0.00128609 -0.0208385 -0.0400642 0.0569839 -0.00237736
30 -71 10 -4.75604 -3.30467 -0.356936 -0.885163 -0.10777 -0.147869 -0.00159187 0.0002107 0.0253697 0.00236396 -0.00126062 -0.0219382 -0.0407927 0.0507295 -0.00244605
30 -70.5 10 -4.30426 -3.60806 -0.308373 -0.369672 -0.0342728 -0.106819 -0.00136816 0.000163052 0.0229225 0.00245225 -0.00123389 -0.0226384 -0.0410056 0.0452277 -0.00254901
30 -70 10 -3.86209 -3.89117 -0.261637 0.0808587 0.0447122 -0.0708919 -0.00115987 0.000116613 0.0206928 0.00250446 -0.00119341 -0.0231189 -0.0408035 0.0409564 -0.00258605
30 -69.5 10 -3.44064 -4.17085 -0.218491 0.432373 0.13321 -0.0350033 -0.000976023 6.11426e-05 0.0188047 0.00251945 -0.00113837 -0.0233053 -0.0407812 0.0374509 -0.00255451
30 -69 10 -3.04989 -4.40392 -0.186514 0.692781 0.230212 -0.0152354 -0.000773719 1.90269e-05 0.017128 0.00253526 -0.00109157 -0.0232957 -0.0404031 0.0342415 -0.00240265
30 -68.5 10 -2.6745 -4.62033 -0.158958 0.89402 0.338813 0.00409005 -0.000619842 1.85916e-05 0.0156785 0.00254005 -0.00106179 -0.0231563 -0.0401392 0.0313716 -0.00236173
30 -68 10 -2.33555 -4.79474 -0.119562 1.02172 0.444424 0.0184582 -0.000535659 6.83122e-06 0.0145405 0.00253794 -0.0010291 -0.022892 -0.039936 0.0287301 -0.00238184
30 -67.5 10 -2.01251 -4.9539 -0.083552 1.11871 0.536843 0.0299861 -0.000424119 -9.23653e-06 0.0135594 0.00251914 -0.000982122 -0.0225236 -0.0396174 0.0262984 -0.00226677
30 -67 10 -1.72317 -5.09813 -0.0504322 1.18477 0.667291 0.0443566 -0.000313445 4.10217e-06 0.0126258 0.00248878 -0.000933182 -0.0221848 -0.039565 0.0240832 -0.0021857
30 -66.5 10 -1.47642 -5.23028 -0.027871 1.19571 0.763529 0.0436153 -0.000234438 4.18484e-06 0.0119637 0.00245907 -0.000895531 -0.0217747 -0.0395799 0.0219067 -0.00209036
30 -66 10 -1.24426 -5.34431 -0.00257267 1.2 0.866748 0.0429324 -0.000163759 6.54586e-07 0.0113542 0.0024469 -0.000875316 -0.0213611 -0.0395787 0.0199332 -0.00202361
30 -65.5 10 -1.04092 -5.43455 0.0232743 1.18341 0.984763 0.0469925 -0.000129287 1.58549e-05 0.0109012 0.00242192 -0.000852211 -0.0209916 -0.0399376 0.0181499 -0.00205633
30 -65 10 -0.855459 -5.50466 0.0320084 1.14148 1.07616 0.0406456 -0.000103042 2.06138e-06 0.0106488 0.00240439 -0.000820579 -0.0205792 -0.0403656 0.0163474 -0.00204657
30 -64.5 10 -0.709576 -5.59223 0.0439574 1.07968 1.14099 0.0393101 -4.06277e-05 4.97587e-06 0.0104704 0.0023767 -0.000785587 -0.0201168 -0.0407378 0.0146204 -0.00189535
30 -64 10 -0.585695 -5.62851 0.0500645 1.03186 1.24978 0.0357964 1.24454e-05 -2.46687e-05 0.010091 0.00232757 -0.000756498 -0.0197686 -0.0407378 0.0131963 -0.00180253
30 -63.5 10 -0.466473 -5.67414 0.062297 0.973912 1.33098 0.029905 2.40479e-05 -1.0156e-05 0.010014 0.00229907 -0.000725043 -0.0194818 -0.0413643 0.0118575 -0.00181248
30 -63 10 -0.360964 -5.71608 0.0744313 0.91756 1.41363 0.0288483 5.08216e-05 1.68999e-05 0.00996061 0.00228742 -0.000706724 -0.019244 -0.0420602 0.0106614 -0.00179881
30 -62.5 10 -0.296054 -5.7337 0.0734055 0.837698 1.50024 0.0194058 6.64146e-05 1.13274e-05 0.00988522 0.00227457 -0.000695665 -0.0189402 -0.0425405 0.00942086 -0.00180885
30 -62 10 -0.211089 -5.76203 0.0836619 0.787354 1.55836 0.0178056 6.90129e-05 1.39963e-05 0.00990358 0.00225013 -0.000672025 -0.0187006 -0.0430981 0.00843017 -0.00182047
30 -61.5 10 -0.147589 -5.78365 0.0972738 0.729664 1.6143 0.0202597 6.97968e-05 3.05275e-05 0.00993108 0.00224595 -0.000662825 -0.0185066 -0.0436513 0.00751081 -0.00185505
30 -61 10 -0.10157 -5.81399 0.105825 0.667497 1.6627 0.020763 6.02071e-05 3.91517e-05 0.0100718 0.00224255 -0.000645489 -0.0183562 -0.0445345 0.0066643 -0.00190674
30 -60.5 10 -0.0632321 -5.82277 0.0988404 0.611792 1.71873 0.0116145 8.66993e-05 4.81536e-05 0.0101256 0.0022269 -0.000631514 -0.0182011 -0.0451196 0.005905 -0.001856
30 -60 10 -0.0222269 -5.83255 0.0983844 0.562742 1.77966 0.0078071 9.45876e-05 5.68016e-05 0.0101731 0.00221322 -0.000624587 -0.0180962 -0.0457704 0.00521809 -0.00186992
30 -59.5 10 -0.0265373 -5.8367 0.101854 0.497488 1.80519 0.00698141 0.000107329 6.73527e-05 0.0102705 0.00222094 -0.000607456 -0.0179436 -0.04617 0.00461286 -0.00184338
30 -59 10 -0.00826372 -5.85988 0.0984868 0.445472 1.84544 0.00104848 0.000123727 6.57616e-05 0.0105129 0.00218949 -0.000578971 -0.0179345 -0.0473536 0.00404534 -0.001787
30 -58.5 10 0.00263402 -5.87276 0.106684 0.404798 1.864 0.00470968 0.0001039 7.97032e-05 0.0106331 0.00219986 -0.000573031 -0.0178389 -0.0478514 0.00360729 -0.00186105
30 -58 10 0.0104667 -5.86465 0.11233 0.36566 1.8931 0.00577901 8.41663e-05 9.52713e-05 0.0106501 0.00218897 -0.000565352 -0.0177282 -0.0480138 0.00319657 -0.00192804
30 -57.5 10 0.000919362 -5.8446 0.0913919 0.318707 1.95481 -0.00845987 7.70811e-05 6.88793e-05 0.0106134 0.00219262 -0.000553531 -0.0177409 -0.0483611 0.00281644 -0.002006
30 -57 10 0.0327462 -5.86724 0.0855961 0.308501 1.95471 -0.0156713 6.90619e-05 5.92112e-05 0.0108316 0.002183 -0.000536962 -0.0177205 -0.0491017 0.00254189 -0.00201282
30 -56.5 10 0.0298595 -5.87101 0.0973384 0.276037 1.98312 -0.00995072 9.72928e-05 7.47313e-05 0.0109065 0.00218385 -0.00053526 -0.0177358 -0.0496085 0.00227891 -0.00195258
30 -56 10 -0.00117284 -5.87769 0.107961 0.229511 1.99722 -0.00336611 5.72015e-05 8.83159e-05 0.0110524 0.00216585 -0.000525976 -0.0177409 -0.0502032 0.00204179 -0.00205515
30 -55.5 10 0.0139128 -5.88275 0.0963079 0.220382 2.01374 -0.0112432 5.60665e-05 7.71617e-05 0.011139 0.00218337 -0.000514943 -0.0177332 -0.0506256 0.00186698 -0.00208966
30 -55 10 0.00818647 -5.89261 0.0946009 0.199571 2.03075 -0.010747 6.47697e-05 8.72594e-05 0.0111424 0.00219402 -0.000504801 -0.0177607 -0.0508694 0.00171792 -0.00208693
30 -54.5 10 0.0130208 -5.88889 0.103716 0.186142 2.0572 -0.00547656 6.32456e-05 0.000103663 0.0111262 0.00220072 -0.000498129 -0.0177886 -0.0510644 0.00158042 -0.00212312
30 -54 10 0.004397 -5.89292 0.103211 0.163942 2.06871 -0.00713941 6.85174e-05 0.000108024 0.0112296 0.00218437 -0.000491847 -0.0178078 -0.0515145 0.00143078 -0.00209761
30 -53.5 10 -0.0281352 -5.90593 0.098328 0.132293 2.06766 -0.00897222 5.9064e-05 9.03317e-05 0.0114579 0.0021957 -0.000479986 -0.017846 -0.052291 0.00133469 -0.00212858
30 -53 10 0.016836 -5.90122 0.107385 0.15392 2.08925 -0.00444671 6.25561e-05 8.94915e-05 0.0113748 0.00221268 -0.00047226 -0.0178739 -0.0522401 0.00127826 -0.00216244
30 -52.5 10 0.021068 -5.91122 0.0913607 0.149511 2.10151 -0.0119185 5.57556e-05 5.95185e-05 0.0114684 0.00219398 -0.000458353 -0.0179272 -0.0527386 0.00120881 -0.00217418
30 -52 10 -0.00143162 -5.91768 0.0832952 0.127472 2.10936 -0.0168147 7.02915e-05 7.97957e-05 0.0114269 0.0021766 -0.000451059 -0.0179619 -0.0527615 0.00113763 -0.00211644
30 -51.5 10 -0.0174268 -5.92279 0.0804092 0.110156 2.10979 -0.0182212 6.62659e-05 8.89196e-05 0.011456 0.0021831 -0.000443139 -0.0179741 -0.052894 0.00107257 -0.00213188
30 -51 10 -0.0129943 -5.9316 0.0900962 0.10539 2.11496 -0.0112421 5.59213e-05 9.7547e-05 0.0115623 0.00221107 -0.000435383 -0.0180107 -0.0533443 0.00101429 -0.00219588
30 -50.5 10 -0.0184376 -5.93594 0.0854001 0.096034 2.10839 -0.0116443 5.44641e-05 9.97166e-05 0.0116763 0.00220726 -0.000428555 -0.0180088 -0.0536465 0.000961844 -0.00218673
30 -50 10 -0.00690811 -5.94895 0.0850331 0.101563 2.12202 -0.0111849 4.89966e-05 0.000105981 0.011638 0.00221122 -0.000418587 -0.0180638 -0.0537896 0.000947221 -0.00222202
30 -49.5 10 -0.0121737 -5.95836 0.0800974 0.0943977 2.13231 -0.01361 5.82306e-05 8.96754e-05 0.0116324 0.00221862 -0.000409043 -0.0181185 -0.0539786 0.000913212 -0.00221177
30 -49 10 -0.0273537 -5.96397 0.0729009 0.0787509 2.1277 -0.0175262 6.41123e-05 5.84294e-05 0.0117771 0.00222431 -0.000396288 -0.0181529 -0.0544367 0.000858696 -0.00219155
30 -48.5 10 -0.0356377 -5.95418 0.0705742 0.0685437 2.14837 -0.0185489 6.75624e-05 6.21824e-05 0.0117362 0.00221532 -0.00040263 -0.0181762 -0.0544703 0.000813896 -0.00219343
30 -48 10 -0.0400034 -5.98296 0.0769784 0.063633 2.13335 -0.0114773 9.76615e-05 9.83882e-05 0.0119489 0.00220085 -0.000391469 -0.0182114 -0.0551765 0.00080955 -0.00206987
30 -47.5 10 -0.0230359 -5.96564 0.0754853 0.0776567 2.13473 -0.013239 0.000102538 7.90781e-05 0.0118891 0.00220824 -0.000384383 -0.0181456 -0.0548366 0.000830754 -0.00206699
30 -47 10 -0.0302047 -5.99756 0.0782307 0.0691736 2.12327 -0.00965079 8.92551e-05 9.74283e-05 0.0119895 0.00221128 -0.000381716 -0.0181887 -0.0552692 0.000802978 -0.00209458
30 -46.5 10 -0.0489343 -6.00155 0.0795804 0.0499698 2.15038 -0.00458424 8.28883e-05 0.00010316 0.0119284 0.00221802 -0.000374361 -0.0182794 -0.0554534 0.000746779 -0.00214794
30 -46 10 -0.0486981 -5.98652 0.0666525 0.0486868 2.16226 -0.0128849 7.14255e-05 7.29681e-05 0.0118374 0.00222523 -0.000359877 -0.018274 -0.0551935 0.000721123 -0.0022025
30 -45.5 10 -0.043437 -6.00165 0.0610549 0.0483339 2.15945 -0.0144028 6.33963e-05 6.51643e-05 0.0118931 0.00223649 -0.000350703 -0.0183023 -0.055455 0.00068644 -0.00223444
30 -45 10 -0.0418522 -6.01325 0.0756544 0.0419852 2.15793 -0.0035365 6.26725e-05 8.44374e-05 0.0119007 0.00224378 -0.000345091 -0.0183097 -0.0555404 0.000631807 -0.00224154
30 -44.5 10 -0.0340706 -6.01507 0.0708165 0.0467113 2.16746 -0.00502659 6.83459e-05 8.33218e-05 0.0119261 0.00224661 -0.000339379 -0.0183416 -0.0557493 0.000628319 -0.0022385
30 -44 10 -0.0386731 -6.00842 0.0585808 0.0421163 2.1779 -0.010745 6.26804e-05 7.50876e-05 0.0119123 0.00223143 -0.000331957 -0.0183565 -0.0557803 0.000606744 -0.00225005
30 -43.5 10 -0.0374438 -6.018 0.0665401 0.0413159 2.16328 -0.00490962 7.70824e-05 9.41877e-05 0.0119222 0.00222682 -0.000327592 -0.0183249 -0.0556988 0.000598859 -0.00218521
30 -43 10 -0.0408908 -6.01815 0.0632986 0.0377708 2.18272 -0.00724154 6.9508e-05 8.32761e-05 0.0119259 0.00221332 -0.000320524 -0.0183729 -0.055941 0.000584995 -0.00221412
30 -42.5 10 -0.043824 -6.02421 0.0569558 0.0327973 2.18016 -0.00977195 5.09317e-05 6.94207e-05 0.0119786 0.00221932 -0.000310389 -0.0183739 -0.0561133 0.000554389 -0.00227243
30 -42 10 -0.0407102 -6.04553 0.0652265 0.0300147 2.14785 -0.00604104 3.90498e-05 8.51415e-05 0.0120687 0.00222289 -0.000303195 -0.018321 -0.0561598 0.000515168 -0.00227546
30 -41.5 10 -0.0186144 -6.05119 0.0583259 0.0415782 2.18156 -0.00639877 6.35475e-05 0.000116944 0.0119296 0.00224767 -0.000311442 -0.0184253 -0.0561966 0.00048874 -0.00226701
30 -41 10 -0.042822 -6.03764 0.0462865 0.0224807 2.18165 -0.0132724 6.27544e-05 6.95968e-05 0.0119441 0.00224389 -0.000298676 -0.0183812 -0.0561113 0.000448908 -0.0022631
30 -40.5 10 -0.0448838 -6.04684 0.0448017 0.0194297 2.17927 -0.015175 4.54836e-05 5.68161e-05 0.0120416 0.00225155 -0.000291795 -0.0184068 -0.0564672 0.000432992 -0.00231997
30 -40 10 -0.0372654 -6.05555 0.0512293 0.0226649 2.18191 -0.0129594 4.70896e-05 6.97195e-05 0.0120493 0.00223866 -0.000293989 -0.0184239 -0.056586 0.00042 -0.00230433
30 -39.5 10 -0.0406303 -6.05217 0.0687837 0.0150911 2.16287 0.000643624 8.50593e-05 0.000101509 0.0121132 0.00222789 -0.000288274 -0.0183514 -0.056505 0.000388196 -0.00215615
30 -39 10 -0.0400504 -6.06744 0.062125 0.0120433 2.15487 -0.00213294 9.32998e-05 7.2644e-05 0.0121959 0.00223455 -0.000278238 -0.0183603 -0.0567835 0.0003553 -0.00212767
30 -38.5 10 -0.0396458 -6.07471 0.0560263 0.0105449 2.15298 -0.00615549 9.254e-05 7.30833e-05 0.0121793 0.00223338 -0.000271304 -0.0183767 -0.0567781 0.000334038 -0.00212601
30 -38 10 -0.0416988 -6.06771 0.0520674 0.00945424 2.17933 -0.0091552 7.47872e-05 7.11265e-05 0.0120318 0.00222617 -0.000267618 -0.0184189 -0.0565761 0.00032968 -0.00220163
30 -37.5 10 -0.0329313 -6.08462 0.0567896 0.0145222 2.17237 -0.00693152 6.73327e-05 7.92865e-05 0.0121581 0.0022268 -0.000271106 -0.0184215 -0.057001 0.000328146 -0.00221715
30 -37 10 -0.0433412 -6.08735 0.0470225 0.000745115 2.17732 -0.013097 8.95292e-05 5.4924e-05 0.0120672 0.00222391 -0.000264766 -0.0184263 -0.0567915 0.000255909 -0.00214988
30 -36.5 10 -0.0290562 -6.08959 0.0554317 0.00697605 2.15691 -0.00479906 5.32798e-05 7.13575e-05 0.0122549 0.00224873 -0.000259081 -0.0184017 -0.0571618 0.000238308 -0.00226486
30 -36 10 -0.0349039 -6.0748 0.0437739 -0.00163814 2.17328 -0.0100274 8.95612e-05 5.23024e-05 0.0121608 0.00224328 -0.000249894 -0.0183925 -0.0569256 0.000187878 -0.00216631
30 -35.5 10 -0.018805 -6.07492 0.0427102 0.00724003 2.16283 -0.0108904 6.13313e-05 5.64074e-05 0.0122168 0.00220392 -0.000242151 -0.018353 -0.0569578 0.000170616 -0.00219846
30 -35 10 -0.041316 -6.11519 0.0406344 -0.00665778 2.15528 -0.0111653 7.76332e-05 4.58404e-05 0.0123026 0.00224392 -0.000246563 -0.0184079 -0.0574558 0.00018192 -0.0021809
30 -34.5 10 -0.0341835 -6.09337 0.0453262 -0.00642304 2.16754 -0.00761678 5.31485e-05 7.24528e-05 0.0121759 0.00223816 -0.00023983 -0.0183961 -0.0570357 0.000141708 -0.00226419
30 -34 10 -0.0379456 -6.09318 0.0380256 -0.0123513 2.15769 -0.0126984 7.2158e-05 6.23872e-05 0.0122103 0.00222732 -0.000233233 -0.0183843 -0.0570363 0.000105359 -0.00218284
30 -33.5 10 -0.046589 -6.12458 0.0474342 -0.0215001 2.15587 -0.0085479 6.53487e-05 8.06115e-05 0.0121728 0.00221656 -0.000239326 -0.0184466 -0.0571638 7.73337e-05 -0.00218849
30 -33 10 -0.020732 -6.09478 0.0426774 0.00105567 2.16026 -0.0095721 4.14086e-05 5.45067e-05 0.0121924 0.00224535 -0.000232268 -0.018377 -0.0570067 0.000126223 -0.00229977
30 -32.5 10 -0.0321148 -6.06997 0.0268927 -0.0160931 2.17906 -0.0177248 6.95178e-05 2.98821e-05 0.0121542 0.00223226 -0.000223079 -0.0183823 -0.0569182 2.84024e-05 -0.00221982
30 -32 10 -0.043951 -6.07584 0.0382508 -0.0236987 2.18466 -0.0104749 0.000113138 7.69878e-05 0.0121186 0.00228624 -0.000213992 -0.0184109 -0.0569287 3.83446e-05 -0.00215278
30 -31.5 10 -0.0463842 -6.10148 0.0442091 -0.0247255 2.16572 -0.00538056 8.80736e-05 8.54848e-05 0.0122106 0.00227809 -0.000212946 -0.0183928 -0.0571707 5.16226e-05 -0.00219752
30 -31 10 -0.0471433 -6.13683 0.0438412 -0.0268086 2.12239 -0.00411883 4.21304e-05 7.15061e-05 0.0124171 0.00223712 -0.000212907 -0.0183299 -0.0575545 4.33093e-05 -0.00224357
30 -30.5 10 -0.0349936 -6.09538 0.036332 -0.0251758 2.1636 -0.00911301 6.00752e-05 5.6135e-05 0.0121628 0.00225653 -0.000205784 -0.0183493 -0.0569206 -2.73609e-05 -0.00225642
30 -30 10 -0.0399245 -6.10484 0.0343425 -0.0311631 2.15099 -0.00994346 4.46052e-05 4.36114e-05 0.0122116 0.0022675 -0.000201798 -0.0183452 -0.0570068 -5.25839e-05 -0.00230026
30 -29.5 10 -0.00759081 -6.12251 0.0416605 -0.0128135 2.13527 -0.00459398 2.46026e-05 2.60082e-05 0.0122889 0.00224105 -0.000192347 -0.0183105 -0.0571695 -7.53047e-05 -0.00231618
30 -29 10 0.0129551 -6.08948 0.0358988 0.00439445 2.16133 -0.0118155 2.93919e-05 2.068e-05 0.0120561 0.00222978 -0.000204642 -0.0182861 -0.0564704 -5.0561e-05 -0.00232047
30 -28.5 10 -0.001245 -6.1018 0.0341901 -0.00659019 2.14017 -0.0122796 3.36843e-05 4.10123e-05 0.0121526 0.00222428 -0.000200059 -0.0182579 -0.0566158 -6.56773e-05 -0.00227676
30 -28 10 -0.0260803 -6.10906 0.0353418 -0.0286055 2.12686 -0.00847075 9.97402e-06 5.92363e-05 0.012222 0.00223051 -0.000193934 -0.0182432 -0.0567347 -0.000110821 -0.00233953
30 -27.5 10 -0.0362938 -6.09785 0.0376411 -0.0395852 2.12136 -0.00645424 4.23927e-05 6.76269e-05 0.0122366 0.00222692 -0.000192341 -0.0181947 -0.0566093 -0.000144453 -0.00223022
30 -27 10 -0.028624 -6.09576 0.0352942 -0.0368195 2.1303 -0.00710213 9.44923e-05 5.52765e-05 0.0122507 0.002226 -0.000185835 -0.0182102 -0.0567368 -0.000166152 -0.0020804
30 -26.5 10 -0.0291446 -6.12453 0.0437889 -0.038965 2.11268 0.00138459 4.71869e-05 5.36069e-05 0.0124215 0.0022434 -0.000172883 -0.0182328 -0.057299 -0.000171626 -0.00222272
30 -26 10 -0.0310741 -6.1178 0.0403375 -0.041154 2.11521 -0.00143768 2.59274e-05 3.96227e-05 0.0123251 0.00223034 -0.000169918 -0.0182018 -0.0569526 -0.000184124 -0.00227662
30 -25.5 10 -0.0392129 -6.09722 0.0321041 -0.0449644 2.12702 -0.00843926 4.87455e-05 2.45075e-05 0.0121332 0.00221946 -0.000175171 -0.0181682 -0.0563126 -0.000179154 -0.00220836
30 -25 10 -0.0358703 -6.1051 0.0368078 -0.0454542 2.106 -0.0048731 5.27375e-05 5.33299e-05 0.0122177 0.00220606 -0.000175008 -0.018111 -0.0563673 -0.000196889 -0.00215898
30 -24.5 10 -0.033077 -6.10882 0.0378821 -0.0448688 2.09559 -0.0026086 4.42516e-05 7.10632e-05 0.0122772 0.00221066 -0.000170684 -0.0180753 -0.0564404 -0.000204507 -0.0021785
30 -24 10 -0.0378223 -6.11696 0.0320617 -0.0470638 2.07546 -0.00664362 7.97339e-05 6.0607e-05 0.0123818 0.0022111 -0.000172345 -0.0180397 -0.0565912 -0.000196421 -0.00204775
30 -23.5 10 -0.0483925 -6.11748 0.0360682 -0.0603954 2.07662 -0.00286033 7.31303e-05 8.3731e-05 0.0123103 0.00221554 -0.000173724 -0.0180149 -0.0563609 -0.000247993 -0.00207352
30 -23 10 -0.0563271 -6.11492 0.0480181 -0.0700332 2.07664 0.00587874 6.46934e-05 0.000114974 0.0123015 0.002232 -0.000171223 -0.0180025 -0.056306 -0.000275816 -0.00211697
30 -22.5 10 -0.0498569 -6.1078 0.0294607 -0.0660127 2.06306 -0.00898779 8.32252e-05 5.85812e-05 0.0123325 0.00222414 -0.00016722 -0.0179366 -0.0561658 -0.000293362 -0.00203605
30 -22 10 -0.0591163 -6.11502 0.0312029 -0.0747397 2.06801 -0.00865097 6.30299e-05 5.65546e-05 0.0122488 0.00221793 -0.000164825 -0.0179618 -0.0560249 -0.000317787 -0.00209614
30 -21.5 10 -0.0705476 -6.10917 0.0276718 -0.0882733 2.07152 -0.0137728 3.6638e-05 5.60383e-05 0.0121543 0.00219721 -0.000165645 -0.0179548 -0.055725 -0.000378359 -0.00215852
30 -21 10 -0.0765349 -6.11759 0.0277141 -0.0928608 2.05915 -0.0123424 4.28213e-05 4.24518e-05 0.0121814 0.00222294 -0.000165261 -0.0179239 -0.0557162 -0.000379187 -0.00215165
30 -20.5 10 -0.0704279 -6.12602 0.0304992 -0.0902628 2.02478 -0.0125981 5.55036e-05 3.96251e-05 0.0123273 0.00222687 -0.000166911 -0.0178216 -0.0558027 -0.0003834 -0.00207832
30 -20 10 -0.0632197 -6.13148 0.0360768 -0.0882642 1.99945 -0.0106787 6.93226e-05 5.03242e-05 0.0124341 0.00222372 -0.000168012 -0.0177452 -0.0558619 -0.000400715 -0.00200476
30 -19.5 10 -0.0771557 -6.14277 0.0438213 -0.100527 1.99593 -0.00245411 9.0625e-05 0.000102638 0.0123578 0.00224363 -0.000166274 -0.0177684 -0.0556903 -0.000417133 -0.00195632
30 -19 10 -0.0795939 -6.12198 0.0305909 -0.112456 2.015 -0.0158261 7.90491e-05 6.17486e-05 0.0121864 0.00222388 -0.000172031 -0.0177528 -0.0551907 -0.000529611 -0.00199137
30 -18.5 10 -0.0844425 -6.13852 0.031125 -0.124442 1.98955 -0.0168773 6.46981e-05 6.76958e-05 0.0122386 0.00222651 -0.000176223 -0.0177212 -0.0551946 -0.000603685 -0.00200819
30 -18 10 -0.0955876 -6.14837 0.0341888 -0.143353 1.97504 -0.0144771 5.70812e-05 8.02772e-05 0.0122514 0.00223686 -0.000172352 -0.0177019 -0.0551468 -0.000698481 -0.00202495
30 -17.5 10 -0.107364 -6.15241 0.0400492 -0.164985 1.96787 -0.0128169 7.2662e-05 9.40015e-05 0.0121849 0.00224565 -0.000177049 -0.0176881 -0.0548902 -0.000817952 -0.00197649
30 -17 10 -0.114847 -6.15644 0.0476543 -0.187485 1.96305 -0.00981711 0.000116318 0.00012416 0.0121418 0.00225658 -0.00017567 -0.0176927 -0.0547448 -0.000969636 -0.00184749
30 -16.5 10 -0.124536 -6.16322 0.0404152 -0.210741 1.94723 -0.0169877 0.000132851 0.000103796 0.0121341 0.00224979 -0.000175538 -0.0176832 -0.0546128 -0.00112415 -0.001769
30 -16 10 -0.124676 -6.16015 0.0288171 -0.227295 1.92568 -0.0292189 0.00010547 8.94953e-05 0.0120699 0.00226569 -0.000179361 -0.0176562 -0.0541802 -0.00128574 -0.00184184
30 -15.5 10 -0.119954 -6.16837 0.027625 -0.247133 1.9021 -0.0356651 0.000105304 8.98164e-05 0.0119994 0.00226702 -0.000177165 -0.017652 -0.0538008 -0.00150047 -0.00181477
30 -15 10 -0.108749 -6.17774 0.0385789 -0.269417 1.89392 -0.0363795 0.000147375 0.000108468 0.0119048 0.00226215 -0.000185857 -0.0177018 -0.0535408 -0.00177556 -0.0016678
30 -14.5 10 -0.109464 -6.18494 0.0389416 -0.303117 1.86311 -0.043524 0.000175488 0.000130615 0.011988 0.0022698 -0.000193222 -0.0176957 -0.0535637 -0.00207178 -0.00154962
30 -14 10 -0.102447 -6.20217 0.0493621 -0.340042 1.83424 -0.0438224 0.000165109 0.00016259 0.0119525 0.00231117 -0.000199261 -0.0177699 -0.0533713 -0.00245557 -0.00158205
30 -13.5 10 -0.0851052 -6.20803 0.0584801 -0.371521 1.80161 -0.0459221 0.000145765 0.000174603 0.0118646 0.00233953 -0.000203192 -0.0178093 -0.0528805 -0.00285284 -0.0016247
30 -13 10 -0.0680707 -6.19772 0.0712073 -0.410824 1.78114 -0.0467092 0.000104275 0.000177604 0.0116856 0.00234856 -0.000202987 -0.0178549 -0.0521241 -0.00332103 -0.00173278
30 -12.5 10 -0.0539196 -6.21695 0.0799034 -0.462593 1.73169 -0.0507352 0.000100587 0.000192107 0.0117646 0.00237136 -0.000210844 -0.0179422 -0.052118 -0.00388893 -0.00169697
30 -12 10 -0.0201196 -6.22883 0.0823399 -0.50428 1.68999 -0.0607743 0.000109805 0.000185087 0.0117413 0.00241366 -0.000207017 -0.0180584 -0.0518404 -0.00450396 -0.00164721
30 -11.5 10 0.0224481 -6.23291 0.0907352 -0.545774 1.64598 -0.0694017 0.000105127 0.000199123 0.0117578 0.00243314 -0.00021828 -0.0181987 -0.0516366 -0.00517781 -0.00161303
30 -11 10 0.0759897 -6.23534 0.105835 -0.588702 1.59093 -0.0731071 9.08076e-05 0.000220116 0.0117955 0.00245359 -0.000226884 -0.018302 -0.051353 -0.00592027 -0.00159349
30 -10.5 10 0.12042 -6.23503 0.119619 -0.653206 1.54145 -0.0812501 4.87514e-05 0.000220432 0.0118072 0.0025001 -0.000236106 -0.018469 -0.0510666 -0.00684161 -0.00168452
30 -10 10 0.203495 -6.22306 0.135212 -0.691209 1.49332 -0.0831498 5.10864e-06 0.000247902 0.0118042 0.00255882 -0.000219355 -0.0186895 -0.0507096 -0.00776625 -0.00179364
30 -9.5 10 0.291414 -6.23665 0.155492 -0.730011 1.39235 -0.0905179 -3.66403e-05 0.000259759 0.0121626 0.00259839 -0.000228271 -0.018855 -0.0510838 -0.0087748 -0.00180202
30 -9 10 0.388611 -6.22581 0.182421 -0.774434 1.30079 -0.088019 -0.00011435 0.000296197 0.0124118 0.00264362 -0.000230027 -0.0190183 -0.0510435 -0.00990268 -0.00192874
30 -8.5 10 0.52046 -6.20787 0.207687 -0.806601 1.23696 -0.0870398 -0.000177384 0.000309906 0.0124748 0.00268488 -0.000230793 -0.0192983 -0.0506989 -0.0111646 -0.00203741
30 -8 10 0.65451 -6.19527 0.235752 -0.841558 1.14659 -0.0816923 -0.000265506 0.000351648 0.0128319 0.00273392 -0.00022762 -0.0196 -0.0510357 -0.0125895 -0.00217892
30 -7.5 10 0.815984 -6.17308 0.273205 -0.853481 1.02747 -0.0752245 -0.000364566 0.00036534 0.0133565 0.00277639 -0.000212894 -0.0198608 -0.0514867 -0.014079 -0.00231168
30 -7 10 1.00003 -6.14014 0.313741 -0.847762 0.930889 -0.0651692 -0.00046625 0.000387932 0.0138733 0.00280703 -0.000216464 -0.0201433 -0.0520356 -0.0156399 -0.00245221
30 -6.5 10 1.21579 -6.08885 0.343206 -0.818026 0.819961 -0.0716429 -0.000557772 0.000379366 0.0144028 0.00284031 -0.000220625 -0.0204286 -0.0522966 -0.0173084 -0.00254171
30 -6 10 1.45499 -6.03188 0.401712 -0.778208 0.694048 -0.0400508 -0.000673396 0.000442773 0.0151537 0.00288081 -0.000200597 -0.0206351 -0.0529564 -0.0192464 -0.00263046
30 -5.5 10 1.7166 -5.96411 0.449999 -0.698343 0.554798 -0.0151677 -0.00080394 0.000492201 0.0160037 0.00290691 -0.000201922 -0.0207833 -0.0536015 -0.0211959 -0.0027108
30 -5 10 1.99785 -5.8858 0.491521 -0.585871 0.403811 0.005755 -0.00102057 0.000511708 0.0169769 0.00289463 -0.000203311 -0.0208862 -0.0543035 -0.0233194 -0.00301718
30 -4.5 10 2.33131 -5.8002 0.547577 -0.412771 0.187416 0.0326824 -0.00134402 0.000468612 0.0184084 0.00291362 -0.000173452 -0.0208421 -0.0554646 -0.0260797 -0.00358878
30 -4 10 2.68766 -5.69012 0.606351 -0.156617 -0.0597485 0.0892435 -0.00161961 0.000438411 0.0198646 0.00285183 -0.00017685 -0.0205449 -0.0560271 -0.0286672 -0.0039197
30 -3.5 10 3.0692 -5.55158 0.649567 0.224194 -0.25606 0.1697 -0.00193612 0.000590225 0.0215569 0.00282761 -0.000110001 -0.0201765 -0.0574367 -0.0312084 -0.00411882
30 -3 10 3.45062 -5.39829 0.720193 0.629239 -0.53086 0.263899 -0.00229337 0.00062092 0.0236249 0.00274664 -7.9554e-05 -0.0196005 -0.0587776 -0.035057 -0.00441485
30 -2.5 10 3.81785 -5.16961 0.778756 1.16345 -0.79315 0.36063 -0.00266966 0.000644714 0.0256063 0.00258658 -5.39636e-05 -0.0185697 -0.0590645 -0.0386513 -0.00467546
30 -2 10 4.25578 -4.97993 0.831088 1.82301 -1.13847 0.422016 -0.00309127 0.000631274 0.028026 0.00236273 -5.57002e-05 -0.0172879 -0.0601933 -0.0446642 -0.00505968
30 -1.5 10 4.68789 -4.78084 0.884551 2.49462 -1.48636 0.481416 -0.00352086 0.000603669 0.0304657 0.002144 -6.00731e-05 -0.0159503 -0.0612243 -0.0525559 -0.00548293
30 -1 10 5.02347 -4.55339 0.936839 3.34493 -1.71439 0.58316 -0.00393808 0.000503835 0.0325888 0.00193461 -6.37114e-05 -0.0142835 -0.0621683 -0.0592463 -0.00614851
30 -0.5 10 5.33482 -4.45148 0.974243 4.24822 -1.81002 0.744398 -0.00424439 0.000503568 0.0342103 0.00168946 -2.72598e-05 -0.0129771 -0.0646338 -0.0651267 -0.0066326
30 0 10 5.59714 -4.34753 1.01375 5.11334 -1.96758 0.842402 -0.00452132 0.000506158 0.0357831 0.00160655 3.88936e-05 -0.01169 -0.0665565 -0.0718691 -0.00673182
30 0.5 10 0.429247 -3.67537 0.0733267 0.360275 -2.73773 0.0643857 -0.00506704 0.000404466 0.039459 0.00102262 7.48868e-05 -0.00711713 -0.0627881 -0.00733963 -0.00781151
30 1 10 0.414251 -3.6604 0.071947 0.347414 -2.74713 0.0672801 -0.00503968 0.000378938 0.0394781 0.00105065 7.61798e-05 -0.00688856 -0.062807 -0.00712628 -0.00768877
30 1.5 10 0.391352 -3.63534 0.0700235 0.311681 -2.76033 0.0705778 -0.00503816 0.000362049 0.0395146 0.00107244 0.000111996 -0.00654194 -0.0628121 -0.00685111 -0.00758926
30 2 10 0.371865 -3.61143 0.0655927 0.289475 -2.78006 0.069224 -0.00500453 0.000358049 0.0395807 0.00107557 0.000123055 -0.00618653 -0.0628881 -0.00659082 -0.0074573
30 2.5 10 0.355769 -3.58301 0.0585425 0.264581 -2.79248 0.0608631 -0.00498155 0.000331979 0.0395409 0.00103351 0.000114538 -0.00591366 -0.062594 -0.00636575 -0.00740724
30 3 10 0.340437 -3.55515 0.0538335 0.234261 -2.80622 0.057049 -0.00497099 0.000315065 0.0394911 0.0010233 0.000137176 -0.00563937 -0.0622982 -0.0061662 -0.00733081
30 3.5 10 0.323827 -3.52906 0.0495032 0.199936 -2.81756 0.0508955 -0.00496443 0.000301077 0.0394049 0.00101658 0.000158801 -0.00540769 -0.0619244 -0.0059366 -0.00726312
30 4 10 0.307258 -3.50315 0.0450982 0.173801 -2.81984 0.0430153 -0.00497903 0.000273113 0.0393483 0.000987023 0.00014695 -0.00520801 -0.061588 -0.00568351 -0.00727479
30 4.5 10 0.292336 -3.47925 0.0417555 0.157204 -2.82646 0.0394754 -0.00504727 0.000241224 0.0393347 0.000933373 0.000152038 -0.00499776 -0.0613728 -0.00544359 -0.00741409
30 5 10 0.280667 -3.45401 0.0391135 0.13741 -2.83194 0.0382142 -0.00498058 0.000225964 0.0392278 0.000962394 0.000134311 -0.0048173 -0.0609324 -0.00525301 -0.00719783
30 5.5 10 0.268695 -3.43204 0.0349525 0.122135 -2.8328 0.0334993 -0.00494218 0.000182069 0.0391548 0.00098342 0.0001184 -0.00466789 -0.0605841 -0.00504519 -0.00705628
30 6 10 0.258865 -3.41036 0.0311748 0.109735 -2.83589 0.0305124 -0.00492061 0.000148974 0.0391062 0.000996487 0.000115852 -0.00451132 -0.0602903 -0.00487558 -0.00695192
30 6.5 10 0.248782 -3.38837 0.0287106 0.0938585 -2.83831 0.0285509 -0.00491214 0.000131144 0.03904 0.000999 0.000113971 -0.00436045 -0.0599562 -0.00470783 -0.00688267
30 7 10 0.237552 -3.36607 0.0274746 0.0793698 -2.83889 0.0295213 -0.00493746 0.000127238 0.0390152 0.000976795 0.000125019 -0.00419574 -0.0597119 -0.00452096 -0.00690333
30 7.5 10 0.230595 -3.345 0.0240841 0.070536 -2.83601 0.0245775 -0.00492231 9.75321e-05 0.038857 0.000972485 0.000120911 -0.00416431 -0.059086 -0.00438058 -0.00683807
30 8 10 0.222619 -3.32409 0.0223659 0.0642161 -2.83604 0.0204904 -0.00490378 7.1735e-05 0.0388172 0.000980603 0.000102476 -0.00404248 -0.0587855 -0.00423571 -0.00674853
30 8.5 10 0.215888 -3.30584 0.0212262 0.0594395 -2.83501 0.0196372 -0.0049096 4.4448e-05 0.0387486 0.000984167 9.31957e-05 -0.00396685 -0.0584266 -0.00410722 -0.00671253
30 9 10 0.208521 -3.28605 0.0193053 0.0515092 -2.8344 0.0169527 -0.0049113 3.96392e-05 0.0386919 0.000965404 9.72627e-05 -0.00386667 -0.0580931 -0.00397368 -0.00669458
30 9.5 10 0.202073 -3.26744 0.0173842 0.0434266 -2.83305 0.0157156 -0.00490103 2.59675e-05 0.0386193 0.000970209 0.000101702 -0.00379808 -0.0577142 -0.00385447 -0.00662776
30 10 10 0.196793 -3.24969 0.0159848 0.0395404 -2.82969 0.015439 -0.00489836 8.39381e-06 0.0385147 0.000966761 0.000107101 -0.00377042 -0.0572467 -0.00374685 -0.00658832
30 10.5 10 0.191361 -3.23033 0.0150863 0.0355111 -2.82853 0.0139272 -0.00489255 -6.03236e-06 0.0384683 0.0009673 0.000104296 -0.0036852 -0.0569215 -0.00364541 -0.00653299
30 11 10 0.185657 -3.21311 0.013425 0.0307057 -2.82854 0.0121175 -0.00488868 -2.77614e-05 0.0384315 0.00096622 9.41102e-05 -0.00360263 -0.0566475 -0.00353919 -0.00648857
30 11.5 10 0.180063 -3.19634 0.012046 0.0250171 -2.82573 0.0113587 -0.00487874 -4.45077e-05 0.0383381 0.000967676 9.03075e-05 -0.00357316 -0.0562228 -0.00343084 -0.00643275
30 12 10 0.176282 -3.18085 0.0112435 0.0243939 -2.82463 0.0105891 -0.00487147 -4.79621e-05 0.0382549 0.000970623 9.97484e-05 -0.00356045 -0.0558133 -0.00335065 -0.00637989
30 12.5 10 0.171369 -3.16564 0.00996637 0.0183992 -2.82903 0.00769719 -0.0048917 -8.31577e-05 0.0382386 0.000958694 8.15097e-05 -0.00347417 -0.0556105 -0.00326519 -0.00639297
30 13 10 0.167501 -3.14876 0.00914997 0.0172909 -2.82659 0.00521828 -0.00487627 -0.000107642 0.0381964 0.000966491 7.19282e-05 -0.00341465 -0.0553095 -0.00318924 -0.00631956
30 13.5 10 0.164227 -3.13188 0.00846204 0.0165275 -2.82281 0.00526786 -0.00486693 -0.000117632 0.0381262 0.000962159 7.68786e-05 -0.00338905 -0.0549197 -0.00312072 -0.00627236
30 14 10 0.161528 -3.1167 0.00739259 0.0134936 -2.82364 0.00641901 -0.00489977 -0.000125247 0.0380578 0.000931308 8.76079e-05 -0.00336235 -0.0545602 -0.00306614 -0.00633025
30 14.5 10 0.1574 -3.10247 0.00636497 0.0124449 -2.82311 0.00394975 -0.00488565 -0.000138836 0.0380206 0.000940702 8.41647e-05 -0.00331128 -0.0543045 -0.00298531 -0.00626133
30 15 10 0.155074 -3.08727 0.00608757 0.0128031 -2.82072 0.00468025 -0.00486768 -0.000137644 0.0379439 0.000950119 9.34763e-05 -0.00330357 -0.0539121 -0.0029335 -0.00618398
30 15.5 10 0.152144 -3.07252 0.00546475 0.00964168 -2.82241 0.00255425 -0.00486365 -0.000151875 0.0378891 0.000949353 8.85168e-05 -0.00328041 -0.0535778 -0.00287855 -0.00614322
30 16 10 0.149219 -3.05848 0.00535093 0.00726833 -2.82067 0.00164153 -0.00484767 -0.000165615 0.0378264 0.000961863 8.33244e-05 -0.00326804 -0.0532362 -0.00282251 -0.00606876
30 16.5 10 0.146892 -3.04525 0.00435186 0.00762469 -2.82328 0.00230136 -0.00486197 -0.000176313 0.0377963 0.000943652 8.47216e-05 -0.00322958 -0.0529904 -0.00277317 -0.0060835
30 17 10 0.144164 -3.0319 0.00314362 0.0025086 -2.82337 -0.000318078 -0.00487399 -0.000194267 0.0377614 0.00093302 8.24547e-05 -0.00319895 -0.0527282 -0.00272571 -0.0060855
30 17.5 10 0.142257 -3.01662 0.00329423 0.00383096 -2.81923 0.000809606 -0.00484144 -0.000200341 0.0376973 0.00096404 8.53642e-05 -0.00317753 -0.0523798 -0.00268286 -0.00595754
30 18 10 0.13978 -3.00405 0.00297401 0.00324722 -2.82011 0.000429364 -0.00482843 -0.000200665 0.0376551 0.000972309 8.95639e-05 -0.00316392 -0.0520973 -0.00263356 -0.00589529
30 18.5 10 0.137813 -2.99127 0.00268234 0.00235572 -2.82061 -0.000382964 -0.00482364 -0.000214459 0.0376124 0.000971879 8.62219e-05 -0.00315265 -0.0518081 -0.00259467 -0.00585844
30 19 10 0.136382 -2.9782 0.00236536 0.000773544 -2.81916 -0.00173255 -0.00480935 -0.000226495 0.0375459 0.000976854 8.33493e-05 -0.00315684 -0.0514594 -0.00256561 -0.00580005
30 19.5 10 0.135209 -2.96591 0.00224793 3.11088e-05 -2.8187 -0.00209614 -0.00480714 -0.000239925 0.0374812 0.000972408 7.99137e-05 -0.00317073 -0.0511139 -0.00254027 -0.00577452
30 20 10 0.133821 -2.95276 0.00107962 0.00132031 -2.82031 -0.00543455 -0.00483323 -0.00025826 0.0374682 0.000945365 7.79322e-05 -0.00313125 -0.0509015 -0.00251013 -0.0058198
30 20.5 10 0.132179 -2.93888 0.000429655 -0.000793378 -2.8219 -0.0054863 -0.004826 -0.000266073 0.037448 0.000950055 7.79205e-05 -0.00308996 -0.0506675 -0.00247979 -0.00576865
30 21 10 0.131137 -2.92569 0.000314789 -0.00426414 -2.81687 -0.00292166 -0.00481656 -0.000274487 0.0373588 0.000957916 8.0699e-05 -0.00312722 -0.0502456 -0.00245839 -0.0057149
30 21.5 10 0.129996 -2.9138 0.000138837 -0.00113913 -2.81868 -0.00212143 -0.00483152 -0.00028192 0.037369 0.000943486 8.72165e-05 -0.00307482 -0.0501093 -0.002432 -0.00572773
30 22 10 0.12978 -2.90115 0.000259961 -0.00138605 -2.82044 -0.00277784 -0.00484683 -0.000288658 0.0373171 0.000923983 9.21809e-05 -0.00308648 -0.0497784 -0.00242557 -0.00574645
30 22.5 10 0.128993 -2.8885 0.000103488 -0.0022486 -2.82083 -0.00441939 -0.00482655 -0.000301058 0.0372712 0.000940559 9.11547e-05 -0.0030804 -0.0494841 -0.00240965 -0.00566368
30 23 10 0.127672 -2.87699 -0.000151688 -0.00107034 -2.82222 -0.00434927 -0.00481831 -0.00031321 0.0372593 0.000946529 8.86684e-05 -0.00305532 -0.0492857 -0.00238182 -0.0056155
30 23.5 10 0.126828 -2.86492 -0.000487404 -0.00146822 -2.82086 -0.00420994 -0.00481431 -0.000323523 0.0372268 0.000946595 8.83798e-05 -0.0030528 -0.0490199 -0.00236376 -0.00558178
30 24 10 0.126577 -2.85191 -0.000570202 -0.00168072 -2.81872 -0.0054085 -0.00481333 -0.000333612 0.0371811 0.000943822 8.89094e-05 -0.00305421 -0.048714 -0.00235689 -0.00555458
30 24.5 10 0.126663 -2.83995 -0.000726044 0.000478891 -2.81753 -0.00492755 -0.00481363 -0.000345364 0.0371336 0.000940815 8.93018e-05 -0.00306549 -0.0484101 -0.00235157 -0.00553169
30 25 10 0.126692 -2.8285 -0.00111088 -0.000192314 -2.81863 -0.00431896 -0.00480209 -0.000355802 0.0370794 0.000949769 8.95702e-05 -0.0030905 -0.048084 -0.00234852 -0.00547537
30 25.5 10 0.126336 -2.81507 -0.00131367 -0.000206511 -2.82078 -0.00617666 -0.00478521 -0.00036325 0.0370711 0.000962076 9.08749e-05 -0.00305859 -0.0478649 -0.00234184 -0.00540139
30 26 10 0.126588 -2.80274 -0.00137177 0.000163704 -2.81908 -0.00606059 -0.00478127 -0.000370363 0.0370185 0.000965592 9.82575e-05 -0.00307682 -0.0475396 -0.00234245 -0.00536272
30 26.5 10 0.126705 -2.7908 -0.00141439 -0.00029372 -2.81897 -0.00746634 -0.00477829 -0.000381469 0.0369917 0.000964586 9.70125e-05 -0.00307078 -0.0472899 -0.00234419 -0.00533224
30 27 10 0.126526 -2.77896 -0.00175238 0.000284862 -2.82198 -0.00902104 -0.00480814 -0.000405302 0.0369899 0.000929355 8.93229e-05 -0.00305866 -0.0470809 -0.00233963 -0.00539513
30 27.5 10 0.12678 -2.76572 -0.00152776 0.00335406 -2.81614 -0.00654931 -0.00478554 -0.000410071 0.0369059 0.000952246 9.55595e-05 -0.00310905 -0.0466579 -0.00233371 -0.00530274
30 28 10 0.127475 -2.75342 -0.00171227 0.00673201 -2.81581 -0.00837713 -0.00477929 -0.000420658 0.0368944 0.000950748 9.67954e-05 -0.00309745 -0.0464319 -0.00234101 -0.00526763
30 28.5 10 0.128186 -2.74145 -0.00239815 0.00432283 -2.81778 -0.0100856 -0.00478112 -0.000426199 0.036875 0.000950874 9.97428e-05 -0.00309129 -0.0461903 -0.00235581 -0.00524103
30 29 10 0.129127 -2.72872 -0.00255944 0.00425707 -2.81861 -0.00941909 -0.00477999 -0.000436942 0.0368422 0.000952834 0.000102721 -0.00309651 -0.0459021 -0.00237044 -0.00520677
30 29.5 10 0.130028 -2.71458 -0.00229329 0.00573096 -2.81792 -0.00679297 -0.00478522 -0.000441342 0.036814 0.000947898 0.000111869 -0.00308885 -0.0456152 -0.0023823 -0.00518775
30 30 10 0.131059 -2.70331 -0.0022366 0.00545087 -2.81484 -0.00811107 -0.0047646 -0.000447359 0.0367346 0.000956633 0.000110969 -0.0031619 -0.0452025 -0.00239713 -0.00512272
30 30.5 10 0.131311 -2.69098 -0.00274571 0.00429652 -2.81484 -0.0120962 -0.00473955 -0.000471043 0.0367317 0.000973766 0.000102002 -0.00314518 -0.0449955 -0.00240426 -0.00503722
30 31 10 0.132888 -2.67677 -0.00322112 0.00447539 -2.81513 -0.0117854 -0.00475491 -0.000481864 0.0367051 0.000966079 0.000104938 -0.00313654 -0.0447109 -0.00242985 -0.00503587
30 31.5 10 0.134136 -2.66437 -0.00282918 0.00563617 -2.8113 -0.00994809 -0.00475377 -0.000482624 0.0366475 0.00095942 0.000116984 -0.00319099 -0.044336 -0.00244693 -0.00501634
30 32 10 0.135803 -2.65237 -0.00278385 0.00758504 -2.80892 -0.0107471 -0.00476225 -0.000494927 0.036608 0.000945292 0.0001173 -0.00322206 -0.0440238 -0.00247197 -0.00502115
30 32.5 10 0.137004 -2.63894 -0.00307087 0.0105123 -2.80996 -0.010588 -0.0047406 -0.000505382 0.0365975 0.000966736 0.000118643 -0.00322027 -0.0437651 -0.00248792 -0.00493084
30 33 10 0.138081 -2.62461 -0.0033158 0.0104101 -2.80895 -0.0107411 -0.00474214 -0.000517661 0.0365738 0.00096075 0.000119673 -0.00323085 -0.0434584 -0.00250556 -0.00490888
30 33.5 10 0.139264 -2.61201 -0.00343887 0.0128125 -2.80716 -0.010741 -0.00473808 -0.000528235 0.0365744 0.000963526 0.000119248 -0.00322728 -0.043237 -0.0025231 -0.0048716
30 34 10 0.140524 -2.5985 -0.00319655 0.0153274 -2.80594 -0.012314 -0.00474846 -0.000547102 0.0365812 0.000952829 0.000115793 -0.00321223 -0.0430216 -0.00254393 -0.00487019
30 34.5 10 0.143096 -2.58455 -0.00292202 0.0173743 -2.80472 -0.0118062 -0.00472633 -0.000548121 0.0365341 0.000977734 0.000125479 -0.00323597 -0.0426742 -0.00258471 -0.00477471
30 35 10 0.145612 -2.56976 -0.00375061 0.0180232 -2.79942 -0.0136754 -0.00473684 -0.000571517 0.0364677 0.000954799 0.000122733 -0.00330867 -0.0422256 -0.00262289 -0.00479032
30 35.5 10 0.147301 -2.556 -0.00351037 0.0179988 -2.79902 -0.0131028 -0.0047239 -0.000574848 0.0364651 0.000969492 0.000132585 -0.00330893 -0.0419718 -0.00265395 -0.00472149
30 36 10 0.149343 -2.54196 -0.00335728 0.0195709 -2.79948 -0.0129989 -0.00471787 -0.000585711 0.0364633 0.000976704 0.000133703 -0.00331024 -0.0417107 -0.00268881 -0.00467161
30 36.5 10 0.152209 -2.52699 -0.00373573 0.0240598 -2.79955 -0.0127058 -0.00472268 -0.000601918 0.0364439 0.000966009 0.000132341 -0.0033241 -0.041394 -0.00273087 -0.00465911
30 37 10 0.154451 -2.5122 -0.00396071 0.0274692 -2.79496 -0.0128109 -0.00472086 -0.00060501 0.0364158 0.000962923 0.000145297 -0.00334912 -0.0410618 -0.00276305 -0.00462894
30 37.5 10 0.157672 -2.49664 -0.00386659 0.0279958 -2.78952 -0.0136517 -0.00473356 -0.000624065 0.0363511 0.000945976 0.000137976 -0.00342964 -0.0405945 -0.00281507 -0.00463686
30 38 10 0.159332 -2.48261 -0.00339309 0.0264291 -2.78193 -0.0131731 -0.00470925 -0.000637242 0.036321 0.00095878 0.000137474 -0.00346773 -0.0402621 -0.00284605 -0.00456093
30 38.5 10 0.161393 -2.46712 -0.00390414 0.0272865 -2.78061 -0.0120298 -0.0047215 -0.00065134 0.0363352 0.000944531 0.000142444 -0.00345878 -0.0400134 -0.0028814 -0.00456169
30 39 10 0.164335 -2.45032 -0.0046687 0.0271919 -2.78225 -0.0142692 -0.00473435 -0.000671672 0.0363629 0.00093517 0.000139928 -0.00343506 -0.0397724 -0.00293677 -0.00455269
30 39.5 10 0.166661 -2.4335 -0.00464046 0.0273321 -2.77674 -0.0155875 -0.00472971 -0.000682808 0.0363538 0.000942133 0.00014246 -0.00343992 -0.0394581 -0.00297875 -0.00450179
30 40 10 0.17066 -2.41646 -0.00397783 0.0361081 -2.77302 -0.0146721 -0.00471824 -0.000694408 0.0363114 0.000957055 0.000148742 -0.0034851 -0.0390407 -0.00303318 -0.00443032
30 40.5 10 0.173108 -2.40096 -0.0042353 0.0387915 -2.768 -0.016772 -0.00470532 -0.000711579 0.0362938 0.000959005 0.000148032 -0.0035198 -0.0386988 -0.00307119 -0.00438009
30 41 10 0.176495 -2.38379 -0.00428495 0.0420931 -2.76578 -0.0168568 -0.00470552 -0.00072512 0.0362986 0.000958155 0.000153318 -0.00353117 -0.0383811 -0.00312693 -0.00434422
30 41.5 10 0.180412 -2.36731 -0.00459746 0.0475086 -2.75933 -0.016255 -0.00470118 -0.000734979 0.0362653 0.000949139 0.00016067 -0.00359136 -0.0379712 -0.00318294 -0.00431756
30 42 10 0.183716 -2.34951 -0.00454539 0.0486318 -2.75491 -0.0157952 -0.00470199 -0.000748101 0.0362678 0.00094945 0.00016442 -0.00360092 -0.037646 -0.00324075 -0.00428057
30 42.5 10 0.18671 -2.33066 -0.00495624 0.0504841 -2.74908 -0.0165748 -0.00470643 -0.000767391 0.0362782 0.000942435 0.000161577 -0.00360959 -0.0373151 -0.00329178 -0.00425669
30 43 10 0.190109 -2.31299 -0.0052337 0.0529131 -2.7442 -0.0138829 -0.00470097 -0.000774486 0.036289 0.000950436 0.00016917 -0.00361596 -0.0370074 -0.00334806 -0.0042017
30 43.5 10 0.194866 -2.29523 -0.00438473 0.0558782 -2.7353 -0.0157075 -0.00470213 -0.000801104 0.0362044 0.000937135 0.000160997 -0.00373768 -0.0364375 -0.00342013 -0.00418813
30 44 10 0.199005 -2.27597 -0.00411311 0.0624327 -2.73413 -0.0165393 -0.00469315 -0.000813921 0.0362206 0.000943483 0.000166215 -0.00372746 -0.0361231 -0.00348584 -0.00412673
30 44.5 10 0.203396 -2.25527 -0.00459848 0.0650322 -2.72205 -0.0179556 -0.00469603 -0.000834789 0.0362044 0.000937961 0.000169733 -0.0037729 -0.0356907 -0.00355687 -0.0040982
30 45 10 0.208559 -2.23455 -0.00517934 0.0714846 -2.71367 -0.0191529 -0.00467662 -0.000845519 0.03618 0.000955548 0.000176679 -0.00382507 -0.0352335 -0.00363315 -0.0040104
30 45.5 10 0.213044 -2.21545 -0.0052246 0.0782317 -2.70986 -0.0177684 -0.00467337 -0.000853352 0.0362032 0.000958511 0.000184015 -0.00382945 -0.0349151 -0.00370295 -0.00396179
30 46 10 0.217063 -2.19474 -0.00538435 0.0801388 -2.70132 -0.0164078 -0.00467088 -0.000863574 0.0362036 0.000956596 0.000191626 -0.00385474 -0.0345231 -0.00377005 -0.00391969
30 46.5 10 0.221455 -2.17466 -0.00528946 0.0838145 -2.6956 -0.0176928 -0.00467785 -0.000885425 0.0362275 0.000948232 0.000190617 -0.00386146 -0.0341875 -0.00384558 -0.0038984
30 47 10 0.226348 -2.1529 -0.00476564 0.0916853 -2.68771 -0.0199068 -0.00466024 -0.000915842 0.0362385 0.00096855 0.000179974 -0.00388203 -0.0337923 -0.00392182 -0.00381031
30 47.5 10 0.231569 -2.13105 -0.00501177 0.0982358 -2.67292 -0.0190344 -0.00465427 -0.000932804 0.0362013 0.000961949 0.000185675 -0.0039629 -0.0332777 -0.00399438 -0.00377252
30 48 10 0.235827 -2.10815 -0.00486952 0.101878 -2.66781 -0.0187196 -0.00466805 -0.000944278 0.0362686 0.000939937 0.000201606 -0.00393261 -0.0329846 -0.00407367 -0.00376777
30 48.5 10 0.240965 -2.08569 -0.00497797 0.107455 -2.65616 -0.0174948 -0.0046589 -0.000958936 0.036267 0.000950119 0.000209867 -0.00397372 -0.0325439 -0.00415275 -0.00370093
30 49 10 0.24706 -2.06196 -0.00479254 0.112751 -2.6452 -0.0183566 -0.0046483 -0.000977397 0.0362536 0.000956633 0.000211142 -0.00402479 -0.0320539 -0.00424915 -0.00363589
30 49.5 10 0.252996 -2.03584 -0.00488846 0.118335 -2.63463 -0.0197039 -0.00463898 -0.00099286 0.0362606 0.000967061 0.000215285 -0.00405239 -0.0315724 -0.00434531 -0.00356104
30 50 10 0.257577 -2.01205 -0.00482272 0.125547 -2.62084 -0.0196266 -0.0046574 -0.00102047 0.0362864 0.000940367 0.000212822 -0.0040752 -0.031165 -0.00441544 -0.00357124
30 50.5 10 0.263947 -1.98719 -0.00526916 0.135248 -2.60525 -0.0208028 -0.00464651 -0.00103581 0.0362751 0.000939953 0.000224642 -0.00415076 -0.0306363 -0.00450419 -0.00351386
30 51 10 0.270697 -1.96099 -0.00527909 0.141108 -2.59385 -0.0219149 -0.00463389 -0.00105676 0.03629 0.000953314 0.000226577 -0.00418404 -0.0301561 -0.00461481 -0.00343417
30 51.5 10 0.275466 -1.93452 -0.00487222 0.146651 -2.58058 -0.0209507 -0.00462727 -0.00107437 0.036324 0.000959053 0.00023031 -0.00418525 -0.0297349 -0.0046949 -0.00336941
30 52 10 0.280738 -1.90696 -0.00457013 0.154028 -2.56368 -0.0211401 -0.00463087 -0.00109647 0.036356 0.000949403 0.000235768 -0.00420425 -0.0292756 -0.00477893 -0.00333422
30 52.5 10 0.286526 -1.88223 -0.00527607 0.163028 -2.54982 -0.0214025 -0.0046318 -0.00112348 0.0363915 0.000943215 0.000232065 -0.00422161 -0.0288669 -0.0048673 -0.00329857
30 53 10 0.292874 -1.8545 -0.00601202 0.170983 -2.53607 -0.0217318 -0.00462745 -0.00114435 0.036446 0.000952604 0.000240632 -0.00421217 -0.0284542 -0.00497338 -0.00322986
30 53.5 10 0.300269 -1.82452 -0.00550424 0.178082 -2.51821 -0.0219961 -0.00463071 -0.00116496 0.03648 0.000939226 0.000246225 -0.00423849 -0.0279431 -0.00509709 -0.00319482
30 54 10 0.307327 -1.79598 -0.00510222 0.188812 -2.49703 -0.0215628 -0.00462123 -0.00118048 0.0364891 0.00094522 0.000257375 -0.00428418 -0.0274181 -0.005201 -0.00312679
30 54.5 10 0.312952 -1.76729 -0.0053322 0.201281 -2.47914 -0.0183845 -0.00461384 -0.0011919 0.0365292 0.000958883 0.000275603 -0.00429729 -0.0269527 -0.00527997 -0.00304717
30 55 10 0.320718 -1.73645 -0.00464257 0.212683 -2.46078 -0.0196531 -0.00460807 -0.00122652 0.0365801 0.000949264 0.000267088 -0.00429937 -0.0264701 -0.00540738 -0.00300117
30 55.5 10 0.327714 -1.70583 -0.00473151 0.22368 -2.43791 -0.0220887 -0.00459641 -0.00126138 0.036627 0.000954211 0.000264942 -0.00431503 -0.02598 -0.00551867 -0.00293427
30 56 10 0.334359 -1.67418 -0.00519588 0.235269 -2.416 -0.0226827 -0.00460572 -0.00129051 0.0366868 0.000940217 0.000265423 -0.00431774 -0.0254946 -0.00562406 -0.00290414
30 56.5 10 0.34128 -1.64134 -0.00503976 0.24784 -2.39407 -0.0220543 -0.00461957 -0.00131941 0.0367469 0.000918321 0.00026551 -0.00432044 -0.0249857 -0.00573358 -0.00288412
30 57 10 0.349403 -1.60647 -0.00400133 0.261118 -2.36815 -0.0204408 -0.00460447 -0.00134443 0.0367841 0.000919937 0.000271529 -0.00433795 -0.0244097 -0.00586006 -0.00280861
30 57.5 10 0.355544 -1.57318 -0.00334742 0.272382 -2.34029 -0.0191251 -0.00459086 -0.00135661 0.0368376 0.000936084 0.000293404 -0.00433835 -0.0238991 -0.00595912 -0.00271699
30 58 10 0.362845 -1.53883 -0.00405275 0.28618 -2.31315 -0.0196565 -0.00458456 -0.00138095 0.0368971 0.000943073 0.000304514 -0.00433658 -0.0233735 -0.00607342 -0.00264366
30 58.5 10 0.369436 -1.50296 -0.00385325 0.301105 -2.28376 -0.018647 -0.00458604 -0.00141187 0.0369812 0.000925706 0.000307859 -0.0043129 -0.0228657 -0.00618157 -0.00260373
30 59 10 0.376398 -1.46876 -0.00419601 0.315609 -2.25655 -0.0180241 -0.00459116 -0.00144101 0.0370768 0.000916591 0.000311355 -0.00427807 -0.0224019 -0.00630136 -0.00255957
30 59.5 10 0.384949 -1.43469 -0.0050532 0.336952 -2.23061 -0.0189132 -0.00458684 -0.00146946 0.0371586 0.000923303 0.000317209 -0.00423666 -0.0219311 -0.00643545 -0.00248998
30 60 10 0.391521 -1.39532 -0.0035218 0.355017 -2.19289 -0.0172947 -0.00457621 -0.00149941 0.0372121 0.000925989 0.000324671 -0.00423439 -0.0213185 -0.00653296 -0.00241324
30 60.5 10 0.398747 -1.3584 -0.0030999 0.373036 -2.15782 -0.0164887 -0.00457267 -0.00153146 0.0373052 0.000908203 0.000325039 -0.00420168 -0.0208042 -0.00665438 -0.0023706
30 61 10 0.4064 -1.31673 -0.00182819 0.391824 -2.12001 -0.0141295 -0.00457027 -0.00156191 0.0374098 0.000913758 0.000330154 -0.00415045 -0.0202288 -0.00679082 -0.00229301
30 61.5 10 0.413979 -1.27858 -0.0013148 0.413505 -2.08381 -0.0133962 -0.00456913 -0.00159406 0.037504 0.000904764 0.00033877 -0.00410125 -0.0197017 -0.00691805 -0.00223824
30 62 10 0.41971 -1.23725 -0.000427676 0.433398 -2.04133 -0.0118459 -0.00455348 -0.00163427 0.0376082 0.0009097 0.0003394 -0.00404688 -0.0191331 -0.00701973 -0.0021578
30 62.5 10 0.429088 -1.19674 -0.00248649 0.457247 -1.99768 -0.0118044 -0.00455993 -0.00165815 0.0376977 0.00089455 0.000356133 -0.00399543 -0.0185664 -0.00717398 -0.00210934
30 63 10 0.438274 -1.15522 -0.00131218 0.484022 -1.95284 -0.00978103 -0.00455072 -0.00169277 0.0378113 0.000890731 0.000362134 -0.0039247 -0.0180073 -0.00733739 -0.00204211
30 63.5 10 0.445074 -1.11337 0.000230298 0.508686 -1.90834 -0.00741791 -0.00454422 -0.00173212 0.0379379 0.000885328 0.000362987 -0.0038217 -0.0174714 -0.00747436 -0.00197809
30 64 10 0.45337 -1.07139 -0.00026127 0.537992 -1.86206 -0.00597072 -0.00454336 -0.00176896 0.0380554 0.00087705 0.000370343 -0.00370855 -0.0169325 -0.00763102 -0.00191868
30 64.5 10 0.459941 -1.03036 -0.000394232 0.56767 -1.81227 -0.00443795 -0.00454717 -0.00180587 0.0381786 0.000855466 0.000374614 -0.00359873 -0.0164074 -0.00775951 -0.00187641
30 65 10 0.465077 -0.987635 0.00111795 0.596658 -1.76006 -0.000277763 -0.00454908 -0.00184103 0.0383278 0.000839766 0.000380392 -0.00345727 -0.0158834 -0.00788394 -0.00182202
30 65.5 10 0.473911 -0.937184 0.00186911 0.632955 -1.69728 0.00242924 -0.00454655 -0.00188462 0.0384674 0.000825876 0.000388558 -0.00330812 -0.0152168 -0.00807136 -0.00175321
30 66 10 0.479975 -0.890707 -8.77572e-05 0.667003 -1.64028 0.00279926 -0.00454707 -0.00191827 0.0386323 0.000817195 0.000398916 -0.00310173 -0.0146618 -0.00823549 -0.00168216
30 66.5 10 0.483861 -0.845316 0.00139286 0.702011 -1.57606 0.00640238 -0.0045397 -0.00196807 0.0387816 0.000796789 0.000399048 -0.00293339 -0.0140797 -0.00835343 -0.00162691
30 67 10 0.490819 -0.802996 0.00135001 0.742801 -1.51464 0.00848931 -0.0045257 -0.00201363 0.0389198 0.000774374 0.000393191 -0.00277105 -0.013528 -0.0085219 -0.00157874
30 67.5 10 0.494116 -0.753103 0.00359127 0.782915 -1.44451 0.0155591 -0.0045363 -0.00205005 0.0391066 0.000762828 0.000407447 -0.0025016 -0.0129184 -0.00868456 -0.00150418
30 68 10 0.498462 -0.70382 0.00566534 0.828775 -1.3707 0.0229576 -0.00453265 -0.00209251 0.0392889 0.000744861 0.000417096 -0.00223124 -0.0122958 -0.00887171 -0.00143327
30 68.5 10 0.501933 -0.655212 0.00607587 0.875871 -1.29505 0.0271258 -0.00452452 -0.00214239 0.0394601 0.000721092 0.000421226 -0.00195864 -0.0116583 -0.00904938 -0.00136853
30 69 10 0.504778 -0.606606 0.00441599 0.926165 -1.21816 0.0280449 -0.00454328 -0.00219194 0.0396788 0.000691685 0.00042019 -0.00160256 -0.0110597 -0.00927271 -0.00131534
30 69.5 10 0.508093 -0.554956 0.00532645 0.983452 -1.13018 0.0343042 -0.00453143 -0.00224042 0.039859 0.000664375 0.000423005 -0.00125438 -0.0103524 -0.0095099 -0.00124311
30 70 10 0.509898 -0.507853 0.00596471 1.0455 -1.04849 0.0403097 -0.00452879 -0.00229256 0.0400557 0.000628807 0.000424622 -0.000869322 -0.00971718 -0.00975856 -0.00118284
30 70.5 10 0.511616 -0.46058 0.00559429 1.11069 -0.962209 0.0452654 -0.00452488 -0.00234435 0.0402522 0.000592519 0.000426017 -0.000470563 -0.00904638 -0.0100347 -0.00112009
30 71 10 0.511088 -0.410619 0.00582152 1.18176 -0.87148 0.05206 -0.00452566 -0.00240258 0.0404757 0.000542238 0.000415346 1.58606e-05 -0.00832078 -0.0103518 -0.00106143
30 71.5 10 0.51051 -0.356492 0.00801554 1.25619 -0.766126 0.0635588 -0.00452755 -0.00245427 0.0406833 0.000496924 0.000407135 0.000505752 -0.00744847 -0.0107046 -0.000987408
30 72 10 0.508782 -0.305988 0.0102094 1.34238 -0.662722 0.0763059 -0.00453053 -0.00251356 0.0409057 0.000445472 0.000403314 0.00107916 -0.00661847 -0.0111365 -0.000914258
30 72.5 10 0.50218 -0.256051 0.0113514 1.42836 -0.558558 0.0865483 -0.0045252 -0.00256992 0.0411246 0.000397768 0.000395923 0.00170152 -0.00574273 -0.0115496 -0.000830774
30 73 10 0.493425 -0.205145 0.0123388 1.51491 -0.453038 0.0980506 -0.00453304 -0.00263875 0.0413614 0.000335376 0.000380219 0.00239158 -0.00478665 -0.0120274 -0.000752011
30 73.5 10 0.483809 -0.15335 0.00904794 1.62282 -0.339824 0.102367 -0.00453037 -0.00269294 0.0415924 0.000274717 0.000389671 0.00315571 -0.00373306 -0.0126284 -0.00063594
30 74 10 0.47004 -0.104712 0.00983782 1.72841 -0.235078 0.116441 -0.00452871 -0.00276056 0.041825 0.000202931 0.000364558 0.00398146 -0.0026654 -0.013281 -0.000546986
30 74.5 10 0.457566 -0.056799 0.0111235 1.84523 -0.12149 0.130828 -0.00453306 -0.00282294 0.0420453 0.000115686 0.000340425 0.00480386 -0.00149245 -0.014069 -0.000453471
30 75 10 0.446075 -0.0352223 0.0127549 1.9598 -0.0706155 0.145556 -0.004529 -0.00287058 0.042174 6.60802e-05 0.000317886 0.00532276 -0.000935495 -0.0146462 -0.000406178
