# x y z jRe_x jRe_y jRe_z jIm_x jIm_y jIm_z BRe_x BRe_y BRe_z BIm_x BIm_y BIm_z F_x F_y F_z
# 1e-3 1e-3 1e-3 1e+6 1e+6 1e+6 1e+6 1e+6 1e+6 1 1 1 1 1 1 1e+6 1e+6 1e+6
30 -75 10 -0.526469 -0.0397914 -0.0183442 -2.19797 -0.0772313 -0.171281 -0.00451202 0.00282797 0.0415846 8.51895e-05 -0.000397496 0.00523841 -0.00103774 0.0167375 -0.000394055
30 -74.5 10 -0.542521 -0.066615 -0.0166921 -2.06458 -0.139402 -0.154147 -0.00450914 0.00277923 0.0414055 0.000162787 -0.000427913 0.00461151 -0.00171032 0.0160172 -0.000451006
30 -74 10 -0.553612 -0.119465 -0.0183801 -1.922 -0.248403 -0.141605 -0.00450541 0.00271879 0.0411609 0.00024931 -0.000431534 0.00369476 -0.00292311 0.014968 -0.000576028
30 -73.5 10 -0.574076 -0.176413 -0.0160948 -1.80397 -0.368768 -0.123266 -0.00449505 0.00265395 0.0408594 0.000339354 -0.000451985 0.00275629 -0.00411878 0.0142296 -0.000688024
30 -73 10 -0.582911 -0.240019 -0.0158764 -1.68303 -0.492652 -0.11251 -0.00449292 0.00259563 0.0405805 0.000415355 -0.000468645 0.00189614 -0.00534288 0.0134353 -0.000799021
30 -72.5 10 -0.592537 -0.303764 -0.0146172 -1.5736 -0.618205 -0.0991607 -0.00447844 0.00251473 0.0402551 0.000500017 -0.000515048 0.00106509 -0.00645039 0.0127723 -0.000865432
30 -72 10 -0.593133 -0.358971 -0.0136496 -1.46823 -0.722113 -0.0876742 -0.00449023 0.00246694 0.0400219 0.000547672 -0.000494714 0.000427547 -0.00734257 0.0121897 -0.000976625
30 -71.5 10 -0.593477 -0.416046 -0.012912 -1.36941 -0.826429 -0.0773283 -0.0044882 0.00240947 0.0397509 0.00060713 -0.000498455 -0.000202211 -0.00818926 0.0116627 -0.00105646
30 -71 10 -0.59337 -0.474213 -0.0119103 -1.278 -0.932493 -0.0668103 -0.00448327 0.00235035 0.0394836 0.000665529 -0.000505875 -0.000781705 -0.00900027 0.0112191 -0.00112677
30 -70.5 10 -0.59134 -0.531829 -0.0100291 -1.19688 -1.0301 -0.0568756 -0.00448456 0.00230207 0.0392233 0.000701756 -0.000500878 -0.00131669 -0.00975456 0.0108117 -0.00121198
30 -70 10 -0.589063 -0.589036 -0.00828228 -1.12045 -1.12459 -0.0476266 -0.00448103 0.00224976 0.0389654 0.000742241 -0.000500562 -0.00181052 -0.0104605 0.0104631 -0.00128458
30 -69.5 10 -0.585867 -0.648457 -0.00769792 -1.05084 -1.22052 -0.0402249 -0.00447813 0.00219403 0.0387076 0.000789477 -0.000509685 -0.00223479 -0.0111881 0.0101659 -0.00134506
30 -69 10 -0.582942 -0.704742 -0.00756134 -0.989611 -1.30709 -0.035411 -0.00447354 0.00214193 0.0384618 0.000832726 -0.00051119 -0.00262809 -0.0118362 0.00991227 -0.00140349
30 -68.5 10 -0.576547 -0.761788 -0.0087443 -0.928393 -1.39166 -0.032567 -0.00446848 0.0021007 0.0382264 0.000861316 -0.000500282 -0.00298272 -0.0124837 0.0096406 -0.00147604
30 -68 10 -0.568729 -0.814669 -0.00662218 -0.872324 -1.46647 -0.0248694 -0.00447801 0.00205735 0.0380097 0.000877982 -0.000491099 -0.00328464 -0.0130735 0.00937988 -0.00155112
30 -67.5 10 -0.560972 -0.867019 -0.00473581 -0.818909 -1.53933 -0.0179728 -0.00447683 0.00200634 0.0377908 0.000905909 -0.00048883 -0.00356218 -0.0136406 0.0091437 -0.0016061
30 -67 10 -0.553279 -0.922359 -0.00425739 -0.770007 -1.61136 -0.0127379 -0.00447433 0.00196516 0.0375651 0.000938662 -0.000482832 -0.00382945 -0.0142378 0.00892119 -0.00166496
30 -66.5 10 -0.543827 -0.975116 -0.00278249 -0.725363 -1.68002 -0.00823496 -0.00447195 0.00191957 0.0373636 0.000961489 -0.000476123 -0.00404948 -0.0148146 0.00869324 -0.00172195
30 -66 10 -0.535516 -1.02793 -0.000829583 -0.683209 -1.74579 -0.00287916 -0.00447589 0.00188309 0.0371603 0.000974582 -0.000464541 -0.00426539 -0.0153758 0.00849334 -0.00179527
30 -65.5 10 -0.52505 -1.07925 0.000750646 -0.642502 -1.80594 0.00242423 -0.00448114 0.00184906 0.0369794 0.000986196 -0.000451801 -0.00443964 -0.0159463 0.0082813 -0.0018679
30 -65 10 -0.512933 -1.12605 0.000883749 -0.602187 -1.85928 0.00387786 -0.00448824 0.0018068 0.0368106 0.000992473 -0.000449113 -0.0045806 -0.0164669 0.00806142 -0.00193251
30 -64.5 10 -0.502535 -1.17614 0.000399174 -0.568562 -1.91846 0.00528655 -0.00448504 0.00176794 0.0366255 0.00101334 -0.000447144 -0.00471165 -0.0170179 0.00786515 -0.0019826
30 -64 10 -0.495223 -1.22249 -0.000483689 -0.540024 -1.96514 0.00544387 -0.00447458 0.00172029 0.0364135 0.00103924 -0.000450623 -0.00488809 -0.017453 0.00770045 -0.00201823
30 -63.5 10 -0.484012 -1.26871 0.00179837 -0.50788 -2.01295 0.00953087 -0.00447705 0.00168322 0.0362671 0.00104911 -0.000443307 -0.00498112 -0.0179923 0.00751292 -0.00207891
30 -63 10 -0.472599 -1.31457 0.00228814 -0.477483 -2.05931 0.0119684 -0.00447962 0.00165327 0.0361338 0.00105687 -0.000429832 -0.00506078 -0.0185387 0.00733137 -0.00214423
30 -62.5 10 -0.461731 -1.3629 0.00244629 -0.452744 -2.10396 0.0121155 -0.00448258 0.00161706 0.0359618 0.00106024 -0.000418539 -0.0051676 -0.0190695 0.00713347 -0.00221789
30 -62 10 -0.45063 -1.40355 0.00352108 -0.424501 -2.1427 0.0148376 -0.00448407 0.00157913 0.0358196 0.00107155 -0.00041419 -0.00523807 -0.0195252 0.00695895 -0.00226669
30 -61.5 10 -0.439725 -1.44394 0.00393096 -0.399138 -2.17958 0.0175329 -0.00448988 0.0015536 0.0356833 0.00107231 -0.000402318 -0.00530345 -0.0199821 0.0067876 -0.00233425
30 -61 10 -0.427779 -1.48515 0.00435556 -0.375538 -2.21817 0.0195583 -0.00449633 0.00152579 0.0355791 0.00106977 -0.000395869 -0.00532822 -0.0205102 0.00661018 -0.00240442
30 -60.5 10 -0.41656 -1.52744 0.00431095 -0.353831 -2.25353 0.0188763 -0.00449964 0.00149488 0.0354437 0.00108586 -0.000385929 -0.00537351 -0.021014 0.0064321 -0.00245604
30 -60 10 -0.403881 -1.56825 0.00373516 -0.330342 -2.28662 0.0187145 -0.00449819 0.00146395 0.0353164 0.00109621 -0.000374661 -0.0054187 -0.0214965 0.00623865 -0.00250759
30 -59.5 10 -0.395255 -1.60363 0.00448111 -0.316785 -2.31516 0.020132 -0.00450118 0.00143608 0.0351847 0.00109637 -0.000366243 -0.00545804 -0.0218931 0.00608991 -0.00256578
30 -59 10 -0.381799 -1.64174 0.00453617 -0.296577 -2.34691 0.0200837 -0.00449546 0.0013968 0.0351164 0.00112028 -0.000371017 -0.00542037 -0.022465 0.00590098 -0.00258723
30 -58.5 10 -0.371571 -1.67689 0.00466279 -0.280158 -2.37506 0.021784 -0.00450269 0.00137451 0.0350117 0.00110786 -0.000356415 -0.00543626 -0.0228989 0.00574472 -0.00266506
30 -58 10 -0.361826 -1.71224 0.00580848 -0.264396 -2.39954 0.0238961 -0.00450207 0.00135227 0.0348712 0.00110689 -0.000345118 -0.00548442 -0.0232737 0.00558376 -0.00272532
30 -57.5 10 -0.351284 -1.74734 0.00576863 -0.251615 -2.42056 0.021055 -0.0045074 0.00132176 0.0347631 0.0011012 -0.000342381 -0.00552344 -0.0236868 0.00540957 -0.00279429
30 -57 10 -0.339951 -1.78021 0.00646535 -0.232114 -2.44683 0.0209431 -0.0045167 0.00128932 0.0346954 0.00111241 -0.000343081 -0.00547983 -0.024179 0.00525845 -0.00283874
30 -56.5 10 -0.328136 -1.8108 0.00585273 -0.217967 -2.4672 0.0225329 -0.00451113 0.00126911 0.0346073 0.00112094 -0.000332823 -0.00547782 -0.024576 0.00508038 -0.00287354
30 -56 10 -0.318381 -1.84401 0.00714467 -0.2101 -2.48973 0.025347 -0.00451929 0.00124639 0.0345302 0.0011248 -0.000325697 -0.00545196 -0.0250504 0.00492227 -0.00293077
30 -55.5 10 -0.307763 -1.8726 0.00744548 -0.194983 -2.50829 0.024006 -0.00452866 0.00121983 0.0344496 0.00111731 -0.000320291 -0.00544238 -0.0254304 0.00476713 -0.00299541
30 -55 10 -0.298202 -1.90125 0.0071907 -0.184176 -2.52691 0.0237189 -0.00452747 0.00119548 0.0343588 0.00111692 -0.000308845 -0.0054538 -0.0257724 0.00461767 -0.00304256
30 -54.5 10 -0.288582 -1.93145 0.00727558 -0.172042 -2.54392 0.0254479 -0.00453485 0.00117808 0.0342666 0.00111479 -0.0002973 -0.00546519 -0.0261411 0.00447192 -0.00310587
30 -54 10 -0.277977 -1.95831 0.00728519 -0.162072 -2.55982 0.0255917 -0.00453117 0.00115766 0.0342007 0.00112744 -0.000291634 -0.00543335 -0.026534 0.00431113 -0.00313095
30 -53.5 10 -0.267108 -1.98166 0.00748115 -0.156044 -2.57484 0.0250473 -0.00453759 0.00112945 0.0341737 0.00112396 -0.000293562 -0.00536082 -0.0269593 0.00414288 -0.00317692
30 -53 10 -0.258048 -2.00731 0.00787761 -0.13922 -2.58788 0.0268182 -0.0045455 0.00110743 0.0340808 0.00111566 -0.000286193 -0.00538044 -0.0272439 0.00401975 -0.00324149
30 -52.5 10 -0.247265 -2.03242 0.00748883 -0.128324 -2.60243 0.0242234 -0.00454178 0.00107401 0.0340316 0.00112485 -0.0002903 -0.00533937 -0.027636 0.00386144 -0.00326588
30 -52 10 -0.238594 -2.05547 0.00795511 -0.123489 -2.61494 0.0232036 -0.00453598 0.0010582 0.0339505 0.00114048 -0.000279843 -0.00534044 -0.0279106 0.00371565 -0.00327959
30 -51.5 10 -0.229767 -2.07772 0.00820071 -0.117751 -2.62697 0.0229138 -0.0045421 0.00104085 0.0338862 0.00113933 -0.000271543 -0.00532435 -0.0282108 0.00357393 -0.00332571
30 -51 10 -0.220713 -2.09891 0.00750374 -0.109061 -2.63844 0.0243053 -0.00455589 0.00102513 0.033853 0.0011275 -0.000263433 -0.00527819 -0.0285646 0.00344468 -0.00339255
30 -50.5 10 -0.210688 -2.11965 0.00730433 -0.102003 -2.64876 0.0235849 -0.00455662 0.00100502 0.0338062 0.00113084 -0.000256117 -0.00523177 -0.0289005 0.00329115 -0.00342438
30 -50 10 -0.202414 -2.14145 0.00714417 -0.0932567 -2.66045 0.0235888 -0.00456161 0.000987122 0.0337466 0.00112942 -0.000249982 -0.00522131 -0.0291884 0.00316895 -0.00347009
30 -49.5 10 -0.193775 -2.16029 0.00715076 -0.0874814 -2.66981 0.0227496 -0.00456519 0.000964597 0.0336977 0.00113114 -0.000251165 -0.00519746 -0.0294608 0.00303409 -0.00350356
30 -49 10 -0.183919 -2.17657 0.00784006 -0.0830502 -2.67771 0.0217925 -0.00457122 0.00093677 0.0336846 0.00113502 -0.000258958 -0.00512935 -0.0297918 0.00287907 -0.00353056
30 -48.5 10 -0.176015 -2.19346 0.00716222 -0.0788643 -2.68255 0.0211359 -0.00456116 0.000925424 0.0336228 0.00113535 -0.000247364 -0.00512492 -0.0300019 0.00275264 -0.00355124
30 -48 10 -0.16665 -2.21055 0.00620814 -0.0734765 -2.69439 0.021816 -0.00455351 0.000915512 0.033627 0.00115476 -0.00023563 -0.00503138 -0.0303892 0.00261559 -0.00354483
30 -47.5 10 -0.158583 -2.22505 0.00671346 -0.0653319 -2.69739 0.0218415 -0.00455281 0.000894234 0.0335432 0.00114973 -0.000234994 -0.00504854 -0.0305091 0.00249206 -0.00357771
30 -47 10 -0.150275 -2.24082 0.00711631 -0.0615498 -2.70846 0.0224563 -0.00456492 0.000882713 0.0335315 0.00114952 -0.000222269 -0.00498993 -0.0308123 0.00236257 -0.00361736
30 -46.5 10 -0.14225 -2.25595 0.00715782 -0.0600448 -2.71366 0.0225415 -0.00457073 0.000865502 0.0334905 0.00114783 -0.000214141 -0.00497289 -0.0310297 0.0022293 -0.00365339
30 -46 10 -0.13409 -2.26852 0.00708253 -0.055589 -2.71564 0.020263 -0.00457514 0.000839391 0.0334231 0.00113857 -0.000221462 -0.00498795 -0.0311385 0.00209755 -0.00369355
30 -45.5 10 -0.125645 -2.28091 0.00693061 -0.0503382 -2.72227 0.0192115 -0.00458262 0.000820165 0.0334035 0.00113094 -0.000219186 -0.00494853 -0.0313603 0.00196892 -0.00373293
30 -45 10 -0.118236 -2.29241 0.006808 -0.0462945 -2.72785 0.021513 -0.00458173 0.000809243 0.0333661 0.00112566 -0.000208781 -0.00492694 -0.0315249 0.00185501 -0.0037593
30 -44.5 10 -0.110491 -2.30359 0.00676044 -0.0411864 -2.7317 0.02058 -0.00458706 0.000794663 0.0333428 0.0011285 -0.000202677 -0.00489231 -0.0317225 0.0017374 -0.00378171
30 -44 10 -0.102664 -2.31412 0.00667858 -0.0382713 -2.73347 0.0184033 -0.00458555 0.000775502 0.0332976 0.00113678 -0.000201661 -0.00487195 -0.0318693 0.00161114 -0.00378802
30 -43.5 10 -0.095378 -2.3231 0.00646174 -0.0347912 -2.73784 0.0197217 -0.00458374 0.000768648 0.0332533 0.00114195 -0.000192415 -0.00485776 -0.031976 0.00149776 -0.00379431
30 -43 10 -0.0876131 -2.33211 0.00660926 -0.0321367 -2.74004 0.0191664 -0.00458309 0.000752813 0.0332302 0.0011506 -0.000192424 -0.00482784 -0.0321347 0.00137401 -0.00379768
30 -42.5 10 -0.0799493 -2.33998 0.00658471 -0.0295344 -2.74329 0.0179799 -0.00459205 0.000732227 0.0332122 0.00114459 -0.000193386 -0.00479529 -0.0322813 0.001252 -0.0038291
30 -42 10 -0.0724115 -2.34671 0.00672104 -0.0260122 -2.74897 0.0193271 -0.00459628 0.000721481 0.0331871 0.00114036 -0.000185525 -0.00475995 -0.0323984 0.00113523 -0.00384937
30 -41.5 10 -0.064865 -2.35476 0.00614138 -0.0194225 -2.75137 0.0177721 -0.00460229 0.000719288 0.0331538 0.00113474 -0.000165735 -0.00477109 -0.0324718 0.00102488 -0.00387932
30 -41 10 -0.0580718 -2.35971 0.00600975 -0.0210311 -2.75041 0.0155498 -0.00460156 0.000691969 0.0331107 0.0011332 -0.000177477 -0.00475679 -0.032525 0.000906363 -0.00388901
30 -40.5 10 -0.0505393 -2.36483 0.00603274 -0.0187562 -2.75307 0.0151667 -0.00461251 0.000675292 0.0331161 0.00112762 -0.000178893 -0.00470609 -0.0326796 0.000787337 -0.00391708
30 -40 10 -0.0433883 -2.3695 0.0059635 -0.0149438 -2.75487 0.0160763 -0.00460836 0.00066761 0.0330917 0.00113672 -0.000169623 -0.00468782 -0.0327489 0.000678265 -0.00390721
30 -39.5 10 -0.0362001 -2.3728 0.00602811 -0.0131152 -2.75555 0.0191266 -0.00459553 0.00066504 0.0330579 0.00114709 -0.000157651 -0.00466626 -0.0327913 0.000564869 -0.00388271
30 -39 10 -0.029295 -2.3759 0.00586828 -0.0107443 -2.75852 0.0178925 -0.00459641 0.000641306 0.0330563 0.00115006 -0.000163332 -0.00462365 -0.0328925 0.000456155 -0.0038826
30 -38.5 10 -0.0219276 -2.37834 0.00579167 -0.00825383 -2.76001 0.0167619 -0.00459764 0.000629186 0.03303 0.00115358 -0.000159704 -0.00460959 -0.0329176 0.000339465 -0.00388167
30 -38 10 -0.0151231 -2.38045 0.00577041 -0.00643057 -2.75824 0.0159779 -0.00460405 0.000618225 0.0329767 0.00115552 -0.000158233 -0.00463766 -0.0328544 0.00023039 -0.00389042
30 -37.5 10 -0.00826674 -2.38181 0.00577507 -0.00279609 -2.76101 0.016657 -0.00461066 0.000611677 0.032988 0.00115635 -0.00014975 -0.00458682 -0.032954 0.000126256 -0.00389685
30 -37 10 -0.00111839 -2.38189 0.00566611 -0.00239712 -2.76023 0.0148362 -0.00459932 0.000595173 0.0329363 0.00116256 -0.00015461 -0.00460502 -0.0328703 8.49225e-06 -0.00387321
30 -36.5 10 0.00581811 -2.38168 0.00554806 0.00207045 -2.76129 0.0161172 -0.00462848 0.00058468 0.032966 0.00114236 -0.000144813 -0.00454211 -0.0329866 -9.48316e-05 -0.00393303
30 -36 10 0.0126963 -2.38081 0.00540801 0.00307881 -2.75776 0.0140743 -0.00461305 0.000566077 0.0329135 0.0011509 -0.00014719 -0.00456498 -0.0328865 -0.000206288 -0.00390108
30 -35.5 10 0.0198665 -2.37879 0.00538472 0.00797667 -2.75652 0.0138187 -0.00459946 0.000556791 0.0328926 0.00116472 -0.000144086 -0.00454886 -0.0328532 -0.000312924 -0.00386033
30 -35 10 0.0263527 -2.3772 0.00528017 0.00608657 -2.76207 0.0133608 -0.00461329 0.000545566 0.0329132 0.00115254 -0.000140117 -0.00451109 -0.0328912 -0.000424427 -0.0038849
30 -34.5 10 0.0333037 -2.37401 0.00523451 0.00942133 -2.75694 0.014068 -0.00462215 0.000540828 0.0328563 0.0011465 -0.000131584 -0.00454408 -0.0327372 -0.000529745 -0.00389771
30 -34 10 0.0403879 -2.37047 0.00529029 0.0109001 -2.75573 0.0127842 -0.00461805 0.000526553 0.0328432 0.00115862 -0.000132249 -0.00452662 -0.0326904 -0.000643372 -0.00386714
30 -33.5 10 0.0474525 -2.36675 0.00547475 0.0116249 -2.75893 0.0143397 -0.00461894 0.000525747 0.0328322 0.00116786 -0.000119728 -0.00452091 -0.0326169 -0.000756977 -0.00384314
30 -33 10 0.0539494 -2.36103 0.00498244 0.0181879 -2.75161 0.0132457 -0.00463597 0.000504702 0.032799 0.00114341 -0.000124938 -0.00453041 -0.0324872 -0.000847521 -0.00388723
30 -32.5 10 0.0610985 -2.35578 0.00460486 0.018403 -2.74553 0.0103816 -0.00462249 0.000486553 0.0327738 0.00115496 -0.000130266 -0.00453273 -0.0323819 -0.000964155 -0.00384562
30 -32 10 0.0680189 -2.34985 0.00514577 0.0187049 -2.74408 0.0123434 -0.00463021 0.000484178 0.0327613 0.0011379 -0.000116886 -0.00454258 -0.0322599 -0.0010766 -0.00386353
30 -31.5 10 0.0751186 -2.34298 0.0050816 0.0206995 -2.74597 0.0133076 -0.0046363 0.000478068 0.0327664 0.0011371 -0.000110519 -0.0045172 -0.032184 -0.00118815 -0.00385333
30 -31 10 0.0819949 -2.33486 0.00464173 0.0229323 -2.7493 0.0130904 -0.00464022 0.000468649 0.0327861 0.00114905 -0.00010852 -0.00445963 -0.0321455 -0.00129626 -0.00381962
30 -30.5 10 0.0896698 -2.32672 0.00463946 0.0277424 -2.73874 0.0117664 -0.00463706 0.000452329 0.032711 0.0011412 -0.000111 -0.0045395 -0.0318388 -0.00140767 -0.0038131
30 -30 10 0.0968087 -2.31744 0.00443386 0.029568 -2.737 0.0112321 -0.00464741 0.000439852 0.0327113 0.00113409 -0.000111675 -0.00452447 -0.031712 -0.00152042 -0.00381342
30 -29.5 10 0.104231 -2.30807 0.00398187 0.0378394 -2.73639 0.0122882 -0.00464507 0.000424571 0.032707 0.00114256 -0.000115141 -0.00450835 -0.0315768 -0.00162147 -0.00377737
30 -29 10 0.112082 -2.29867 0.00414116 0.0443528 -2.72735 0.011506 -0.00464061 0.000420156 0.0326307 0.00114182 -0.000107354 -0.00458722 -0.0312484 -0.00172997 -0.00375538
30 -28.5 10 0.119408 -2.28682 0.00470439 0.045089 -2.72517 0.0113922 -0.00464018 0.000416112 0.0326357 0.00114891 -0.000100217 -0.00456289 -0.0310991 -0.00184998 -0.00371757
30 -28 10 0.126703 -2.27422 0.0045657 0.0441429 -2.72158 0.0115024 -0.00464695 0.000411023 0.0326438 0.00114261 -9.35087e-05 -0.00454814 -0.030931 -0.00197169 -0.00370527
30 -27.5 10 0.133338 -2.26108 0.00468081 0.045404 -2.7147 0.01197 -0.0046367 0.00040454 0.0326237 0.00115263 -8.80225e-05 -0.00455595 -0.0306988 -0.00207551 -0.00365248
30 -27 10 0.141021 -2.24895 0.00470198 0.0502941 -2.70995 0.0116695 -0.00463045 0.000390486 0.0326266 0.00116538 -8.9688e-05 -0.0045481 -0.0305257 -0.00219024 -0.00360249
30 -26.5 10 0.148459 -2.23432 0.0039741 0.0538985 -2.70887 0.0126925 -0.00465367 0.000375408 0.0326762 0.0011481 -9.10213e-05 -0.00449512 -0.0304163 -0.00230635 -0.00361845
30 -26 10 0.156879 -2.22017 0.00366381 0.057868 -2.70219 0.0121021 -0.00465513 0.000365222 0.0326398 0.00114768 -9.19719e-05 -0.00453326 -0.0301082 -0.00243067 -0.00359098
30 -25.5 10 0.165184 -2.20602 0.0042478 0.0609174 -2.69348 0.0111491 -0.00464444 0.000358492 0.0325797 0.00115305 -8.99495e-05 -0.00460129 -0.0297393 -0.00255412 -0.00354314
30 -25 10 0.173292 -2.18854 0.00441634 0.0660832 -2.68795 0.0120624 -0.00463797 0.000360278 0.0325861 0.00116119 -7.67314e-05 -0.00458726 -0.0294932 -0.00267512 -0.0034859
30 -24.5 10 0.180287 -2.17083 0.00412397 0.0708271 -2.68136 0.0122307 -0.00464849 0.000354943 0.0325929 0.00115833 -6.82938e-05 -0.0045767 -0.0292412 -0.00277846 -0.00346301
30 -24 10 0.187976 -2.15333 0.00457381 0.0750379 -2.67558 0.0115656 -0.00464315 0.00034559 0.032615 0.00116828 -6.77989e-05 -0.00455024 -0.0290286 -0.00289856 -0.00340627
30 -23.5 10 0.196859 -2.13481 0.00471556 0.0788172 -2.6675 0.0123699 -0.00464229 0.000343469 0.0325962 0.00116225 -5.78424e-05 -0.00458092 -0.0286841 -0.00303166 -0.00337354
30 -23 10 0.205443 -2.11482 0.0042381 0.0832757 -2.65869 0.0141267 -0.00465484 0.00033926 0.0326008 0.00114876 -4.70553e-05 -0.00458591 -0.0283766 -0.00315961 -0.00336209
30 -22.5 10 0.213311 -2.09513 0.0051008 0.0901933 -2.64932 0.0117427 -0.0046503 0.00031706 0.0326046 0.00115751 -6.05501e-05 -0.0045836 -0.0280841 -0.00327582 -0.00330709
30 -22 10 0.222279 -2.07497 0.0051342 0.0954036 -2.6406 0.0122209 -0.00465461 0.000310381 0.0326013 0.00115713 -5.9579e-05 -0.00460414 -0.0277449 -0.00340854 -0.00326966
30 -21.5 10 0.231759 -2.05513 0.00475274 0.100648 -2.63073 0.0116879 -0.00465762 0.00030732 0.0325931 0.00115776 -5.65141e-05 -0.00462856 -0.0274037 -0.00354824 -0.00323037
30 -21 10 0.240037 -2.03018 0.00412431 0.106755 -2.61996 0.0116363 -0.00466518 0.000291447 0.0326126 0.00114619 -5.82212e-05 -0.00462266 -0.0270493 -0.00367032 -0.00320222
30 -20.5 10 0.248057 -2.00637 0.00478889 0.114981 -2.61035 0.0126588 -0.00466599 0.000279283 0.0326419 0.00114707 -5.64881e-05 -0.00458961 -0.026756 -0.00378858 -0.00315234
30 -20 10 0.256642 -1.98254 0.00552666 0.124064 -2.59995 0.0142226 -0.00466035 0.00027594 0.0326721 0.00114778 -4.86427e-05 -0.00456069 -0.0264586 -0.00391432 -0.00309519
30 -19.5 10 0.265686 -1.95713 0.00634563 0.130471 -2.5883 0.0162436 -0.00467036 0.000276771 0.0326846 0.00114789 -3.26179e-05 -0.00456659 -0.0260747 -0.00404951 -0.00305006
30 -19 10 0.27501 -1.93155 0.00587489 0.139107 -2.57108 0.014188 -0.00466431 0.000263394 0.0326678 0.00114908 -3.87993e-05 -0.00461041 -0.0256234 -0.00417686 -0.00299398
30 -18.5 10 0.283817 -1.90503 0.00608065 0.14748 -2.5599 0.0148001 -0.00466977 0.000259438 0.0327063 0.00114619 -3.23419e-05 -0.00458359 -0.025287 -0.00430903 -0.00294652
30 -18 10 0.292327 -1.87581 0.00668118 0.155376 -2.54502 0.016042 -0.00467496 0.000252439 0.032742 0.00113472 -2.73303e-05 -0.00456466 -0.024901 -0.00443759 -0.00290595
30 -17.5 10 0.302403 -1.84645 0.00663861 0.164432 -2.52837 0.0173428 -0.00467166 0.000248585 0.0327568 0.00113399 -2.07424e-05 -0.00456609 -0.0244702 -0.00458315 -0.00284354
30 -17 10 0.312633 -1.81833 0.00722581 0.174794 -2.51233 0.0193073 -0.00467117 0.000246719 0.0327876 0.0011414 -1.22122e-05 -0.00454932 -0.0240955 -0.00473351 -0.00277558
30 -16.5 10 0.321334 -1.78955 0.00719556 0.184159 -2.49588 0.0186078 -0.00467102 0.000236929 0.0328222 0.00114997 -1.50053e-05 -0.00452561 -0.0237215 -0.00486283 -0.00270775
30 -16 10 0.332528 -1.75696 0.00809456 0.197154 -2.47586 0.0179747 -0.00468063 0.000222989 0.0328548 0.00113264 -1.43063e-05 -0.00452111 -0.0232662 -0.00502566 -0.00267405
30 -15.5 10 0.342569 -1.72391 0.0090742 0.210398 -2.4559 0.0188988 -0.00467949 0.000215053 0.0328794 0.00113224 -1.27169e-05 -0.00451071 -0.0228026 -0.00516774 -0.00260768
30 -15 10 0.352082 -1.69076 0.00884718 0.224984 -2.43496 0.0208448 -0.00467245 0.000214725 0.0329128 0.00114521 -2.16322e-06 -0.00449062 -0.0223575 -0.00529758 -0.00251817
30 -14.5 10 0.360501 -1.65688 0.00957041 0.236983 -2.4139 0.0219722 -0.00467321 0.00021429 0.0329772 0.00115085 6.0219e-06 -0.00443031 -0.0219736 -0.00542892 -0.00244312
30 -14 10 0.370445 -1.62056 0.0103473 0.251787 -2.3905 0.0244615 -0.00468425 0.000208611 0.0330365 0.00113666 1.65772e-05 -0.00438696 -0.0215266 -0.00557715 -0.00239623
30 -13.5 10 0.381741 -1.58385 0.0108042 0.269337 -2.36534 0.0265433 -0.00469361 0.000198753 0.033077 0.00112088 2.1731e-05 -0.00436077 -0.0210385 -0.00573666 -0.00235049
30 -13 10 0.394032 -1.54807 0.0105743 0.287804 -2.3376 0.0286313 -0.00469691 0.000190001 0.0330944 0.00110492 2.24229e-05 -0.00435777 -0.0205241 -0.00590204 -0.00230348
30 -12.5 10 0.403482 -1.51 0.0109741 0.30408 -2.31204 0.0305746 -0.00470002 0.000186789 0.0331809 0.00109938 2.89003e-05 -0.00427185 -0.0201146 -0.00605343 -0.00223553
30 -12 10 0.414833 -1.46908 0.0114904 0.324697 -2.28209 0.0316968 -0.00470507 0.000170174 0.0332475 0.00108881 2.50207e-05 -0.00420967 -0.0196195 -0.00622242 -0.00217432
30 -11.5 10 0.422743 -1.4291 0.0122951 0.344068 -2.25059 0.033782 -0.00470504 0.000169459 0.0333163 0.00108788 3.4472e-05 -0.00413412 -0.0191556 -0.00634146 -0.00209604
30 -11 10 0.432418 -1.39015 0.012931 0.366459 -2.22 0.0367504 -0.00470559 0.000171959 0.0333844 0.00108354 4.48444e-05 -0.00405467 -0.0187059 -0.00648559 -0.00202261
30 -10.5 10 0.443735 -1.34883 0.0150384 0.388537 -2.18574 0.0406417 -0.00471614 0.000167997 0.0334548 0.00106327 4.77426e-05 -0.00397578 -0.0182196 -0.00666403 -0.00197207
30 -10 10 0.453223 -1.30204 0.0145414 0.414826 -2.14365 0.0425716 -0.00471907 0.000149088 0.033533 0.001032 4.61158e-05 -0.00389642 -0.0176565 -0.00680313 -0.00192275
30 -9.5 10 0.462165 -1.25709 0.0153737 0.440939 -2.1075 0.0460041 -0.00473302 0.000143565 0.0336535 0.0010243 5.18621e-05 -0.00372579 -0.017229 -0.00696814 -0.00185095
30 -9 10 0.471971 -1.21448 0.0155931 0.468924 -2.0695 0.0499251 -0.00473875 0.00014181 0.0337527 0.00100007 6.05941e-05 -0.0035886 -0.0167854 -0.00713575 -0.00179508
30 -8.5 10 0.484127 -1.16699 0.0158643 0.503806 -2.02345 0.0534965 -0.00474166 0.000134474 0.0338274 0.000981614 6.63722e-05 -0.00348212 -0.016218 -0.00732257 -0.00172434
30 -8 10 0.493435 -1.11923 0.0150927 0.535336 -1.9778 0.0564833 -0.0047536 0.000125204 0.0339507 0.000957442 7.77539e-05 -0.00330795 -0.0157313 -0.00749964 -0.00166167
30 -7.5 10 0.498902 -1.06986 0.0173546 0.56732 -1.92888 0.063455 -0.00475792 0.000121116 0.0340801 0.000935914 7.62688e-05 -0.00310028 -0.0152439 -0.00763348 -0.00159068
30 -7 10 0.505201 -1.02154 0.0187889 0.602702 -1.87808 0.0700794 -0.00476818 0.000122825 0.0342014 0.000916085 8.60065e-05 -0.00289383 -0.0147558 -0.00777992 -0.00151827
30 -6.5 10 0.514682 -0.969625 0.0209792 0.645377 -1.82129 0.0757657 -0.00477343 0.000112115 0.0343187 0.000901612 8.76989e-05 -0.00268566 -0.0141969 -0.00798089 -0.00143602
30 -6 10 0.523659 -0.919326 0.0239145 0.690563 -1.76501 0.0864369 -0.00476949 0.000110402 0.034447 0.000869261 9.94751e-05 -0.00243808 -0.013688 -0.00819689 -0.00136198
30 -5.5 10 0.531321 -0.869019 0.0243945 0.738169 -1.70723 0.0932676 -0.00477087 0.000115121 0.0345665 0.000840354 0.000111519 -0.00217407 -0.0131703 -0.00839954 -0.0012839
30 -5 10 0.53846 -0.818223 0.0235481 0.788592 -1.64724 0.097807 -0.00477476 0.000116475 0.0346921 0.000803043 0.000117624 -0.00189027 -0.0126432 -0.00861177 -0.00121427
30 -4.5 10 0.547926 -0.760096 0.0263224 0.850085 -1.57987 0.10793 -0.00479409 9.10111e-05 0.034861 0.000726699 9.77808e-05 -0.00150535 -0.0120662 -0.00893465 -0.00118144
30 -4 10 0.555572 -0.701672 0.0260634 0.915267 -1.51023 0.116164 -0.0048043 8.19866e-05 0.0349867 0.000686232 9.58156e-05 -0.00113028 -0.0114277 -0.00922431 -0.00110071
30 -3.5 10 0.553896 -0.646501 0.0210866 0.979163 -1.4379 0.118365 -0.00481824 8.25139e-05 0.0351439 0.000614836 0.00012172 -0.000717434 -0.0108526 -0.0093962 -0.00103302
30 -3 10 0.552221 -0.584744 0.0200519 1.04494 -1.3606 0.128591 -0.00482809 6.67046e-05 0.0353508 0.000533618 0.000122087 -0.000213722 -0.0101987 -0.00966317 -0.000966373
30 -2.5 10 0.550642 -0.524268 0.019496 1.11771 -1.27696 0.138972 -0.00485306 6.1724e-05 0.035479 0.000462816 0.000127651 0.000252427 -0.00947088 -0.00992433 -0.00088832
30 -2 10 0.551952 -0.467338 0.0231326 1.21087 -1.20588 0.152646 -0.00487116 6.09685e-05 0.0356528 0.000397064 0.000132711 0.000834755 -0.0088451 -0.0103708 -0.000801661
30 -1.5 10 0.552931 -0.409979 0.0270169 1.30407 -1.13357 0.166616 -0.00489045 5.79859e-05 0.0358278 0.000328469 0.000132762 0.00142024 -0.00816115 -0.0108699 -0.000713723
30 -1 10 0.547305 -0.364546 0.0293364 1.3951 -1.06598 0.181472 -0.0049031 4.20749e-05 0.0359576 0.00024534 0.000105304 0.00190797 -0.0075812 -0.0112204 -0.00067797
30 -0.5 10 0.539145 -0.340158 0.0279095 1.48585 -1.02765 0.194251 -0.00489727 3.78383e-05 0.0360436 0.00018213 0.000109574 0.00227713 -0.00731148 -0.0114587 -0.000647734
30 0 10 0.531133 -0.314687 0.0273609 1.5706 -0.993098 0.203644 -0.004912 3.19901e-05 0.0361325 0.000120512 0.00010361 0.00264135 -0.00700777 -0.0117248 -0.00062317
30 0.5 10 0.0426775 -0.209329 0.00195002 0.120806 -0.847671 0.0149467 -0.00491804 1.7842e-06 0.0361382 1.5914e-05 8.8249e-05 0.00343776 -0.0052401 -0.00098347 -0.000502631
30 1 10 0.0415847 -0.207066 0.00193778 0.117362 -0.843989 0.0150118 -0.00491797 5.14781e-06 0.0360824 1.97006e-05 8.09634e-05 0.003391 -0.00516731 -0.000953843 -0.000496
30 1.5 10 0.0401776 -0.203311 0.00193853 0.11091 -0.837624 0.0150114 -0.00492074 -3.9567e-06 0.0359981 9.57819e-06 7.04059e-05 0.00331976 -0.0050503 -0.000911956 -0.000492385
30 2 10 0.0388178 -0.19921 0.00172248 0.105892 -0.831384 0.0141491 -0.00493251 -1.19644e-05 0.0359064 2.36791e-05 7.39906e-05 0.00325786 -0.00493124 -0.000873475 -0.000477775
30 2.5 10 0.0380111 -0.195095 0.00148227 0.101644 -0.824175 0.012526 -0.00493379 -1.76956e-05 0.0358104 4.21397e-05 7.75167e-05 0.0031836 -0.00480561 -0.000845785 -0.00046031
30 3 10 0.0373773 -0.190909 0.00135395 0.0972534 -0.817047 0.0115926 -0.00493285 -2.69829e-05 0.0357091 4.62959e-05 7.29238e-05 0.00310274 -0.00467654 -0.000821301 -0.000448908
30 3.5 10 0.0366581 -0.186845 0.00129868 0.0922902 -0.810023 0.0105831 -0.00492356 -3.60218e-05 0.0356038 4.4844e-05 6.68255e-05 0.00301249 -0.00454661 -0.000794555 -0.000439385
30 4 10 0.0356021 -0.183094 0.00123774 0.0875134 -0.802777 0.00942849 -0.00491717 -4.32984e-05 0.0355248 3.97401e-05 6.57613e-05 0.00293718 -0.00443144 -0.000763757 -0.000432095
30 4.5 10 0.0344438 -0.179332 0.00118975 0.0835379 -0.796048 0.00875136 -0.0049162 -5.45245e-05 0.0354561 2.01339e-05 5.82541e-05 0.00287208 -0.00432258 -0.00073342 -0.000431308
30 5 10 0.0336961 -0.175711 0.00113166 0.0801282 -0.789314 0.00832889 -0.00491775 -5.22819e-05 0.0353626 3.92154e-05 6.26739e-05 0.00278591 -0.00420651 -0.000710026 -0.000414945
30 5.5 10 0.0327382 -0.172438 0.000962178 0.0767667 -0.782928 0.00731677 -0.00491687 -6.26119e-05 0.0352842 4.89383e-05 5.43236e-05 0.00271079 -0.00410351 -0.000683806 -0.00040371
30 6 10 0.0319697 -0.169169 0.000753621 0.0740723 -0.776795 0.0064397 -0.00491786 -7.3407e-05 0.0352144 5.44204e-05 4.70958e-05 0.00264466 -0.0040059 -0.000662523 -0.000394268
30 6.5 10 0.0312357 -0.165883 0.000688955 0.0711053 -0.770549 0.00595701 -0.00491764 -7.73248e-05 0.0351393 5.66182e-05 4.48094e-05 0.00257397 -0.0039063 -0.000641837 -0.000385677
30 7 10 0.0302757 -0.162695 0.000713761 0.0678361 -0.764284 0.00595633 -0.00492177 -8.18419e-05 0.0350852 4.99123e-05 4.5446e-05 0.00251405 -0.00381492 -0.000617995 -0.000380997
30 7.5 10 0.0296681 -0.159668 0.000564405 0.0658667 -0.757997 0.00502658 -0.00491303 -9.65593e-05 0.0350059 5.35926e-05 4.0987e-05 0.00243201 -0.00371646 -0.000600626 -0.000371997
30 8 10 0.0288602 -0.156688 0.000591895 0.063748 -0.752089 0.00455683 -0.00492048 -0.000102856 0.0349517 5.99575e-05 3.9375e-05 0.00237915 -0.00363298 -0.000581509 -0.000363172
30 8.5 10 0.0281363 -0.153988 0.000613681 0.0619762 -0.746667 0.00441187 -0.00492566 -0.000107178 0.0349 5.79718e-05 3.39322e-05 0.00232118 -0.00355372 -0.000564292 -0.000358061
30 9 10 0.0274282 -0.151168 0.00055688 0.0599075 -0.740997 0.00393487 -0.00492328 -0.000113692 0.0348474 6.02657e-05 3.57513e-05 0.00226529 -0.00347323 -0.000547006 -0.000350282
30 9.5 10 0.0267684 -0.148462 0.000474493 0.0579394 -0.735489 0.00354679 -0.00492257 -0.000123312 0.0347946 6.19933e-05 3.42071e-05 0.00220651 -0.0033943 -0.000530677 -0.000343268
30 10 10 0.0261669 -0.145955 0.000428886 0.0565148 -0.730152 0.00333418 -0.00491451 -0.000131477 0.0347398 5.89515e-05 2.95221e-05 0.00214592 -0.00331867 -0.000516111 -0.000338013
30 10.5 10 0.0255428 -0.143171 0.000448026 0.0550264 -0.724476 0.00315303 -0.00491811 -0.000138314 0.0346938 6.27203e-05 2.87994e-05 0.00209662 -0.00324306 -0.000501776 -0.000330319
30 11 10 0.0248616 -0.140657 0.00037054 0.0533564 -0.719444 0.00274567 -0.00492196 -0.000147497 0.0346543 6.47724e-05 2.66343e-05 0.00205042 -0.00317478 -0.000486305 -0.000323977
30 11.5 10 0.0242147 -0.1384 0.00030597 0.0516673 -0.71458 0.0024705 -0.00491837 -0.000154686 0.034607 6.61388e-05 2.43026e-05 0.00199595 -0.00310794 -0.000471232 -0.000317964
30 12 10 0.0236942 -0.136108 0.000316195 0.0507396 -0.709879 0.00235025 -0.00491445 -0.000162799 0.0345621 6.68777e-05 2.58749e-05 0.00194779 -0.00304343 -0.000459573 -0.000311982
30 12.5 10 0.0230719 -0.133858 0.000265182 0.049093 -0.705742 0.00191499 -0.00491712 -0.000167739 0.0345367 6.21098e-05 1.71793e-05 0.00190548 -0.00298389 -0.00044578 -0.000308694
30 13 10 0.0225231 -0.131529 0.000277871 0.0480625 -0.700748 0.00165124 -0.00491768 -0.000179149 0.0344989 6.69873e-05 1.47833e-05 0.00186661 -0.0029228 -0.000433995 -0.0003016
30 13.5 10 0.022044 -0.129217 0.000274193 0.0472066 -0.695635 0.00159594 -0.00491085 -0.000188704 0.0344603 6.78507e-05 1.50474e-05 0.00182232 -0.00286025 -0.000423454 -0.000295408
30 14 10 0.0216585 -0.127116 0.000186427 0.0463361 -0.691371 0.00147842 -0.00490653 -0.000194846 0.0344333 5.81896e-05 1.27364e-05 0.00177541 -0.00280224 -0.000414435 -0.000293549
30 14.5 10 0.0210549 -0.125173 0.000138605 0.0451949 -0.687295 0.00110283 -0.0049052 -0.000203636 0.0344049 6.22126e-05 1.08802e-05 0.00174061 -0.00275143 -0.000401834 -0.000287518
30 15 10 0.0206295 -0.123083 0.000163933 0.0445641 -0.68272 0.00118623 -0.00490616 -0.00021044 0.0343698 6.6711e-05 1.46091e-05 0.00169803 -0.0026948 -0.000392714 -0.000281005
30 15.5 10 0.0201687 -0.120998 0.000170869 0.0435372 -0.678529 0.000960954 -0.00490757 -0.000217614 0.034342 6.8414e-05 1.38173e-05 0.0016573 -0.00263991 -0.000382781 -0.000275586
30 16 10 0.0197017 -0.119083 0.000219837 0.0425587 -0.674334 0.000944931 -0.00490386 -0.000223817 0.034309 7.1506e-05 1.22267e-05 0.00161835 -0.00258845 -0.000372915 -0.000269819
30 16.5 10 0.019265 -0.117299 0.000129665 0.0419062 -0.670791 0.000784242 -0.00490284 -0.000229345 0.0342971 6.72484e-05 1.06228e-05 0.00158623 -0.00254352 -0.000363895 -0.000266982
30 17 10 0.0188235 -0.115491 6.81849e-05 0.0407258 -0.666937 0.000370976 -0.00490431 -0.000243119 0.0342766 6.56773e-05 9.36558e-06 0.00155237 -0.00249697 -0.000354367 -0.000263397
30 17.5 10 0.0184154 -0.113582 0.000112514 0.0402279 -0.662438 0.000550607 -0.00490962 -0.000249563 0.034245 7.44681e-05 1.07145e-05 0.001518 -0.00244758 -0.000346106 -0.000256239
30 18 10 0.017963 -0.111835 0.000109405 0.039446 -0.658761 0.000486813 -0.00491088 -0.000253388 0.0342231 7.80753e-05 1.30458e-05 0.00148501 -0.00240279 -0.000336913 -0.000250905
30 18.5 10 0.0175735 -0.11012 0.000120217 0.0387663 -0.655088 0.000411454 -0.00490774 -0.000261756 0.0342066 7.7923e-05 1.15662e-05 0.0014526 -0.00235918 -0.000328999 -0.000246771
30 19 10 0.0172464 -0.108463 0.000123009 0.0381595 -0.651318 0.000272517 -0.00490551 -0.00027148 0.0341828 8.08919e-05 1.11801e-05 0.00141826 -0.00231564 -0.000322116 -0.000241818
30 19.5 10 0.0169209 -0.10689 0.000137838 0.0376469 -0.64781 0.000255512 -0.00490036 -0.000280035 0.0341636 8.07685e-05 1.0586e-05 0.00138392 -0.00227412 -0.000315417 -0.000237909
30 20 10 0.0165536 -0.105251 6.21029e-05 0.0372224 -0.644312 -0.000246438 -0.00489903 -0.00029129 0.0341581 7.48611e-05 7.85467e-06 0.00135939 -0.00223551 -0.000308181 -0.000235961
30 20.5 10 0.0161889 -0.103527 2.02979e-05 0.0364765 -0.64059 -0.000365181 -0.00490473 -0.000299676 0.0341413 7.75539e-05 8.68597e-06 0.00133464 -0.00219475 -0.000300761 -0.000231313
30 21 10 0.015894 -0.101924 1.92954e-06 0.035763 -0.636506 -0.000178614 -0.00490198 -0.000303635 0.0341152 7.89622e-05 7.09744e-06 0.00129716 -0.0021514 -0.000294321 -0.000226971
30 21.5 10 0.0155148 -0.100469 -7.43638e-06 0.0354855 -0.633368 -0.000137156 -0.00489944 -0.000310059 0.0341172 7.44789e-05 6.60172e-06 0.00127861 -0.00211878 -0.000287333 -0.000224823
30 22 10 0.0152831 -0.0989416 3.13793e-05 0.0352106 -0.630015 -0.000119914 -0.00489597 -0.000318223 0.0341097 7.06123e-05 6.96209e-06 0.00124732 -0.00208035 -0.000282691 -0.000222273
30 22.5 10 0.0149877 -0.0974709 5.79671e-05 0.0347403 -0.626643 -0.00022678 -0.00489376 -0.00033088 0.0340953 7.53638e-05 7.40447e-06 0.00122058 -0.00204408 -0.000276857 -0.000217238
30 23 10 0.0146208 -0.0960709 4.41544e-05 0.0342801 -0.62352 -0.000264176 -0.0048938 -0.000338943 0.0340908 7.69413e-05 6.4848e-06 0.00119956 -0.00201153 -0.000269895 -0.000213455
30 23.5 10 0.0143072 -0.0946816 1.27404e-05 0.0338018 -0.620126 -0.000331566 -0.00489199 -0.000346459 0.0340841 7.73554e-05 5.79169e-06 0.00117471 -0.0019778 -0.000263721 -0.000209986
30 24 10 0.0140597 -0.09327 3.12233e-05 0.0334876 -0.616557 -0.000407258 -0.0048933 -0.000357416 0.0340742 7.81704e-05 6.71431e-06 0.00114849 -0.0019431 -0.000258859 -0.000206501
30 24.5 10 0.0138203 -0.0919328 2.66143e-05 0.0334243 -0.613256 -0.000380604 -0.00489279 -0.000367135 0.0340651 7.79106e-05 6.35546e-06 0.00112266 -0.00191009 -0.000254237 -0.000203445
30 25 10 0.0135925 -0.0906483 -3.44004e-06 0.0331129 -0.610257 -0.00040555 -0.00489029 -0.000374149 0.0340533 7.97417e-05 5.54768e-06 0.00109518 -0.00187761 -0.000249574 -0.000199768
30 25.5 10 0.0133181 -0.0892356 -2.92693e-06 0.0327498 -0.606992 -0.000583205 -0.00488995 -0.000381709 0.0340555 8.34677e-05 6.15131e-06 0.00107608 -0.00184607 -0.000244415 -0.000195288
30 26 10 0.0131037 -0.0879579 2.65781e-06 0.0325673 -0.603673 -0.00056519 -0.00488699 -0.000392643 0.0340453 8.407e-05 6.60074e-06 0.00105084 -0.00181446 -0.000240201 -0.000192014
30 26.5 10 0.0128754 -0.0867391 1.73102e-05 0.0322717 -0.600624 -0.000666424 -0.00488885 -0.000404658 0.034043 8.55132e-05 7.3389e-06 0.0010304 -0.00178586 -0.000235855 -0.000188833
30 27 10 0.0126182 -0.0855078 3.66419e-06 0.0319894 -0.597811 -0.000850996 -0.00488144 -0.000415333 0.0340579 7.71657e-05 3.58655e-06 0.00101095 -0.00175828 -0.000231085 -0.000188198
30 27.5 10 0.0123807 -0.0842506 2.17701e-05 0.0319874 -0.594059 -0.000578642 -0.00488427 -0.000425239 0.0340379 8.29943e-05 5.32628e-06 0.00098158 -0.00172541 -0.000226483 -0.000183647
30 28 10 0.0121732 -0.0830474 2.30914e-05 0.0320979 -0.590949 -0.000749385 -0.00488012 -0.000437068 0.0340439 8.32949e-05 5.90824e-06 0.000963631 -0.00169835 -0.000222764 -0.000180595
30 28.5 10 0.0120045 -0.0818994 -1.9897e-05 0.0317542 -0.588158 -0.0010267 -0.00488838 -0.000444351 0.0340466 8.47938e-05 6.74018e-06 0.00094505 -0.00167212 -0.000219356 -0.000177802
30 29 10 0.0118343 -0.080717 -2.89328e-05 0.0316332 -0.585131 -0.00099378 -0.00488765 -0.000453241 0.0340456 8.48955e-05 6.31307e-06 0.000924553 -0.00164453 -0.000216048 -0.000175002
30 29.5 10 0.0116579 -0.0794727 -1.23504e-05 0.0316291 -0.581767 -0.000709101 -0.00488622 -0.000460711 0.0340491 8.33663e-05 7.29583e-06 0.000905207 -0.0016163 -0.000212785 -0.000172481
30 30 10 0.0114997 -0.0784425 4.00695e-06 0.0315118 -0.578723 -0.000790219 -0.00487804 -0.000468888 0.0340409 8.65498e-05 8.62229e-06 0.000875295 -0.0015884 -0.000209565 -0.000168839
30 30.5 10 0.0112791 -0.0773697 -1.28833e-05 0.0311341 -0.575818 -0.00121003 -0.0048798 -0.000488123 0.0340514 9.22622e-05 7.68941e-06 0.000859761 -0.0015648 -0.000205443 -0.000164844
30 31 10 0.011159 -0.0762137 -4.85739e-05 0.0311616 -0.572674 -0.00128286 -0.00488619 -0.000496695 0.0340529 9.01204e-05 7.19303e-06 0.000842744 -0.00153896 -0.000203069 -0.000163052
30 31.5 10 0.0109928 -0.075162 -1.57161e-05 0.0311425 -0.569406 -0.00102457 -0.0048737 -0.00050288 0.0340554 8.77067e-05 8.40791e-06 0.000816919 -0.00151241 -0.000199908 -0.000160821
30 32 10 0.0108675 -0.0741713 -1.08133e-05 0.0313161 -0.566428 -0.0010833 -0.00486716 -0.000512832 0.0340603 8.46031e-05 7.65478e-06 0.000795994 -0.00148858 -0.000197558 -0.000159208
30 32.5 10 0.0107052 -0.07309 -3.00093e-05 0.031466 -0.563461 -0.00112568 -0.00487383 -0.000527377 0.0340661 9.07213e-05 9.08776e-06 0.000780852 -0.00146494 -0.000194606 -0.000155235
30 33 10 0.0105376 -0.0720024 -4.08515e-05 0.0313192 -0.560243 -0.00117572 -0.00486855 -0.000537586 0.0340764 8.91553e-05 8.43761e-06 0.000761776 -0.00144019 -0.000191424 -0.000153
30 33.5 10 0.0103593 -0.071046 -5.01306e-05 0.0313719 -0.557315 -0.00120157 -0.00487086 -0.000546152 0.0340935 9.04273e-05 8.4276e-06 0.000747485 -0.00141941 -0.00018825 -0.000150526
30 34 10 0.010194 -0.0700521 -2.28679e-05 0.0314605 -0.554296 -0.00126903 -0.00486941 -0.000559032 0.0341084 8.78832e-05 7.07691e-06 0.000735772 -0.0013986 -0.000185424 -0.000148938
30 34.5 10 0.0101208 -0.0690627 2.47808e-06 0.0317806 -0.551254 -0.00115228 -0.00487429 -0.000569386 0.0341044 9.3693e-05 9.84988e-06 0.000716509 -0.00137515 -0.000184027 -0.000145216
30 35 10 0.0100418 -0.0680463 -3.86778e-05 0.0319552 -0.547711 -0.00145388 -0.00486172 -0.000585314 0.0341126 8.91187e-05 7.64747e-06 0.000690153 -0.00134963 -0.000182274 -0.000143822
30 35.5 10 0.00991005 -0.0670913 -2.03473e-05 0.0319006 -0.544786 -0.00134737 -0.00486061 -0.000595864 0.0341247 9.16449e-05 9.42034e-06 0.000677263 -0.00132922 -0.000179904 -0.000140891
30 36 10 0.00979892 -0.0661339 -9.05156e-06 0.0320442 -0.5419 -0.0013035 -0.00486348 -0.000607033 0.0341403 9.34037e-05 9.90926e-06 0.000663493 -0.00130868 -0.000177938 -0.000138328
30 36.5 10 0.00971041 -0.0651703 -3.27087e-05 0.0325419 -0.538908 -0.001349 -0.00486226 -0.000621388 0.0341553 9.2067e-05 9.79098e-06 0.000646855 -0.00128726 -0.000176338 -0.000136487
30 37 10 0.00960649 -0.0642472 -4.42072e-05 0.0328662 -0.53559 -0.0013959 -0.00485661 -0.000632133 0.0341699 9.1414e-05 1.1622e-05 0.000628909 -0.00126609 -0.000174418 -0.000134377
30 37.5 10 0.00955382 -0.0632797 -3.3304e-05 0.0331039 -0.532016 -0.00144103 -0.00485595 -0.000641814 0.0341703 8.8478e-05 9.80719e-06 0.000603576 -0.0012417 -0.000173202 -0.000133009
30 38 10 0.00941875 -0.0624519 -3.32995e-06 0.0328703 -0.528653 -0.00129927 -0.0048442 -0.000655817 0.0341858 9.12255e-05 1.02448e-05 0.000585551 -0.00122225 -0.000170668 -0.000130071
30 38.5 10 0.00929762 -0.0615515 -3.34555e-05 0.0329064 -0.525605 -0.00129311 -0.00484268 -0.000669386 0.0342113 8.80955e-05 9.74514e-06 0.000574985 -0.00120399 -0.000168478 -0.000128837
30 39 10 0.00922978 -0.0605908 -6.57071e-05 0.0330203 -0.522603 -0.00161024 -0.00485134 -0.000684634 0.0342414 8.70633e-05 8.35377e-06 0.000566024 -0.00118527 -0.000167276 -0.000127245
30 39.5 10 0.00913049 -0.0596747 -5.52344e-05 0.0330337 -0.51905 -0.00170164 -0.00485453 -0.000696159 0.0342599 8.89703e-05 8.88146e-06 0.000552536 -0.00116563 -0.000165473 -0.000124788
30 40 10 0.00909025 -0.0587619 -2.29251e-05 0.0340668 -0.515637 -0.00150756 -0.0048555 -0.000714509 0.0342628 9.16869e-05 1.10048e-05 0.000534909 -0.00114458 -0.000164854 -0.000122081
30 40.5 10 0.00898703 -0.0579378 -3.17862e-05 0.0343005 -0.512364 -0.00173257 -0.00484661 -0.000731439 0.0342784 9.26999e-05 1.09022e-05 0.000519173 -0.00112601 -0.000162938 -0.000119753
30 41 10 0.00892057 -0.0570516 -2.96063e-05 0.0347251 -0.509117 -0.00173444 -0.00484251 -0.000745917 0.034304 9.18228e-05 1.12123e-05 0.000506896 -0.00110759 -0.000161815 -0.000117895
30 41.5 10 0.00888313 -0.0562182 -4.49887e-05 0.0354353 -0.505635 -0.00173337 -0.00483118 -0.000757432 0.0343236 9.02341e-05 1.18416e-05 0.00048716 -0.00108798 -0.000161051 -0.000116142
30 42 10 0.00881778 -0.0553619 -4.36006e-05 0.0356471 -0.502212 -0.00168404 -0.00483385 -0.000771151 0.0343461 9.06796e-05 1.21508e-05 0.000475657 -0.00107018 -0.000159877 -0.000114219
30 42.5 10 0.00873642 -0.054462 -5.76789e-05 0.035865 -0.49848 -0.00180816 -0.00483569 -0.000785743 0.0343725 8.98902e-05 1.13635e-05 0.000464621 -0.00105181 -0.00015842 -0.000112505
30 43 10 0.00867003 -0.0536363 -7.67999e-05 0.0361873 -0.49507 -0.00162466 -0.00483711 -0.000793155 0.0344008 9.11207e-05 1.17793e-05 0.000453692 -0.00103489 -0.000157225 -0.000110392
30 43.5 10 0.0086721 -0.0528407 -3.05655e-05 0.0367925 -0.491352 -0.00162887 -0.00482947 -0.000812079 0.034405 8.9475e-05 1.03841e-05 0.000425692 -0.00101358 -0.000157012 -0.000108945
30 44 10 0.00862895 -0.0519959 -1.83283e-05 0.0375697 -0.488151 -0.00166243 -0.00482519 -0.000831432 0.0344322 9.03878e-05 1.19886e-05 0.000417275 -0.00099701 -0.000156426 -0.000106746
30 44.5 10 0.00860274 -0.0511187 -3.1272e-05 0.038034 -0.483782 -0.00184602 -0.00481983 -0.000849918 0.0344553 8.91453e-05 1.1613e-05 0.000401187 -0.000977703 -0.000155842 -0.000105063
30 45 10 0.00860547 -0.0502541 -5.38836e-05 0.0389637 -0.479776 -0.00204182 -0.00482102 -0.000868714 0.0344726 9.33472e-05 1.37475e-05 0.000385124 -0.000958591 -0.000155795 -0.000102215
30 45.5 10 0.00857009 -0.04946 -6.02246e-05 0.0397811 -0.476426 -0.00193546 -0.00482283 -0.000882485 0.0345032 9.41191e-05 1.52817e-05 0.00037655 -0.000942974 -0.000155283 -0.000100326
30 46 10 0.00852894 -0.0486367 -6.60583e-05 0.0401065 -0.472501 -0.00183245 -0.00481987 -0.000896969 0.0345326 9.38845e-05 1.64516e-05 0.000363571 -0.000925685 -0.000154481 -9.85262e-05
30 46.5 10 0.00848992 -0.0478586 -5.91875e-05 0.0406109 -0.468977 -0.00192515 -0.00481954 -0.000914415 0.0345675 9.23147e-05 1.55834e-05 0.000354826 -0.00091039 -0.000153889 -9.72467e-05
30 47 10 0.00847438 -0.0470268 -3.26205e-05 0.0415762 -0.465008 -0.00203307 -0.00481764 -0.000937633 0.0345932 9.60405e-05 1.39769e-05 0.000344272 -0.00089345 -0.000153754 -9.46317e-05
30 47.5 10 0.00846467 -0.0462203 -4.32697e-05 0.0424518 -0.460473 -0.00199263 -0.00480797 -0.000955251 0.0346152 9.51595e-05 1.44667e-05 0.00032436 -0.000874649 -0.000153379 -9.29397e-05
30 48 10 0.00841938 -0.0453758 -3.5242e-05 0.0429085 -0.456675 -0.00193225 -0.00479958 -0.000972396 0.0346672 9.0545e-05 1.60687e-05 0.000321452 -0.000859926 -0.000152838 -9.19662e-05
30 48.5 10 0.0084114 -0.0445821 -4.05499e-05 0.0436758 -0.452419 -0.00183532 -0.00480006 -0.00098953 0.0346957 9.25395e-05 1.7198e-05 0.000307921 -0.000843063 -0.000152632 -8.98512e-05
30 49 10 0.00843071 -0.0437683 -3.45798e-05 0.0445279 -0.448128 -0.00189193 -0.00479618 -0.00100938 0.0347218 9.39702e-05 1.76396e-05 0.000292698 -0.000825442 -0.000152887 -8.77673e-05
30 49.5 10 0.0084416 -0.042882 -3.63544e-05 0.0453683 -0.443556 -0.00202679 -0.0047984 -0.00103055 0.0347468 9.62295e-05 1.91442e-05 0.000281831 -0.000807509 -0.000153063 -8.54562e-05
30 50 10 0.00840479 -0.0420956 -3.65146e-05 0.046164 -0.439062 -0.00201924 -0.004793 -0.00104872 0.034786 9.13274e-05 1.72513e-05 0.000272427 -0.000791978 -0.000152477 -8.48419e-05
30 50.5 10 0.0084276 -0.0412893 -5.08481e-05 0.0474253 -0.434278 -0.00218882 -0.00478434 -0.00107273 0.0348178 9.17554e-05 1.93936e-05 0.000255471 -0.000774281 -0.000152752 -8.29078e-05
30 51 10 0.00845493 -0.0404526 -5.05222e-05 0.0483506 -0.429745 -0.00229132 -0.004783 -0.00109441 0.0348497 9.43235e-05 1.98299e-05 0.000244328 -0.000757385 -0.00015322 -8.06221e-05
30 51.5 10 0.0084268 -0.0396362 -3.69399e-05 0.0489942 -0.425096 -0.00214511 -0.00478127 -0.00111276 0.0348873 9.52594e-05 2.02826e-05 0.000237357 -0.000741849 -0.000152823 -7.87002e-05
30 52 10 0.0084039 -0.0388008 -2.74828e-05 0.0498378 -0.420007 -0.0021227 -0.0047748 -0.00113391 0.0349285 9.32926e-05 2.04473e-05 0.000228844 -0.00072568 -0.000152504 -7.72964e-05
30 52.5 10 0.00840323 -0.0380644 -4.85428e-05 0.0509061 -0.415592 -0.00223726 -0.00477538 -0.00115649 0.0349717 9.28329e-05 1.9816e-05 0.000220507 -0.000711416 -0.000152538 -7.59505e-05
30 53 10 0.00841387 -0.0372542 -6.96199e-05 0.0519263 -0.410858 -0.00235799 -0.00478025 -0.00118221 0.0350135 9.48189e-05 2.11137e-05 0.00021671 -0.000696734 -0.000152871 -7.39889e-05
30 53.5 10 0.00845542 -0.0363944 -5.59975e-05 0.0529865 -0.405502 -0.00232493 -0.00477285 -0.00120229 0.0350573 9.25049e-05 2.14394e-05 0.00020755 -0.000680034 -0.000153685 -7.2612e-05
30 54 10 0.00848699 -0.0355987 -4.67408e-05 0.054339 -0.400088 -0.00224435 -0.00477051 -0.00122459 0.0350911 9.38732e-05 2.34903e-05 0.000195544 -0.000663719 -0.000154216 -7.06916e-05
30 54.5 10 0.00847177 -0.0348079 -5.86749e-05 0.055654 -0.394983 -0.00199333 -0.00477473 -0.00124497 0.0351247 9.63422e-05 2.59119e-05 0.000189653 -0.000648773 -0.000154017 -6.86248e-05
30 55 10 0.00851445 -0.0339786 -3.90892e-05 0.0571131 -0.389661 -0.0020313 -0.00476034 -0.00127072 0.0351802 9.46028e-05 2.41189e-05 0.000183104 -0.000633361 -0.000155002 -6.71645e-05
30 55.5 10 0.00853531 -0.0331658 -3.88952e-05 0.058426 -0.383944 -0.00226352 -0.00475359 -0.00130404 0.0352221 9.57197e-05 2.38394e-05 0.000176728 -0.000618011 -0.000155495 -6.53216e-05
30 56 10 0.00854712 -0.0323419 -5.17743e-05 0.0597474 -0.378261 -0.00237785 -0.00475284 -0.00133 0.0352726 9.35346e-05 2.34177e-05 0.000171777 -0.000602886 -0.000155859 -6.41519e-05
30 56.5 10 0.00856542 -0.0315033 -5.03771e-05 0.0611834 -0.372499 -0.00231357 -0.00474913 -0.00135395 0.035325 8.97404e-05 2.27174e-05 0.00016664 -0.000587471 -0.000156369 -6.31961e-05
30 57 10 0.00861339 -0.0306355 -2.71495e-05 0.0628092 -0.366217 -0.00205906 -0.00473593 -0.0013791 0.035367 9.00429e-05 2.32695e-05 0.000158994 -0.000570851 -0.000157336 -6.12649e-05
30 57.5 10 0.00861205 -0.0298216 -1.42335e-05 0.0640179 -0.359965 -0.00187655 -0.00473995 -0.00140534 0.0354106 9.35702e-05 2.69727e-05 0.000154443 -0.000555783 -0.000157477 -5.90236e-05
30 58 10 0.00863515 -0.0289903 -3.29855e-05 0.0655747 -0.353687 -0.0020108 -0.00473979 -0.00143598 0.0354552 9.48819e-05 2.86763e-05 0.000150576 -0.000540552 -0.000158035 -5.71846e-05
30 58.5 10 0.00864189 -0.0281377 -3.10214e-05 0.0671538 -0.347094 -0.00190606 -0.00472761 -0.00146454 0.0355149 9.19192e-05 2.86847e-05 0.00014959 -0.00052561 -0.000158495 -5.59248e-05
30 59 10 0.00865343 -0.0273349 -4.19601e-05 0.0687062 -0.340914 -0.00189766 -0.00472576 -0.00148963 0.0355753 9.04048e-05 2.83819e-05 0.000150479 -0.000511878 -0.00015908 -5.46491e-05
30 59.5 10 0.00870176 -0.0265489 -6.47539e-05 0.0710697 -0.334926 -0.00208717 -0.00473159 -0.00152198 0.035623 9.23398e-05 2.95367e-05 0.000152409 -0.000498418 -0.00016035 -5.29181e-05
30 60 10 0.00870656 -0.0256639 -3.27113e-05 0.0729164 -0.327359 -0.00179351 -0.0047215 -0.00155522 0.0356659 9.26377e-05 3.0547e-05 0.000148248 -0.000481926 -0.000160674 -5.10797e-05
30 60.5 10 0.00872696 -0.0248436 -2.62252e-05 0.0748181 -0.320326 -0.00169062 -0.00470666 -0.00158307 0.0357337 8.98894e-05 3.0026e-05 0.000148144 -0.000467601 -0.00016148 -4.98528e-05
30 61 10 0.00875243 -0.0239264 -1.7641e-06 0.0768133 -0.312585 -0.00135715 -0.00471025 -0.00161216 0.0357971 9.10512e-05 3.03682e-05 0.000150793 -0.000451797 -0.000162505 -4.80079e-05
30 61.5 10 0.00877585 -0.0231034 5.60767e-06 0.0790676 -0.305412 -0.00125722 -0.00470524 -0.00164842 0.0358521 9.00987e-05 3.17161e-05 0.000153741 -0.000437606 -0.000163464 -4.65743e-05
30 62 10 0.0087629 -0.0222257 2.12429e-05 0.0809768 -0.297382 -0.00104203 -0.00469302 -0.0016861 0.0359136 9.08967e-05 3.15005e-05 0.000157218 -0.000422445 -0.000163816 -4.47496e-05
30 62.5 10 0.00882552 -0.0213812 -2.75898e-05 0.0836 -0.289385 -0.00126177 -0.00469567 -0.00171535 0.0359673 8.94141e-05 3.33749e-05 0.000159755 -0.00040763 -0.000165384 -4.34363e-05
30 63 10 0.00887839 -0.0205258 -7.81474e-06 0.0864576 -0.281217 -0.000982853 -0.00468689 -0.00175066 0.0360341 8.92227e-05 3.41098e-05 0.000165018 -0.000393007 -0.000167121 -4.18525e-05
30 63.5 10 0.00888837 -0.0196735 2.0224e-05 0.0889124 -0.273095 -0.000634393 -0.00467708 -0.00178815 0.0361051 8.84377e-05 3.40553e-05 0.000173767 -0.000378855 -0.000168258 -4.03641e-05
30 64 10 0.00892202 -0.0188319 5.88853e-06 0.0919155 -0.264848 -0.000564571 -0.00467422 -0.00182668 0.0361606 8.76276e-05 3.4904e-05 0.000184142 -0.000364855 -0.000169814 -3.89529e-05
30 64.5 10 0.00892465 -0.0180226 -1.83892e-06 0.0948083 -0.256399 -0.000458167 -0.00466961 -0.00186184 0.0362252 8.5017e-05 3.50934e-05 0.000194015 -0.000351303 -0.000170861 -3.78247e-05
30 65 10 0.0088996 -0.0171872 2.21274e-05 0.0975093 -0.247602 4.3971e-05 -0.00466442 -0.0018973 0.0363032 8.30115e-05 3.57139e-05 0.00020777 -0.000337677 -0.000171721 -3.65087e-05
30 65.5 10 0.00894198 -0.0162163 3.21871e-05 0.101216 -0.237175 0.000345581 -0.00466172 -0.00194323 0.0363702 8.20646e-05 3.68067e-05 0.000222164 -0.000321215 -0.000173915 -3.48915e-05
30 66 10 0.0089378 -0.0153317 -1.00792e-05 0.104494 -0.227701 0.000185523 -0.00466289 -0.0019785 0.0364458 8.14996e-05 3.77319e-05 0.000243304 -0.000307101 -0.000175553 -3.33366e-05
30 66.5 10 0.00888907 -0.0144822 1.31112e-05 0.107664 -0.217663 0.000630155 -0.00464663 -0.00202593 0.036518 7.89473e-05 3.75678e-05 0.000259786 -0.000292701 -0.000176296 -3.20366e-05
30 67 10 0.00889746 -0.0136963 7.55368e-06 0.111649 -0.208187 0.000799334 -0.00462319 -0.00206339 0.0365862 7.60989e-05 3.61284e-05 0.000275407 -0.000279222 -0.000178124 -3.09014e-05
30 67.5 10 0.00884187 -0.0127823 4.2992e-05 0.115287 -0.197306 0.00163634 -0.00463787 -0.00210779 0.0366696 7.57089e-05 3.85279e-05 0.000303282 -0.000264266 -0.000179634 -2.92698e-05
30 68 10 0.00880389 -0.0118899 7.4798e-05 0.119567 -0.186157 0.00248921 -0.00463119 -0.00215262 0.0367497 7.39298e-05 3.97129e-05 0.00033125 -0.000249277 -0.000181655 -2.77525e-05
30 68.5 10 0.0087546 -0.0110201 7.67161e-05 0.123923 -0.174936 0.00289473 -0.00461801 -0.00220264 0.036827 7.14923e-05 4.01586e-05 0.000358968 -0.00023429 -0.000183519 -2.63456e-05
30 69 10 0.00869413 -0.0101597 4.25269e-05 0.128547 -0.163636 0.00282459 -0.00463127 -0.00225016 0.036925 6.85507e-05 3.99185e-05 0.000396192 -0.000219998 -0.000185982 -2.51334e-05
30 69.5 10 0.00864356 -0.00925735 5.27727e-05 0.133911 -0.151072 0.0034717 -0.00461694 -0.00229976 0.0369976 6.60527e-05 4.04045e-05 0.000431861 -0.00020388 -0.000188818 -2.36147e-05
30 70 10 0.00856515 -0.00844037 5.87628e-05 0.139631 -0.139497 0.00407587 -0.00460623 -0.00235198 0.0370769 6.22238e-05 4.06574e-05 0.000472191 -0.00018942 -0.00019176 -2.23331e-05
30 70.5 10 0.0084925 -0.00763125 4.72789e-05 0.145702 -0.127514 0.00450197 -0.00459681 -0.00240257 0.037165 5.86011e-05 4.06657e-05 0.000512981 -0.000174549 -0.00019516 -2.10429e-05
30 71 10 0.00837819 -0.00677749 4.55628e-05 0.152189 -0.114901 0.00515265 -0.00458631 -0.00245418 0.0372598 5.32188e-05 3.90962e-05 0.000563475 -0.000158681 -0.00019893 -1.97901e-05
30 71.5 10 0.00827144 -0.0058665 7.71437e-05 0.159061 -0.100612 0.00641097 -0.00458173 -0.0025048 0.037351 4.86954e-05 3.8468e-05 0.000613501 -0.000140449 -0.000203286 -1.82895e-05
30 72 10 0.00814306 -0.00502231 0.000108893 0.167029 -0.0867947 0.00779506 -0.00457605 -0.00256101 0.0374427 4.33459e-05 3.78093e-05 0.000672564 -0.00012322 -0.000208698 -1.68797e-05
30 72.5 10 0.00794 -0.00419506 0.000123952 0.1747 -0.072987 0.00886173 -0.00456641 -0.00261853 0.0375364 3.86813e-05 3.74385e-05 0.000735992 -0.000105596 -0.00021342 -1.52919e-05
30 73 10 0.00770357 -0.00335264 0.000135997 0.182305 -0.058982 0.0100435 -0.0045643 -0.00268321 0.0376357 3.21538e-05 3.58104e-05 0.000806813 -8.68806e-05 -0.000218656 -1.37739e-05
30 73.5 10 0.00745563 -0.00250247 7.80086e-05 0.192046 -0.0441843 0.0102241 -0.00456021 -0.00274262 0.0377342 2.66293e-05 3.72203e-05 0.000884661 -6.68418e-05 -0.000225655 -1.17676e-05
30 74 10 0.00714723 -0.0017054 8.73071e-05 0.201345 -0.0304561 0.0116575 -0.0045537 -0.00280824 0.0378345 1.97091e-05 3.49655e-05 0.000968708 -4.70941e-05 -0.000232812 -1.00983e-05
30 74.5 10 0.00686939 -0.00092705 0.000106207 0.21194 -0.0159211 0.0131647 -0.00454238 -0.0028638 0.0379374 1.01839e-05 3.2195e-05 0.00105177 -2.60174e-05 -0.000241933 -8.44901e-06
30 75 10 0.00662169 -0.000576605 0.000131507 0.222473 -0.00940435 0.0147366 -0.00453285 -0.00290792 0.0379906 5.09703e-06 2.98571e-05 0.00110486 -1.61768e-05 -0.000248942 -7.58935e-06
