# y jRe_x jRe_y jRe_z jIm_x jIm_y jIm_z BRe_x BRe_y BRe_z BIm_x BIm_y BIm_z F_x F_y F_z VReGrad_x VReGrad_y VReGrad_z VImGrad_x VImGrad_y VImGrad_z s VRe VIm sigma mur
-0.075 -518000.76 	-12809.716 	-17391.392 	 -2194962.7 	-55541.545 	-165084.23 	 -0.0044928088 	0.0028063402 	0.041639892 	 9.5995836e-05 	-0.00040690143 	0.0054476801 	 -427.09913 	16795.617 	-308.79005 	 -0.47521263 	-0.64325924 	0.0065205348 	 -1.5060287 	-3.2951705 	0.13630667 		-0.075 -0.00075697052 -0.0028155762 1200000 1
-0.07375 -562422.17 	-148876.04 	-16852.061 	 -1867160.6 	-311122.7 	-133110.42 	 -0.0044843329 	0.0026717277 	0.041153991 	 0.00026909984 	-0.00045501803 	0.0036390882 	 -3602.9816 	15022.554 	-616.75608 	 -0.47937595 	-0.59110638 	0.0051590761 	 -1.644351 	-3.0639675 	0.10969736 		-0.07375 -0.0015373809 -0.0068324144 1200000 1
-0.0725 -585439.95 	-297434.76 	-14837.114 	 -1567626.1 	-609024.85 	-99975.688 	 -0.0044713231 	0.0025071803 	0.040331657 	 0.00048924464 	-0.00049166172 	0.0012354733 	 -6350.5812 	12792.617 	-862.66632 	 -0.48403239 	-0.53366371 	0.0037628136 	 -1.7667628 	-2.7930571 	0.081968395 		-0.0725 -0.002242149 -0.010503063 1200000 1
-0.07125 -593697.34 	-445014.83 	-12404.252 	 -1326439.8 	-883255.85 	-72677.578 	 -0.0044608806 	0.0023617355 	0.039645222 	 0.00064324907 	-0.00051284602 	-0.00041982704 	 -8625.4974 	11497.753 	-1069.1246 	 -0.48777867 	-0.48044392 	0.0027584952 	 -1.8482818 	-2.5376175 	0.05898226 		-0.07125 -0.0028731123 -0.013821638 1200000 1
-0.07 -590088.39 	-589488.69 	-9756.9411 	 -1125337.7 	-1130902.1 	-50366.531 	 -0.0044540059 	0.0022277218 	0.038990038 	 0.00076176711 	-0.00051956493 	-0.0017088803 	 -10522.751 	10530.346 	-1246.4151 	 -0.49054276 	-0.43036726 	0.0020653204 	 -1.9037209 	-2.3019319 	0.040050495 		-0.07 -0.0034432853 -0.016848244 1200000 1
-0.06875 -578813.78 	-731053.67 	-7149.0477 	 -961445.3 	-1350865.2 	-32478.524 	 -0.0044476524 	0.002103981 	0.038381892 	 0.00085424919 	-0.00051622567 	-0.0027165059 	 -12199.858 	9794.0848 	-1410.3326 	 -0.49152081 	-0.3829284 	0.0016407277 	 -1.9355028 	-2.0868144 	0.024730394 		-0.06875 -0.0039498769 -0.019582694 1200000 1
-0.0675 -561107.1 	-867527.01 	-4674.5483 	 -822371.54 	-1544534.5 	-18289.37 	 -0.0044446256 	0.0019897682 	0.037812416 	 0.00092424887 	-0.00050552638 	-0.0034932705 	 -13712.393 	9155.3681 	-1564.8234 	 -0.49093407 	-0.33797501 	0.0014438974 	 -1.9534123 	-1.8923246 	0.012434915 		-0.0675 -0.0044006969 -0.022067873 1200000 1
-0.06625 -539838.97 	-999337.7 	-2434.8792 	 -707234.32 	-1714910.3 	-7219.2756 	 -0.0044424706 	0.001883398 	0.037298487 	 0.00097943187 	-0.00049119496 	-0.0040818983 	 -15154.36 	8609.2714 	-1716.1675 	 -0.48826202 	-0.29518209 	0.0014443376 	 -1.9579462 	-1.7161088 	0.0026995807 		-0.06625 -0.004795445 -0.024318319 1200000 1
-0.065 -515183.98 	-1125085.4 	-432.34863 	 -607766.63 	-1863068.7 	1382.9294 	 -0.0044419706 	0.0017841598 	0.036819042 	 0.0010222944 	-0.00047472782 	-0.00453418 	 -16500.371 	8093.5037 	-1862.5894 	 -0.48392302 	-0.25478116 	0.0015978505 	 -1.955541 	-1.5577693 	-0.0050082858 		-0.065 -0.0051390285 -0.026361699 1200000 1
-0.06375 -489218.9 	-1244594.1 	1310.1804 	 -524446.94 	-1993590.8 	8031.2521 	 -0.0044435626 	0.0016919585 	0.036397917 	 0.0010544468 	-0.00045619089 	-0.0048484996 	 -17848.587 	7610.3325 	-2010.3151 	 -0.47762732 	-0.21643335 	0.001875993 	 -1.9454968 	-1.4144403 	-0.011104064 		-0.06375 -0.0054331379 -0.028217124 1200000 1
-0.0625 -461768.23 	-1358096.8 	2791.7305 	 -451877.61 	-2105986.6 	12995.316 	 -0.004445559 	0.0016058295 	0.036005758 	 0.0010793187 	-0.00043723802 	-0.00509382 	 -19102.429 	7150.3925 	-2155.4094 	 -0.4697553 	-0.18049085 	0.0022748342 	 -1.9319451 	-1.2859571 	-0.015809212 		-0.0625 -0.0056805217 -0.029900811 1200000 1
-0.06125 -434139.99 	-1464318.4 	4019.5539 	 -390229.31 	-2205440.1 	16639.9 	 -0.0044499108 	0.0015251729 	0.035666033 	 0.0010974045 	-0.00041800093 	-0.0052349797 	 -20386.487 	6694.4222 	-2299.6715 	 -0.46026068 	-0.14658799 	0.0027683833 	 -1.9142712 	-1.1696465 	-0.019418797 		-0.06125 -0.0058850847 -0.031435351 1200000 1
-0.06 -406159.39 	-1564976.7 	5038.3073 	 -336458.39 	-2290054.2 	19219.786 	 -0.0044522847 	0.001448765 	0.03534881 	 0.0011141064 	-0.00040046281 	-0.0053503046 	 -21556.376 	6266.0585 	-2436.7022 	 -0.44934947 	-0.11507351 	0.0033380621 	 -1.8947917 	-1.0655851 	-0.022148929 		-0.06 -0.006047482 -0.032827842 1200000 1
-0.05875 -378535.4 	-1657756.4 	5873.0555 	 -290198.46 	-2365627.8 	21150.995 	 -0.004457686 	0.001377111 	0.035077439 	 0.0011251237 	-0.00038266716 	-0.0053816863 	 -22770.505 	5829.1125 	-2571.8395 	 -0.43719542 	-0.085567157 	0.0039517083 	 -1.8733041 	-0.97136617 	-0.024337836 		-0.05875 -0.0061736244 -0.034102722 1200000 1
-0.0575 -351304.8 	-1745624.7 	6530.7966 	 -250016.64 	-2428824.4 	22336.784 	 -0.0044611108 	0.0013097738 	0.034823595 	 0.0011348933 	-0.00036601917 	-0.0054190342 	 -23840.901 	5426.5673 	-2701.8461 	 -0.42381095 	-0.058442028 	0.0046338791 	 -1.8509554 	-0.88750632 	-0.02591354 		-0.0575 -0.0062619716 -0.035259025 1200000 1
-0.05625 -324626.44 	-1825208.1 	7038.1675 	 -215073.62 	-2486127 	23058.77 	 -0.0044681844 	0.0012462727 	0.034609918 	 0.0011397693 	-0.00034934565 	-0.0053809995 	 -24971.884 	5008.8662 	-2828.5658 	 -0.40953915 	-0.033256104 	0.005351024 	 -1.8278485 	-0.81166464 	-0.027102726 		-0.05625 -0.0063204838 -0.036323662 1200000 1
-0.055 -298762.89 	-1900769.4 	7427.2582 	 -184839.96 	-2532703.1 	23264.613 	 -0.0044702094 	0.0011856277 	0.034405922 	 0.001148515 	-0.00033506235 	-0.0053743626 	 -25924.033 	4629.8957 	-2942.5256 	 -0.3942019 	-0.010389137 	0.0061159249 	 -1.8043762 	-0.74460889 	-0.027876408 		-0.055 -0.0063457382 -0.037290831 1200000 1
-0.05375 -273485.04 	-1968253.4 	7726.4178 	 -158341.2 	-2575336.5 	23381.588 	 -0.0044755348 	0.0011282112 	0.034234983 	 0.0011533335 	-0.00032073488 	-0.0053053582 	 -26928.222 	4237.9299 	-3051.2853 	 -0.37825036 	0.010589213 	0.006891775 	 -1.7809002 	-0.68426153 	-0.028581721 		-0.05375 -0.0063465278 -0.038185751 1200000 1
-0.0525 -249259.42 	-2031651.8 	7939.4408 	 -135505.54 	-2609876.3 	23218.204 	 -0.0044785219 	0.0010740931 	0.034074258 	 0.0011585756 	-0.00030751651 	-0.0052656546 	 -27775.719 	3877.0535 	-3153.2301 	 -0.36146914 	0.029392742 	0.0077117955 	 -1.757374 	-0.6312309 	-0.02907283 		-0.0525 -0.0063198397 -0.039003756 1200000 1
-0.05125 -225562.97 	-2087760.3 	8094.9356 	 -115378.14 	-2641204.3 	22886.322 	 -0.0044840363 	0.0010226764 	0.033937723 	 0.0011608446 	-0.00029445779 	-0.00518412 	 -28639.152 	3510.63 	-3249.097 	 -0.34428004 	0.046318665 	0.0085454676 	 -1.734323 	-0.58411806 	-0.029439018 		-0.05125 -0.0062732838 -0.039764207 1200000 1
-0.05 -203005.31 	-2139696.6 	8214.3965 	 -98066.119 	-2666462.2 	22318.077 	 -0.00448606 	0.00097361089 	0.033810324 	 0.0011661328 	-0.00028279445 	-0.0051257802 	 -29373.37 	3167.8263 	-3332.5327 	 -0.32642703 	0.061243131 	0.0094043558 	 -1.7113194 	-0.54314137 	-0.029636138 		-0.05 -0.0062045302 -0.040465767 1200000 1
-0.04875 -180832.99 	-2185224.5 	8311.0567 	 -82700.024 	-2688979.1 	21832.322 	 -0.0044889093 	0.00092676385 	0.03369894 	 0.0011704539 	-0.00027147768 	-0.0050436298 	 -30086.285 	2824.7369 	-3406.5176 	 -0.30834076 	0.074317716 	0.010278549 	 -1.6890945 	-0.50736266 	-0.029930157 		-0.04875 -0.0061205572 -0.041123095 1200000 1
-0.0475 -159839.24 	-2226286.1 	8382.4092 	 -69521.081 	-2707385.3 	21348.117 	 -0.0044909901 	0.00088239433 	0.033598231 	 0.001174585 	-0.00026076862 	-0.0049746995 	 -30704.923 	2499.5065 	-3473.7127 	 -0.28974766 	0.085519619 	0.011189931 	 -1.6669884 	-0.47681232 	-0.030261651 		-0.0475 -0.0060192445 -0.041735891 1200000 1
-0.04625 -139094.99 	-2262038.4 	8474.0675 	 -57740.136 	-2723022.2 	20790.58 	 -0.0044936409 	0.00084015083 	0.033506278 	 0.0011775232 	-0.00025030887 	-0.0049017609 	 -31258.385 	2178.0992 	-3533.3239 	 -0.27106961 	0.094901444 	0.012111063 	 -1.6458406 	-0.4510074 	-0.030574556 		-0.04625 -0.0059073056 -0.042316097 1200000 1
-0.045 -119431.26 	-2292633 	8608.8848 	 -47595.257 	-2736330.8 	20134.146 	 -0.0044956327 	0.0007997889 	0.033427083 	 0.0011811108 	-0.00024037459 	-0.0048240755 	 -31769.535 	1867.7563 	-3582.9491 	 -0.25201483 	0.10255103 	0.01303224 	 -1.62485 	-0.42978166 	-0.030852047 		-0.045 -0.0057827004 -0.04286485 1200000 1
-0.04375 -99958.837 	-2319264.5 	8780.1754 	 -38453.325 	-2746431.8 	19582.339 	 -0.0044951541 	0.00076123659 	0.03334862 	 0.0011869646 	-0.00023099465 	-0.0047652882 	 -32161.944 	1564.6975 	-3619.5465 	 -0.23292988 	0.10840695 	0.013982611 	 -1.6047825 	-0.41286211 	-0.031276925 		-0.04375 -0.0056513252 -0.043391604 1200000 1
-0.0425 -81332.566 	-2340190.5 	8982.2166 	 -30455.609 	-2755784.3 	19230.436 	 -0.0044962568 	0.00072442505 	0.03328466 	 0.0011910736 	-0.00022164257 	-0.0046874318 	 -32551.464 	1268.4222 	-3649.7923 	 -0.21363299 	0.11261191 	0.014965817 	 -1.5850175 	-0.39990971 	-0.031927497 		-0.0425 -0.0055122856 -0.043898459 1200000 1
-0.04125 -62905.781 	-2358104.8 	9277.6219 	 -23181.696 	-2761632.4 	18875.79 	 -0.0044958285 	0.00068958434 	0.033217226 	 0.0011957238 	-0.00021260821 	-0.0046443936 	 -32786.319 	979.93795 	-3672.3768 	 -0.19436225 	0.11503714 	0.015962286 	 -1.5661084 	-0.39106989 	-0.032653977 		-0.04125 -0.0053702256 -0.044392392 1200000 1
-0.04 -45041.292 	-2369949.6 	9708.7941 	 -16631.2 	-2767701.6 	18537.443 	 -0.0044972909 	0.00065606628 	0.033165174 	 0.0011987607 	-0.00020345588 	-0.00457058 	 -33051.397 	694.90842 	-3687.4564 	 -0.17501557 	0.11592227 	0.016929074 	 -1.547614 	-0.38586337 	-0.033468049 		-0.04 -0.0052252904 -0.044876986 1200000 1
-0.03875 -27328.984 	-2379553.4 	10270.772 	 -10525.867 	-2769816.2 	18306.208 	 -0.0044940129 	0.00062445546 	0.033104548 	 0.0012063666 	-0.00019474321 	-0.0045450818 	 -33127.701 	415.82998 	-3687.3147 	 -0.15570398 	0.11500997 	0.017915585 	 -1.5298446 	-0.38460005 	-0.034472778 		-0.03875 -0.005080922 -0.045358289 1200000 1
-0.0375 -9913.7409 	-2382600.4 	10958.694 	 -4802.8661 	-2773246.5 	18445.127 	 -0.004493828 	0.00059391506 	0.033061584 	 0.0012112604 	-0.0001856273 	-0.0044764071 	 -33268.232 	138.86456 	-3680.9317 	 -0.1364363 	0.1126001 	0.018909265 	 -1.5125851 	-0.38655836 	-0.035876481 		-0.0375 -0.0049381709 -0.045839476 1200000 1
-0.03625 7365.3764 	-2384131.9 	11848.893 	 718.31708 	-2772301.1 	18754.189 	 -0.0044911679 	0.00056546879 	0.033007058 	 0.0012174743 	-0.0001766384 	-0.0044693023 	 -33186.97 	-134.86114 	-3667.9838 	 -0.11726043 	0.10835537 	0.019903812 	 -1.4959803 	-0.39241948 	-0.037547173 		-0.03625 -0.0048000127 -0.046326057 1200000 1
-0.035 24611.819 	-2379230.4 	13015.468 	 6169.0544 	-2772639.5 	19212.882 	 -0.004491764 	0.00053781749 	0.032969648 	 0.0012208556 	-0.00016717174 	-0.004419048 	 -33171.609 	-407.7371 	-3649.3132 	 -0.098235714 	0.10265136 	0.020818134 	 -1.4799806 	-0.40150962 	-0.039455339 		-0.035 -0.0046678943 -0.046821219 1200000 1
-0.03375 41793.07 	-2372217 	14488.913 	 11682.695 	-2769198.8 	19874.245 	 -0.0044882566 	0.00051228356 	0.032922977 	 0.0012284571 	-0.00015753845 	-0.0044171434 	 -32969.908 	-681.36182 	-3616.8314 	 -0.079304747 	0.0951387 	0.021687426 	 -1.4644886 	-0.41442626 	-0.041681206 		-0.03375 -0.0045439564 -0.047331093 1200000 1
-0.0325 59216.464 	-2359351.8 	16284.296 	 17444.371 	-2766499.7 	21162.013 	 -0.0044872441 	0.00048760223 	0.032890182 	 0.0012339895 	-0.00014732619 	-0.0043845755 	 -32799.357 	-955.25826 	-3577.9509 	 -0.060628344 	0.086068187 	0.022492328 	 -1.4497117 	-0.43049874 	-0.04457214 		-0.0325 -0.0044307088 -0.047858607 1200000 1
-0.03125 76578.673 	-2343763.1 	18500.444 	 23506.69 	-2760882.1 	23069.211 	 -0.004486031 	0.0004647131 	0.032852477 	 0.0012392137 	-0.00013656742 	-0.0043868903 	 -32478.902 	-1231.5721 	-3534.3666 	 -0.042092134 	0.075202729 	0.023200617 	 -1.43536 	-0.45022386 	-0.048148319 		-0.03125 -0.0043292818 -0.048408534 1200000 1
-0.03 94452.282 	-2322933 	21262.075 	 30171.517 	-2754993.3 	25395.124 	 -0.0044876702 	0.00044252028 	0.032826651 	 0.0012416781 	-0.00012522092 	-0.0043703909 	 -32159.693 	-1511.278 	-3487.3839 	 -0.02393735 	0.062734734 	0.023720647 	 -1.4218616 	-0.47343965 	-0.0522498 		-0.03 -0.0042434992 -0.048985334 1200000 1
-0.02875 112311.99 	-2298552.7 	24639.013 	 37412.263 	-2746447.7 	28231 	 -0.0044889278 	0.00042219966 	0.032799349 	 0.0012448577 	-0.00011283473 	-0.0043730596 	 -31729.346 	-1794.5067 	-3432.161 	 -0.0059258738 	0.048454187 	0.024037338 	 -1.4086916 	-0.50057392 	-0.056969145 		-0.02875 -0.0041729956 -0.049593164 1200000 1
-0.0275 130950.31 	-2269579.3 	28743.296 	 45683.203 	-2736727.3 	32257.934 	 -0.0044919138 	0.00040274059 	0.03278125 	 0.001246629 	-9.9806851e-05 	-0.0043715469 	 -31259.859 	-2085.3542 	-3372.0278 	 0.011592591 	0.032434725 	0.024094704 	 -1.3965062 	-0.5312526 	-0.062896863 		-0.0275 -0.0041232596 -0.05023837 1200000 1
-0.02625 149606.48 	-2235944.6 	33743.506 	 54841.319 	-2725601.8 	37866.062 	 -0.0044985914 	0.0003845187 	0.032768662 	 0.0012443621 	-8.5381584e-05 	-0.004366592 	 -30735.19 	-2377.2923 	-3311.5187 	 0.028905433 	0.014620096 	0.023771746 	 -1.3846633 	-0.56559048 	-0.070351148 		-0.02625 -0.0040925106 -0.050922288 1200000 1
-0.025 169137.6 	-2198668 	39799.927 	 65485.353 	-2711627.2 	44694.021 	 -0.0045086248 	0.0003668363 	0.032762248 	 0.0012380241 	-7.0528803e-05 	-0.0043757826 	 -30123.335 	-2683.0131 	-3253.7811 	 0.045617199 	-0.0050185456 	0.02300046 	 -1.373896 	-0.60401694 	-0.079071505 		-0.025 -0.0040874277 -0.051653748 1200000 1
-0.02375 188848.26 	-2155773.7 	47028.297 	 77465.081 	-2696143.8 	52955.418 	 -0.0045240432 	0.00034994257 	0.032767361 	 0.0012257695 	-5.4056149e-05 	-0.0043624031 	 -29502.808 	-2988.2871 	-3197.5863 	 0.062029201 	-0.026487756 	0.02168017 	 -1.3636171 	-0.64667804 	-0.089207437 		-0.02375 -0.0041054874 -0.052432774 1200000 1
-0.0225 209487.3 	-2109680.2 	55734.53 	 91505.435 	-2676722.8 	63622.434 	 -0.0045425516 	0.00033380292 	0.032776464 	 0.0012095945 	-3.7210943e-05 	-0.004373822 	 -28760.862 	-3313.5148 	-3143.9115 	 0.077776788 	-0.049927713 	0.019662564 	 -1.3544879 	-0.69369042 	-0.10163026 		-0.0225 -0.0041543659 -0.053272056 1200000 1
-0.02125 230439.04 	-2057498.1 	66187.247 	 107457.09 	-2656824.6 	77715.963 	 -0.00457034 	0.00031726064 	0.032803776 	 0.0011818624 	-1.9180142e-05 	-0.0043457839 	 -28050.68 	-3635.3704 	-3100.7593 	 0.093086747 	-0.075045208 	0.016663395 	 -1.3461181 	-0.74437941 	-0.11712162 		-0.02125 -0.0042304541 -0.05416716 1200000 1
-0.02 252230.87 	-2002695.2 	78666.441 	 126149.33 	-2631869.7 	95172.553 	 -0.0046058468 	0.00030007289 	0.032835061 	 0.0011425086 	-2.0401321e-06 	-0.0043495984 	 -27197.914 	-3984.6849 	-3074.8792 	 0.10760751 	-0.10212935 	0.012589647 	 -1.3390792 	-0.79981206 	-0.1357026 		-0.02 -0.0043425999 -0.055134468 1200000 1
-0.01875 274404.03 	-1941261.4 	93175.874 	 147497.07 	-2605979.7 	116198.75 	 -0.0046544463 	0.00028076661 	0.032891464 	 0.0010848717 	1.4912801e-05 	-0.0042956154 	 -26417.165 	-4327.4196 	-3068.9086 	 0.1215544 	-0.13084773 	0.0072962848 	 -1.3331693 	-0.85948899 	-0.1574266 		-0.01875 -0.0044854769 -0.056165475 1200000 1
-0.0175 297322.79 	-1877644.1 	110297.62 	 172514.73 	-2573956.4 	142214.92 	 -0.0047126401 	0.00026014776 	0.032950642 	 0.0010111245 	2.9109e-05 	-0.0042774293 	 -25474.756 	-4707.7339 	-3085.2227 	 0.13462798 	-0.16154007 	0.00049668981 	 -1.3288506 	-0.92421462 	-0.18357542 		-0.0175 -0.0046702716 -0.057284608 1200000 1
-0.01625 320621.55 	-1808082 	130293.06 	 201243.5 	-2542249.6 	174985.18 	 -0.0047887834 	0.00023482035 	0.033039765 	 0.00090887691 	3.9681298e-05 	-0.0041923339 	 -24620.867 	-5084.2408 	-3135.9066 	 0.14695218 	-0.19336019 	-0.0082937276 	 -1.3262162 	-0.9918433 	-0.21543259 		-0.01625 -0.00488993 -0.058477077 1200000 1
-0.015 344231.97 	-1736598.6 	153502.75 	 234514.84 	-2506002.6 	215134 	 -0.0048825165 	0.00020423575 	0.033137062 	 0.0007740828 	4.2538234e-05 	-0.0041219085 	 -23653.884 	-5501.0509 	-3231.9517 	 0.15832807 	-0.22650872 	-0.019238216 	 -1.3255252 	-1.0633421 	-0.25356293 		-0.015 -0.0051536445 -0.05976449 1200000 1
-0.01375 368083.36 	-1660256.7 	179483.93 	 272931.79 	-2469123.4 	262190.37 	 -0.0049994631 	0.00016485299 	0.033266501 	 0.0005964942 	3.4500746e-05 	-0.0039839803 	 -22764.548 	-5927.3412 	-3381.2923 	 0.16874905 	-0.2604838 	-0.032313593 	 -1.3273159 	-1.1377689 	-0.29736335 		-0.01375 -0.0054563247 -0.061135238 1200000 1
-0.0125 391668.89 	-1582048.1 	208403.25 	 316942.67 	-2428622.7 	317410.2 	 -0.0051391271 	0.00011693833 	0.033406415 	 0.00037126599 	1.164806e-05 	-0.0038375613 	 -21801.966 	-6400.0546 	-3591.3378 	 0.17824265 	-0.2952571 	-0.047682363 	 -1.3314485 	-1.215343 	-0.34784358 		-0.0125 -0.005804355 -0.062608293 1200000 1
-0.01125 415123.36 	-1501183.3 	240311.08 	 367964.66 	-2390272.2 	382546.51 	 -0.005307479 	5.4862577e-05 	0.033580015 	 8.4664524e-05 	-3.4187043e-05 	-0.0036195336 	 -20914.398 	-6906.1934 	-3878.6718 	 0.18660983 	-0.3296176 	-0.065866446 	 -1.3391367 	-1.2927405 	-0.40621402 		-0.01125 -0.0061941438 -0.064172672 1200000 1
-0.01 437352.56 	-1419689 	274789.36 	 425628.57 	-2352390.2 	458089.19 	 -0.0055048819 	-2.1393881e-05 	0.033765003 	 -0.00027307053 	-0.00010700768 	-0.0033682821 	 -20000.383 	-7474.2328 	-4257.5639 	 0.19410256 	-0.36329315 	-0.086789249 	 -1.3497037 	-1.3698869 	-0.47272868 		-0.01 -0.0066271172 -0.065837917 1200000 1
-0.00875 458666.19 	-1336947.9 	310256.73 	 492546.28 	-2316195.7 	540725.24 	 -0.0057351064 	-0.00011830134 	0.033981901 	 -0.00071482233 	-0.00022056365 	-0.0030424889 	 -19137.212 	-8112.2456 	-4743.3691 	 0.20037763 	-0.39602244 	-0.10971943 	 -1.365247 	-1.4463747 	-0.54436896 		-0.00875 -0.007101871 -0.067596636 1200000 1
-0.0075 477505.46 	-1252949.8 	345534.51 	 567496.42 	-2280664.5 	630391.56 	 -0.0059959583 	-0.00023342244 	0.034208915 	 -0.0012495785 	-0.00037583011 	-0.0026519106 	 -18273.358 	-8830.0097 	-5345.9897 	 0.20594885 	-0.42771962 	-0.13427035 	 -1.3844659 	-1.522601 	-0.62079725 		-0.0075 -0.007615585 -0.069451092 1200000 1
-0.00625 494159.41 	-1169243.2 	380220.32 	 654478.47 	-2247777.2 	726688.03 	 -0.0062885044 	-0.00037262645 	0.034458451 	 -0.001888372 	-0.00059135631 	-0.0021867296 	 -17417.328 	-9669.4021 	-6084.6873 	 0.21042678 	-0.4576505 	-0.16061815 	 -1.410492 	-1.59647 	-0.70150987 		-0.00625 -0.008170354 -0.071402851 1200000 1
-0.005 506779.9 	-1084494.9 	413030.41 	 751617.37 	-2218246.8 	830112.5 	 -0.006608207 	-0.00053266763 	0.03471548 	 -0.0026409913 	-0.00086562433 	-0.0016256713 	 -16576.371 	-10629.841 	-6977.5708 	 0.21441566 	-0.48556347 	-0.1886116 	 -1.4418042 	-1.6678707 	-0.78654544 		-0.005 -0.0087577535 -0.073439353 1200000 1
-0.00375 515280.29 	-999162.55 	442574.33 	 864306.52 	-2187847.2 	935898.77 	 -0.0069542299 	-0.00071703997 	0.034982713 	 -0.0035197767 	-0.0012193012 	-0.00097800785 	 -15687.02 	-11771.355 	-8038.6227 	 0.21763397 	-0.51242465 	-0.21745746 	 -1.4826345 	-1.7391921 	-0.87188095 		-0.00375 -0.0093838517 -0.075574523 1200000 1
-0.0025 517771.89 	-910298.98 	467170.95 	 989947.18 	-2156991.9 	1043508.1 	 -0.0073167399 	-0.00091914676 	0.035252035 	 -0.0045258412 	-0.0016446532 	-0.00019735179 	 -14779.631 	-13086.052 	-9274.0326 	 0.22068924 	-0.53852204 	-0.24685308 	 -1.531006 	-1.8111597 	-0.95669658 		-0.0025 -0.010037086 -0.077785497 1200000 1
-0.00125 513747.44 	-818889.4 	486950.56 	 1135835.5 	-2122467.7 	1150243.6 	 -0.0077686773 	-0.0011984674 	0.035572975 	 -0.0059215758 	-0.0023044099 	0.00082892202 	 -13825.482 	-14909.634 	-11085.796 	 0.2234221 	-0.5648995 	-0.27714178 	 -1.5926336 	-1.8848058 	-1.0388201 		-0.00125 -0.010730416 -0.080106696 1200000 1
5.2475385e-17 273002.57 	-450534.49 	219717.84 	 689728.42 	-1325809.2 	480997.84 	 -0.0079936337 	-0.0013383784 	0.035745585 	 -0.0067262713 	-0.0026785711 	0.0016766812 	 -8355.5973 	-7900.9239 	-7336.9836 	 0.2265417 	0.09218995 	0.028864953 	 -1.6444242 	0.46610853 	0.28297658 		5.2475385e-17 -0.011417081 -0.082322799 649999.95 1
0.00125 40482.742 	-159044.85 	-58930.673 	 100310.69 	-575225.81 	-267757.38 	 -0.0076728923 	-0.0012558249 	0.035660132 	 -0.006066521 	-0.0024927994 	0.0019337897 	 -3764.0547 	219.66113 	-2504.4523 	 0.22739428 	0.44914332 	0.67680012 	 -1.5211522 	2.0122809 	2.6158914 		0.00125 -0.011040981 -0.080497587 100000 1
0.0025 39209.722 	-156158.75 	-57684.116 	 93989.558 	-593780.58 	-258177.67 	 -0.007202236 	-0.0011330209 	0.035542225 	 -0.0050520439 	-0.0022315368 	0.0020889314 	 -3718.0572 	66.163322 	-2189.027 	 0.22782648 	0.46769613 	0.64575274 	 -1.3928079 	2.1596035 	2.5285075 		0.0025 -0.010464669 -0.077880153 100000 1
0.00375 37865.453 	-154123.93 	-56062.759 	 88687.078 	-612165.22 	-247456.69 	 -0.0068563883 	-0.0010341539 	0.035418703 	 -0.0042742031 	-0.0020198286 	0.0021619497 	 -3670.9906 	-45.303001 	-1944.6331 	 0.22860096 	0.48905456 	0.6137367 	 -1.2746723 	2.3095642 	2.4285772 		0.00375 -0.0098694014 -0.075091101 100000 1
0.005 36426.357 	-152486.22 	-53964.268 	 83824.667 	-630156.39 	-235269.79 	 -0.0065595004 	-0.0009435256 	0.035299428 	 -0.003591165 	-0.0018208884 	0.0022054981 	 -3627.2489 	-135.14927 	-1724.3763 	 0.22998058 	0.51077384 	0.57943624 	 -1.1609209 	2.4583141 	2.3130366 		0.005 -0.0092415089 -0.072102457 100000 1
0.00625 34959.963 	-151233.15 	-51307.202 	 79527.803 	-647341.6 	-221160.33 	 -0.0063074878 	-0.00086287241 	0.035179108 	 -0.003001797 	-0.0016389024 	0.0022104104 	 -3579.76 	-208.91961 	-1527.6424 	 0.23161837 	0.53223638 	0.54188455 	 -1.0529911 	2.602386 	2.1773493 		0.00625 -0.0085902722 -0.068935602 100000 1
0.0075 33432.004 	-150017.46 	-48019.326 	 75425.541 	-662992.97 	-205049.13 	 -0.0060927308 	-0.00078932106 	0.035064862 	 -0.0024917731 	-0.0014659014 	0.0021964795 	 -3528.4937 	-266.64022 	-1350.6868 	 0.23380468 	0.5512831 	0.50016302 	 -0.94705511 	2.7334278 	2.0208474 		0.0075 -0.0079103808 -0.065593546 100000 1
0.00875 31929.685 	-148658.1 	-44203.831 	 71616.723 	-676188.04 	-187179.5 	 -0.0059111836 	-0.00072647572 	0.034954191 	 -0.0020572835 	-0.0013091608 	0.0021584675 	 -3467.3051 	-311.75343 	-1192.4358 	 0.23605909 	0.56602769 	0.45508335 	 -0.84450117 	2.8424806 	1.8460156 		0.00875 -0.0072114194 -0.062099721 100000 1
0.01 30401.781 	-146914.29 	-39979.986 	 67901.821 	-686417.39 	-168027.76 	 -0.0057570778 	-0.00067075265 	0.034850505 	 -0.0016883869 	-0.001162938 	0.0021080074 	 -3395.3476 	-343.8913 	-1051.4166 	 0.23874641 	0.57479811 	0.40759784 	 -0.74304338 	2.9238608 	1.6577317 		0.01 -0.0064973117 -0.058495655 100000 1
0.01125 28935.408 	-144685.02 	-35532.061 	 64390.387 	-693350.05 	-148199.69 	 -0.0056280578 	-0.00062493282 	0.034753711 	 -0.00137799 	-0.0010328547 	0.0020461444 	 -3312.2079 	-365.87219 	-926.52047 	 0.24136138 	0.57696686 	0.35929546 	 -0.64404242 	2.9741612 	1.4621244 		0.01125 -0.0057758609 -0.054797654 100000 1
0.0125 27480.618 	-141938.67 	-31088.805 	 61016.835 	-696798.58 	-128824.71 	 -0.005518668 	-0.00058555055 	0.034662978 	 -0.0011181536 	-0.00091399632 	0.0019758784 	 -3217.1193 	-378.19973 	-816.76047 	 0.24421521 	0.57227523 	0.31217342 	 -0.54654626 	2.9914726 	1.2705939 		0.0125 -0.0050579283 -0.051073334 100000 1
0.01375 26101.499 	-138631.23 	-26852.613 	 57851.291 	-696885.71 	-110657.34 	 -0.0054278557 	-0.00055449002 	0.03458173 	 -0.00090287634 	-0.00080975391 	0.0019035222 	 -3113.8329 	-382.67615 	-721.16314 	 0.24693273 	0.56096481 	0.26805084 	 -0.45154227 	2.9765026 	1.0907492 		0.01375 -0.0043481241 -0.04733386 100000 1
0.015 24765.997 	-134962.61 	-22915.865 	 54897.591 	-694341.91 	-93969.756 	 -0.0053502196 	-0.00052935684 	0.034506498 	 -0.00072641322 	-0.00071675474 	0.0018254335 	 -3002.791 	-381.436 	-639.29251 	 0.24968415 	0.54458698 	0.22759664 	 -0.35889169 	2.9369188 	0.92539191 		0.015 -0.0036589125 -0.043646718 100000 1
0.01625 23506.118 	-130961.27 	-19341.82 	 52164.998 	-689814.61 	-78919.891 	 -0.0052863705 	-0.0005105267 	0.034441507 	 -0.0005811698 	-0.00063546076 	0.0017512778 	 -2890.7569 	-375.49712 	-569.05795 	 0.25228263 	0.52436423 	0.19129421 	 -0.26871582 	2.8784491 	0.77616028 		0.01625 -0.0029894296 -0.040005522 100000 1
0.0175 22308.604 	-126817 	-16200.655 	 49689.655 	-683618.85 	-65849.012 	 -0.0052313211 	-0.00049630329 	0.034380776 	 -0.00046239016 	-0.00056328528 	0.0016725351 	 -2775.0042 	-366.98576 	-509.26221 	 0.25475773 	0.50139617 	0.15965782 	 -0.18121824 	2.8049772 	0.64651982 		0.0175 -0.0023506225 -0.036462377 100000 1
0.01875 21180.097 	-122489.07 	-13506.419 	 47423.503 	-676179.52 	-54832.202 	 -0.0051867065 	-0.00048693428 	0.034330729 	 -0.0003648824 	-0.00050024486 	0.0016013976 	 -2662.6276 	-355.5864 	-458.03952 	 0.25709891 	0.47639431 	0.13275511 	 -0.095967663 	2.7197108 	0.5372613 		0.01875 -0.0017375663 -0.033001534 100000 1
0.02 20125.801 	-118223.99 	-11214.275 	 45427.736 	-667985.58 	-45546.761 	 -0.0051464818 	-0.0004814845 	0.034284542 	 -0.00028673798 	-0.00044498774 	0.0015254527 	 -2549.6067 	-343.87829 	-414.98647 	 0.25920736 	0.450709 	0.11000764 	 -0.013611238 	2.6284827 	0.44518854 		0.02 -0.0011611382 -0.029670307 100000 1
0.02125 19131.21 	-113958.09 	-9250.0567 	 43619.989 	-659507.34 	-37618.47 	 -0.0051139891 	-0.00047976076 	0.034248406 	 -0.00022267771 	-0.00039660707 	0.0014579489 	 -2443.2813 	-330.85165 	-378.12831 	 0.26121309 	0.42493309 	0.090651838 	 0.066832438 	2.5349252 	0.36658706 		0.02125 -0.00061290248 -0.026440698 100000 1
0.0225 18210.761 	-109832.81 	-7599.8173 	 42055.255 	-650767.86 	-30989.91 	 -0.0050847518 	-0.00048104804 	0.034215474 	 -0.00017023134 	-0.00035383597 	0.0013875514 	 -2338.3665 	-318.43568 	-346.52388 	 0.26295312 	0.39955066 	0.074467949 	 0.14484176 	2.4401645 	0.30090278 		0.0225 -9.9495738e-05 -0.023336686 100000 1
0.02375 17341.302 	-105756.02 	-6245.2588 	 40660.001 	-641833.3 	-25673.106 	 -0.0050610135 	-0.0004853007 	0.034191116 	 -0.00012707347 	-0.0003162204 	0.001324253 	 -2239.6618 	-305.41196 	-319.14219 	 0.26461937 	0.37451847 	0.061271569 	 0.22123803 	2.3440063 	0.24827039 		0.02375 0.00038494622 -0.02034555 100000 1
0.025 16545.239 	-101841.33 	-5132.6177 	 39481.545 	-632830.56 	-21369.003 	 -0.0050388457 	-0.000492176 	0.034170986 	 -9.2315061e-05 	-0.00028318146 	0.0012595729 	 -2143.3639 	-293.34858 	-295.54211 	 0.26600466 	0.35031477 	0.050479661 	 0.29543395 	2.2482861 	0.20571167 		0.025 0.00083670379 -0.017477729 100000 1
0.02625 15792.105 	-98050.301 	-4194.478 	 38456.17 	-623996.88 	-17725.742 	 -0.0050201773 	-0.00050151483 	0.034158315 	 -6.3938032e-05 	-0.0002541122 	0.0012004247 	 -2053.3828 	-281.31348 	-275.03395 	 0.26734596 	0.32715202 	0.04142539 	 0.36826317 	2.1548364 	0.1697162 		0.02625 0.0012600913 -0.014729016 100000 1
0.0275 15107.483 	-94418.794 	-3408.4738 	 37620.108 	-615249.44 	-14649.903 	 -0.0050032379 	-0.00051306098 	0.034149736 	 -4.0333037e-05 	-0.00022826519 	0.0011413107 	 -1966.3617 	-270.32608 	-256.86792 	 0.26841558 	0.30504961 	0.033860961 	 0.43932393 	2.0632159 	0.13935893 		0.0275 0.0016547108 -0.012091046 100000 1
0.02875 14459.589 	-90903.605 	-2776.6737 	 36927.858 	-606505.62 	-12251.109 	 -0.0049885394 	-0.00052669411 	0.034146829 	 -2.0582822e-05 	-0.00020529432 	0.0010856195 	 -1883.9572 	-259.59886 	-240.71088 	 0.26945689 	0.28383337 	0.027815076 	 0.50924234 	1.972331 	0.11573981 		0.02875 0.0020225285 -0.0095730936 100000 1
0.03 13874.384 	-87506.837 	-2269.8783 	 36401.718 	-597771.66 	-10387.452 	 -0.0049753954 	-0.00054239609 	0.034149554 	 -4.433531e-06 	-0.00018494623 	0.0010321546 	 -1804.9636 	-249.67887 	-226.2432 	 0.27025714 	0.26353067 	0.022985116 	 0.57766076 	1.8822224 	0.097445586 		0.03 0.0023646874 -0.0071598747 100000 1
0.03125 13325.244 	-84260.243 	-1844.4441 	 36020.045 	-589155.17 	-8801.5457 	 -0.0049624337 	-0.00055994765 	0.034156718 	 8.6286943e-06 	-0.00016692551 	0.0009793937 	 -1729.407 	-240.44758 	-213.38972 	 0.27100462 	0.2443127 	0.01893999 	 0.64494657 	1.7940737 	0.081904327 		0.03125 0.0026813901 -0.0048682301 100000 1
0.0325 12828.324 	-81110.826 	-1485.7297 	 35783.386 	-580618.92 	-7435.5108 	 -0.0049516437 	-0.00057943778 	0.034170018 	 1.9704582e-05 	-0.00015077982 	0.00093055825 	 -1657.8335 	-231.81395 	-201.6076 	 0.27157144 	0.22602695 	0.015532474 	 0.71109692 	1.7072438 	0.06854181 		0.0325 0.0029757705 -0.002674911 100000 1
0.03375 12367.622 	-78096.284 	-1198.5544 	 35693.906 	-572033.93 	-6370.8362 	 -0.0049405726 	-0.00060065114 	0.034186004 	 2.9301805e-05 	-0.00013621486 	0.0008804281 	 -1588.0789 	-224.03128 	-190.80217 	 0.27205633 	0.20861951 	0.012812249 	 0.77621903 	1.6208696 	0.058173739 		0.03375 0.0032466615 -0.00059975341 100000 1
0.035 11950.022 	-75141.102 	-971.57475 	 35737.437 	-563415.83 	-5580.3943 	 -0.0049317555 	-0.00062376824 	0.034209017 	 3.7424366e-05 	-0.00012313378 	0.00083556807 	 -1522.368 	-216.57376 	-180.77057 	 0.27241403 	0.19193314 	0.010670192 	 0.84041232 	1.5345046 	0.050532024 		0.035 0.0034978232 0.0013787967 100000 1
0.03625 11569.445 	-72327.383 	-784.69272 	 35932.378 	-554748.7 	-4922.0375 	 -0.0049209522 	-0.00064853181 	0.03423456 	 4.3757815e-05 	-0.00011150042 	0.00078776963 	 -1457.6044 	-210.1618 	-171.68539 	 0.27266099 	0.17612585 	0.0089042442 	 0.90353188 	1.4485965 	0.044194974 		0.03625 0.0037267605 0.0032369145 100000 1
0.0375 11224.267 	-69552.511 	-625.59154 	 36256.107 	-546071.97 	-4345.7589 	 -0.0049128463 	-0.00067521804 	0.034267818 	 4.9216348e-05 	-0.00010097308 	0.00074657663 	 -1397.22 	-203.88789 	-163.12554 	 0.2728229 	0.16099764 	0.0073986547 	 0.96588551 	1.3627957 	0.038665633 		0.0375 0.003938408 0.0050002415 100000 1
0.03875 10915.308 	-66906.795 	-498.04271 	 36735.613 	-537217.54 	-3885.6556 	 -0.0049028649 	-0.00070360742 	0.034301874 	 5.4253775e-05 	-9.1295924e-05 	0.00070080337 	 -1336.5805 	-198.76393 	-155.06009 	 0.27285134 	0.14659862 	0.0061878478 	 1.0272832 	1.2763548 	0.034284576 		0.03875 0.004129537 0.0066442478 100000 1
0.04 10636.369 	-64281.06 	-398.67104 	 37351.511 	-528245.46 	-3567.2746 	 -0.004895437 	-0.00073400461 	0.034343704 	 5.8690426e-05 	-8.2471674e-05 	0.00066165742 	 -1279.9268 	-193.68025 	-147.38005 	 0.27281764 	0.13272997 	0.0052461603 	 1.0879448 	1.188918 	0.031309472 		0.04 0.0043048323 0.0081896639 100000 1
0.04125 10391.748 	-61759.141 	-319.32307 	 38120.581 	-519063.65 	-3318.9309 	 -0.0048856067 	-0.00076611259 	0.034388042 	 6.2059591e-05 	-7.4540929e-05 	0.0006191789 	 -1223.2564 	-189.60347 	-140.2508 	 0.2726454 	0.11948789 	0.0044893492 	 1.1476803 	1.1002943 	0.029023149 		0.04125 0.0044616477 0.0096171293 100000 1
0.0425 10173.34 	-59261.475 	-251.45042 	 39044.608 	-509729.76 	-3097.8149 	 -0.0048774972 	-0.00080029374 	0.034439577 	 6.494523e-05 	-6.7292365e-05 	0.00058207852 	 -1169.8944 	-185.65481 	-133.45032 	 0.27241707 	0.10675088 	0.0038385637 	 1.2066067 	1.0104149 	0.026998985 		0.0425 0.0046034082 0.010937793 100000 1
0.04375 9986.4286 	-56837.213 	-196.33022 	 40120.308 	-500102.92 	-2914.6777 	 -0.0048683074 	-0.00083644464 	0.034493703 	 6.7733755e-05 	-6.0516203e-05 	0.00054281202 	 -1116.5417 	-182.54896 	-126.8853 	 0.2720467 	0.094506668 	0.003304593 	 1.2647699 	0.91848915 	0.025344965 		0.04375 0.0047287363 0.012143404 100000 1
0.045 9822.776 	-54433.407 	-154.39156 	 41378.602 	-490206.63 	-2800.9878 	 -0.004860353 	-0.00087485315 	0.034554259 	 7.0336408e-05 	-5.4201591e-05 	0.00050782556 	 -1065.764 	-179.62977 	-120.5561 	 0.27161813 	0.082668505 	0.002897093 	 1.3219802 	0.82425123 	0.024376237 		0.045 0.004839672 0.013232333 100000 1
0.04625 9687.594 	-52078.648 	-122.00355 	 42788.177 	-479961.58 	-2725.2573 	 -0.0048512404 	-0.00091533884 	0.034619092 	 7.2376191e-05 	-4.842124e-05 	0.00047212376 	 -1015.2661 	-177.37298 	-114.49839 	 0.27104703 	0.07122445 	0.0025784575 	 1.3784777 	0.72721808 	0.023778689 		0.04625 0.0049356435 0.014204497 100000 1
0.0475 9573.5038 	-49749.601 	-94.42851 	 44414.812 	-469377.7 	-2653.5679 	 -0.0048420748 	-0.00095817255 	0.034689958 	 7.3976347e-05 	-4.3086081e-05 	0.00043935565 	 -966.65899 	-175.43751 	-108.72088 	 0.27040393 	0.060146932 	0.0023056244 	 1.4337751 	0.62726314 	0.023213094 		0.0475 0.0050177235 0.015048239 100000 1
0.04875 9483.9645 	-47440.225 	-71.916075 	 46200.936 	-458371.14 	-2594.773 	 -0.0048332358 	-0.0010034917 	0.034766187 	 7.55645e-05 	-3.803765e-05 	0.00040806387 	 -918.79004 	-173.90615 	-103.03342 	 0.26962434 	0.049368902 	0.0020806549 	 1.4884305 	0.52367048 	0.022769213 		0.04875 0.0050861968 0.015772165 100000 1
0.05 9414.0421 	-45159.677 	-54.883259 	 48236.764 	-446883.84 	-2554.9404 	 -0.0048237734 	-0.0010514428 	0.034846888 	 7.7166575e-05 	-3.3169535e-05 	0.00037781131 	 -871.78809 	-172.87889 	-97.513808 	 0.26874294 	0.03887665 	0.0019103508 	 1.5416879 	0.41596321 	0.022507382 		0.05 0.0051411812 0.016356091 100000 1
0.05125 9364.0224 	-42877.841 	-41.607628 	 50458.003 	-434907.88 	-2529.28 	 -0.0048149997 	-0.0011021564 	0.034934702 	 7.8495864e-05 	-2.8620432e-05 	0.00035109951 	 -826.01375 	-172.02264 	-92.106702 	 0.26773565 	0.028611356 	0.0017785137 	 1.5941532 	0.30378576 	0.022380798 		0.05125 0.0051836002 0.016812202 100000 1
0.0525 9331.8616 	-40627.613 	-30.543476 	 52962.845 	-422338.01 	-2492.128 	 -0.004804077 	-0.0011556057 	0.035027093 	 7.9331548e-05 	-2.4374867e-05 	0.00032430093 	 -780.472 	-171.81879 	-86.951403 	 0.26659528 	0.01858327 	0.0016708515 	 1.6449648 	0.1864225 	0.02213236 		0.0525 0.0052127493 0.01711421 100000 1
0.05375 9314.8309 	-38359.217 	-21.233813 	 55696.482 	-409193.95 	-2455.774 	 -0.0047946509 	-0.0012122496 	0.035127597 	 8.0099726e-05 	-2.0321375e-05 	0.00030294027 	 -736.49307 	-171.58839 	-81.842659 	 0.26533438 	0.0087189463 	0.0015849239 	 1.6947018 	0.063654312 	0.021886169 		0.05375 0.0052302439 0.017278521 100000 1
0.055 9312.9409 	-36119.923 	-13.804526 	 58758.038 	-395276.32 	-2401.0237 	 -0.004783226 	-0.0012721935 	0.035231509 	 8.0970077e-05 	-1.6250608e-05 	0.00028071085 	 -692.13717 	-172.13387 	-76.850513 	 0.26390839 	-0.00097514099 	0.0015219419 	 1.7425038 	-0.065879284 	0.021449826 		0.055 0.0052345851 0.017271558 100000 1
0.05625 9321.1762 	-33849.894 	-6.9028667 	 62110.297 	-380694.73 	-2333.5039 	 -0.0047737949 	-0.0013357915 	0.035344876 	 8.1666471e-05 	-1.2345766e-05 	0.00026603641 	 -649.67297 	-172.46808 	-71.914431 	 0.26236308 	-0.010552497 	0.001471446 	 1.7887476 	-0.20182184 	0.020880647 		0.05625 0.0052279953 0.017114518 100000 1
0.0575 9340.4812 	-31610.557 	-0.52800086 	 65848.972 	-365172.33 	-2224.4599 	 -0.0047606289 	-0.0014028052 	0.035462415 	 8.178659e-05 	-8.6832894e-06 	0.00025009185 	 -606.45219 	-173.70857 	-67.203545 	 0.26062427 	-0.02000132 	0.0014324669 	 1.8325799 	-0.34618085 	0.019890541 		0.0575 0.005208253 0.016764867 100000 1
0.05875 9364.4092 	-29337.691 	5.8159929 	 69977.144 	-348843.41 	-2089.7472 	 -0.0047493964 	-0.0014739754 	0.035590058 	 8.1689866e-05 	-5.1575043e-06 	0.00024307559 	 -565.10102 	-174.71038 	-62.552065 	 0.25875612 	-0.029369008 	0.0014034569 	 1.8740363 	-0.49836678 	0.018639069 		0.05875 0.0051778904 0.016245654 100000 1
0.06 9392.6789 	-27080.821 	12.086754 	 74560.943 	-331383.01 	-1896.5203 	 -0.0047359905 	-0.0015494361 	0.035722131 	 8.1564753e-05 	-1.5416244e-06 	0.00023690328 	 -523.15081 	-176.46947 	-57.990797 	 0.25668582 	-0.038662878 	0.0013837213 	 1.9125484 	-0.66083304 	0.01679759 		0.06 0.0051348672 0.015516621 100000 1
0.06125 9418.6679 	-24797.64 	19.469714 	 79690.347 	-312914.8 	-1638.5293 	 -0.0047239209 	-0.0016297057 	0.035864249 	 8.1102994e-05 	1.9882473e-06 	0.00024058544 	 -482.77267 	-178.14413 	-53.524329 	 0.25446833 	-0.047895178 	0.0013642619 	 1.9473089 	-0.83302207 	0.014304114 		0.06125 0.0050811299 0.014589356 100000 1
0.0625 9439.6505 	-22522.808 	27.804012 	 85378.036 	-293125.65 	-1286.7906 	 -0.0047093456 	-0.001714588 	0.036013045 	 8.0024638e-05 	5.315868e-06 	0.00024768292 	 -441.96591 	-180.43998 	-49.202029 	 0.25205114 	-0.057082536 	0.0013453184 	 1.9782257 	-1.0175354 	0.010868918 		0.0625 0.0050151651 0.013431644 100000 1
0.06375 9447.9397 	-20230.875 	37.133109 	 91851.146 	-272082.9 	-836.2834 	 -0.0046951572 	-0.0018048914 	0.036172278 	 7.8309589e-05 	8.4507962e-06 	0.00026657866 	 -402.44883 	-182.88534 	-45.019075 	 0.24947814 	-0.066222138 	0.001328372 	 2.0032061 	-1.2141398 	0.0064420174 		0.06375 0.0049383813 0.012041528 100000 1
0.065 9437.6939 	-17941.637 	47.427934 	 99060.946 	-249443.02 	-250.99909 	 -0.0046798305 	-0.0019008735 	0.036339055 	 7.6075436e-05 	1.1553004e-05 	0.0002923781 	 -362.48596 	-185.84273 	-40.909528 	 0.24672317 	-0.075343214 	0.0013114309 	 2.022727 	-1.425823 	0.00066376471 		0.065 0.0048496717 0.010393697 100000 1
0.06625 9398.346 	-15648.356 	59.474121 	 107428.22 	-225242.54 	506.34591 	 -0.0046644039 	-0.0020032605 	0.036515808 	 7.303228e-05 	1.4494259e-05 	0.00033294977 	 -323.33011 	-189.3586 	-36.939193 	 0.24382641 	-0.084427577 	0.0012866989 	 2.0328016 	-1.6524859 	-0.0068387133 		0.06625 0.0047499778 0.0084721809 100000 1
0.0675 9318.9609 	-13357.927 	72.896221 	 116869.8 	-199145.75 	1473.3006 	 -0.0046482392 	-0.0021121272 	0.036702927 	 6.8785117e-05 	1.7058836e-05 	0.00038600566 	 -283.54085 	-193.4119 	-33.047723 	 0.24080339 	-0.093507564 	0.0012532466 	 2.0342438 	-1.897384 	-0.016440311 		0.0675 0.0046386962 0.0062593055 100000 1
0.06875 9184.1157 	-11081.001 	87.284926 	 128040.23 	-171127.39 	2691.5649 	 -0.0046302665 	-0.0022279728 	0.036900283 	 6.3027923e-05 	1.9051763e-05 	0.00045772179 	 -243.5735 	-198.71824 	-29.292108 	 0.23770499 	-0.10257779 	0.0012116283 	 2.0207379 	-2.1607313 	-0.028558135 		0.06875 0.0045161609 0.0037235304 100000 1
0.07 8974.251 	-8814.1848 	101.94314 	 140954.28 	-140922.97 	4211.0389 	 -0.0046127163 	-0.0023516578 	0.0371097 	 5.5503331e-05 	2.0474293e-05 	0.00054989744 	 -202.1153 	-205.15963 	-25.520665 	 0.23460401 	-0.11168475 	0.0011586322 	 1.9921339 	-2.4452662 	-0.0436905 		0.07 0.0043823815 0.00085529319 100000 1
0.07125 8663.2644 	-6575.1217 	116.42366 	 156589.01 	-108498.18 	6099.7704 	 -0.0045932509 	-0.0024837986 	0.037328842 	 4.5832939e-05 	2.1111289e-05 	0.00066792877 	 -158.72077 	-214.09711 	-21.720748 	 0.231605 	-0.12088085 	0.0010890496 	 1.9388784 	-2.7510004 	-0.062517997 		0.07125 0.0042368567 -0.0023962885 100000 1
0.0725 8218.4046 	-4356.0174 	128.86627 	 175123.31 	-73920.088 	8400.7034 	 -0.0045745573 	-0.0026250083 	0.037562465 	 3.3180693e-05 	2.0526509e-05 	0.00081757127 	 -111.62379 	-226.10242 	-17.705334 	 0.22884854 	-0.13027618 	0.00099981407 	 1.8592028 	-3.0776952 	-0.085469366 		0.0725 0.0040802768 -0.0060227511 100000 1
0.07375 7596.9377 	-2167.8145 	137.6061 	 198018.08 	-37479.728 	11196.009 	 -0.0045511335 	-0.002785078 	0.037843691 	 1.4964098e-05 	1.7538241e-05 	0.0010346075 	 -59.972089 	-246.6487 	-13.47959 	 0.22653439 	-0.14009398 	0.0008868227 	 1.7387908 	-3.4219213 	-0.11336642 		0.07375 0.00391096 -0.010098577 100000 1
0.075 6728.6075 	-177.45819 	139.40436 	 222625.06 	-5801.8167 	14021.961 	 -0.0045350728 	-0.0029107494 	0.038027965 	 3.2563889e-07 	1.4529939e-05 	0.0011924659 	 -6.7319539 	-261.01767 	-8.5797606 	 0.22504493 	-0.14881087 	0.00074302808 	 1.6042009 	-3.7178744 	-0.14157133 		0.075 0.0037292561 -0.014601099 100000 1
