# x y z jRe_x jRe_y jRe_z jIm_x jIm_y jIm_z BRe_x BRe_y BRe_z BIm_x BIm_y BIm_z F_x F_y F_z
# 1e-3 1e-3 1e-3 1e+6 1e+6 1e+6 1e+6 1e+6 1e+6 1 1 1 1 1 1 1e+6 1e+6 1e+6
30 -75 10 -29.848 0.197602 -2.60609 -25.9931 0.662672 -2.1876 -0.00393134 0.000210352 0.043953 0.000611249 -0.000180078 -0.0080215 0.00176191 0.556157 -0.000613003
30 -74.5 10 -26.4404 0.121189 -2.26349 -12.6633 0.130552 -1.14971 -0.0029853 3.21515e-05 0.034371 0.00105173 -0.000231222 -0.0124655 0.00117247 0.37824 0.0011512
30 -74 10 -21.1181 0.293888 -1.73776 -2.60203 0.426236 -0.0720692 -0.00179003 0.000154229 0.0210021 0.00145406 -7.24754e-05 -0.016338 -0.000264393 0.202009 -0.00158107
30 -73.5 10 -14.6953 0.270754 -1.16235 3.43726 0.320676 0.408232 -0.00082855 1.84877e-06 0.00970753 0.001398 -9.40088e-05 -0.0161205 -0.00125028 0.0997998 -0.000287136
30 -73 10 -9.10208 0.599385 -0.752527 5.82536 0.662776 0.563784 -0.000232519 -7.51131e-06 0.00196028 0.00113334 -5.38803e-05 -0.0133797 -0.00383403 0.0482991 -0.000428642
30 -72.5 10 -4.61475 0.619266 -0.377979 5.96385 0.675052 0.539239 0.000110844 -3.87678e-05 -0.00248448 0.000802073 4.07344e-05 -0.00942035 -0.0039672 0.0225535 -9.41225e-05
30 -72 10 -2.00767 0.81554 -0.141893 5.05345 0.762936 0.44503 0.000236492 2.18682e-06 -0.00418646 0.000531346 -3.84203e-06 -0.00625238 -0.00409119 0.011697 -0.000311029
30 -71.5 10 -0.255209 0.930512 0.00309491 3.83498 0.787467 0.335093 0.000286366 1.93998e-06 -0.00479989 0.000297829 7.05817e-06 -0.00359721 -0.0036507 0.00633547 -0.000237212
30 -71 10 0.813551 0.990039 0.0934743 2.56632 0.813696 0.215709 0.00028053 -1.20407e-05 -0.00474087 0.000105689 3.06044e-05 -0.0014952 -0.00295788 0.00387157 -0.000147495
30 -70.5 10 1.05848 1.06884 0.104895 1.5643 0.781497 0.132616 0.000220711 -5.57278e-06 -0.00411989 5.57022e-06 2.52668e-05 -0.000201872 -0.00228202 0.00235024 -0.000103316
30 -70 10 1.09973 1.12348 0.0984521 0.740582 0.756843 0.0636499 0.000160908 1.73181e-07 -0.00345949 -5.88186e-05 1.83384e-05 0.00068114 -0.00168617 0.00165609 -6.12442e-05
30 -69.5 10 0.902243 1.17489 0.0800631 0.19568 0.727994 0.005765 0.00010911 1.73612e-06 -0.00282008 -8.63548e-05 1.13215e-05 0.00102921 -0.00128212 0.00117562 -3.07724e-05
30 -69 10 0.636284 1.19815 0.0533007 -0.0702056 0.712098 -0.00813817 5.4139e-05 -4.45549e-07 -0.00232101 -9.24511e-05 4.35045e-06 0.00108918 -0.00100263 0.000778463 1.8925e-07
30 -68.5 10 0.399891 1.21675 0.0279545 -0.219004 0.680103 -0.0145254 1.84338e-05 -6.6139e-06 -0.00196866 -8.44843e-05 7.80223e-06 0.00102113 -0.000850294 0.000506312 1.53376e-05
30 -68 10 0.222837 1.21753 0.00943838 -0.235273 0.666873 -0.0240848 9.55112e-06 -1.0773e-05 -0.00179376 -6.86225e-05 6.801e-06 0.000887599 -0.000795887 0.000305143 1.50665e-05
30 -67.5 10 0.0800972 1.19399 -0.00752773 -0.210164 0.706383 -0.0279549 -1.6538e-06 -1.62754e-05 -0.00170562 -5.64501e-05 7.11089e-06 0.000680026 -0.000778027 0.000140561 1.9526e-05
30 -67 10 -0.00525331 1.21476 -0.017556 -0.183148 0.654119 -0.0352566 -6.96241e-06 -2.79179e-05 -0.00164631 -4.31903e-05 -3.49635e-06 0.000627599 -0.000794978 5.39699e-05 1.87481e-05
30 -66.5 10 -0.0428553 1.20544 -0.0220906 -0.119959 0.677935 -0.0256713 -7.86369e-06 -3.01885e-05 -0.00166058 -3.5156e-05 -2.44176e-06 0.000527069 -0.00082257 -3.43079e-06 1.74497e-05
30 -66 10 -0.0588801 1.20242 -0.0271536 -0.0794703 0.688836 -0.01903 -9.55606e-06 -2.93386e-05 -0.00167538 -3.12024e-05 2.28588e-06 0.000469545 -0.00084591 -3.02392e-05 1.72648e-05
30 -65.5 10 -0.0562669 1.2169 -0.0277353 -0.0557425 0.657073 -0.0253539 -1.42851e-06 -3.13609e-05 -0.00170305 -2.23118e-05 -1.61179e-07 0.000465044 -0.000883875 -3.46488e-05 9.08619e-06
30 -65 10 -0.0534215 1.20649 -0.022556 -0.0273909 0.670849 -0.0166151 3.03618e-06 -2.74773e-05 -0.00176025 -1.97184e-05 2.30279e-07 0.000411458 -0.000924159 -4.12531e-05 5.51326e-06
30 -64.5 10 -0.0418466 1.19099 -0.0204988 0.00925154 0.74476 -0.0134856 -1.11279e-06 -2.87199e-05 -0.00182184 -2.6014e-05 -1.45762e-06 0.000306359 -0.000971116 -3.93492e-05 1.09439e-05
30 -64 10 -0.0226215 1.19306 -0.0224274 0.0139957 0.703097 -0.00694325 2.22662e-06 -2.01088e-05 -0.0017864 -2.45407e-05 8.45964e-06 0.000362488 -0.000938407 -2.2682e-05 7.58565e-06
30 -63.5 10 -0.0186342 1.19704 -0.0225131 0.00992418 0.705904 -0.00996761 6.73785e-06 -2.5664e-05 -0.00180339 -1.90757e-05 5.77298e-06 0.000390332 -0.000941854 -1.872e-05 2.96783e-06
30 -63 10 -0.0178529 1.2108 -0.0238338 0.00349647 0.692887 -0.0125126 1.93009e-06 -3.25268e-05 -0.00181427 -2.25549e-05 5.81846e-06 0.000440257 -0.000946187 -1.68466e-05 6.94606e-06
30 -62.5 10 -0.00662603 1.20137 -0.0225832 0.0220911 0.693284 -0.00132143 8.77774e-07 -2.67723e-05 -0.00180916 -2.1552e-05 1.20612e-05 0.000433431 -0.000936778 -1.07769e-05 7.16549e-06
30 -62 10 -0.011527 1.20993 -0.0224733 0.00476923 0.696683 -0.00443096 4.74413e-06 -2.65543e-05 -0.00181886 -1.99198e-05 1.25076e-05 0.000421959 -0.000953632 -1.14984e-05 4.25175e-06
30 -61.5 10 -0.0116201 1.21557 -0.0254017 -0.00367104 0.698391 -0.0123679 3.85934e-06 -2.7616e-05 -0.00182052 -2.06898e-05 1.07895e-05 0.000439861 -0.000953172 -9.69103e-06 5.01978e-06
30 -61 10 -0.00523016 1.22197 -0.0251773 -0.00833906 0.707649 -0.0201916 4.75128e-06 -2.76201e-05 -0.00184287 -2.07056e-05 6.53679e-06 0.000449834 -0.00096709 -2.79444e-06 4.46814e-06
30 -60.5 10 -0.0119742 1.22472 -0.0209858 -0.00661559 0.706686 -0.0128113 -2.99783e-07 -2.68355e-05 -0.0018414 -2.14789e-05 5.20721e-06 0.000443548 -0.000971126 -9.41676e-06 7.91643e-06
30 -60 10 -0.0181831 1.24819 -0.0206262 -0.0169626 0.665141 -0.0100771 -3.67645e-06 -2.51269e-05 -0.0018306 -2.27755e-05 8.35306e-06 0.000490284 -0.000979636 -1.23321e-05 1.00265e-05
30 -59.5 10 -0.00245612 1.22437 -0.0228546 0.00213238 0.709488 -0.0118824 -5.42991e-06 -2.90807e-05 -0.00183969 -3.7901e-05 7.66258e-06 0.000442081 -0.000969691 -2.44337e-06 1.68131e-05
30 -59 10 -0.00739743 1.25666 -0.0259277 0.00800033 0.685598 -0.00747729 -7.671e-06 -3.40003e-05 -0.00187416 -3.40207e-05 1.42482e-05 0.000480798 -0.00101317 -8.62863e-06 1.66649e-05
30 -58.5 10 -0.0065608 1.24117 -0.0244081 0.00550957 0.721565 -0.0153221 -8.99562e-06 -3.29118e-05 -0.0018828 -2.95556e-05 8.15564e-06 0.000429974 -0.00101365 -7.02459e-06 1.63761e-05
30 -58 10 -0.00490184 1.22175 -0.0218464 0.00311064 0.740186 -0.0225787 -3.24541e-06 -3.31238e-05 -0.00186792 -2.41784e-05 1.82865e-06 0.000390443 -0.000996903 -4.87698e-06 1.10148e-05
30 -57.5 10 -0.00122922 1.24322 -0.0134552 0.0241684 0.671612 -0.00663605 5.1655e-07 -2.23173e-05 -0.00183319 -2.22755e-05 -1.23953e-06 0.000481595 -0.000977964 -6.87594e-06 7.15788e-06
30 -57 10 -0.00559264 1.22944 -0.0164819 -0.0130675 0.723034 0.0015994 7.10496e-06 -2.2834e-05 -0.00186352 -2.22239e-05 6.06174e-06 0.000429085 -0.00099061 -2.48377e-06 3.69101e-06
30 -56.5 10 -0.00549034 1.24768 -0.0244897 -0.00979069 0.698735 -0.0050786 -3.31016e-06 -2.69083e-05 -0.00185886 -3.11178e-05 1.49645e-05 0.000463834 -0.000997873 -2.71272e-06 1.29371e-05
30 -56 10 -0.00294836 1.24817 -0.0279421 0.0223019 0.718279 -0.0187048 1.19733e-05 -3.0106e-05 -0.00187567 -2.05949e-05 1.39343e-05 0.000445912 -0.00101073 -7.71211e-06 1.23796e-07
30 -55.5 10 -0.00398973 1.24639 -0.022253 -0.00034598 0.717272 -0.0096667 7.22305e-06 -2.68263e-05 -0.00187901 -2.05707e-05 1.10127e-05 0.000426148 -0.00101841 -3.6556e-06 2.92764e-06
30 -55 10 -0.00212121 1.25461 -0.0215598 -0.000376316 0.706305 -0.00958655 -1.17412e-06 -2.86624e-05 -0.00186321 -2.7215e-05 5.14824e-06 0.000473865 -0.00100173 -1.74386e-06 1.0377e-05
30 -54.5 10 -0.00627707 1.26573 -0.0252962 -0.00766666 0.682625 -0.0184921 -6.67838e-07 -3.25989e-05 -0.00184045 -2.89325e-05 3.24143e-06 0.000511841 -0.000990438 -3.5383e-06 1.03876e-05
30 -54 10 -0.00911496 1.26886 -0.0287791 0.00351945 0.685378 -0.0164219 3.16137e-06 -3.44312e-05 -0.00185221 -2.53595e-05 7.53836e-06 0.00049206 -0.0010069 -9.14456e-06 6.85494e-06
30 -53.5 10 0.00490644 1.2656 -0.0265332 0.0272386 0.708713 -0.0131039 1.07443e-06 -2.83234e-05 -0.00190045 -2.80818e-05 1.26526e-05 0.000449976 -0.00104344 -1.2964e-06 9.3739e-06
30 -53 10 -0.00300349 1.26831 -0.032388 -0.0274236 0.688939 -0.0187515 -2.55749e-06 -2.86138e-05 -0.00186586 -2.92873e-05 1.5865e-05 0.000492912 -0.00101377 4.27266e-06 1.15359e-05
30 -52.5 10 -0.00343528 1.28139 -0.0250334 -0.0411609 0.677603 -0.00972904 1.68664e-06 -1.90084e-05 -0.0018762 -2.05933e-05 1.99029e-05 0.000508133 -0.00103006 7.31403e-06 5.51947e-06
30 -52 10 -0.00207113 1.28463 -0.0229145 -0.0213176 0.677265 -0.00108079 3.06963e-06 -2.41822e-05 -0.00185431 -2.04588e-05 1.47805e-05 0.000544294 -0.00100701 3.85716e-06 4.82385e-06
30 -51.5 10 -0.000651863 1.27222 -0.0233908 -0.00708229 0.701851 0.00213182 3.74395e-06 -2.67127e-05 -0.00185198 -2.11592e-05 1.13781e-05 0.000522181 -0.000995139 1.17916e-06 5.01218e-06
30 -51 10 -0.00429645 1.27242 -0.0286479 -0.00948162 0.704753 -0.00904204 -1.92773e-06 -2.98565e-05 -0.00186862 -2.31556e-05 1.04329e-05 0.000499992 -0.00101303 -1.51155e-06 9.40063e-06
30 -50.5 10 -0.00779563 1.24472 -0.0241719 -0.00424663 0.738725 -0.0107196 1.20415e-06 -2.79597e-05 -0.00188774 -2.42166e-05 4.68647e-06 0.000434054 -0.00101485 -6.3212e-06 8.29434e-06
30 -50 10 -0.00733461 1.26959 -0.0232444 -0.0234915 0.718396 -0.0126773 3.36396e-06 -3.08185e-05 -0.0018732 -2.34516e-05 1.26086e-06 0.000487103 -0.00101449 -1.03866e-06 6.38655e-06
30 -49.5 10 -0.00582181 1.28582 -0.0220835 -0.0205027 0.702303 -0.00789284 4.83926e-07 -2.73477e-05 -0.00186588 -2.62511e-05 5.1142e-06 0.000526194 -0.0010151 6.10683e-08 8.93418e-06
30 -49 10 -0.00385789 1.27382 -0.0193797 -0.00246534 0.728962 -0.00144593 -2.04229e-07 -2.04702e-05 -0.00189917 -3.06138e-05 1.13948e-05 0.000489128 -0.00103152 -3.03635e-06 1.13136e-05
30 -48.5 10 -0.00975651 1.27952 -0.0195282 0.00974105 0.694201 0.00170721 -3.39377e-06 -1.71248e-05 -0.00188522 -2.54518e-05 1.5841e-05 0.000514951 -0.00102753 -1.16932e-05 1.11662e-05
30 -48 10 -0.00563822 1.27754 -0.0170668 0.00829558 0.736525 -0.00930035 -6.73025e-06 -2.71202e-05 -0.00193907 -2.91798e-05 5.53532e-06 0.000459706 -0.00106954 -7.1801e-06 1.51444e-05
30 -47.5 10 0.00361891 1.23337 -0.0135404 -0.025346 0.762685 -0.00678981 -8.54465e-06 -1.81347e-05 -0.00191592 -3.48061e-05 5.0917e-06 0.000381068 -0.00103631 8.47206e-06 1.84451e-05
30 -47 10 0.00313753 1.24459 -0.0153114 -0.0164772 0.785367 -0.0134101 -3.89427e-06 -2.20725e-05 -0.00193759 -3.06023e-05 1.54672e-06 0.000376196 -0.00105819 6.37396e-06 1.4393e-05
30 -46.5 10 -0.000716707 1.28959 -0.0167877 0.0131141 0.716034 -0.0208375 -4.87288e-06 -2.44757e-05 -0.00191679 -3.12346e-05 1.58538e-06 0.000486557 -0.00106193 -3.51093e-06 1.43437e-05
30 -46 10 -6.95522e-05 1.27847 -0.0148554 0.00889771 0.713107 -0.0059806 -1.61639e-06 -1.79545e-05 -0.00189432 -3.12129e-05 6.19106e-06 0.000498158 -0.00103341 -2.17677e-06 1.21905e-05
30 -45.5 10 -0.00464749 1.28172 -0.01329 0.00668827 0.72284 -0.00376203 -1.59651e-06 -1.63903e-05 -0.00190627 -3.00584e-05 6.76077e-06 0.000495485 -0.00104267 -6.01951e-06 1.19475e-05
30 -45 10 -0.0142089 1.28095 -0.0164627 0.017553 0.727441 -0.0191923 -6.53032e-06 -2.25183e-05 -0.00190116 -3.01693e-05 5.39244e-06 0.00048601 -0.001041 -1.74289e-05 1.5363e-05
30 -44.5 10 -0.00989877 1.28713 -0.0151958 0.00256893 0.71538 -0.0170013 -5.23564e-06 -2.19083e-05 -0.00190315 -3.08087e-05 2.43314e-06 0.000497984 -0.00104683 -9.75741e-06 1.4501e-05
30 -44 10 -0.00609622 1.28866 -0.0109437 0.00285859 0.699827 -0.00867773 -1.65082e-07 -1.88404e-05 -0.00190059 -2.76665e-05 4.51796e-07 0.000514187 -0.00104479 -6.40718e-06 9.84532e-06
30 -43.5 10 -0.00358012 1.26884 -0.0115894 -0.000239065 0.744892 -0.0189737 -1.43668e-06 -2.31235e-05 -0.00190583 -2.55324e-05 -4.79786e-06 0.000464371 -0.00103632 -3.10549e-06 1.04629e-05
30 -43 10 -0.00239829 1.29256 -0.00889525 0.000106387 0.697093 -0.0155426 5.3167e-06 -1.94378e-05 -0.0019001 -2.51002e-05 -5.38045e-06 0.000512144 -0.00104961 -2.13432e-06 5.33555e-06
30 -42.5 10 -0.00399224 1.28626 -0.00661198 0.00383307 0.708891 -0.0118259 9.00255e-06 -1.61894e-05 -0.00190972 -2.32462e-05 -5.55471e-06 0.000485088 -0.00105635 -4.63404e-06 2.47137e-06
30 -42 10 -0.00853991 1.24753 -0.0139859 0.00446594 0.791229 -0.0146689 8.76347e-06 -2.31319e-05 -0.00193106 -1.93766e-05 -5.80734e-06 0.000380554 -0.00105418 -9.01447e-06 2.28509e-06
30 -41.5 10 -0.0129875 1.3089 -0.0113283 -0.0160891 0.70175 -0.0131164 -2.12347e-06 -3.1308e-05 -0.00189378 -2.82339e-05 -7.70688e-07 0.000548925 -0.00104697 -7.68472e-06 1.15058e-05
30 -41 10 -0.00766814 1.28709 -0.00540604 0.0105115 0.72194 -0.00163626 -1.52925e-06 -1.63227e-05 -0.00190373 -2.10952e-05 -2.05885e-08 0.000492127 -0.00104754 -9.86417e-06 8.66133e-06
30 -40.5 10 -0.00436573 1.28879 -0.00614135 0.0101395 0.728368 0.0036054 2.14024e-06 -1.2773e-05 -0.00192586 -1.98933e-05 3.19138e-06 0.000481221 -0.0010658 -6.68599e-06 5.90974e-06
30 -40 10 -0.00123035 1.30138 -0.0139323 -0.000366004 0.711059 0.00494319 6.98735e-06 -1.61037e-05 -0.00192439 -2.34989e-05 8.06121e-06 0.000506097 -0.00107238 -1.19797e-06 3.81636e-06
30 -39.5 10 -0.0055153 1.2511 -0.0128317 0.00999019 0.778258 -0.0194674 -3.92903e-06 -2.20793e-05 -0.00193824 -1.6565e-05 -3.0352e-06 0.000393027 -0.0010597 -7.12175e-06 8.94944e-06
30 -39 10 -0.00918442 1.25855 -0.0124306 0.0100486 0.792476 -0.0158129 -6.78503e-06 -1.49524e-05 -0.00196 -2.64446e-05 3.71374e-06 0.000373395 -0.00108549 -1.06255e-05 1.48353e-05
30 -38.5 10 -0.0066466 1.25849 -0.0100768 0.00585528 0.79577 -0.00858178 -6.98829e-06 -1.56519e-05 -0.00194958 -2.90112e-05 1.45602e-06 0.000392545 -0.00107065 -7.46857e-06 1.59967e-05
30 -38 10 -0.000813914 1.29029 -0.0123674 0.000208242 0.725177 -0.002811 1.69481e-06 -1.63913e-05 -0.00191201 -2.60445e-05 6.24026e-06 0.000502226 -0.00105151 -8.04274e-07 8.35738e-06
30 -37.5 10 0.000764757 1.29695 -0.0179356 -0.0144001 0.733983 -0.00465221 4.54451e-06 -1.89272e-05 -0.00194184 -2.53669e-05 1.00393e-05 0.000465507 -0.00108854 4.11244e-06 6.2829e-06
30 -37 10 0.00120284 1.30973 -0.0143696 0.00822926 0.706618 0.0059089 -2.3855e-06 -1.2523e-05 -0.00191385 -3.3417e-05 1.34969e-05 0.000514482 -0.00107167 -1.04746e-06 1.34167e-05
30 -36.5 10 -0.00309532 1.27037 -0.0153242 -0.00274684 0.78142 -0.00816359 6.266e-06 -1.65148e-05 -0.00196261 -2.28486e-05 6.12453e-06 0.000407949 -0.00108733 -2.43191e-06 4.96425e-06
30 -36 10 -0.00718353 1.27211 -0.0103171 0.00884812 0.745798 -0.00219514 -5.65965e-06 -1.08179e-05 -0.00193421 -2.80167e-05 5.05631e-06 0.000437909 -0.00106702 -8.82462e-06 1.41085e-05
30 -35.5 10 -0.0101173 1.26064 -0.011732 -0.0111326 0.766196 -0.000356473 8.30018e-06 -1.44725e-05 -0.00194921 -2.36181e-05 4.85727e-06 0.000388634 -0.00107982 -7.74163e-06 3.86245e-06
30 -35 10 0.00147441 1.3048 -0.00947583 0.00331962 0.756405 0.000513417 -5.03597e-06 -8.59695e-06 -0.0019753 -3.76312e-05 9.19767e-06 0.000444551 -0.00112059 7.32532e-07 1.75266e-05
30 -34.5 10 -0.00308528 1.29265 -0.0117148 0.00114369 0.737623 -0.00523925 3.45663e-06 -1.87676e-05 -0.00193606 -2.35707e-05 5.88948e-06 0.000471064 -0.00107769 -3.21453e-06 6.49135e-06
30 -34 10 -0.00421964 1.28075 -0.0115574 0.00769698 0.767189 0.00389067 1.62873e-06 -1.65454e-05 -0.00194391 -2.29102e-05 9.32935e-06 0.000448748 -0.0010728 -5.88228e-06 7.81603e-06
30 -33.5 10 -0.00277323 1.32528 -0.0197112 0.0199356 0.738139 0.00241941 7.83501e-06 -1.83526e-05 -0.00192902 -2.50168e-05 1.13073e-05 0.000549001 -0.00107582 -8.25462e-06 4.1793e-06
30 -33 10 0.0069956 1.29351 -0.012841 -0.0278199 0.743003 0.00283129 1.03657e-05 -1.05496e-05 -0.00194192 -2.5513e-05 1.49292e-05 0.00048179 -0.00107705 1.33914e-05 2.5295e-06
30 -32.5 10 0.00118495 1.2824 -0.0059756 0.00301178 0.708408 0.0151654 3.60024e-06 -3.67317e-06 -0.00191783 -2.64724e-05 1.59229e-05 0.000497938 -0.00105348 1.74938e-07 7.08996e-06
30 -32 10 0.00593517 1.29744 -0.0137747 0.00731488 0.683822 0.00664688 -2.65825e-05 -1.91839e-05 -0.0019048 -4.48622e-05 5.52774e-06 0.000560425 -0.00104422 3.63693e-06 3.25467e-05
30 -31.5 10 0.0098886 1.30437 -0.0140448 0.00281025 0.710342 -0.00221504 -1.65283e-05 -2.05411e-05 -0.00192837 -3.84681e-05 3.02642e-06 0.000524963 -0.00107135 8.95548e-06 2.4345e-05
30 -31 10 0.0111467 1.28014 -0.011986 0.0030718 0.792872 -0.00580038 9.42348e-06 -1.47904e-05 -0.00197423 -1.96202e-05 3.78932e-06 0.000388953 -0.00110953 1.04061e-05 1.66986e-06
30 -30.5 10 0.00122533 1.30501 -0.0101541 0.000290338 0.703543 0.00301747 -1.87914e-06 -1.09555e-05 -0.00191759 -3.2088e-05 6.6317e-06 0.000525433 -0.00106648 1.0597e-06 1.2508e-05
30 -30 10 0.00237141 1.30112 -0.0112997 0.00649561 0.723461 0.00622749 2.94294e-07 -8.65404e-06 -0.00192741 -3.40623e-05 1.06965e-05 0.000517634 -0.00106674 4.96441e-07 1.21544e-05
30 -29.5 10 -0.00849717 1.31129 -0.0132024 -0.024834 0.741283 -0.00250187 1.14446e-05 -6.97897e-06 -0.00195254 -1.83237e-05 1.44691e-05 0.000482528 -0.00110135 -2.3566e-06 -8.6206e-07
30 -29 10 -0.00616922 1.31512 -0.0120859 -0.058879 0.68947 0.00876169 1.53463e-05 -2.13074e-06 -0.00189067 -1.05201e-05 2.2229e-05 0.000546285 -0.00105501 1.01116e-05 -7.11227e-06
30 -28.5 10 0.0024509 1.30482 -0.0104749 -0.0472247 0.727294 0.0104896 1.37434e-05 -7.00828e-06 -0.00191494 -9.54688e-06 1.52732e-05 0.000500512 -0.00106743 1.40429e-05 -5.86384e-06
30 -28 10 0.00515153 1.29539 -0.00955806 -0.0150051 0.741187 0.00419598 1.64568e-05 -1.17628e-05 -0.00192295 -1.2509e-05 8.58363e-06 0.000478186 -0.00106835 8.4358e-06 -6.11793e-06
30 -27.5 10 0.000531124 1.27627 -0.0139877 0.00184653 0.748573 0.00109931 7.7789e-06 -1.49703e-05 -0.00192333 -2.3147e-05 9.95746e-06 0.000444172 -0.00106121 3.35469e-08 3.70482e-06
30 -27 10 -0.00298559 1.29901 -0.0133098 -0.00468379 0.722974 0.00108071 -5.78701e-06 -1.12112e-05 -0.00192922 -2.51179e-05 1.1573e-05 0.000481815 -0.00107894 -1.72663e-06 1.28281e-05
30 -26.5 10 -0.00456767 1.31712 -0.0151544 -0.00632801 0.731965 -0.0102542 4.07093e-06 -1.21143e-05 -0.00197382 -2.09441e-05 8.87535e-06 0.000480832 -0.00112395 -2.90998e-06 4.98382e-06
30 -26 10 -0.00225606 1.318 -0.0115002 -0.00780726 0.716549 -0.00637053 1.40964e-05 -6.83263e-06 -0.00194715 -1.44663e-05 8.09458e-06 0.000505014 -0.00110226 -2.60037e-07 -4.13054e-06
30 -25.5 10 0.00544406 1.30919 -0.00652293 -0.00839932 0.694199 0.00259309 9.05151e-06 6.54687e-07 -0.00189279 -1.13698e-05 9.55247e-06 0.000552443 -0.00104727 7.42804e-06 -2.01698e-06
30 -25 10 0.00447609 1.29163 -0.00858745 -0.0103995 0.728682 -0.00267403 9.30009e-06 -7.65634e-06 -0.00191604 -1.40083e-05 3.20211e-06 0.000491764 -0.00105827 6.82402e-06 -9.36119e-07
30 -24.5 10 0.00454781 1.29289 -0.00457109 -0.0154877 0.739174 -0.00645915 1.5212e-05 -1.08526e-05 -0.00193233 -1.59406e-05 -4.92155e-06 0.000457671 -0.00108003 7.95478e-06 -3.92883e-06
30 -24 10 0.00845262 1.28275 -0.00324266 -0.0192861 0.772648 -0.000358845 5.57923e-06 -7.41852e-06 -0.0019614 -2.24016e-05 -7.46732e-07 0.000415007 -0.00109768 1.22864e-05 5.05173e-06
30 -23.5 10 0.00191872 1.29432 -0.00797902 0.00044614 0.747934 -0.00721987 3.46468e-06 -1.61822e-05 -0.00193991 -2.48212e-05 -9.29801e-07 0.000450014 -0.00108721 1.83646e-06 7.02436e-06
30 -23 10 0.000897314 1.30564 -0.0132339 0.0120681 0.74096 -0.0181488 2.48022e-06 -2.52853e-05 -0.00194647 -1.87503e-05 -5.23196e-06 0.000476305 -0.00109444 -1.84702e-06 5.28458e-06
30 -22.5 10 -0.000115736 1.2622 -0.0102202 -0.00230651 0.767616 0.00409583 6.99127e-07 -9.75751e-06 -0.0019356 -2.30127e-05 7.65423e-06 0.000401614 -0.00106748 3.00454e-07 8.38296e-06
30 -22 10 0.00267609 1.30304 -0.0106041 0.00297124 0.723171 0.00366367 9.04663e-06 -9.8603e-06 -0.00192325 -2.37592e-05 8.50588e-06 0.000505887 -0.00107018 1.73035e-06 2.69638e-06
30 -21.5 10 0.000425322 1.31073 -0.0137726 0.0190951 0.70637 0.012464 2.51677e-05 -1.12213e-05 -0.00189659 -1.4291e-05 1.08874e-05 0.000555554 -0.00104689 -5.16322e-06 -1.13452e-05
30 -21 10 0.000916612 1.31561 -0.0100103 0.0137057 0.706663 0.00910719 1.57832e-05 -4.84462e-06 -0.00191267 -1.93724e-05 1.52814e-05 0.000557114 -0.00106141 -3.10844e-06 -3.43497e-06
30 -20.5 10 -0.00114075 1.281 -0.0122716 -0.00226157 0.776899 0.0087011 9.31029e-06 -8.20166e-07 -0.00196045 -1.79016e-05 1.64153e-05 0.000422716 -0.00109154 -7.75199e-07 9.72526e-07
30 -20 10 -0.00229758 1.25362 -0.0148842 -0.0191931 0.824341 0.0038506 7.55223e-07 -2.11543e-06 -0.00199013 -1.639e-05 1.11338e-05 0.000324776 -0.00111361 7.9331e-07 6.17769e-06
30 -19.5 10 0.0103176 1.26981 -0.0113663 -0.0166166 0.794967 -0.0129396 -7.67482e-07 -1.6077e-05 -0.00196808 -2.78273e-05 -2.94955e-06 0.000398805 -0.00109114 1.36507e-05 1.14897e-05
30 -19 10 -0.00230533 1.28905 -0.0124116 -0.0107768 0.73197 0.00848631 8.34608e-06 -4.42742e-06 -0.00192857 -2.26398e-05 1.2245e-05 0.000472375 -0.00107021 1.74508e-07 2.84571e-06
30 -18.5 10 -0.00412685 1.27666 -0.0118711 -0.00830965 0.767603 0.00658314 1.17287e-05 -5.05118e-06 -0.00194606 -2.23212e-05 1.31486e-05 0.000438296 -0.00107409 -2.3376e-06 1.03588e-06
30 -18 10 -0.00208852 1.28439 -0.00903652 0.00142865 0.764057 -0.00163424 1.21829e-05 -8.03965e-06 -0.00195963 -1.89522e-05 6.79681e-06 0.000441153 -0.00108997 -2.40105e-06 -5.70265e-07
30 -17.5 10 0.00102673 1.2968 -0.00929731 0.00966271 0.741922 -0.0073637 4.67561e-06 -9.32427e-06 -0.0019524 -2.54406e-05 7.48511e-06 0.000463933 -0.00109385 -1.1672e-06 6.43718e-06
30 -17 10 0.000976085 1.30916 -0.00916878 0.0171838 0.719824 -0.0164675 -6.14793e-06 -1.76058e-05 -0.0019499 -3.28409e-05 1.25828e-06 0.000486837 -0.00110122 -2.93263e-06 1.58464e-05
30 -16.5 10 0.00484875 1.31294 -0.00508001 0.0226445 0.716906 -0.00990929 -3.7746e-06 -1.20662e-05 -0.00195892 -3.37855e-05 3.85123e-06 0.000488426 -0.00111091 -6.03937e-07 1.46028e-05
30 -16 10 0.00736479 1.29223 -0.00133444 0.00841304 0.747224 4.13856e-05 1.26045e-06 -4.61082e-06 -0.00195583 -2.42547e-05 4.31043e-06 0.000457892 -0.00109262 5.27467e-06 8.24861e-06
30 -15.5 10 0.00802475 1.28449 -0.000283467 -0.00061267 0.751606 0.00418575 3.19551e-06 -5.65884e-06 -0.00194454 -2.30567e-05 4.30949e-06 0.000459978 -0.00107602 7.89442e-06 6.58845e-06
30 -15 10 0.00335946 1.31228 -0.00519503 -0.00860323 0.710524 0.00377499 -3.93681e-06 -8.64382e-06 -0.00193227 -2.40289e-05 4.35646e-06 0.000526244 -0.00108092 5.47426e-06 1.10864e-05
30 -14.5 10 0.000403379 1.2929 -0.00251075 0.00090651 0.74159 0.00647551 -5.64097e-06 -1.23479e-05 -0.00196222 -2.70553e-05 3.21575e-06 0.000449604 -0.00110179 1.11456e-07 1.36776e-05
30 -14 10 0.000686786 1.3161 -0.00587594 0.00533348 0.729464 0.00167237 -1.03011e-05 -1.73023e-05 -0.00197012 -3.47105e-05 2.9391e-06 0.000488772 -0.00111822 -6.25662e-07 1.94406e-05
30 -13.5 10 0.00212658 1.30709 -0.0086951 -0.00385763 0.738308 -0.000342188 -7.34762e-06 -1.70173e-05 -0.00195724 -3.31649e-05 4.25443e-06 0.000486567 -0.0010996 3.05723e-06 1.70187e-05
30 -13 10 0.0036219 1.29293 -0.0140429 -0.00886201 0.721883 -0.00334226 6.14476e-06 -1.55233e-05 -0.00191449 -2.04754e-05 5.82504e-06 0.000503562 -0.00105599 5.6894e-06 3.36415e-06
30 -12.5 10 0.00200299 1.29257 -0.0148491 0.00537738 0.751347 -0.00431374 3.26962e-06 -1.57569e-05 -0.00194649 -2.09144e-05 8.63445e-06 0.000470436 -0.00108135 7.05379e-07 5.75133e-06
30 -12 10 0.000713386 1.30017 -0.00935296 -0.0020644 0.741714 0.00260244 -5.58461e-06 -8.81837e-06 -0.00194012 -2.43268e-05 1.00928e-05 0.000483768 -0.00108189 1.18584e-06 1.26387e-05
30 -11.5 10 0.00633336 1.30668 -0.00985728 -0.0095511 0.729655 0.00858758 -4.68963e-06 -8.03401e-06 -0.00194131 -3.02061e-05 1.20578e-05 0.000506009 -0.00108382 8.4574e-06 1.40009e-05
30 -11 10 0.00511552 1.28437 -0.00982227 -0.0160498 0.757002 0.00693546 -3.04202e-06 -1.11312e-05 -0.00194434 -3.34494e-05 1.15913e-05 0.000451753 -0.00107772 8.49737e-06 1.44927e-05
30 -10.5 10 0.00727245 1.28972 -0.0108046 0.00478636 0.749292 0.00989146 -2.0937e-06 -5.72844e-06 -0.00193611 -3.20652e-05 1.94906e-05 0.000461515 -0.00107575 5.78838e-06 1.33891e-05
30 -10 10 0.0115451 1.30497 -0.00510561 -0.0112789 0.699257 0.00718354 -7.32782e-06 -8.49067e-06 -0.00190638 -2.60715e-05 1.30306e-05 0.000519359 -0.00106237 1.38587e-05 1.37741e-05
30 -9.5 10 0.0245988 1.28726 -0.0125654 -0.0197208 0.769551 0.0200298 -4.88984e-06 -6.16555e-06 -0.00195664 -2.66982e-05 2.47561e-05 0.000396901 -0.00110692 2.77424e-05 1.31001e-05
30 -9 10 0.0413484 1.23645 -0.0168062 -0.00997586 0.834133 0.0165233 -1.28648e-06 -1.09347e-05 -0.00195825 -2.92124e-05 2.60559e-05 0.000299177 -0.00108617 4.17471e-05 1.26228e-05
30 -8.5 10 0.047181 1.24897 -0.0159001 -0.0158615 0.767742 0.0183036 -5.07358e-06 -9.31004e-06 -0.00188833 -3.12963e-05 2.80231e-05 0.000379097 -0.00103404 4.73071e-05 1.47402e-05
30 -8 10 0.033863 1.27938 -0.0128309 0.024779 0.745934 0.0198193 -8.846e-06 -1.21626e-05 -0.00188599 -2.45558e-05 2.60295e-05 0.000454922 -0.00103711 2.61098e-05 1.49337e-05
30 -7.5 10 0.0276545 1.28155 -0.0153883 0.0644764 0.765232 0.0199996 -1.2733e-05 -1.697e-05 -0.00190105 -3.85256e-05 2.88454e-05 0.00046954 -0.00103891 1.08619e-05 2.35948e-05
30 -7 10 -0.00359559 1.31226 -0.0242934 0.107588 0.711941 0.0192729 -1.51872e-05 -1.99408e-05 -0.001893 -3.8556e-05 3.21425e-05 0.000555487 -0.00104487 -3.3472e-05 2.54545e-05
30 -6.5 10 -0.0593403 1.34792 -0.0204584 0.134247 0.67826 0.0459229 -2.36437e-05 -6.64703e-06 -0.0018968 -5.40137e-05 4.27208e-05 0.000696231 -0.0010433 -0.00010401 3.73174e-05
30 -6 10 -0.168189 1.37554 -0.0371139 0.187755 0.667696 0.0195417 -3.42146e-05 -2.52967e-05 -0.00197436 -7.79807e-05 3.51549e-05 0.000808156 -0.00108892 -0.000242027 5.49931e-05
30 -5.5 10 -0.306429 1.40817 -0.0581325 0.191367 0.681324 0.0144748 -3.35075e-05 -3.41287e-05 -0.00211002 -9.91154e-05 4.07186e-05 0.000903902 -0.001179 -0.000409517 6.64821e-05
30 -5 10 -0.470363 1.4609 -0.0904582 0.148547 0.708399 0.0338244 -3.42545e-07 -3.45735e-05 -0.00232552 -0.000120165 5.02978e-05 0.00100307 -0.0013458 -0.000623436 5.46796e-05
30 -4.5 10 -0.707228 1.52099 -0.130189 -0.0191726 0.850524 0.0389123 4.7206e-05 -2.16537e-05 -0.00278471 -0.000147119 5.45283e-05 0.000954433 -0.00171433 -0.000981497 3.37987e-05
30 -4 10 -0.904538 1.51966 -0.183777 -0.397569 1.11427 -0.0111491 0.000139238 -1.57479e-05 -0.00330351 -0.000150181 7.29711e-05 0.000528437 -0.00221674 -0.00140099 -2.951e-05
30 -3.5 10 -1.00841 1.57871 -0.197028 -1.07638 1.27508 -0.109166 0.000199585 -6.7302e-05 -0.00395261 -0.000127401 -2.11525e-06 3.61922e-06 -0.00312445 -0.00200369 -4.12475e-05
30 -3 10 -0.991961 1.45707 -0.239867 -1.84034 1.63246 -0.229229 0.000274088 -0.000103076 -0.00457701 -4.77665e-05 2.21007e-05 -0.0010052 -0.00416481 -0.00322246 -0.000129907
30 -2.5 10 -0.284413 0.999461 -0.176075 -2.93206 2.04742 -0.377608 0.000280879 -0.000150522 -0.00465106 0.000150725 7.99807e-06 -0.00289979 -0.00530456 -0.00496578 -0.000284982
30 -2 10 0.928868 0.29913 -0.0874125 -4.12734 2.52772 -0.451533 0.000375676 -0.000201859 -0.00429621 0.000411906 -8.35224e-06 -0.00525302 -0.00729234 -0.00895461 -0.000653293
30 -1.5 10 2.25819 -0.461854 -0.00856739 -5.29997 2.99279 -0.532779 0.000492434 -0.000249336 -0.003797 0.000674167 -1.04024e-05 -0.00769376 -0.0106399 -0.0162829 -0.00114906
30 -1 10 5.31412 -1.23844 0.256097 -5.81249 3.3544 -0.736809 0.00060118 -0.000232513 -0.00177169 0.00100244 4.22404e-05 -0.0104589 -0.0163993 -0.0259809 -0.0020496
30 -0.5 10 8.86716 -1.27687 0.810954 -5.8167 3.88387 -0.959493 0.000464996 -0.000188506 2.94692e-05 0.00136017 -3.25928e-05 -0.012463 -0.0241604 -0.0368415 -0.00308546
30 0 10 12.5642 -1.71872 0.958237 -5.36088 4.31141 -1.21422 0.000539264 -8.38556e-05 0.00185809 0.00150754 -0.00010008 -0.014412 -0.0326853 -0.05096 -0.00304491
30 0.5 10 0.874287 -6.03564 0.0821603 -0.447646 2.4426 -0.0938528 -0.000162269 -4.6667e-05 0.0119467 0.00248251 -0.000148578 -0.018671 -0.058861 -0.0095246 -0.00350873
30 1 10 0.868134 -6.08913 0.103736 -0.387656 2.41047 -0.0881454 -8.13416e-05 -2.36688e-05 0.0123071 0.00248069 -0.000143055 -0.0188046 -0.0601388 -0.00910051 -0.00322002
30 1.5 10 0.76105 -6.18426 0.125521 -0.372652 2.38316 -0.0763302 -2.95901e-05 4.36967e-05 0.0128248 0.00251649 -0.000150759 -0.0190713 -0.0623894 -0.00853153 -0.00304537
30 2 10 0.713508 -6.29083 0.130019 -0.335201 2.3511 -0.0695124 -7.70135e-05 4.67325e-05 0.0133236 0.00249382 -0.000165055 -0.0193403 -0.0646527 -0.00808639 -0.00312952
30 2.5 10 0.646251 -6.37618 0.111424 -0.311594 2.30252 -0.0647648 -0.000229078 4.42139e-05 0.0136987 0.00248508 -0.000162841 -0.0194896 -0.0661181 -0.00755606 -0.00355165
30 3 10 0.548385 -6.47083 0.107236 -0.305239 2.25953 -0.0568036 -0.000255947 9.72208e-05 0.0140723 0.00250791 -0.000171147 -0.0196524 -0.0677425 -0.00694282 -0.00360867
30 3.5 10 0.430846 -6.55018 0.0889895 -0.31139 2.24214 -0.0590956 -0.000241856 0.000129343 0.0143173 0.00254248 -0.00019185 -0.0198163 -0.0691173 -0.00625546 -0.00358466
30 4 10 0.348567 -6.5831 0.0631926 -0.305249 2.22848 -0.0681818 -0.000306611 9.60679e-05 0.0145514 0.0025711 -0.000196517 -0.0199421 -0.0701266 -0.00567705 -0.00382731
30 4.5 10 0.30985 -6.6284 0.0568853 -0.277437 2.212 -0.0639254 -0.000394482 0.000111782 0.0147991 0.00266201 -0.000184819 -0.0200936 -0.0712797 -0.00517641 -0.00420862
30 5 10 0.248364 -6.68108 0.0604134 -0.270408 2.17562 -0.0526852 -0.000374351 9.63358e-05 0.0150229 0.00260252 -0.00017029 -0.0201391 -0.0720995 -0.00466833 -0.0040466
30 5.5 10 0.207298 -6.70345 0.0475661 -0.253285 2.1791 -0.0513974 -0.000329541 5.71153e-05 0.0151226 0.00258192 -0.000145887 -0.0202764 -0.0727841 -0.00420949 -0.00389327
30 6 10 0.177369 -6.73329 0.0419497 -0.234831 2.16331 -0.0461849 -0.000295539 5.08907e-05 0.0152728 0.00257834 -0.000127541 -0.0203845 -0.0734709 -0.00381366 -0.00376435
30 6.5 10 0.129266 -6.76064 0.0406479 -0.228745 2.14926 -0.0409186 -0.000277352 5.80994e-05 0.0154166 0.00259177 -0.000115308 -0.0204593 -0.0741026 -0.00339506 -0.00370579
30 7 10 0.0881288 -6.77561 0.0525034 -0.220116 2.1219 -0.0263831 -0.000332423 9.33024e-05 0.0156523 0.00261557 -0.000111729 -0.0204959 -0.0747758 -0.00298867 -0.00388476
30 7.5 10 0.0687999 -6.78006 0.0361204 -0.209922 2.13389 -0.0303514 -0.000324797 7.0253e-05 0.0154812 0.00262421 -0.000103189 -0.020565 -0.0744263 -0.00273677 -0.00388771
30 8 10 0.0624904 -6.79109 0.0225302 -0.189546 2.10783 -0.0368954 -0.000339757 2.55189e-05 0.0156251 0.00259977 -9.34894e-05 -0.0205868 -0.0747545 -0.00249106 -0.00388395
30 8.5 10 0.0617754 -6.79466 0.0238534 -0.170634 2.10733 -0.0308167 -0.000321176 2.05372e-05 0.015636 0.00260884 -6.76204e-05 -0.0206304 -0.0748593 -0.00228711 -0.00383357
30 9 10 0.0445884 -6.80086 0.0166714 -0.156596 2.08767 -0.0315379 -0.000363939 2.63439e-05 0.0157397 0.00261507 -7.26558e-05 -0.020629 -0.0750563 -0.00201039 -0.00396097
30 9.5 10 0.0240293 -6.80402 0.016348 -0.156195 2.08692 -0.0252811 -0.000349897 3.48856e-05 0.0157301 0.00261513 -6.58754e-05 -0.0206837 -0.0750976 -0.00184025 -0.00391358
30 10 10 0.0233871 -6.79679 0.020177 -0.141814 2.09169 -0.0183957 -0.000343498 5.20638e-05 0.0156246 0.00262607 -5.02469e-05 -0.0207105 -0.0747593 -0.00167885 -0.00390963
30 10.5 10 0.0219278 -6.79722 0.0170267 -0.12946 2.08261 -0.0177671 -0.000342212 4.80222e-05 0.0156993 0.00262313 -4.14885e-05 -0.0207135 -0.0749256 -0.00153913 -0.00389131
30 11 10 0.0148581 -6.80272 0.012675 -0.123013 2.07443 -0.0167907 -0.000359643 1.68773e-05 0.0157831 0.00261529 -3.38941e-05 -0.0207274 -0.075183 -0.00141635 -0.00393368
30 11.5 10 0.0022091 -6.79458 0.0135771 -0.118924 2.06232 -0.0126463 -0.000353022 5.3469e-06 0.0157326 0.0026143 -2.77727e-05 -0.0207071 -0.0748008 -0.0012676 -0.00389342
30 12 10 0.0137087 -6.79145 0.0137941 -0.101107 2.06831 -0.00927892 -0.000328229 3.01372e-05 0.0156105 0.0026164 -2.11488e-05 -0.0207331 -0.0744506 -0.00116954 -0.00381906
30 12.5 10 -0.0035417 -6.8168 0.00167101 -0.108678 2.04103 -0.0166434 -0.000339025 -1.02622e-05 0.0157367 0.00264761 7.52613e-08 -0.0207482 -0.0748108 -0.00112189 -0.00385744
30 13 10 0.00438344 -6.80563 -0.00810754 -0.0963507 2.03474 -0.020522 -0.000322731 -3.88907e-05 0.0157908 0.00263671 1.28114e-05 -0.0207267 -0.0748198 -0.00105887 -0.0037814
30 13.5 10 0.0126724 -6.79165 -0.00431983 -0.0832367 2.043 -0.0134709 -0.000332361 -2.39075e-05 0.0157496 0.00263289 2.38643e-05 -0.0207221 -0.0746503 -0.000979226 -0.00381928
30 14 10 0.00763977 -6.79977 0.00571412 -0.0809862 2.02733 -0.00452631 -0.000385185 6.94821e-06 0.0157534 0.00266871 3.21667e-05 -0.0206813 -0.0745235 -0.000904766 -0.00401604
30 14.5 10 0.0124758 -6.79408 -0.00407522 -0.0687507 2.00983 -0.0132678 -0.000353532 -1.67532e-05 0.0158225 0.00266412 2.74361e-05 -0.0206404 -0.0744913 -0.000825173 -0.00387922
30 15 10 0.0241616 -6.78247 0.00231703 -0.0606417 2.01587 -0.00432945 -0.000347817 1.44537e-05 0.0157468 0.00264268 3.77759e-05 -0.0206265 -0.0741912 -0.000821772 -0.00384415
30 15.5 10 0.0162252 -6.79158 -0.00613906 -0.0634801 2.00633 -0.00902961 -0.000356491 1.70297e-06 0.0157175 0.0026399 4.45622e-05 -0.02063 -0.0740684 -0.000793133 -0.00386023
30 16 10 0.0112868 -6.78221 -0.00857876 -0.063124 2.01195 -0.0103124 -0.000311219 -1.4238e-05 0.0156433 0.00264008 4.72311e-05 -0.0206499 -0.0738211 -0.000752312 -0.0037128
30 16.5 10 0.0208617 -6.7949 -0.00220752 -0.0544419 1.98677 -0.00485468 -0.000361023 -3.76935e-06 0.0157296 0.00265005 5.74483e-05 -0.0205993 -0.0739034 -0.000730839 -0.00386068
30 17 10 0.00069914 -6.79711 -0.0142209 -0.0710735 1.98825 -0.0082253 -0.000374946 -2.79738e-05 0.0157377 0.00266612 6.21175e-05 -0.0206185 -0.0739829 -0.000746514 -0.00392694
30 17.5 10 0.0137426 -6.76822 -0.00602508 -0.0595492 1.97856 -0.00146988 -0.000318576 -1.21718e-05 0.0157582 0.00263065 7.35026e-05 -0.020523 -0.0736305 -0.000720316 -0.00368282
30 18 10 0.0157557 -6.77379 -0.00608128 -0.0530441 1.98877 -0.00160559 -0.000307879 7.25322e-06 0.0157099 0.00261767 8.0481e-05 -0.0205711 -0.0736633 -0.000670514 -0.0036478
30 18.5 10 0.0154368 -6.77417 -0.00877571 -0.0495748 1.98977 -0.00211152 -0.000310983 -7.3375e-06 0.0156801 0.00261329 8.52729e-05 -0.0205802 -0.0735849 -0.000632551 -0.00365543
30 19 10 0.0112856 -6.76388 -0.0143709 -0.0518827 1.98728 -0.00636181 -0.000310409 -2.82192e-05 0.0156217 0.00259572 8.22903e-05 -0.0205486 -0.0732497 -0.000627234 -0.00363129
30 19.5 10 0.0112004 -6.7593 -0.0149366 -0.053055 1.98657 -0.00645961 -0.000307281 -4.3768e-05 0.0155314 0.0026028 8.59813e-05 -0.0205397 -0.0728924 -0.000637957 -0.00362635
30 20 10 0.0212359 -6.76281 -0.0317622 -0.0446564 1.96445 -0.0165289 -0.000363284 -5.84494e-05 0.0156329 0.00262648 9.33306e-05 -0.0205017 -0.0729986 -0.000639692 -0.00381091
30 20.5 10 0.0125834 -6.77106 -0.0303653 -0.0507777 1.95121 -0.0127082 -0.000380106 -6.13815e-05 0.015715 0.00261536 9.90691e-05 -0.0204925 -0.0731966 -0.000630003 -0.00384132
30 21 10 -0.00382455 -6.74018 -0.0150067 -0.0661234 1.97397 -0.000931299 -0.000350726 -4.71178e-05 0.0155472 0.00261096 0.000107496 -0.0204898 -0.0726188 -0.00064628 -0.00376243
30 21.5 10 0.0149714 -6.74495 -0.00965671 -0.0527595 1.95792 0.00383859 -0.000373407 -2.27483e-05 0.0156988 0.00262677 0.000118518 -0.0204626 -0.0729762 -0.00065047 -0.00383411
30 22 10 0.0153196 -6.75393 -0.0123805 -0.054946 1.95099 0.00270387 -0.00040891 -1.47252e-05 0.0156421 0.00264604 0.000121829 -0.0204619 -0.0727836 -0.000675856 -0.00396553
30 22.5 10 0.0116184 -6.75075 -0.0201201 -0.0565986 1.9368 -0.000344871 -0.000360516 -3.46228e-05 0.0156493 0.00263827 0.000120674 -0.0204073 -0.072585 -0.000665249 -0.00377539
30 23 10 0.018442 -6.7555 -0.0181985 -0.049097 1.93784 0.000165402 -0.000353517 -4.38054e-05 0.0156983 0.00263002 0.000126442 -0.0204217 -0.0728123 -0.000642642 -0.00374587
30 23.5 10 0.0163511 -6.74561 -0.0164757 -0.0508053 1.94443 0.000476339 -0.00035481 -4.69095e-05 0.0156843 0.0026285 0.000131115 -0.0204265 -0.0727594 -0.000643566 -0.00375589
30 24 10 0.0148976 -6.73124 -0.0225709 -0.0525503 1.9423 -0.00137902 -0.00037075 -5.44089e-05 0.0156765 0.00262449 0.000135546 -0.0203893 -0.0725629 -0.000650129 -0.00380054
30 24.5 10 0.0260982 -6.71881 -0.0192853 -0.0438774 1.9431 0.00323081 -0.000381716 -5.79524e-05 0.0156363 0.00261932 0.000143769 -0.0203627 -0.0723129 -0.000642858 -0.00383105
30 25 10 0.0220774 -6.72231 -0.0145949 -0.0500444 1.94184 0.00731176 -0.000358043 -5.53043e-05 0.0155238 0.00261352 0.000154367 -0.020392 -0.0719777 -0.000669446 -0.00374543
30 25.5 10 0.0205652 -6.73183 -0.0243932 -0.0515122 1.91915 0.000197795 -0.000339796 -5.06713e-05 0.0156417 0.00259897 0.000160994 -0.0203514 -0.0721779 -0.000680608 -0.0036423
30 26 10 0.0210197 -6.72007 -0.0230419 -0.051348 1.92191 0.00233407 -0.000313976 -4.25613e-05 0.0155838 0.00260998 0.000161996 -0.0203266 -0.0718957 -0.000678986 -0.00356765
30 26.5 10 0.0166468 -6.71833 -0.0298527 -0.0558578 1.91583 -0.00316563 -0.000328251 -6.17069e-05 0.0156144 0.00260423 0.000160868 -0.020297 -0.0718947 -0.000696059 -0.00360229
30 27 10 0.0179143 -6.73233 -0.037763 -0.0544284 1.90138 -0.00838435 -0.000391674 -8.74023e-05 0.0156654 0.00263834 0.000171989 -0.0203127 -0.0720443 -0.000696775 -0.00383215
30 27.5 10 0.0326016 -6.69997 -0.0233359 -0.0440046 1.91936 0.00468485 -0.000345681 -7.66327e-05 0.0154983 0.00261604 0.000174015 -0.0202957 -0.0713977 -0.000689025 -0.00367367
30 28 10 0.0484914 -6.69428 -0.0329616 -0.0331058 1.91415 -0.00193597 -0.000353233 -8.42465e-05 0.015553 0.00260732 0.000177215 -0.0202759 -0.0714648 -0.00070942 -0.00368269
30 28.5 10 0.0323284 -6.7013 -0.0417515 -0.0493433 1.89578 -0.00709557 -0.00037858 -7.72183e-05 0.0155875 0.00259696 0.000183302 -0.0202534 -0.0714274 -0.000752956 -0.00373589
30 29 10 0.0286178 -6.70511 -0.0372206 -0.0549223 1.88359 -0.0024162 -0.000367253 -6.70352e-05 0.0155961 0.00260272 0.000194914 -0.0202213 -0.0713321 -0.000774773 -0.00368877
30 29.5 10 0.033447 -6.69722 -0.0218313 -0.0532779 1.86154 0.0100841 -0.000368492 -3.71244e-05 0.0156795 0.00260953 0.000204566 -0.0201232 -0.0712358 -0.000781096 -0.00366888
30 30 10 0.0276786 -6.68317 -0.0285896 -0.0577012 1.88675 0.00462788 -0.000344724 -4.75769e-05 0.0154415 0.00259846 0.000203536 -0.0201778 -0.0706353 -0.0007849 -0.00360977
30 30.5 10 0.0171491 -6.68339 -0.050517 -0.0669878 1.87771 -0.0106651 -0.00033894 -9.83873e-05 0.0155253 0.00255715 0.000205796 -0.0201674 -0.0708165 -0.000813683 -0.00354117
30 31 10 0.0128271 -6.68168 -0.0479441 -0.0697016 1.84335 -0.00800238 -0.000360616 -8.81985e-05 0.0156158 0.0025686 0.000215657 -0.0200612 -0.070661 -0.000800933 -0.00358026
30 31.5 10 0.014578 -6.66438 -0.0372235 -0.0751296 1.87018 0.00206603 -0.000344493 -5.24028e-05 0.0154612 0.0025899 0.000222526 -0.0200898 -0.0703067 -0.000858279 -0.00357845
30 32 10 0.0199513 -6.6509 -0.0417964 -0.0704753 1.87674 -0.00199551 -0.000360057 -6.11506e-05 0.0153984 0.00260848 0.000223658 -0.0200662 -0.0700371 -0.000855774 -0.00365356
30 32.5 10 0.0301358 -6.66142 -0.0402399 -0.0595609 1.86893 -0.000356366 -0.000341439 -7.38685e-05 0.0154202 0.00257686 0.000224545 -0.020087 -0.0701322 -0.00082414 -0.00355302
30 33 10 0.0233931 -6.66151 -0.0400904 -0.0645729 1.85796 0.000464291 -0.000345291 -7.66811e-05 0.0154341 0.00258879 0.00023111 -0.0200702 -0.0700535 -0.000820998 -0.00356337
30 33.5 10 0.0304884 -6.65241 -0.0398992 -0.0616473 1.85662 0.00062879 -0.000352438 -7.78189e-05 0.0154803 0.00257508 0.000240492 -0.0200691 -0.0701226 -0.000846748 -0.00357135
30 34 10 0.0380678 -6.64737 -0.0486508 -0.0573188 1.84708 -0.00556077 -0.000369151 -9.51797e-05 0.0155616 0.00258751 0.00025006 -0.0200557 -0.0702458 -0.000869198 -0.00362559
30 34.5 10 0.0418169 -6.64422 -0.0447747 -0.0556203 1.83251 -0.00228967 -0.00032923 -7.54318e-05 0.0155365 0.00256184 0.000251355 -0.0199931 -0.069934 -0.000876416 -0.0034496
30 35 10 0.0371665 -6.61939 -0.0544767 -0.0603798 1.84087 -0.00613149 -0.000354125 -9.73334e-05 0.0153775 0.00258578 0.000258416 -0.019955 -0.0692641 -0.000886487 -0.00356169
30 35.5 10 0.0288347 -6.62228 -0.0507028 -0.0670708 1.83302 -0.00289205 -0.000316206 -7.87533e-05 0.0154088 0.0025792 0.000259771 -0.0199552 -0.0693116 -0.000887075 -0.00342071
30 36 10 0.0295367 -6.63327 -0.0500181 -0.0692378 1.82381 -0.00207011 -0.000311356 -8.12299e-05 0.0154375 0.00257118 0.000268323 -0.0199739 -0.0694166 -0.000914336 -0.00338781
30 36.5 10 0.0454966 -6.64347 -0.0479556 -0.0638462 1.80507 0.000914705 -0.000343782 -9.49605e-05 0.0154679 0.0025716 0.000277845 -0.0199359 -0.0693755 -0.000978864 -0.00347394
30 37 10 0.0555145 -6.62441 -0.047934 -0.0583702 1.80485 0.00166514 -0.000338832 -6.3757e-05 0.0154641 0.00257373 0.000282383 -0.0198815 -0.0691636 -0.000999222 -0.00345489
30 37.5 10 0.0475574 -6.60507 -0.05224 -0.0683434 1.82237 -0.00154679 -0.000380362 -8.24337e-05 0.0152215 0.00258607 0.000294952 -0.0199278 -0.0684293 -0.00103498 -0.00362459
30 38 10 0.0280062 -6.57037 -0.0495427 -0.0836778 1.83953 0.00203775 -0.000340102 -0.00010125 0.0151774 0.0025702 0.000294966 -0.0198868 -0.0681545 -0.00103353 -0.00349505
30 38.5 10 0.0214474 -6.57651 -0.0421424 -0.0890991 1.82274 0.00866667 -0.000369846 -9.80858e-05 0.0152767 0.00258515 0.00030032 -0.019862 -0.0683387 -0.00102967 -0.00358661
30 39 10 0.00793268 -6.60098 -0.0536373 -0.100514 1.78868 0.0018217 -0.000415608 -0.000117108 0.0154249 0.00258677 0.000307535 -0.0198427 -0.0686593 -0.00104491 -0.00370108
30 39.5 10 -0.00300779 -6.57935 -0.0604944 -0.113214 1.77955 -0.00212661 -0.000403644 -0.000114592 0.0154956 0.00258075 0.000313117 -0.0197575 -0.0685582 -0.00108565 -0.00364169
30 40 10 0.0319683 -6.57393 -0.0560032 -0.0861264 1.76799 0.00046401 -0.00036803 -0.000114796 0.0154126 0.00257492 0.000316865 -0.0197146 -0.0680916 -0.00108443 -0.0035014
30 40.5 10 0.0336996 -6.56489 -0.0674633 -0.0865645 1.7815 -0.00852996 -0.000358985 -0.00013686 0.0153441 0.00256605 0.00031816 -0.0197465 -0.0679586 -0.00111205 -0.00348013
30 41 10 0.0372771 -6.56894 -0.0672908 -0.0876833 1.76395 -0.00632397 -0.000347657 -0.000130254 0.0153804 0.00257412 0.00032778 -0.0197153 -0.067908 -0.00114746 -0.00342897
30 41.5 10 0.0520562 -6.5497 -0.0630371 -0.078311 1.77282 -0.00249196 -0.000355752 -0.000111122 0.0152571 0.00257399 0.000336169 -0.0197091 -0.0674379 -0.00116082 -0.0034627
30 42 10 0.0415368 -6.54607 -0.0604528 -0.0892328 1.75833 0.000281741 -0.000361998 -0.00010913 0.0153018 0.00257149 0.000344062 -0.0196713 -0.0673809 -0.00118415 -0.00346321
30 42.5 10 0.0350121 -6.53683 -0.0642057 -0.0960064 1.7564 -5.03898e-06 -0.000393978 -0.000121007 0.01534 0.00256924 0.00035832 -0.0196552 -0.0674027 -0.00119942 -0.00356331
30 43 10 0.0302189 -6.53179 -0.0480996 -0.101831 1.751 0.012778 -0.000380878 -9.02981e-05 0.015399 0.00255771 0.000371556 -0.0196172 -0.0674709 -0.00120599 -0.00350346
30 43.5 10 0.0256106 -6.50808 -0.0599661 -0.105316 1.76525 0.00580364 -0.000405323 -0.000127834 0.0150719 0.0025655 0.000380111 -0.0196049 -0.0663534 -0.00120576 -0.00360496
30 44 10 0.0423834 -6.53222 -0.064867 -0.0964799 1.72624 -1.3713e-05 -0.00038723 -0.000139249 0.0152002 0.00256713 0.000379085 -0.0195357 -0.0665117 -0.00125198 -0.00350172
30 44.5 10 0.034654 -6.49157 -0.0713808 -0.10746 1.73792 -0.00254438 -0.000372875 -0.000139111 0.0151314 0.00258395 0.000388392 -0.0194878 -0.0660517 -0.00129923 -0.0034789
30 45 10 0.0463236 -6.47496 -0.0772458 -0.097969 1.73133 -0.00636927 -0.00035607 -0.000139533 0.0150344 0.00255243 0.000391347 -0.0194476 -0.0655128 -0.00129523 -0.00338471
30 45.5 10 0.0594596 -6.48727 -0.0689669 -0.0891341 1.71868 -0.00126617 -0.000365996 -0.000131312 0.015074 0.00253656 0.000393971 -0.0194404 -0.0656048 -0.00130353 -0.00338839
30 46 10 0.0450911 -6.47264 -0.0601663 -0.103666 1.70908 0.00694014 -0.000372374 -0.000121268 0.0150832 0.00252976 0.000396747 -0.0193711 -0.0653724 -0.00132414 -0.0033902
30 46.5 10 0.0384949 -6.47791 -0.0685191 -0.112955 1.68602 0.00309065 -0.000389353 -0.000135272 0.0151372 0.00253977 0.000406525 -0.0193248 -0.0653248 -0.0013655 -0.00342771
30 47 10 0.0559936 -6.4794 -0.0823606 -0.104119 1.6813 -0.0071814 -0.000335162 -0.000189099 0.0151056 0.00253382 0.000415354 -0.0193452 -0.0652065 -0.00142531 -0.00324279
30 47.5 10 0.0617868 -6.4371 -0.0765121 -0.10121 1.70045 -0.00202982 -0.000344819 -0.000179876 0.0149306 0.00252411 0.000427151 -0.0192854 -0.0644583 -0.00142657 -0.00328305
30 48 10 0.0513911 -6.45475 -0.074886 -0.113407 1.66943 0.00246693 -0.000369635 -0.000138965 0.0150985 0.00255829 0.000438814 -0.0192402 -0.0647943 -0.00146195 -0.00335685
30 48.5 10 0.0491078 -6.43886 -0.0683166 -0.117841 1.6721 0.0113925 -0.000351955 -0.000119434 0.0150244 0.00254131 0.00045538 -0.0192063 -0.0644341 -0.00147405 -0.00328751
30 49 10 0.0416239 -6.43052 -0.0743842 -0.12946 1.65355 0.00596849 -0.000339962 -0.000138237 0.0149358 0.00252873 0.000455763 -0.0191349 -0.0638494 -0.00152926 -0.00321614
30 49.5 10 0.0346171 -6.43331 -0.0821607 -0.141461 1.63168 -0.000564853 -0.000333442 -0.000151939 0.0148844 0.00251041 0.000457118 -0.0190932 -0.0634612 -0.00159511 -0.00315562
30 50 10 0.0384782 -6.4093 -0.0823537 -0.14076 1.62835 -0.00156549 -0.000372778 -0.000158559 0.0148567 0.00253953 0.000472638 -0.0190431 -0.0631212 -0.00161272 -0.00329856
30 50.5 10 0.0522339 -6.38736 -0.0887407 -0.134724 1.64411 -0.00634969 -0.00037221 -0.000151952 0.014645 0.00252774 0.000473959 -0.0190474 -0.0624346 -0.00165706 -0.00330256
30 51 10 0.037623 -6.3937 -0.0961695 -0.153534 1.62568 -0.0108743 -0.00033882 -0.000163188 0.0145588 0.00251897 0.000480812 -0.0190143 -0.062003 -0.00173094 -0.00317066
30 51.5 10 0.0271025 -6.39227 -0.0918441 -0.171059 1.60294 -0.00542394 -0.000329205 -0.000163933 0.0145913 0.00251121 0.000492112 -0.0189585 -0.0618366 -0.00181093 -0.00310915
30 52 10 0.0233952 -6.37258 -0.0949949 -0.184393 1.59352 -0.00597057 -0.000331934 -0.00015629 0.01456 0.00252566 0.000504889 -0.0189013 -0.061458 -0.00190473 -0.00311837
30 52.5 10 0.0278393 -6.36782 -0.094571 -0.193754 1.58224 -0.00482447 -0.000363283 -0.000179123 0.014514 0.00251173 0.000519092 -0.018887 -0.0611605 -0.00202063 -0.00319652
30 53 10 0.0211553 -6.37611 -0.0949653 -0.213199 1.55267 -0.00264222 -0.000350599 -0.000177953 0.0145302 0.00250195 0.000526447 -0.0188672 -0.060978 -0.00215159 -0.00311809
30 53.5 10 0.0037762 -6.37149 -0.0997408 -0.245824 1.5383 -0.0064936 -0.000368719 -0.000167799 0.0144383 0.00251503 0.000538647 -0.0188484 -0.0605007 -0.00233373 -0.0031756
30 54 10 0.00876652 -6.34105 -0.09947 -0.259042 1.53461 -0.00729375 -0.000360148 -0.000151062 0.0142855 0.00250038 0.000547097 -0.0188015 -0.0597244 -0.00248901 -0.00313193
30 54.5 10 0.0268569 -6.33842 -0.0797923 -0.261252 1.51789 0.0085259 -0.000335942 -0.00010896 0.0141732 0.00248683 0.00056005 -0.0188376 -0.0592212 -0.002627 -0.00302666
30 55 10 0.028844 -6.33764 -0.091441 -0.28277 1.47342 -0.0023303 -0.00033463 -0.000148816 0.0141846 0.00249531 0.000574283 -0.0187415 -0.0587617 -0.00284194 -0.00298204
30 55.5 10 0.0299592 -6.32169 -0.107844 -0.311142 1.4755 -0.0143128 -0.000314366 -0.000188892 0.0140525 0.00249073 0.000581326 -0.0187896 -0.0582858 -0.0031345 -0.00292446
30 56 10 0.0356201 -6.31538 -0.110683 -0.338818 1.45269 -0.0169893 -0.000341197 -0.000201706 0.0139718 0.00250758 0.000592536 -0.018817 -0.0577923 -0.00343902 -0.00300274
30 56.5 10 0.0450366 -6.31613 -0.108262 -0.366434 1.4141 -0.0174586 -0.000378027 -0.00020752 0.0138909 0.00253333 0.000606124 -0.0188389 -0.0571945 -0.00376605 -0.00310076
30 57 10 0.0526533 -6.30303 -0.10382 -0.401665 1.37259 -0.0166539 -0.000359983 -0.000198198 0.0137618 0.00252567 0.000623037 -0.0188284 -0.0562974 -0.004146 -0.00299819
30 57.5 10 0.0551209 -6.27664 -0.100363 -0.443491 1.35171 -0.0151234 -0.000343559 -0.000156349 0.0136543 0.0024973 0.000628044 -0.0188684 -0.0556068 -0.00456194 -0.00290958
30 58 10 0.0648884 -6.2679 -0.10232 -0.480601 1.32409 -0.0159636 -0.000325878 -0.000152299 0.0135233 0.00249625 0.000635288 -0.0189523 -0.0549313 -0.00499625 -0.00283152
30 58.5 10 0.0873593 -6.2505 -0.098823 -0.515153 1.28655 -0.0136196 -0.000342338 -0.000149672 0.0134824 0.00252101 0.000659474 -0.0190174 -0.0543722 -0.0054876 -0.002868
30 59 10 0.10507 -6.24566 -0.0943363 -0.565923 1.24598 -0.0122892 -0.000352612 -0.000137817 0.0134384 0.00253944 0.000686676 -0.0191476 -0.0538969 -0.006123 -0.00288473
30 59.5 10 0.159681 -6.25001 -0.0968554 -0.587685 1.18436 -0.0179188 -0.000356567 -0.000151342 0.0134308 0.00252456 0.000695651 -0.0192514 -0.0533727 -0.00673456 -0.00282577
30 60 10 0.203865 -6.20704 -0.0945851 -0.622613 1.14167 -0.0248421 -0.000325952 -0.000157319 0.0132797 0.00253728 0.000702076 -0.0193423 -0.0522539 -0.00739112 -0.00269457
30 60.5 10 0.246862 -6.17156 -0.0927618 -0.670858 1.09523 -0.0286267 -0.000354125 -0.000163386 0.0132552 0.00255379 0.000724184 -0.0194587 -0.0515557 -0.00818324 -0.00275432
30 61 10 0.291935 -6.14918 -0.0854814 -0.725844 1.02945 -0.0287283 -0.000345041 -0.000152812 0.0132347 0.00255686 0.000749131 -0.0196543 -0.0508037 -0.0090868 -0.00267112
30 61.5 10 0.359212 -6.12295 -0.0842776 -0.76972 0.966017 -0.0355478 -0.000361125 -0.000153593 0.0132136 0.00257266 0.000763066 -0.0198505 -0.050034 -0.0100434 -0.00266945
30 62 10 0.429362 -6.07753 -0.0794864 -0.81587 0.907717 -0.0398063 -0.000327617 -0.000174213 0.0132009 0.00258497 0.000786335 -0.0200999 -0.0492282 -0.0110718 -0.00252694
30 62.5 10 0.506977 -6.02134 -0.0682314 -0.87465 0.847433 -0.0319391 -0.000391773 -0.000132167 0.0131918 0.00258856 0.000805786 -0.0203278 -0.048321 -0.0122618 -0.00266221
30 63 10 0.606623 -5.96601 -0.0618891 -0.922998 0.77806 -0.0385573 -0.000398934 -0.000129163 0.0132519 0.00260185 0.000835748 -0.020598 -0.0475315 -0.0135632 -0.00262709
30 63.5 10 0.711199 -5.91592 -0.0551592 -0.962474 0.69004 -0.0455023 -0.000397748 -0.000149505 0.0134673 0.00262749 0.000858142 -0.0208533 -0.047015 -0.0148731 -0.00254919
30 64 10 0.842064 -5.85651 -0.0424331 -0.998722 0.597463 -0.040279 -0.000427401 -0.00015017 0.0136944 0.00264159 0.000881051 -0.021135 -0.0463999 -0.0163639 -0.00254386
30 64.5 10 0.990753 -5.77356 -0.0303362 -1.01656 0.528466 -0.0402133 -0.000504969 -0.000148053 0.0139415 0.00265591 0.000916155 -0.0214525 -0.0458984 -0.0178559 -0.00269852
30 65 10 1.14511 -5.68216 -0.0105803 -1.02474 0.447366 -0.0395849 -0.000553635 -0.000145273 0.0143335 0.00268097 0.000948217 -0.0217618 -0.0455722 -0.0194069 -0.00274162
30 65.5 10 1.33136 -5.56633 0.00380621 -1.03021 0.33714 -0.0381934 -0.000626991 -0.000149516 0.0147516 0.00268418 0.000981749 -0.0220761 -0.0447586 -0.0212438 -0.00280273
30 66 10 1.52335 -5.45953 0.0183132 -1.01361 0.209251 -0.0236349 -0.000683026 -0.000131476 0.0154601 0.00269116 0.00101039 -0.0223039 -0.0445228 -0.0231173 -0.00275827
30 66.5 10 1.73979 -5.31862 0.0359896 -0.970576 0.149506 -0.0271088 -0.000742675 -0.000164041 0.0160218 0.00271639 0.00104581 -0.0226998 -0.0442867 -0.0250034 -0.00282828
30 67 10 1.97744 -5.17287 0.0521209 -0.92101 0.0927732 -0.0231394 -0.000806533 -0.000196467 0.0165885 0.0027318 0.00108841 -0.0230174 -0.0439551 -0.0270537 -0.00290823
30 67.5 10 2.23225 -5.00275 0.0861992 -0.819451 -0.0222284 -0.00997129 -0.000916811 -0.000187588 0.0176708 0.00271589 0.00112432 -0.0231855 -0.0439299 -0.0292756 -0.00293314
30 68 10 2.51694 -4.81184 0.123063 -0.683181 -0.108339 0.00790509 -0.00100936 -0.000184374 0.0187822 0.00271199 0.0011704 -0.0233567 -0.0439164 -0.0316666 -0.00291337
30 68.5 10 2.81038 -4.60061 0.149485 -0.511194 -0.190177 0.0229794 -0.00112022 -0.000210623 0.0199636 0.00269732 0.00121113 -0.0233993 -0.0436954 -0.0340862 -0.00292589
30 69 10 3.12365 -4.37964 0.165901 -0.295797 -0.276082 0.0437895 -0.00129439 -0.000255323 0.0215538 0.00267419 0.00124787 -0.0233354 -0.0439838 -0.0371633 -0.00304866
30 69.5 10 3.46419 -4.10697 0.200413 -0.0120818 -0.33271 0.0700597 -0.00144298 -0.000295425 0.0231455 0.00262321 0.00128022 -0.0231175 -0.0436986 -0.0402826 -0.0030462
30 70 10 3.82465 -3.84804 0.233511 0.347741 -0.379746 0.100019 -0.00161675 -0.00034131 0.0249229 0.00256999 0.00131717 -0.0227393 -0.0436605 -0.0437672 -0.00304636
30 70.5 10 4.18165 -3.55728 0.262908 0.764113 -0.410533 0.138766 -0.00180829 -0.000383141 0.0268252 0.00248668 0.00135988 -0.0221414 -0.0432115 -0.0476927 -0.0029874
30 71 10 4.55193 -3.25172 0.297249 1.28559 -0.448697 0.185104 -0.00205096 -0.000471518 0.0291305 0.0023834 0.00139381 -0.0212239 -0.0426595 -0.0527415 -0.00297708
30 71.5 10 4.90857 -2.87634 0.346687 1.86943 -0.451664 0.241064 -0.00229186 -0.000570466 0.0314763 0.0022494 0.00140053 -0.0200465 -0.040811 -0.0586403 -0.00287909
30 72 10 5.27483 -2.50884 0.397068 2.60411 -0.408014 0.310894 -0.00254653 -0.00064309 0.0341617 0.00207651 0.00143769 -0.0184222 -0.0391907 -0.0662947 -0.00259494
30 72.5 10 5.58 -2.12345 0.435323 3.46501 -0.366523 0.378562 -0.00279066 -0.000753777 0.0370227 0.00187393 0.00142174 -0.0162455 -0.0364358 -0.0754005 -0.00225936
30 73 10 5.85827 -1.73209 0.473249 4.38754 -0.332911 0.463359 -0.00309317 -0.0008959 0.0401456 0.00163725 0.0014137 -0.0137061 -0.0326021 -0.0878766 -0.00192918
30 73.5 10 6.09019 -1.3072 0.470302 5.57232 -0.251572 0.565086 -0.00339789 -0.000943976 0.0434148 0.001306 0.00145725 -0.0103289 -0.0272665 -0.103854 -0.000870941
30 74 10 6.23249 -0.904872 0.498441 6.84147 -0.196659 0.683021 -0.00372067 -0.00114001 0.0467851 0.000911435 0.0013621 -0.00632582 -0.0207263 -0.124771 -0.000486898
30 74.5 10 6.30904 -0.489261 0.521482 8.221 -0.0461031 0.79565 -0.00405551 -0.0013055 0.0499916 0.000500568 0.00131607 -0.00196983 -0.0123672 -0.150461 0.000310912
30 75 10 6.30668 -0.301541 0.54001 9.57771 0.0187046 0.906436 -0.00424322 -0.00145128 0.0518989 0.000223211 0.00122682 0.000874297 -0.0079808 -0.168886 0.000656857
