# y jRe_x jRe_y jRe_z jIm_x jIm_y jIm_z BRe_x BRe_y BRe_z BIm_x BIm_y BIm_z F_x F_y F_z VReGrad_x VReGrad_y VReGrad_z VImGrad_x VImGrad_y VImGrad_z s VRe VIm sigma mur
-0.075 -499202.02 	-68370.876 	-16457.606 	 -1955742.3 	-323138.63 	-135810.36 	 -0.0044732011 	0.0026842462 	0.040932202 	 0.00025301761 	-0.00044952769 	0.0035290468 	 -1981.4335 	13643.053 	-349.29486 	 -0.49187961 	-0.60346519 	0.0051453233 	 -1.6823794 	-3.0562255 	0.11229399 		-0.075 -0.00078878777 -0.0029574065 1200000 1
-0.07375 -548643.39 	-156567.23 	-17828.866 	 -1791238.1 	-379351.97 	-130375.01 	 -0.0044622029 	0.0026538273 	0.040817773 	 0.00028713838 	-0.00045061655 	0.0031321837 	 -3691.0165 	14106.848 	-620.49971 	 -0.49286519 	-0.59129135 	0.0050496897 	 -1.6861778 	-2.9884982 	0.10786989 		-0.07375 -0.0015504993 -0.0068074168 1200000 1
-0.0725 -567569.02 	-291565.84 	-17070.805 	 -1519458.5 	-619779.96 	-107971.91 	 -0.0044620083 	0.0025347238 	0.040315681 	 0.00043600017 	-0.00048095779 	0.001619514 	 -6145.762 	12764.859 	-856.60439 	 -0.49881982 	-0.54191185 	0.0046702393 	 -1.7860285 	-2.7664456 	0.089111482 		-0.0725 -0.0022809875 -0.010513432 1200000 1
-0.07125 -577068.58 	-441276.36 	-16569.099 	 -1296882.2 	-902110.46 	-87721.107 	 -0.0044489215 	0.0023978853 	0.0398304 	 0.00058285147 	-0.00050182432 	0.000128714 	 -8763.6033 	11573.031 	-1088.3326 	 -0.50215288 	-0.48578528 	0.0050141928 	 -1.8530376 	-2.5025179 	0.07205503 		-0.07125 -0.0029083757 -0.013735947 1200000 1
-0.07 -573399.09 	-567323.67 	-12153.23 	 -1108420.3 	-1100455.3 	-58965.052 	 -0.0044561973 	0.002275228 	0.039424176 	 0.00066970256 	-0.00051209484 	-0.00055455127 	 -10800.966 	10876.706 	-1272.3955 	 -0.50207026 	-0.44148069 	0.0029273123 	 -1.9034926 	-2.3113901 	0.047747909 		-0.07 -0.0034794035 -0.016668598 1200000 1
-0.06875 -554271.94 	-711755.23 	-9041.8457 	 -934131.81 	-1344464.9 	-37492.645 	 -0.0044760697 	0.0021516268 	0.039050782 	 0.00076438396 	-0.00050424412 	-0.0011350452 	 -13095.827 	10167.864 	-1458.3409 	 -0.50452661 	-0.39145481 	0.0021944665 	 -1.9414982 	-2.0966846 	0.029412827 		-0.06875 -0.0040981325 -0.01981592 1200000 1
-0.0675 -539406.11 	-847332.88 	-6271.8411 	 -809386.35 	-1560982.8 	-20297.004 	 -0.0044810092 	0.002049027 	0.03861851 	 0.00083767845 	-0.00048870623 	-0.0016694584 	 -15137.752 	9594.1901 	-1639.9635 	 -0.50259672 	-0.34405597 	0.0016762421 	 -1.9486163 	-1.8934781 	0.014622753 		-0.0675 -0.0045955851 -0.022466683 1200000 1
-0.06625 -536663.78 	-975313.98 	-4623.1102 	 -734715.55 	-1706980.6 	-11432.236 	 -0.0044382826 	0.0019662711 	0.038057118 	 0.000870173 	-0.00046167885 	-0.0022814051 	 -16747.205 	9243.8609 	-1838.7822 	 -0.49269684 	-0.29944329 	0.0019594533 	 -1.9186806 	-1.7123992 	0.0067615249 		-0.06625 -0.0048936697 -0.024312608 1200000 1
-0.065 -504488.06 	-1094914.1 	-2428.5873 	 -612641.29 	-1831861.3 	-2143.4666 	 -0.004428185 	0.0018990253 	0.037350622 	 0.00091280908 	-0.000421192 	-0.003039112 	 -17782.972 	8333.9319 	-1979.3936 	 -0.49123907 	-0.26216005 	0.0020042692 	 -1.9360473 	-1.5710773 	-0.0015505434 		-0.065 -0.0052459175 -0.026335262 1200000 1
-0.06375 -465653.18 	-1219036 	-231.40375 	 -512246.4 	-2006814.7 	6539.9557 	 -0.004462962 	0.0018182194 	0.037098307 	 0.0009666949 	-0.00039655148 	-0.0031933038 	 -19695.076 	7603.9093 	-2118.8331 	 -0.49056264 	-0.22049303 	0.00205934 	 -1.9432207 	-1.419819 	-0.0094003448 		-0.06375 -0.0056370388 -0.028553847 1200000 1
-0.0625 -445882.45 	-1329609.7 	1202.1231 	 -451034.43 	-2111981.4 	11445.752 	 -0.0044510662 	0.0017490838 	0.036743014 	 0.00098818685 	-0.00037461968 	-0.0034272024 	 -21217.21 	7170.268 	-2285.3771 	 -0.47998464 	-0.18373569 	0.0024520654 	 -1.9202773 	-1.2919879 	-0.014071965 		-0.0625 -0.0058534567 -0.030113623 1200000 1
-0.06125 -429024.14 	-1427302.4 	2468.7359 	 -400921.3 	-2193102.6 	15201.944 	 -0.004428123 	0.0016849327 	0.036262604 	 0.00099352833 	-0.00035860724 	-0.0037035828 	 -22449.572 	6687.1433 	-2440.9754 	 -0.46668965 	-0.14965164 	0.0028742621 	 -1.8910681 	-1.1750803 	-0.017786792 		-0.06125 -0.0060071521 -0.031419476 1200000 1
-0.06 -393919.71 	-1530338.1 	3666.0242 	 -336808.34 	-2270250.7 	18186.42 	 -0.0044289544 	0.0016304465 	0.036051619 	 0.0010069156 	-0.00033509956 	-0.0037695271 	 -23678.713 	6278.7584 	-2574.5486 	 -0.45783926 	-0.11961851 	0.0034365677 	 -1.883348 	-1.0775882 	-0.02093375 		-0.06 -0.0061830367 -0.032846373 1200000 1
-0.05875 -356668.25 	-1630580.9 	4986.8365 	 -280768.5 	-2395017.5 	21793.101 	 -0.0044712409 	0.0015627335 	0.036036542 	 0.0010346086 	-0.00031745747 	-0.0035397889 	 -25613.383 	5724.5961 	-2703.4384 	 -0.44961147 	-0.085747572 	0.0038809692 	 -1.8717827 	-0.97346704 	-0.024605109 		-0.05875 -0.0064026372 -0.034502529 1200000 1
-0.0575 -343082.89 	-1710571.1 	5416.2922 	 -255143.55 	-2424466.2 	21797.831 	 -0.0044464661 	0.0015153097 	0.035711036 	 0.0010224272 	-0.00030117008 	-0.0036948461 	 -26607.627 	5442.3282 	-2868.4698 	 -0.43098315 	-0.060581003 	0.0046851072 	 -1.8363119 	-0.89738173 	-0.025225037 		-0.0575 -0.0064059379 -0.035340622 1200000 1
-0.05625 -319279.77 	-1777969.8 	6161.8348 	 -219705.43 	-2482313.6 	23151.64 	 -0.0044468081 	0.0014614339 	0.035234478 	 0.0010153239 	-0.00029448663 	-0.0038401155 	 -27523.755 	4841.2499 	-2986.3405 	 -0.41616382 	-0.034693238 	0.0052414818 	 -1.8123758 	-0.81679131 	-0.02697965 		-0.05625 -0.0064589563 -0.03632534 1200000 1
-0.055 -287390.9 	-1863076.6 	6678.3516 	 -185462.15 	-2527256.7 	23101.661 	 -0.0044542213 	0.0014236246 	0.035322616 	 0.0010246362 	-0.00027347613 	-0.0036368424 	 -28801.815 	4585.5753 	-3107.9577 	 -0.40216431 	-0.012778142 	0.0060793474 	 -1.7962987 	-0.75526462 	-0.027656255 		-0.055 -0.0065018391 -0.037390967 1200000 1
-0.05375 -257782.87 	-1936901.4 	7338.7306 	 -155188.76 	-2606552 	24010.662 	 -0.0044885907 	0.0013699685 	0.035364943 	 0.0010439614 	-0.00026292594 	-0.0033540401 	 -30427.565 	4140.4486 	-3213.3969 	 -0.38769413 	0.011771799 	0.0067406724 	 -1.7765054 	-0.68825556 	-0.029110122 		-0.05375 -0.0065588187 -0.038555661 1200000 1
-0.0525 -246843.39 	-1991341.7 	7427.481 	 -142231.53 	-2595650.3 	23033.111 	 -0.0044512952 	0.0013365431 	0.035024119 	 0.0010279332 	-0.00025194075 	-0.0035510241 	 -30873.454 	3906.0063 	-3338.6174 	 -0.36605919 	0.027102985 	0.0076455708 	 -1.7429036 	-0.64347866 	-0.028978731 		-0.0525 -0.0064378094 -0.039001884 1200000 1
-0.05125 -220673.88 	-2040349.3 	7885.6122 	 -118661.48 	-2627936.1 	23724.375 	 -0.0044569608 	0.0012941426 	0.034722055 	 0.001024838 	-0.00024821788 	-0.0035755099 	 -31539.797 	3426.9373 	-3423.906 	 -0.34997863 	0.044078065 	0.0083362012 	 -1.7240174 	-0.59370055 	-0.030278521 		-0.05125 -0.0064040276 -0.03974454 1200000 1
-0.05 -193508.1 	-2100709.4 	8251.3425 	 -98886.937 	-2675760.2 	23916.534 	 -0.0044884444 	0.0012568088 	0.034909655 	 0.0010311667 	-0.00023406446 	-0.003253486 	 -32871.158 	3107.4564 	-3530.5952 	 -0.3332775 	0.060375046 	0.0091870007 	 -1.7055976 	-0.55194742 	-0.031225749 		-0.05 -0.0063724244 -0.040659549 1200000 1
-0.04875 -172589.38 	-2147895 	8554.9131 	 -83932.94 	-2710866.2 	23733.394 	 -0.0045067207 	0.0012174605 	0.034895345 	 0.0010320595 	-0.00022505849 	-0.0030901655 	 -33876.863 	2771.8427 	-3624.7976 	 -0.3145895 	0.074605055 	0.010009129 	 -1.6827272 	-0.5146101 	-0.031857471 		-0.04875 -0.0062950632 -0.0413954 1200000 1
-0.0475 -160626.92 	-2181330.7 	8666.2806 	 -75667.009 	-2686743.5 	22289.388 	 -0.0044768631 	0.0011933797 	0.034555028 	 0.001008359 	-0.00021720161 	-0.0033005489 	 -33919.214 	2530.602 	-3724.1074 	 -0.29297258 	0.082378333 	0.010902715 	 -1.6549625 	-0.48973508 	-0.031466002 		-0.0475 -0.0061237566 -0.041689986 1200000 1
-0.04625 -134291.62 	-2216396.3 	9107.5296 	 -60384.511 	-2702401.9 	21921.209 	 -0.0044880791 	0.0011669947 	0.034447401 	 0.0010036513 	-0.00021055174 	-0.003234812 	 -34399.972 	2141.8077 	-3793.2253 	 -0.27639395 	0.091381917 	0.01166444 	 -1.6401068 	-0.46304742 	-0.032059672 		-0.04625 -0.0060422838 -0.042310314 1200000 1
-0.045 -112502.68 	-2252942.9 	9581.3007 	 -48825.409 	-2760377.6 	21887.499 	 -0.0045333596 	0.0011258343 	0.034671672 	 0.0010259624 	-0.00020391709 	-0.0028434116 	 -35721.162 	1810.1976 	-3843.1745 	 -0.25744935 	0.10238852 	0.012436902 	 -1.6205634 	-0.43736592 	-0.032940935 		-0.045 -0.005956575 -0.043156217 1200000 1
-0.04375 -96754.8 	-2276871.1 	9907.9945 	 -40985.87 	-2759908.8 	21433.925 	 -0.0045271489 	0.0010999085 	0.034545226 	 0.0010248797 	-0.00019682601 	-0.0028484359 	 -36006.988 	1541.5113 	-3889.5993 	 -0.2370087 	0.10703518 	0.01334704 	 -1.5987471 	-0.42200307 	-0.033545899 		-0.04375 -0.0058020544 -0.043600605 1200000 1
-0.0425 -81159.943 	-2287720.5 	10233.463 	 -33763.978 	-2746816.4 	21278.431 	 -0.0045055832 	0.0010713109 	0.034167706 	 0.0010198015 	-0.00019473065 	-0.0030366331 	 -35822.821 	1246.7218 	-3906.4301 	 -0.21698228 	0.10937764 	0.014258896 	 -1.5782101 	-0.4098892 	-0.034432821 		-0.0425 -0.0056332713 -0.043901349 1200000 1
-0.04125 -58838.216 	-2312503.6 	10803.809 	 -24815.02 	-2753677 	21672.143 	 -0.0045282727 	0.0010559888 	0.034287873 	 0.0010137491 	-0.00018312396 	-0.0028773575 	 -36273.828 	938.88425 	-3981.9663 	 -0.19906993 	0.11138581 	0.015211593 	 -1.5635339 	-0.401029 	-0.035935714 		-0.04125 -0.0055208041 -0.04448187 1200000 1
-0.04 -41373.098 	-2331404.4 	11416.406 	 -17866.918 	-2807943.2 	22373.637 	 -0.0045805286 	0.0010173085 	0.034541294 	 0.0010295924 	-0.00017485216 	-0.0024862208 	 -37374.593 	656.08676 	-4017.6432 	 -0.17879282 	0.11604232 	0.016096873 	 -1.5440643 	-0.3904004 	-0.037645492 		-0.04 -0.0054007791 -0.045260963 1200000 1
-0.03875 -27202.597 	-2334481.9 	12297.429 	 -12928.412 	-2776265.9 	21879.966 	 -0.0045595881 	0.0010059926 	0.034271468 	 0.0010094223 	-0.00016675848 	-0.0026861181 	 -36887.665 	410.26742 	-4049.7987 	 -0.15868789 	0.1117058 	0.016891165 	 -1.5253616 	-0.3928758 	-0.03855771 		-0.03875 -0.0052238203 -0.04551589 1200000 1
-0.0375 -8900.1382 	-2323929 	13319.795 	 -6561.5993 	-2778219.5 	21868.105 	 -0.0045531143 	0.00097105609 	0.03386002 	 0.0010078199 	-0.00016862923 	-0.0028510664 	 -36547.749 	108.36231 	-4013.3524 	 -0.14021095 	0.1092742 	0.017532321 	 -1.509949 	-0.392097 	-0.039858211 		-0.0375 -0.005077332 -0.045871363 1200000 1
-0.03625 9868.3435 	-2338898.6 	14726.844 	 -258.11792 	-2782321.2 	22029.659 	 -0.0045880398 	0.0009707198 	0.03418104 	 0.0010057024 	-0.00014981542 	-0.0026015949 	 -36962.603 	-177.00399 	-4084.7866 	 -0.1212622 	0.10478339 	0.018277017 	 -1.4951255 	-0.39885685 	-0.041580364 		-0.03625 -0.0049669754 -0.046511994 1200000 1
-0.035 24365.177 	-2339859.6 	16186.383 	 4819.4156 	-2819904.6 	22897.907 	 -0.004627868 	0.00094194236 	0.034368403 	 0.0010251293 	-0.00014014025 	-0.0023093228 	 -37558.694 	-424.21976 	-4073.4834 	 -0.1004044 	0.10193534 	0.018904147 	 -1.4765591 	-0.40339932 	-0.043804685 		-0.035 -0.0048386768 -0.047215394 1200000 1
-0.03375 40425.929 	-2325847.3 	17988.055 	 10465.825 	-2770538.1 	24218.508 	 -0.0045920039 	0.00094057941 	0.034019105 	 0.0010084537 	-0.00012802701 	-0.0026279879 	 -36527.255 	-690.76141 	-4051.1988 	 -0.08185937 	0.090116412 	0.019577881 	 -1.4622726 	-0.41954575 	-0.046715187 		-0.03375 -0.0046933685 -0.047436895 1200000 1
-0.0325 61371.921 	-2306762.9 	20057.939 	 17720.749 	-2770617.1 	26559.213 	 -0.0045979174 	0.00091583503 	0.033808057 	 0.0010111283 	-0.00012209152 	-0.0027047513 	 -36151.254 	-993.05992 	-4001.533 	 -0.06487743 	0.081291371 	0.020108024 	 -1.4512661 	-0.4320486 	-0.050522579 		-0.0325 -0.0045967791 -0.047911294 1200000 1
-0.03125 76421.891 	-2301356.9 	22625.477 	 23231.636 	-2792912.7 	29530.623 	 -0.004655203 	0.00090472323 	0.034118655 	 0.0010071751 	-0.0001013891 	-0.0024069501 	 -36510.274 	-1264.5396 	-4044.5279 	 -0.044910274 	0.071980698 	0.020533868 	 -1.4348436 	-0.44903085 	-0.055000574 		-0.03125 -0.0045093681 -0.04866853 1200000 1
-0.03 91073.453 	-2283118.6 	25638.498 	 28976.419 	-2801497.8 	32492.528 	 -0.0046849406 	0.00088786386 	0.034161196 	 0.0010006189 	-8.6223998e-05 	-0.0023075653 	 -36366.99 	-1515.8763 	-4033.0948 	 -0.025274123 	0.060408209 	0.020690436 	 -1.4188286 	-0.46912841 	-0.059548562 		-0.03 -0.0044167045 -0.049300424 1200000 1
-0.02875 110544.1 	-2253459.2 	29396.169 	 37119.337 	-2749883.4 	35066.84 	 -0.0046636468 	0.00088985929 	0.033811448 	 0.00096879238 	-7.2447309e-05 	-0.0026457361 	 -35081.094 	-1819.8478 	-4007.5945 	 -0.0089228575 	0.042807831 	0.020561118 	 -1.4085762 	-0.49726117 	-0.064077001 		-0.02875 -0.0043410243 -0.049626918 1200000 1
-0.0275 134345.71 	-2225998.6 	33584.345 	 48118.878 	-2744447.7 	38016.627 	 -0.0046980338 	0.00088048677 	0.03380831 	 0.00095544847 	-5.5771601e-05 	-0.0026368389 	 -34673.151 	-2172.5325 	-3995.7318 	 0.0061767306 	0.027417789 	0.020370949 	 -1.4013563 	-0.52496089 	-0.069123608 		-0.0275 -0.0043247963 -0.050282675 1200000 1
-0.02625 144916.43 	-2199355.4 	38549.927 	 54149.393 	-2783067.9 	43279.512 	 -0.0047633377 	0.00085959686 	0.034090707 	 0.00096433069 	-3.347351e-05 	-0.0022855167 	 -34917.67 	-2388.1032 	-3964.5948 	 0.027726566 	0.012990835 	0.019621165 	 -1.3819838 	-0.55369445 	-0.075968283 		-0.02625 -0.0042770712 -0.051208138 1200000 1
-0.025 163512.73 	-2161508.6 	44876.844 	 64959.325 	-2760331.8 	50867.741 	 -0.0047783103 	0.00085499385 	0.033988703 	 0.00094427391 	-1.1682781e-05 	-0.0023762474 	 -34046.241 	-2695.4535 	-3918.2517 	 0.044441866 	-0.0074507239 	0.01827648 	 -1.3711001 	-0.58993336 	-0.085143981 		-0.025 -0.0042713503 -0.051852485 1200000 1
-0.02375 187398.87 	-2111927.1 	52038.239 	 78898.234 	-2724557.7 	60170.832 	 -0.0047660881 	0.00083840484 	0.033656795 	 0.00091986531 	2.9439123e-07 	-0.0026549811 	 -32772.928 	-2998.987 	-3815.9449 	 0.058376522 	-0.02965271 	0.016423947 	 -1.3655823 	-0.62775957 	-0.095886643 		-0.02375 -0.0042890415 -0.052389006 1200000 1
-0.0225 210113.16 	-2075650.2 	60594.713 	 95216.193 	-2713559.8 	71621.209 	 -0.0048435731 	0.00083917665 	0.033859996 	 0.00087475502 	3.1990362e-05 	-0.0025306828 	 -32329.299 	-3417.1908 	-3867.4999 	 0.072979867 	-0.052063452 	0.014145641 	 -1.3585532 	-0.67026552 	-0.10882116 		-0.0225 -0.004367741 -0.053294475 1200000 1
-0.02125 218470.5 	-2032820.4 	69948.398 	 103557.29 	-2749137.9 	85729.529 	 -0.0049335712 	0.00081515496 	0.034153348 	 0.00084579292 	6.2818139e-05 	-0.0021646468 	 -32329.767 	-3618.8863 	-3875.5199 	 0.094516809 	-0.072768203 	0.010966242 	 -1.3375525 	-0.71169096 	-0.12358248 		-0.02125 -0.0043995437 -0.054394886 1200000 1
-0.02 244483 	-1974970.7 	81510.992 	 124846.84 	-2690809.2 	101136.98 	 -0.0049599407 	0.00081211281 	0.033935378 	 0.00076483524 	8.0635713e-05 	-0.0024231704 	 -30816.015 	-4031.0914 	-3872.0489 	 0.10595961 	-0.10191819 	0.0067771506 	 -1.3351608 	-0.76607955 	-0.1400279 		-0.02 -0.0045317482 -0.055131068 1200000 1
-0.01875 271627.89 	-1905377 	93061.775 	 148048.42 	-2667247.9 	116458.86 	 -0.0049725304 	0.0007621698 	0.033666081 	 0.00070501436 	7.163854e-05 	-0.0026018393 	 -29637.544 	-4283.5493 	-3763.5802 	 0.11728035 	-0.12849182 	0.0021836017 	 -1.3343532 	-0.81597512 	-0.15612423 		-0.01875 -0.0046543809 -0.055914178 1200000 1
-0.0175 291369.25 	-1856566.5 	107193.35 	 173663.92 	-2645984.9 	136470.7 	 -0.0051072041 	0.00077126846 	0.034035283 	 0.00060670583 	0.0001139833 	-0.0023397577 	 -29104.522 	-4798.5021 	-3896.6356 	 0.13134138 	-0.15855266 	-0.0031305723 	 -1.3270373 	-0.87950065 	-0.17677612 		-0.0175 -0.0048617671 -0.057173693 1200000 1
-0.01625 301381.95 	-1795095.1 	123252.97 	 191683.18 	-2656202.9 	163202.2 	 -0.0052135458 	0.00074611124 	0.034272636 	 0.00052752646 	0.00014216821 	-0.0020329125 	 -28633.764 	-5058.2517 	-3935.7362 	 0.14997508 	-0.18696362 	-0.010528943 	 -1.3097478 	-0.939599 	-0.20248101 		-0.01625 -0.0050254239 -0.058470455 1200000 1
-0.015 335060.79 	-1720921.8 	143752.47 	 232267.36 	-2574214 	199716.05 	 -0.0052662041 	0.00072477133 	0.034045379 	 0.00037087089 	0.00013840128 	-0.00231408 	 -26838.51 	-5620.8289 	-3977.0659 	 0.15508408 	-0.2220912 	-0.020861376 	 -1.31999 	-1.0092685 	-0.2368344 		-0.015 -0.0053237964 -0.059438011 1200000 1
-0.01375 364892.11 	-1644259.2 	164856.52 	 276120.53 	-2547479.4 	237589.99 	 -0.0053498322 	0.00065443427 	0.034044296 	 0.0002194496 	0.00010445416 	-0.0022649698 	 -25861.195 	-6031.0244 	-3996.318 	 0.16230358 	-0.25295007 	-0.03221806 	 -1.3286621 	-1.0717588 	-0.27192497 		-0.01375 -0.0056089563 -0.060612276 1200000 1
-0.0125 376799.19 	-1577135.4 	189705.42 	 310319.72 	-2537652 	287564.01 	 -0.0055343421 	0.00062269766 	0.034410937 	 8.2210825e-06 	0.0001182738 	-0.00186412 	 -25311.002 	-6497.854 	-4228.2319 	 0.17683979 	-0.2856229 	-0.045909423 	 -1.3187457 	-1.1459766 	-0.31706631 		-0.0125 -0.0059291419 -0.062224399 1200000 1
-0.01125 392559.51 	-1499388.4 	216134.36 	 351578.9 	-2509523.9 	344364.78 	 -0.0056994767 	0.0005527924 	0.034576603 	 -0.00026865646 	7.6748642e-05 	-0.0016152583 	 -24377.124 	-6964.0132 	-4491.7759 	 0.18817399 	-0.31944223 	-0.061617445 	 -1.3159229 	-1.2227729 	-0.36738083 		-0.01125 -0.0062795713 -0.063747358 1200000 1
-0.01 428391.18 	-1413008.1 	243274.99 	 420047.62 	-2418052.8 	403902.35 	 -0.005857998 	0.00043988015 	0.034472873 	 -0.00067884833 	-6.0689232e-05 	-0.0016993485 	 -22682.719 	-7735.8265 	-4851.9139 	 0.18749297 	-0.35673325 	-0.078477829 	 -1.3417867 	-1.3056949 	-0.41977789 		-0.01 -0.006739027 -0.06505504 1200000 1
-0.00875 456156.12 	-1330366 	268364.31 	 500040.53 	-2382410.7 	456472.61 	 -0.0061700856 	0.00020954781 	0.034806102 	 -0.0012930301 	-0.00032204503 	-0.0012447455 	 -21976.099 	-8564.4829 	-5558.7985 	 0.18956774 	-0.39029921 	-0.094658384 	 -1.3681942 	-1.3824389 	-0.46567146 		-0.00875 -0.007202065 -0.066682388 1200000 1
-0.0075 455207.14 	-1245552.5 	302455.96 	 548029.81 	-2370386.7 	549915.07 	 -0.0064164788 	0.00010058184 	0.035174879 	 -0.0017316662 	-0.00042256192 	-0.00065446839 	 -21339.495 	-9065.1941 	-6056.5518 	 0.20427741 	-0.42489781 	-0.1184811 	 -1.3575723 	-1.4756001 	-0.5447697 		-0.0075 -0.0076454714 -0.0687294 1200000 1
-0.00625 470790.64 	-1158467.1 	336267.7 	 626768.19 	-2336664.6 	677732.25 	 -0.0065701704 	-5.9762898e-05 	0.03523746 	 -0.0022264989 	-0.00066955709 	-0.00050141616 	 -19814.329 	-9844.5953 	-6598.4922 	 0.20928961 	-0.45956272 	-0.14425588 	 -1.3783702 	-1.5379451 	-0.65165111 		-0.00625 -0.0082107054 -0.070583785 1200000 1
-0.005 493461.96 	-1068946.8 	374885.92 	 732719.81 	-2295864.5 	821038.75 	 -0.0066381122 	-0.00025737591 	0.035150925 	 -0.0027024213 	-0.0010357465 	-0.00057372179 	 -17851.686 	-10685.879 	-7113.5523 	 0.20979227 	-0.49329449 	-0.17571668 	 -1.4209095 	-1.5906738 	-0.77072489 		-0.005 -0.0088613303 -0.072453819 1200000 1
-0.00375 499464.09 	-986753.43 	401224.09 	 843121.49 	-2397119 	1052445.1 	 -0.0067421218 	-0.00045559264 	0.035195525 	 -0.0032896556 	-0.0014680014 	-0.00060244999 	 -15774.63 	-11564.634 	-7998.7966 	 0.21624191 	-0.52881789 	-0.19761565 	 -1.462432 	-1.5464086 	-0.96242642 		-0.00375 -0.0094867396 -0.074513968 1200000 1
-0.0025 500440.8 	-890190.84 	431341.1 	 956934.33 	-2207403.2 	1034775 	 -0.0071193224 	-0.00059611059 	0.035336696 	 -0.0041859939 	-0.0017664973 	8.6810984e-05 	 -14888.154 	-12420.188 	-8757.5299 	 0.22036813 	-0.5591567 	-0.23052403 	 -1.5010461 	-1.7529022 	-0.94365344 		-0.0025 -0.01012069 -0.076634036 1200000 1
-0.00125 465209.19 	-755035.92 	404512.83 	 1001612 	-1929085.9 	904596.47 	 -0.0074568149 	-0.00075503148 	0.035534769 	 -0.0051380107 	-0.0021845687 	0.00079160235 	 -12974.272 	-12306.136 	-8971.6245 	 0.22184944 	-0.46810213 	-0.19511595 	 -1.5490596 	-1.4712342 	-0.67588485 		-0.00125 -0.010775252 -0.07868957 1100476.2 1
5.2475385e-17 271443.68 	-484186.39 	208465.72 	 603214.65 	-1340757.2 	418829.57 	 -0.0075331697 	-0.0008257183 	0.035613401 	 -0.0053836139 	-0.0022945167 	0.0014748138 	 -9051.9812 	-6862.5883 	-6117.3832 	 0.22536111 	0.080000332 	0.058042364 	 -1.5149153 	0.43617165 	0.4071517 		5.2475385e-17 -0.011200059 -0.079774221 650000 1
0.00125 75453.931 	-241401.03 	9808.5189 	 179977.91 	-783084.17 	-80497.605 	 -0.0074718085 	-0.0008446378 	0.035640185 	 -0.0053296594 	-0.0023481289 	0.0018856702 	 -5167.3187 	-1321.6775 	-3200.9151 	 0.22740524 	0.61533051 	0.35601746 	 -1.4672516 	2.3568878 	1.6301418 		0.00125 -0.011371423 -0.079786994 199523.81 1
0.0025 37913.115 	-174334.52 	-43739.905 	 90266.808 	-630732.65 	-223804.75 	 -0.0072131363 	-0.00077542229 	0.035562819 	 -0.0047003591 	-0.0021457731 	0.0021179686 	 -4039.3996 	-88.216968 	-2230.9919 	 0.2284011 	0.63965713 	0.5037822 	 -1.3538839 	2.5463706 	2.1859586 		0.0025 -0.010861913 -0.077460108 100000 1
0.00375 36824.98 	-163961.2 	-50368.292 	 86537.79 	-614679.73 	-243708.06 	 -0.0070065022 	-0.00070637546 	0.035487666 	 -0.0040789488 	-0.0019675189 	0.0022293221 	 -3865.4892 	-76.188497 	-1917.2735 	 0.22744308 	0.57507729 	0.55641409 	 -1.2512659 	2.3543415 	2.3914854 		0.00375 -0.010201195 -0.074470408 100000 1
0.005 35594.01 	-159461.48 	-49147.106 	 80756.17 	-638626.18 	-220415.18 	 -0.006759876 	-0.00058956898 	0.035315674 	 -0.0035535375 	-0.0017559764 	0.0022995122 	 -3773.2392 	-151.01242 	-1739.1718 	 0.22716662 	0.57026329 	0.53318885 	 -1.13056 	2.5615432 	2.1642457 		0.005 -0.0095006379 -0.071348668 100000 1
0.00625 33225.252 	-157004.88 	-44969.296 	 74453.765 	-659686.48 	-197590.1 	 -0.0065268151 	-0.00049492996 	0.035235142 	 -0.0029319476 	-0.0015444496 	0.0024173844 	 -3740.1362 	-228.50583 	-1520.607 	 0.2344206 	0.58309939 	0.481341 	 -0.99748772 	2.7154704 	1.9413325 		0.00625 -0.0087055778 -0.06798402 100000 1
0.0075 31759.158 	-154464.31 	-41206.141 	 70139.076 	-674354.68 	-176669.67 	 -0.0062899525 	-0.00043226691 	0.035118298 	 -0.0023996706 	-0.001398524 	0.0024143882 	 -3671.4378 	-295.92044 	-1325.9311 	 0.23725945 	0.59038222 	0.43566922 	 -0.89041952 	2.8263927 	1.736453 		0.0075 -0.0079610321 -0.064521174 100000 1
0.00875 31830.036 	-151945.02 	-37136.072 	 69206.851 	-676287.8 	-156808.73 	 -0.0060580039 	-0.00040293446 	0.034921315 	 -0.0020066989 	-0.001308232 	0.0022591942 	 -3541.9589 	-359.85142 	-1163.6285 	 0.23102962 	0.59228279 	0.38922799 	 -0.82210961 	2.8593868 	1.5411167 		0.00875 -0.007281441 -0.060736238 100000 1
0.01 29947.162 	-149079.15 	-33373.599 	 64984.075 	-681528.66 	-140599.66 	 -0.0058697905 	-0.00032412284 	0.034847856 	 -0.0016638554 	-0.0011380204 	0.0022557045 	 -3466.0018 	-371.44846 	-1029.8101 	 0.23765144 	0.58917279 	0.34690913 	 -0.71482536 	2.8901991 	1.3821048 		0.01 -0.0065554417 -0.05732232 100000 1
0.01125 27612.863 	-145947.18 	-29628.374 	 59901.925 	-689352.56 	-124266.97 	 -0.0057815185 	-0.0002862514 	0.034856836 	 -0.0013754816 	-0.0010101312 	0.0023046149 	 -3417.4185 	-370.30081 	-915.292 	 0.24715025 	0.58272626 	0.30563937 	 -0.59912418 	2.9139035 	1.2214183 		0.01125 -0.0057737575 -0.053800101 100000 1
0.0125 26742.116 	-142569.43 	-26020.586 	 57826.482 	-688393.16 	-108110.88 	 -0.0056620155 	-0.00025984846 	0.034761007 	 -0.0011516027 	-0.00091661509 	0.0022248742 	 -3308.2703 	-385.17289 	-816.23527 	 0.24733111 	0.5712881 	0.26674782 	 -0.51700879 	2.8962367 	1.0619957 		0.0125 -0.0050818891 -0.050157956 100000 1
0.01375 26254.335 	-138669.99 	-22705.313 	 56494.198 	-683319.9 	-93369.671 	 -0.0055276053 	-0.00024322635 	0.034622604 	 -0.00096421356 	-0.00083820548 	0.0020769408 	 -3170.4383 	-394.8795 	-728.67558 	 0.24544603 	0.55522953 	0.23147892 	 -0.44321136 	2.8532425 	0.91645215 		0.01375 -0.0044153645 -0.046488387 100000 1
0.015 24536.567 	-135097.96 	-19643.799 	 53199.497 	-681487.04 	-80487.913 	 -0.0054648843 	-0.00021372033 	0.03458722 	 -0.00081256066 	-0.00075102897 	0.0020630245 	 -3084.8716 	-384.86959 	-663.05532 	 0.25167836 	0.53786413 	0.19929726 	 -0.34601753 	2.8148797 	0.78925273 		0.015 -0.0037565551 -0.043172588 100000 1
0.01625 22474.155 	-131044.91 	-16729.757 	 48849.356 	-682265.85 	-68227.529 	 -0.0054507362 	-0.00020276064 	0.034609776 	 -0.0006665561 	-0.00067026007 	0.0020798999 	 -3013.1272 	-363.46043 	-599.12502 	 0.26029391 	0.51791828 	0.16893856 	 -0.23871534 	2.773086 	0.66811284 		0.01625 -0.0030348875 -0.039690174 100000 1
0.0175 22211.429 	-127036.35 	-14420.13 	 48407.038 	-672547.21 	-58420.152 	 -0.0053608367 	-0.00019318174 	0.034495571 	 -0.00056243175 	-0.0006110662 	0.0019486372 	 -2875.8812 	-367.95001 	-542.79887 	 0.25739522 	0.49545838 	0.1450595 	 -0.17377164 	2.6913616 	0.57117794 		0.0175 -0.002467806 -0.036289343 100000 1
0.01875 21426.428 	-122390.08 	-12514.838 	 46873.47 	-663721.87 	-50807.871 	 -0.0052760484 	-0.0001935007 	0.034398433 	 -0.00045910251 	-0.00054921187 	0.0018064336 	 -2743.1019 	-353.98248 	-488.30519 	 0.25848833 	0.47021788 	0.12545455 	 -0.096710943 	2.6041312 	0.49615929 		0.01875 -0.0018680279 -0.032933428 100000 1
0.02 19980.076 	-118759.3 	-10786.361 	 44445.056 	-658552.85 	-44037.337 	 -0.00526743 	-0.00018428457 	0.034412528 	 -0.00038990808 	-0.00049566457 	0.0018237683 	 -2668.2426 	-340.99157 	-454.57987 	 0.2636396 	0.44750183 	0.10782606 	 -0.0091858436 	2.5307209 	0.42932602 		0.02 -0.0013136554 -0.029924284 100000 1
0.02125 18525.134 	-114621.21 	-9125.0571 	 41679.264 	-654554.92 	-37537.435 	 -0.0052683127 	-0.00019142192 	0.034437225 	 -0.00031998087 	-0.00044478666 	0.0018154007 	 -2587.5586 	-320.68331 	-418.73401 	 0.26899126 	0.42332407 	0.091019785 	 0.080899622 	2.4553607 	0.36515316 		0.02125 -0.000718881 -0.026743405 100000 1
0.0225 18578.758 	-110863.67 	-7731.3415 	 42371.042 	-642545.62 	-31613.215 	 -0.0051866893 	-0.00018954298 	0.034330988 	 -0.00026983262 	-0.00040667615 	0.0016743478 	 -2457.242 	-324.6562 	-385.38446 	 0.26474138 	0.40077936 	0.076949132 	 0.13459783 	2.362681 	0.30659924 		0.0225 -0.00028152394 -0.023789582 100000 1
0.02375 17726.889 	-106812.52 	-6512.6956 	 41240.73 	-634314.5 	-26737.183 	 -0.0051400242 	-0.00019767306 	0.034285109 	 -0.00021920425 	-0.00036468095 	0.001578743 	 -2354.9376 	-309.05448 	-355.38637 	 0.26696909 	0.37753838 	0.064816684 	 0.20853202 	2.2782935 	0.25848133 		0.02375 0.00020014853 -0.02094399 100000 1
0.025 16467.617 	-103266.65 	-5414.1585 	 39086.091 	-629740.07 	-22353.233 	 -0.0051575772 	-0.00020612119 	0.034327413 	 -0.0001803055 	-0.00032809921 	0.0015904577 	 -2288.7772 	-292.74587 	-334.23463 	 0.27161721 	0.35579428 	0.05392829 	 0.29302375 	2.2043338 	0.21517783 		0.025 0.00068222695 -0.018159821 100000 1
0.02625 15642.602 	-99587.538 	-4481.7195 	 37814.76 	-622926.01 	-18696.183 	 -0.0051506773 	-0.00021952877 	0.034331635 	 -0.00014392498 	-0.00029514484 	0.0015466473 	 -2204.3964 	-280.0343 	-311.62017 	 0.2736323 	0.33386225 	0.044695447 	 0.36809729 	2.1223919 	0.17911641 		0.02625 0.0011290055 -0.015402561 100000 1
0.0275 15685.063 	-96107.827 	-3800.8962 	 38675.599 	-610510.1 	-16044.993 	 -0.005082081 	-0.00022904183 	0.034249698 	 -0.00011500028 	-0.0002683022 	0.0014165591 	 -2089.7404 	-280.71838 	-288.86766 	 0.27032445 	0.31285975 	0.037905844 	 0.42148544 	2.0265603 	0.15308046 		0.0275 0.0014695133 -0.012880356 100000 1
0.02875 14862.002 	-92646.317 	-3271.0648 	 37906.796 	-602418.52 	-14272.484 	 -0.0050635607 	-0.00024537843 	0.034250192 	 -9.035006e-05 	-0.00024084295 	0.0013680432 	 -2013.3554 	-266.98755 	-271.80925 	 0.27307873 	0.29224547 	0.032754504 	 0.49298417 	1.9415001 	0.13576651 		0.02875 0.0018426399 -0.010520977 100000 1
0.03 13795.748 	-89261.491 	-2751.949 	 36079.632 	-598427.18 	-12531.491 	 -0.0050965067 	-0.00027188022 	0.034323935 	 -7.1546939e-05 	-0.00021786915 	0.0013783408 	 -1956.2969 	-250.03582 	-258.24731 	 0.27698467 	0.27233472 	0.027722269 	 0.57405988 	1.8668197 	0.11871992 		0.03 0.002252499 -0.00798065 100000 1
0.03125 13471.703 	-86084.534 	-2306.5231 	 36230.782 	-589295.93 	-10811.629 	 -0.0050690483 	-0.00029105398 	0.034313938 	 -5.537522e-05 	-0.00019823058 	0.001307599 	 -1872.7414 	-244.73086 	-243.4745 	 0.27645524 	0.2537637 	0.023352114 	 0.63567358 	1.7815923 	0.10187621 		0.03125 0.0025621735 -0.0057229454 100000 1
0.0325 13371.936 	-82837.01 	-1906.8293 	 37089.089 	-578447.56 	-9189.491 	 -0.0050168028 	-0.00031252065 	0.034268248 	 -3.8874603e-05 	-0.00017982501 	0.0011898125 	 -1778.5528 	-240.26443 	-227.37701 	 0.27486875 	0.23567052 	0.019439616 	 0.69074893 	1.6929627 	0.085995317 		0.0325 0.0028343815 -0.003607872 100000 1
0.03375 12718.32 	-80017.355 	-1567.6373 	 36783.023 	-571219.08 	-7828.0728 	 -0.0050154442 	-0.00033421277 	0.034306653 	 -2.7769433e-05 	-0.0001620675 	0.0011758589 	 -1720.2695 	-231.94951 	-217.56039 	 0.27685764 	0.21907664 	0.016170669 	 0.75864643 	1.6147163 	0.072664853 		0.03375 0.0031174176 -0.001632007 100000 1
0.035 11842.402 	-76990.347 	-1248.4644 	 35302.173 	-567270.49 	-6664.1123 	 -0.0050564565 	-0.00036653409 	0.034393646 	 -1.5395066e-05 	-0.00014585863 	0.0011845568 	 -1669.9726 	-217.60318 	-207.3746 	 0.27997887 	0.20214382 	0.013110384 	 0.83735835 	1.5425591 	0.061292799 		0.035 0.0034462204 0.00059398804 100000 1
0.03625 11874.796 	-74208.959 	-1060.4078 	 36601.997 	-555662.6 	-5966.0711 	 -0.0050086205 	-0.0003915277 	0.034368289 	 -5.2193638e-06 	-0.00013251328 	0.0010896106 	 -1586.7458 	-217.69215 	-195.43571 	 0.27792044 	0.18656276 	0.011253272 	 0.88977596 	1.4514665 	0.054584863 		0.03625 0.0036373397 0.0023189708 100000 1
0.0375 11687.858 	-71100.399 	-890.92371 	 37490.026 	-545691.36 	-5493.422 	 -0.004974012 	-0.00042830581 	0.034355582 	 8.1987036e-06 	-0.0001192669 	0.00098292314 	 -1508.1183 	-209.39958 	-181.95597 	 0.27760745 	0.17062183 	0.0096260658 	 0.94688875 	1.3636751 	0.050116431 		0.0375 0.0038524077 0.0040670317 100000 1
0.03875 11159.518 	-68716.297 	-766.49281 	 37490.034 	-538574.56 	-5118.4131 	 -0.0049868338 	-0.00045699594 	0.034435227 	 9.8328972e-06 	-0.00010819918 	0.0010013615 	 -1463.084 	-205.35441 	-176.79194 	 0.27900473 	0.15664025 	0.0084342938 	 1.0131679 	1.283192 	0.046577348 		0.03875 0.004063472 0.0056823091 100000 1
0.04 10579.924 	-66012.317 	-633.53126 	 36890.718 	-532937.25 	-4779.6086 	 -0.0050127158 	-0.00049621655 	0.034523572 	 1.4502706e-05 	-9.8283572e-05 	0.00099680716 	 -1413.9212 	-195.90487 	-169.33474 	 0.28066166 	0.14222065 	0.0071654104 	 1.0848927 	1.2053008 	0.043398952 		0.04 0.0042990422 0.0074758621 100000 1
0.04125 10792.725 	-63501.548 	-535.89535 	 39134.006 	-519767.87 	-4320.7356 	 -0.0049535509 	-0.00052629064 	0.034503543 	 1.9411894e-05 	-8.9376457e-05 	0.00089631502 	 -1335.9631 	-198.99843 	-159.91694 	 0.27799051 	0.12901012 	0.0061811318 	 1.1306413 	1.1080738 	0.03902767 		0.04125 0.0044045988 0.0086867597 100000 1
0.0425 10601.087 	-60809.394 	-431.43992 	 40499.993 	-510105.04 	-3941.4985 	 -0.0049319311 	-0.00056861383 	0.034534092 	 2.5984919e-05 	-8.0523391e-05 	0.00082981251 	 -1275.5678 	-193.06526 	-150.88743 	 0.27802014 	0.11580862 	0.0051797 	 1.1857265 	1.0191647 	0.035428139 		0.0425 0.0045539125 0.0099643435 100000 1
0.04375 10128.716 	-58438.936 	-349.77336 	 40480.208 	-503192.74 	-3657.9427 	 -0.0049579195 	-0.00060948807 	0.034637728 	 2.8473419e-05 	-7.2322598e-05 	0.00084195345 	 -1233.0291 	-187.90278 	-145.49567 	 0.27922741 	0.10329656 	0.0043961149 	 1.2542893 	0.93419262 	0.032760363 		0.04375 0.0047228904 0.011327867 100000 1
0.045 9874.2612 	-55961.915 	-283.50341 	 41141.712 	-494358.79 	-3459.7822 	 -0.0049616888 	-0.00065398443 	0.034710518 	 3.2794967e-05 	-6.4862892e-05 	0.00081193988 	 -1179.7719 	-183.76081 	-138.33931 	 0.27929172 	0.090889573 	0.003750207 	 1.3169507 	0.84291334 	0.030949668 		0.045 0.0048598544 0.012551969 100000 1
0.04625 10116.509 	-53565.727 	-247.75379 	 43964.354 	-480233.92 	-3316.326 	 -0.0049058175 	-0.00069617589 	0.03471292 	 3.7509858e-05 	-5.7614842e-05 	0.00072028222 	 -1109.5569 	-187.07784 	-129.90706 	 0.27678886 	0.07910956 	0.0033751846 	 1.3604221 	0.73637123 	0.029691832 		0.04625 0.0049106769 0.013304272 100000 1
0.0475 9954.5966 	-51163.693 	-211.40384 	 46026.751 	-469810.3 	-3248.4924 	 -0.0048958835 	-0.00074692998 	0.034784648 	 4.061756e-05 	-5.1133691e-05 	0.00069169009 	 -1062.2844 	-184.3362 	-123.55969 	 0.27675776 	0.067649684 	0.0030318577 	 1.4121135 	0.63728987 	0.029161641 		0.0475 0.0050032456 0.014084888 100000 1
0.04875 9514.3469 	-48774.39 	-175.64137 	 45881.759 	-462631.03 	-3248.2895 	 -0.0049299879 	-0.00080145965 	0.034917829 	 4.1166065e-05 	-4.6280159e-05 	0.0006995304 	 -1021.2223 	-177.92557 	-118.34186 	 0.27776006 	0.056166517 	0.0026899586 	 1.4844068 	0.54333634 	0.029295605 		0.04875 0.0051332335 0.015162929 100000 1
0.05 9536.0849 	-46430.431 	-150.4811 	 48143.104 	-450051.55 	-3166.2654 	 -0.004907039 	-0.00085385013 	0.034983471 	 4.2816632e-05 	-4.1160837e-05 	0.00065122625 	 -965.39459 	-178.37947 	-111.93216 	 0.27640845 	0.045168694 	0.0024361173 	 1.5356449 	0.43207218 	0.028617133 		0.05 0.0051808821 0.015710387 100000 1
0.05125 9728.358 	-43991.195 	-126.15349 	 51585.611 	-435706.14 	-3070.9943 	 -0.004863014 	-0.00091061862 	0.035021913 	 4.6661646e-05 	-3.6409871e-05 	0.00057310938 	 -904.99975 	-178.89102 	-104.29356 	 0.27435862 	0.034411793 	0.0021925182 	 1.5768746 	0.31534189 	0.027805092 		0.05125 0.0051978929 0.016026399 100000 1
0.0525 9608.0884 	-41764.096 	-107.17168 	 54223.189 	-423540.56 	-2990.6595 	 -0.0048606309 	-0.00096945705 	0.035131289 	 4.6979751e-05 	-3.1269331e-05 	0.00057108717 	 -862.91657 	-179.76713 	-99.658678 	 0.27376062 	0.023979764 	0.0020178516 	 1.626685 	0.19710538 	0.027118758 		0.0525 0.0052402054 0.01630445 100000 1
0.05375 9231.5555 	-39398.874 	-85.745573 	 54439.826 	-414305.56 	-3006.7914 	 -0.0048972178 	-0.0010341968 	0.035282455 	 4.8538612e-05 	-2.7265136e-05 	0.00057775838 	 -821.36655 	-174.34947 	-94.30185 	 0.27423613 	0.013193794 	0.0018199825 	 1.6992406 	0.084430542 	0.02739164 		0.05375 0.0053201419 0.016920142 100000 1
0.055 9486.0216 	-37092.707 	-77.72243 	 58852.319 	-397037.52 	-2899.1922 	 -0.0048508301 	-0.0011003696 	0.035343617 	 5.0867997e-05 	-2.2437547e-05 	0.00051871281 	 -763.79927 	-178.77765 	-87.899444 	 0.27153274 	0.0030276469 	0.001747279 	 1.7351586 	-0.05662232 	0.026434614 		0.055 0.0052854378 0.016650781 100000 1
0.05625 9635.0865 	-34582.938 	-61.741283 	 63259.942 	-381789.75 	-2843.9142 	 -0.0048204048 	-0.0011768077 	0.035418834 	 5.6434328e-05 	-1.8833316e-05 	0.00046095069 	 -711.75986 	-176.7769 	-80.362982 	 0.26960495 	-0.0070975104 	0.0016127241 	 1.7716967 	-0.18956982 	0.025994533 		0.05625 0.0052714442 0.016480999 100000 1
0.0575 9502.2079 	-32432.445 	-54.976856 	 66443.059 	-366921.64 	-2724.9705 	 -0.0048247805 	-0.0012479994 	0.035570921 	 5.3770853e-05 	-1.5068425e-05 	0.00048260971 	 -672.05253 	-180.51466 	-76.771923 	 0.26848432 	-0.01707884 	0.0015740184 	 1.8206997 	-0.33757988 	0.024897683 		0.0575 0.0052690429 0.016155891 100000 1
0.05875 9259.7257 	-30079.895 	-42.211357 	 68055.294 	-353462.69 	-2652.7169 	 -0.0048445142 	-0.0013259164 	0.035733407 	 5.3419806e-05 	-1.2198051e-05 	0.00048587532 	 -628.40848 	-177.70502 	-71.711433 	 0.26786882 	-0.027374658 	0.0014790881 	 1.8849289 	-0.48232523 	0.024267699 		0.05875 0.0052830438 0.016033858 100000 1
0.06 9619.1815 	-27763.585 	-37.306212 	 74982.647 	-331618.36 	-2391.9522 	 -0.0047839959 	-0.0014079966 	0.035810704 	 5.4162345e-05 	-8.4475113e-06 	0.00043845896 	 -573.2022 	-184.62091 	-66.018882 	 0.26414393 	-0.037069533 	0.0014698161 	 1.9023792 	-0.66016469 	0.021759237 		0.06 0.0051865873 0.014900632 100000 1
0.06125 9711.4357 	-25336.446 	-25.373227 	 81446.08 	-313397.19 	-2203.7681 	 -0.0047608278 	-0.001500077 	0.03593421 	 5.6485357e-05 	-5.9916912e-06 	0.00042955969 	 -529.63081 	-185.45895 	-60.335295 	 0.26177962 	-0.04672632 	0.0014095914 	 1.9245551 	-0.82636259 	0.019964899 		0.06125 0.0051319791 0.013974013 100000 1
0.0625 9500.3578 	-23040.434 	-17.434487 	 85070.278 	-295299.9 	-1962.4494 	 -0.0047762933 	-0.0015915788 	0.036120263 	 5.5317843e-05 	-2.8638326e-06 	0.00045588705 	 -487.98289 	-186.60714 	-55.936877 	 0.26031684 	-0.056797888 	0.0013915944 	 1.9744459 	-1.0120768 	0.017627786 		0.0625 0.0050969646 0.013048465 100000 1
0.06375 9423.7797 	-20671.468 	-7.3828003 	 90180.45 	-274703.21 	-1589.705 	 -0.0047713285 	-0.0016920127 	0.036289344 	 5.49309e-05 	-5.9132448e-08 	0.00046744598 	 -441.96008 	-188.15564 	-50.928154 	 0.25804398 	-0.066806707 	0.0013601588 	 2.0118781 	-1.210836 	0.013978494 		0.06375 0.0050321205 0.011819436 100000 1
0.065 9737.0504 	-18327.691 	0.79562228 	 100453.03 	-248129.24 	-982.26683 	 -0.0047096193 	-0.0018037931 	0.036411506 	 5.438713e-05 	2.7090096e-06 	0.00046750066 	 -391.9051 	-197.40558 	-45.947203 	 0.25363463 	-0.076299529 	0.0013607981 	 2.0030347 	-1.4350655 	0.0079861976 		0.065 0.0048934552 0.0097827804 100000 1
0.06625 9707.0141 	-15988.222 	13.306555 	 110908.08 	-225943.57 	-434.56468 	 -0.0046879769 	-0.0019333995 	0.036622022 	 5.3304882e-05 	2.3426902e-06 	0.00054815726 	 -356.09326 	-205.55676 	-41.745079 	 0.25062272 	-0.085589543 	0.0013356522 	 1.9927814 	-1.6426467 	0.0025774584 		0.06625 0.0047973255 0.0078801792 100000 1
0.0675 9347.55 	-13584.094 	31.301952 	 115603.46 	-201535.39 	416.88871 	 -0.0047081007 	-0.0020508082 	0.036863143 	 4.9850485e-05 	3.784333e-06 	0.00060080096 	 -311.45599 	-204.61608 	-37.087639 	 0.24875286 	-0.096085696 	0.0012511854 	 2.0382778 	-1.8964522 	-0.0058746042 		0.0675 0.004727482 0.0061190822 100000 1
0.06875 9229.1297 	-11285.663 	32.773044 	 125688.99 	-171504.01 	1651.3064 	 -0.0046716591 	-0.0021764226 	0.037048782 	 4.6512385e-05 	6.1447365e-06 	0.00064511515 	 -263.47103 	-209.24949 	-32.474247 	 0.24576186 	-0.10564804 	0.0013343797 	 2.0361779 	-2.1725481 	-0.018152028 		0.06875 0.0045847922 0.003389212 100000 1
0.07 9141.543 	-8926.7601 	37.313433 	 140082.33 	-138768.23 	3327.5854 	 -0.0046126585 	-0.0023121367 	0.037200882 	 4.4647545e-05 	1.0120452e-05 	0.00069274697 	 -212.77987 	-216.29304 	-27.501174 	 0.24232506 	-0.11529456 	0.0013964105 	 1.9996339 	-2.4627072 	-0.03484619 		0.07 0.0044055968 5.4317745e-05 100000 1
0.07125 8793.9073 	-6880.0265 	-23.803631 	 154138.52 	-111354.36 	4609.9854 	 -0.0045793699 	-0.0024398921 	0.037355628 	 4.2556766e-05 	1.4726934e-05 	0.00075885382 	 -169.89493 	-222.02155 	-23.029781 	 0.24009912 	-0.12367946 	0.0021017588 	 1.9579116 	-2.7186938 	-0.047614812 		0.07125 0.0042597104 -0.003129227 100000 1
0.0725 8347.3645 	-4505.9851 	59.299612 	 171169.05 	-75487.144 	7373.5777 	 -0.0045688943 	-0.0025898576 	0.037557086 	 3.0477791e-05 	1.6014657e-05 	0.00087907756 	 -115.32714 	-231.95789 	-18.392868 	 0.23719349 	-0.13441752 	0.0013210321 	 1.8929591 	-3.0595864 	-0.075194161 		0.0725 0.0041004372 -0.0066545469 100000 1
0.07375 7728.5297 	-2395.4382 	107.29917 	 192034.27 	-44710.879 	9788.4211 	 -0.0045484291 	-0.0027226303 	0.037732805 	 1.9024524e-05 	1.6736041e-05 	0.0010107608 	 -66.729913 	-243.5411 	-13.964838 	 0.23483479 	-0.14355279 	0.00084757912 	 1.792468 	-3.3462316 	-0.099288767 		0.07375 0.0039225283 -0.010801189 100000 1
0.075 6782.0454 	-1013.5116 	107.31856 	 203571.53 	-34294.435 	10336.851 	 -0.0045493008 	-0.002755672 	0.037798481 	 1.4622019e-05 	1.5544175e-05 	0.0010419067 	 -36.954905 	-234.06993 	-9.9335624 	 0.23391801 	-0.14587986 	0.00073693121 	 1.7880336 	-3.4317608 	-0.10471929 		0.075 0.003738889 -0.015134472 100000 1
