# y jRe_x jRe_y jRe_z jIm_x jIm_y jIm_z BRe_x BRe_y BRe_z BIm_x BIm_y BIm_z F_x F_y F_z VReGrad_x VReGrad_y VReGrad_z VImGrad_x VImGrad_y VImGrad_z s VRe VIm sigma mur
-0.075 -495477.75 	-138477.56 	-16324.583 	 -1664573 	-602622.69 	-101657.35 	 -0.0043962048 	0.0025251369 	0.039172146 	 0.00041365128 	-0.00053745874 	0.0013566753 	 -3211.4898 	10449.609 	-384.72402 	 -0.57683085 	-0.60272929 	0.0043836015 	 -1.7763445 	-2.7344674 	0.08408128 		-0.075 -0.0016673237 -0.0023739184 1200000 1
-0.07375 -538595.04 	-220224.56 	-17263.852 	 -1539833.6 	-632373.6 	-98398.271 	 -0.0043731133 	0.002519281 	0.03904779 	 0.00042384045 	-0.00050554543 	0.0010422842 	 -4603.7937 	11118.942 	-654.67799 	 -0.57499965 	-0.5923936 	0.0042031969 	 -1.7528448 	-2.6846621 	0.081468955 		-0.07375 -0.0024254423 -0.0057692104 1200000 1
-0.0725 -556000.83 	-323853.86 	-16530.674 	 -1390500.6 	-744985.56 	-88188.817 	 -0.0043602936 	0.0024824104 	0.038802846 	 0.00047085942 	-0.00047678107 	0.00055972968 	 -6323.5134 	11076.925 	-900.0023 	 -0.57591892 	-0.56389113 	0.0036546237 	 -1.760453 	-2.5686901 	0.072845046 		-0.0725 -0.0031827997 -0.0092488451 1200000 1
-0.07125 -573406.61 	-427483.16 	-15797.497 	 -1241167.5 	-857597.53 	-77979.362 	 -0.0043474738 	0.0024455397 	0.038557901 	 0.00051787839 	-0.00044801671 	7.7175206e-05 	 -8043.2331 	11034.907 	-1145.3266 	 -0.57683819 	-0.53538865 	0.0031060505 	 -1.7680612 	-2.4527181 	0.064221137 		-0.07125 -0.0039401571 -0.01272848 1200000 1
-0.07 -563849.82 	-558703.51 	-13882.451 	 -1035914.8 	-1039175.3 	-60541.129 	 -0.00437041 	0.0023855871 	0.037882198 	 0.00058428649 	-0.00043818792 	-0.0011367724 	 -9755.3173 	9808.2885 	-1359.0809 	 -0.58254759 	-0.48540095 	0.0027343008 	 -1.8280219 	-2.2743454 	0.049379483 		-0.07 -0.0046175952 -0.01576903 1200000 1
-0.06875 -550968.67 	-697150.56 	-11458.992 	 -911986.8 	-1221915.4 	-45720.378 	 -0.0043386644 	0.0023072532 	0.037293915 	 0.00068035952 	-0.00042097972 	-0.0021411776 	 -11524.091 	9012.945 	-1534.0806 	 -0.58074541 	-0.43420167 	0.0022200285 	 -1.8358546 	-2.0863737 	0.03656724 		-0.06875 -0.0051094627 -0.018143101 1200000 1
-0.0675 -535588.84 	-832139.77 	-8882.0586 	 -801886.59 	-1416477.8 	-31172.242 	 -0.0043235436 	0.0022338602 	0.036841431 	 0.00075420711 	-0.00039119372 	-0.0028040286 	 -13472.343 	8357.8184 	-1717.0927 	 -0.57781293 	-0.38235227 	0.0017307647 	 -1.8362272 	-1.8930922 	0.023927657 		-0.0675 -0.0055972925 -0.020523348 1200000 1
-0.06625 -519677.62 	-966548.51 	-6298.405 	 -691306.4 	-1610383.6 	-16696.552 	 -0.0043095053 	0.0021608356 	0.036388173 	 0.00082631066 	-0.0003607303 	-0.0034556718 	 -15412.373 	7694.2863 	-1899.2968 	 -0.57497114 	-0.33061691 	0.0012457292 	 -1.8372304 	-1.7006099 	0.011344721 		-0.06625 -0.0060847014 -0.022900344 1200000 1
-0.065 -487135.12 	-1089723.6 	-4107.6163 	 -574372.01 	-1735931.4 	-6898.1397 	 -0.0043591656 	0.0020941099 	0.035722628 	 0.00081667849 	-0.00037919148 	-0.004138605 	 -16357.011 	6984.2105 	-2103.4008 	 -0.57217444 	-0.28709816 	0.0013711743 	 -1.8528406 	-1.5578778 	0.0025505017 		-0.065 -0.0064753164 -0.024907403 1200000 1
-0.06375 -464170.25 	-1203348 	-2293.4943 	 -510833.88 	-1849236.4 	-718.3117 	 -0.0043276747 	0.0020139849 	0.035362446 	 0.00087961138 	-0.00037701299 	-0.0043821374 	 -17855.404 	6569.7659 	-2200.5604 	 -0.56124147 	-0.2453784 	0.0015605903 	 -1.8344944 	-1.4291339 	-0.0032791493 		-0.06375 -0.0067472121 -0.02658069 1200000 1
-0.0625 -441295.24 	-1316491.6 	-479.13181 	 -448034.32 	-1963339.5 	5458.0085 	 -0.0042977395 	0.0019339312 	0.035012517 	 0.00094088747 	-0.00037429532 	-0.0046050148 	 -19382.56 	6153.1734 	-2299.5571 	 -0.55022487 	-0.203613 	0.0017492128 	 -1.8157116 	-1.3002307 	-0.0091066287 		-0.0625 -0.0070185531 -0.028253328 1200000 1
-0.06125 -413419.29 	-1420505.8 	1361.9956 	 -381581.69 	-2078678.1 	11530.135 	 -0.0042872619 	0.0018575283 	0.034680976 	 0.0009816568 	-0.00036437968 	-0.0046688743 	 -20988.475 	5612.3271 	-2403.0225 	 -0.54058257 	-0.16302359 	0.0019185905 	 -1.8028327 	-1.1754228 	-0.014861878 		-0.06125 -0.0072907841 -0.029910719 1200000 1
-0.06 -381817.11 	-1522509.2 	2633.1739 	 -323375.99 	-2141547.9 	14473.461 	 -0.0042838945 	0.0017948218 	0.034214581 	 0.00099876847 	-0.00037686607 	-0.0050335165 	 -21553.86 	5252.3911 	-2537.0244 	 -0.52863224 	-0.13024479 	0.0024665799 	 -1.793098 	-1.0822638 	-0.018059765 		-0.06 -0.0074539933 -0.031242536 1200000 1
-0.05875 -358792.54 	-1610611.8 	3638.2939 	 -286570.96 	-2207446.3 	16256.102 	 -0.004257868 	0.0017377434 	0.033977437 	 0.0010357126 	-0.00037201343 	-0.0050638182 	 -22805.054 	4912.7918 	-2624.4696 	 -0.51223518 	-0.098618497 	0.0030393587 	 -1.7694571 	-0.99704849 	-0.020284542 		-0.05875 -0.00755495 -0.032436278 1200000 1
-0.0575 -335767.98 	-1698714.3 	4643.4139 	 -249765.93 	-2273344.7 	18038.742 	 -0.0042318415 	0.001680665 	0.033740294 	 0.0010726568 	-0.00036716079 	-0.00509412 	 -24056.249 	4573.1925 	-2711.9148 	 -0.49583812 	-0.0669922 	0.0036121374 	 -1.7458161 	-0.91183318 	-0.02250932 		-0.0575 -0.0076559068 -0.033630019 1200000 1
-0.05625 -305590.31 	-1768976.8 	5619.2576 	 -208740.68 	-2349214.9 	19827.602 	 -0.0042341804 	0.0016236509 	0.033559078 	 0.0010909695 	-0.00036035908 	-0.0048148593 	 -25682.585 	4033.773 	-2794.5486 	 -0.48192684 	-0.036856078 	0.0041374275 	 -1.7298961 	-0.82971122 	-0.024737954 		-0.05625 -0.0077680897 -0.034822455 1200000 1
-0.055 -280186.58 	-1849180.8 	6031.669 	 -180652.1 	-2368471.2 	19288.901 	 -0.0042274051 	0.001614421 	0.033228458 	 0.0010791154 	-0.00034444794 	-0.0051450712 	 -25766.586 	3840.1229 	-2919.2551 	 -0.46422443 	-0.015247849 	0.0050865861 	 -1.7125665 	-0.77548077 	-0.025092794 		-0.055 -0.0077625769 -0.03571151 1200000 1
-0.05375 -259955.85 	-1913423.5 	6490.6253 	 -159631.88 	-2406269.9 	19313.985 	 -0.0042494296 	0.0015956422 	0.033085854 	 0.0010549881 	-0.00032626403 	-0.0051015993 	 -26742.839 	3552.432 	-3066.4796 	 -0.44468599 	0.0068604476 	0.0059139966 	 -1.6893276 	-0.72111071 	-0.025897557 		-0.05375 -0.0077372223 -0.036578785 1200000 1
-0.0525 -239725.13 	-1977666.1 	6949.5815 	 -138611.66 	-2444068.7 	19339.07 	 -0.0042714542 	0.0015768634 	0.03294325 	 0.0010308608 	-0.00030808013 	-0.0050581274 	 -27719.093 	3264.7412 	-3213.7042 	 -0.42514755 	0.028968745 	0.006741407 	 -1.6660887 	-0.66674065 	-0.02670232 		-0.0525 -0.0077118677 -0.037446061 1200000 1
-0.05125 -211979.18 	-2028260.6 	7463.9215 	 -114331.35 	-2484470.9 	19969.502 	 -0.0043238737 	0.0015403047 	0.03281081 	 0.00099413427 	-0.00031079829 	-0.0048481262 	 -28793.486 	2853.1831 	-3385.3453 	 -0.4083309 	0.048558979 	0.0075187163 	 -1.6509902 	-0.61709165 	-0.028046488 		-0.05125 -0.0076958202 -0.038293955 1200000 1
-0.05 -191407.56 	-2081076.1 	7747.8992 	 -99348.447 	-2494852.2 	19725.659 	 -0.0043315542 	0.0015315333 	0.032623081 	 0.00098166357 	-0.00030065782 	-0.0049777744 	 -28992.425 	2631.2622 	-3483.9315 	 -0.38799625 	0.062262496 	0.0085166109 	 -1.6324108 	-0.58402031 	-0.028748566 		-0.05 -0.007598533 -0.038973947 1200000 1
-0.04875 -173689.76 	-2124586.9 	8065.0202 	 -86900.474 	-2516046.5 	19687.357 	 -0.004363247 	0.001516541 	0.032530915 	 0.00095095616 	-0.0002867463 	-0.0049152485 	 -29685.62 	2377.3638 	-3614.6651 	 -0.36681103 	0.076053391 	0.0094413914 	 -1.6114428 	-0.55132538 	-0.029604905 		-0.04875 -0.0074899499 -0.039640824 1200000 1
-0.0475 -155787.57 	-2167335.8 	8387.874 	 -74408.688 	-2538001.8 	19677.172 	 -0.0043966653 	0.0015011339 	0.03244319 	 0.0009188042 	-0.00027258346 	-0.0048388347 	 -30407.213 	2118.8869 	-3747.1955 	 -0.34572187 	0.089817874 	0.01035936 	 -1.59067 	-0.51865778 	-0.030484211 		-0.0475 -0.0073822431 -0.040307944 1200000 1
-0.04625 -129763.65 	-2203288.8 	8961.4026 	 -59490.366 	-2552377 	20063.019 	 -0.0044349034 	0.0014532717 	0.032299118 	 0.00089450329 	-0.00028752282 	-0.0047914991 	 -30774.798 	1783.6774 	-3878.7234 	 -0.32758277 	0.10012974 	0.011158391 	 -1.5781189 	-0.49224628 	-0.031812188 		-0.04625 -0.0072926554 -0.040965053 1200000 1
-0.045 -112966.79 	-2229377.1 	9315.2182 	 -51017.189 	-2562626.8 	20149.774 	 -0.0044090587 	0.0014303612 	0.032219012 	 0.00092745038 	-0.00028346312 	-0.0047425085 	 -31156.616 	1546.216 	-3862.8449 	 -0.30546896 	0.10653356 	0.012170315 	 -1.5596997 	-0.47529799 	-0.032974005 		-0.045 -0.0071383548 -0.041533844 1200000 1
-0.04375 -96368.72 	-2254734.1 	9670.5406 	 -42658.52 	-2573752.2 	20261.065 	 -0.004384994 	0.0014068056 	0.032145589 	 0.00095891184 	-0.00027924022 	-0.0046789866 	 -31576.501 	1307.7107 	-3849.8185 	 -0.28329672 	0.11293893 	0.013178112 	 -1.5411359 	-0.45836922 	-0.03415478 		-0.04375 -0.0069832074 -0.04210177 1200000 1
-0.0425 -77765.511 	-2270444.5 	10107.28 	 -34009.332 	-2595690.1 	20808.177 	 -0.0043849366 	0.0013763897 	0.032136401 	 0.00097156557 	-0.00027287491 	-0.0044332609 	 -32409.998 	1030.5355 	-3861.6959 	 -0.26227652 	0.11920866 	0.014096112 	 -1.524604 	-0.44137399 	-0.035694537 		-0.0425 -0.00684062 -0.042673255 1200000 1
-0.04125 -56284.49 	-2293948 	10775.118 	 -25629.09 	-2592093.9 	21192.828 	 -0.0043703252 	0.0013533992 	0.031993872 	 0.00098775599 	-0.00027891187 	-0.004567881 	 -32112.086 	764.21176 	-3866.0968 	 -0.24257946 	0.12074286 	0.015058966 	 -1.5124113 	-0.43323063 	-0.037328242 		-0.04125 -0.0067069483 -0.043228905 1200000 1
-0.04 -40950.436 	-2303125.5 	11846.185 	 -19715.441 	-2597848.7 	20995.127 	 -0.0043521299 	0.0013386942 	0.031944521 	 0.0010130091 	-0.0002731791 	-0.0045162649 	 -32276.683 	540.67439 	-3836.9258 	 -0.22044077 	0.12032617 	0.015688826 	 -1.4962445 	-0.4298557 	-0.038525959 		-0.04 -0.0065394127 -0.043752716 1200000 1
-0.03875 -25616.382 	-2312303.1 	12917.251 	 -13801.792 	-2603603.6 	20797.427 	 -0.0043339347 	0.0013239891 	0.031895169 	 0.0010382621 	-0.00026744634 	-0.0044646489 	 -32441.28 	317.13702 	-3807.7548 	 -0.19830207 	0.11990948 	0.016318686 	 -1.4800778 	-0.42648077 	-0.039723675 		-0.03875 -0.0063718772 -0.044276527 1200000 1
-0.0375 -6626.1914 	-2304011.3 	14319.186 	 -7139.7443 	-2629239.9 	20641.435 	 -0.0043397073 	0.0012937392 	0.03196633 	 0.0010540037 	-0.0002598481 	-0.004075902 	 -33416.451 	52.089375 	-3775.6498 	 -0.17797405 	0.11959981 	0.016623833 	 -1.4670495 	-0.42287138 	-0.0409634 		-0.0375 -0.0062268609 -0.044810062 1200000 1
-0.03625 11535.68 	-2316176.6 	16039.448 	 -1363.0674 	-2612685.7 	20363.486 	 -0.0043618394 	0.0013030135 	0.031819557 	 0.0010299578 	-0.00025384171 	-0.0043797845 	 -32495.175 	-194.54811 	-3832.42 	 -0.15829006 	0.11299285 	0.017154775 	 -1.4559726 	-0.43093565 	-0.042476296 		-0.03625 -0.0060991137 -0.04534881 1200000 1
-0.035 25664.112 	-2310853.9 	18003.077 	 3444.7366 	-2616101.6 	21435.08 	 -0.0044082817 	0.0012948596 	0.031794495 	 0.00099841278 	-0.00024429302 	-0.0043463904 	 -32411.66 	-407.09732 	-3889.3543 	 -0.13694341 	0.10624009 	0.017484204 	 -1.4418811 	-0.43909078 	-0.045063938 		-0.035 -0.0059504383 -0.045874957 1200000 1
-0.03375 39792.543 	-2305531.3 	19966.706 	 8252.5406 	-2619517.5 	22506.675 	 -0.004454724 	0.0012867056 	0.031769432 	 0.00096686777 	-0.00023474434 	-0.0043129964 	 -32328.146 	-619.64654 	-3946.2887 	 -0.11559677 	0.099487332 	0.017813634 	 -1.4277896 	-0.44724591 	-0.04765158 		-0.03375 -0.0058017629 -0.046401103 1200000 1
-0.0325 59649.094 	-2289183.2 	22411.328 	 14799.06 	-2633681.4 	25262.792 	 -0.0045029252 	0.0012535464 	0.03182993 	 0.0009397767 	-0.00023657922 	-0.004093608 	 -32707.466 	-877.25242 	-3980.7406 	 -0.09687085 	0.091922525 	0.01794818 	 -1.4183846 	-0.45630081 	-0.05180092 		-0.0325 -0.0056909505 -0.046954977 1200000 1
-0.03125 76589.93 	-2279157.7 	25371.434 	 21428.371 	-2623793.5 	28572.174 	 -0.0045419852 	0.0012573006 	0.031758226 	 0.00091718541 	-0.00022632298 	-0.0042548814 	 -31955.01 	-1131.6655 	-4011.9328 	 -0.077397735 	0.07896097 	0.018175879 	 -1.4076784 	-0.47491174 	-0.056750564 		-0.03125 -0.0056014226 -0.047553749 1200000 1
-0.03 91089.595 	-2259692.7 	28571.734 	 27392.869 	-2624670.9 	32362.729 	 -0.0046023912 	0.0012493621 	0.031747807 	 0.00087472626 	-0.0002130033 	-0.0042332561 	 -31638.791 	-1349.6029 	-4068.3175 	 -0.057056952 	0.066001617 	0.018163642 	 -1.3953171 	-0.49363735 	-0.06203537 		-0.03 -0.005500765 -0.048142429 1200000 1
-0.02875 105736.06 	-2239548.8 	31792.542 	 33412.553 	-2626439.1 	36181.155 	 -0.0046643742 	0.0012404403 	0.031743807 	 0.00083071599 	-0.00019963367 	-0.0041972146 	 -31360.396 	-1566.5865 	-4126.8813 	 -0.036801305 	0.053072733 	0.018132114 	 -1.3831002 	-0.51232152 	-0.067341741 		-0.02875 -0.0054009618 -0.048730977 1200000 1
-0.0275 128778.88 	-2215093.3 	36296.046 	 43438.525 	-2626665.1 	40818.24 	 -0.0046942265 	0.0012034643 	0.031782082 	 0.00079891843 	-0.00020702346 	-0.0041679233 	 -31083.801 	-1876.5878 	-4125.7385 	 -0.020182225 	0.038232491 	0.017529432 	 -1.3775207 	-0.53500325 	-0.073761619 		-0.0275 -0.0053630288 -0.049388727 1200000 1
-0.02625 145741.39 	-2180762.6 	42481.797 	 53421.175 	-2622924.9 	48959.436 	 -0.0047105249 	0.0012091555 	0.031783928 	 0.00080081701 	-0.00018530638 	-0.004155053 	 -30518.796 	-2128.9399 	-4068.5896 	 -0.00092898016 	0.018719958 	0.015923688 	 -1.366831 	-0.56500253 	-0.083244577 		-0.02625 -0.005340133 -0.050111791 1200000 1
-0.025 162499.47 	-2145714.9 	48700.326 	 63336.295 	-2620007.3 	57201.039 	 -0.0047281778 	0.0012139245 	0.031789905 	 0.00080104724 	-0.00016337878 	-0.004128067 	 -29985.356 	-2377.2188 	-4013.4105 	 0.018398685 	-0.00078868206 	0.014283951 	 -1.3559956 	-0.59497815 	-0.092801819 		-0.025 -0.0053163281 -0.050833941 1200000 1
-0.02375 181104.08 	-2102342.6 	55318.4 	 74412.808 	-2628779.4 	66394.544 	 -0.004765719 	0.0012029942 	0.031883482 	 0.00078020305 	-0.00014349594 	-0.0039110055 	 -29944.544 	-2597.4291 	-3979.9163 	 0.036642772 	-0.019666564 	0.012227839 	 -1.3471677 	-0.62377437 	-0.10308643 		-0.02375 -0.0053001479 -0.05154893 1200000 1
-0.0225 205425.11 	-2067032.7 	64227.812 	 91417.458 	-2613855.2 	77937.03 	 -0.0047898939 	0.0011961468 	0.03190753 	 0.00074931854 	-0.00014440178 	-0.0040420718 	 -29008.428 	-2978.517 	-3946.2591 	 0.051445772 	-0.042858488 	0.0092119743 	 -1.3436635 	-0.66166007 	-0.11601189 		-0.0225 -0.0053722831 -0.05239473 1200000 1
-0.02125 223629.79 	-2016685 	73890.779 	 107350.86 	-2602780.2 	89686.702 	 -0.0048349444 	0.0011964144 	0.031949751 	 0.00070782895 	-0.00012221014 	-0.0039946512 	 -28285.528 	-3257.0294 	-3925.1203 	 0.068593579 	-0.068707227 	0.0054646729 	 -1.3347458 	-0.70581796 	-0.12886431 		-0.02125 -0.0054516332 -0.053281491 1200000 1
-0.02 241834.46 	-1966337.3 	83553.747 	 123284.27 	-2591705.3 	101436.37 	 -0.0048799949 	0.001196682 	0.031991972 	 0.00066633935 	-0.0001000185 	-0.0039472306 	 -27562.628 	-3535.5418 	-3903.9814 	 0.085741385 	-0.094555965 	0.0017173715 	 -1.3258281 	-0.74997584 	-0.14171672 		-0.02 -0.0055309833 -0.054168252 1200000 1
-0.01875 263673.23 	-1900303.4 	93186.771 	 143212.32 	-2599155.6 	112229.92 	 -0.0049434249 	0.0011653275 	0.032197531 	 0.0006099047 	-8.155607e-05 	-0.0035413144 	 -27720.603 	-3734.0423 	-3873.173 	 0.10108726 	-0.11950628 	-0.00243125 	 -1.321041 	-0.79334205 	-0.15348527 		-0.01875 -0.0056191622 -0.055040668 1200000 1
-0.0175 288127.09 	-1852892.9 	106863.68 	 172147.76 	-2562920 	129799.31 	 -0.0050501571 	0.0011462768 	0.032229027 	 0.00047473647 	-9.4110125e-05 	-0.0037643836 	 -26286.842 	-4212.9556 	-3999.411 	 0.11244241 	-0.1504231 	-0.0083759751 	 -1.321049 	-0.85154632 	-0.17178837 		-0.0175 -0.005841394 -0.056139865 1200000 1
-0.01625 306132.11 	-1789294.5 	122625.66 	 196907.38 	-2542428.4 	155406.87 	 -0.005171285 	0.001107845 	0.032311053 	 0.00031863863 	-9.6432019e-05 	-0.0036734535 	 -25406.259 	-4538.9641 	-4123.8726 	 0.12643092 	-0.18124519 	-0.016529883 	 -1.3148688 	-0.90894314 	-0.19620649 		-0.01625 -0.0060433985 -0.05722556 1200000 1
-0.015 324137.14 	-1725696.1 	138387.65 	 221667.01 	-2521936.8 	181014.43 	 -0.005292413 	0.0010694131 	0.032393079 	 0.00016254079 	-9.8753912e-05 	-0.0035825233 	 -24525.677 	-4864.9725 	-4248.3342 	 0.14041942 	-0.21206728 	-0.024683792 	 -1.3086886 	-0.96633996 	-0.22062461 		-0.015 -0.0062454029 -0.058311255 1200000 1
-0.01375 349197.27 	-1652287 	157229.75 	 258536.78 	-2512925.2 	213429.85 	 -0.0054045381 	0.00098618398 	0.032650929 	 -7.0983185e-06 	-0.00014608916 	-0.00323177 	 -24267.198 	-5210.7201 	-4345.8944 	 0.15074177 	-0.24290788 	-0.035382164 	 -1.3126946 	-1.0231838 	-0.25069092 		-0.01375 -0.0064871585 -0.059440123 1200000 1
-0.0125 371198.77 	-1584894.2 	180869.25 	 303460.17 	-2474797.9 	261007.05 	 -0.0055675587 	0.00091999541 	0.032771025 	 -0.00027113422 	-0.00020812378 	-0.0032008469 	 -23059.608 	-5735.3372 	-4600.6814 	 0.15931745 	-0.27720815 	-0.049631125 	 -1.3168962 	-1.0929884 	-0.29329539 		-0.0125 -0.0068509024 -0.060823425 1200000 1
-0.01125 388615.77 	-1509363.8 	205050.91 	 343774.19 	-2442691.1 	313235.08 	 -0.0057424309 	0.00084436681 	0.032903266 	 -0.000567597 	-0.00026205811 	-0.0030136021 	 -22085.412 	-6169.3915 	-4886.5491 	 0.16940711 	-0.3113138 	-0.065038257 	 -1.316233 	-1.1634446 	-0.33919127 		-0.01125 -0.0071997611 -0.062188665 1200000 1
-0.01 406082.08 	-1433378.2 	229232.48 	 384382.25 	-2411449.5 	365537.56 	 -0.0059183639 	0.00076678068 	0.033043435 	 -0.0008662746 	-0.00031704702 	-0.0028095899 	 -21144.384 	-6599.5221 	-5175.444 	 0.1794144 	-0.34531259 	-0.080512797 	 -1.3157868 	-1.2336565 	-0.38510621 		-0.01 -0.0075480438 -0.063550966 1200000 1
-0.00875 433192.97 	-1349871.2 	257344.05 	 455875.87 	-2377425.5 	421762.7 	 -0.0060822489 	0.00063434466 	0.033385182 	 -0.0012247138 	-0.00048573456 	-0.0024065897 	 -20521.905 	-7242.8318 	-5471.7604 	 0.1834911 	-0.38207009 	-0.099578042 	 -1.3382762 	-1.310196 	-0.43416734 		-0.00875 -0.0079884012 -0.06507037 1200000 1
-0.0075 448141.06 	-1258411.7 	285144.63 	 524712.87 	-2312255.2 	497843.55 	 -0.0062921677 	0.00052763354 	0.033565927 	 -0.0016980985 	-0.00064893051 	-0.0020530033 	 -19333.62 	-7921.2403 	-5886.7764 	 0.18901234 	-0.42118939 	-0.12139548 	 -1.3499549 	-1.4102796 	-0.49768883 		-0.0075 -0.0085116389 -0.066837789 1200000 1
-0.00625 462684.81 	-1166299.8 	312871.22 	 592948.14 	-2247030.6 	574307.26 	 -0.0065020378 	0.00042053949 	0.033746148 	 -0.0021737339 	-0.000811342 	-0.0016894695 	 -18153.86 	-8593.3702 	-6302.6753 	 0.1946558 	-0.46034518 	-0.143256 	 -1.3610881 	-1.5107675 	-0.5614621 		-0.00625 -0.0090335227 -0.068603844 1200000 1
-0.005 476099.76 	-1068057.1 	338842.58 	 664845.69 	-2189786.9 	648215.99 	 -0.0067151329 	0.00028415082 	0.034023688 	 -0.0026626328 	-0.00099681345 	-0.0010952836 	 -17307.189 	-9237.609 	-6750.2831 	 0.19941013 	-0.4989866 	-0.16522724 	 -1.3742272 	-1.6096177 	-0.62221056 		-0.005 -0.0095395026 -0.070309577 1200000 1
-0.00375 479931.1 	-961867.28 	350019.25 	 751808.73 	-2073994.6 	674298.86 	 -0.0069230977 	0.00012019099 	0.034330532 	 -0.0032004351 	-0.0013367623 	-0.0005606592 	 -15959.303 	-9826.9786 	-7020.6826 	 0.19918576 	-0.49868775 	-0.16617674 	 -1.4137008 	-1.5707866 	-0.5870041 		-0.00375 -0.010134729 -0.072089912 1166594.8 1
-0.0025 431699.63 	-822756.05 	304845.2 	 702923.33 	-1839938.4 	579692.77 	 -0.0070328015 	1.5445224e-05 	0.034449306 	 -0.0035397555 	-0.0015157361 	-0.00018169029 	 -13764.834 	-8838.9302 	-6474.6166 	 0.20300832 	-0.3435676 	-0.088142913 	 -1.4023358 	-1.0294028 	-0.26270903 		-0.0025 -0.010539423 -0.073177568 1020587 1
-0.00125 383468.17 	-683644.82 	259671.14 	 654037.93 	-1605882.2 	485086.67 	 -0.0071425053 	-8.9300539e-05 	0.03456808 	 -0.003879076 	-0.0016947099 	0.00019727862 	 -11570.365 	-7850.8817 	-5928.5505 	 0.20683087 	-0.18844745 	-0.010109091 	 -1.3909709 	-0.48801889 	0.06158603 		-0.00125 -0.010944117 -0.074265224 874579.21 1
5.2475385e-17 273067.57 	-518741.94 	176068.61 	 479358.7 	-1337208.9 	318281.36 	 -0.0071518408 	-0.00016210465 	0.034767498 	 -0.0040041139 	-0.0017304451 	0.00082453076 	 -9559.6172 	-5528.3784 	-4755.9125 	 0.21222685 	0.073377168 	0.12094309 	 -1.3497018 	0.36786189 	0.55504631 		5.2475385e-17 -0.011180969 -0.074769234 650000 1
0.00125 159662.3 	-384148.79 	88038.485 	 297065.33 	-1069420.5 	120115.69 	 -0.0071081629 	-0.00017164323 	0.034809629 	 -0.0039924176 	-0.001778454 	0.0010734931 	 -7429.912 	-3214.7895 	-3627.485 	 0.21584105 	0.33905603 	0.26684451 	 -1.3135891 	1.265158 	1.0893902 		0.00125 -0.01118296 -0.074191902 425420.79 1
0.0025 104252.96 	-291643.64 	29483.768 	 198159.13 	-875458.15 	-18410.502 	 -0.0069723804 	-0.00017666808 	0.034782965 	 -0.0037696573 	-0.001773137 	0.0012138841 	 -5771.9445 	-1857.7509 	-2799.7158 	 0.21935573 	0.50113034 	0.35799133 	 -1.2441448 	1.879675 	1.4271534 		0.0025 -0.01086333 -0.072553444 279413.01 1
0.00375 48843.63 	-199138.49 	-29070.949 	 99252.924 	-681495.79 	-156936.7 	 -0.0068365979 	-0.00018169293 	0.034756301 	 -0.0035468969 	-0.0017678201 	0.0013542752 	 -4113.977 	-500.7122 	-1971.9465 	 0.22287041 	0.66320466 	0.44913816 	 -1.1747005 	2.4941919 	1.7649165 		0.00375 -0.010543699 -0.070914987 133405.22 1
0.005 34669.52 	-173375.56 	-41414.888 	 72149.688 	-643667.66 	-178672.55 	 -0.0066058001 	-0.00011237172 	0.034705111 	 -0.00310353 	-0.0015991413 	0.0014577065 	 -3661.8975 	-210.78449 	-1627.5932 	 0.22962123 	0.68342448 	0.45269262 	 -1.0631668 	2.6727635 	1.7466528 		0.005 -0.0097913688 -0.067935788 100000 1
0.00625 33364.323 	-169443.21 	-39472.362 	 69456.25 	-650142.95 	-164539.89 	 -0.0063938052 	-2.9318244e-05 	0.034607467 	 -0.0026924097 	-0.0014638046 	0.001422823 	 -3546.3735 	-251.79052 	-1459.1453 	 0.23426584 	0.67141345 	0.42648775 	 -0.97245826 	2.7124374 	1.6093329 		0.00625 -0.0090296883 -0.064707753 100000 1
0.0075 32233.528 	-165327.66 	-37046.635 	 66546.013 	-656063.46 	-149514.06 	 -0.0061922948 	2.4932718e-05 	0.034521801 	 -0.0022770024 	-0.0013483356 	0.0014026371 	 -3444.8757 	-291.31933 	-1291.7429 	 0.23799884 	0.65998983 	0.39590957 	 -0.88030807 	2.7448274 	1.462905 		0.0075 -0.0082362185 -0.061316173 100000 1
0.00875 31086.564 	-161195.97 	-34588.493 	 63589.908 	-661945.42 	-134498 	 -0.0059914812 	7.8845748e-05 	0.034437726 	 -0.0018624674 	-0.0012319554 	0.0013854376 	 -3344.7941 	-330.05512 	-1124.9388 	 0.24185243 	0.64855739 	0.36504488 	 -0.78760426 	2.7766815 	1.3165673 		0.00875 -0.0074410325 -0.057922374 100000 1
0.01 29222.272 	-157204.09 	-30480.197 	 59621.08 	-662640.54 	-118555.68 	 -0.0058547609 	0.00012902919 	0.034359202 	 -0.0015989447 	-0.0010998221 	0.0013561813 	 -3245.2444 	-334.04076 	-1013.2646 	 0.24991822 	0.63373627 	0.32012194 	 -0.68307738 	2.7613327 	1.1599947 		0.01 -0.006630872 -0.054524937 100000 1
0.01125 28152.013 	-153508.73 	-27208.271 	 57393.515 	-662256.46 	-105108.62 	 -0.0057378152 	0.00015492835 	0.034301131 	 -0.0013906922 	-0.0010142524 	0.0013131375 	 -3149.2938 	-345.44698 	-921.0621 	 0.25352571 	0.61907797 	0.28456094 	 -0.60068535 	2.7380857 	1.0277388 		0.01125 -0.0059026767 -0.05123381 100000 1
0.0125 27093.317 	-149781.42 	-23941.712 	 55162.762 	-661830.57 	-91675.232 	 -0.0056218122 	0.00017909909 	0.034244168 	 -0.0011825084 	-0.00092965806 	0.0012715724 	 -3054.1099 	-356.60929 	-828.88718 	 0.25706906 	0.60427676 	0.24907811 	 -0.51829757 	2.7142997 	0.89561034 		0.0125 -0.0051725668 -0.04793208 100000 1
0.01375 25858.246 	-145676.07 	-20770.5 	 52514.433 	-661136.99 	-78929.537 	 -0.0055145865 	0.0001943901 	0.034205864 	 -0.00097815692 	-0.00084142743 	0.0012608541 	 -2973.4992 	-358.79468 	-739.89188 	 0.26203126 	0.58772261 	0.21486665 	 -0.43062322 	2.6859928 	0.77028194 		0.01375 -0.0044273371 -0.04461705 100000 1
0.015 24465.067 	-141673.76 	-18129.899 	 50204.65 	-656780.86 	-68762.516 	 -0.0054336038 	0.00021879872 	0.034145194 	 -0.00084714874 	-0.00075775362 	0.0011917065 	 -2863.9278 	-351.81349 	-677.91852 	 0.26786649 	0.56532069 	0.18697308 	 -0.34476052 	2.6291064 	0.67016276 		0.015 -0.0037570875 -0.041532584 100000 1
0.01625 23543.702 	-137545.68 	-16054.274 	 48572.532 	-651944.31 	-60777.946 	 -0.0053691533 	0.00022536708 	0.034111474 	 -0.00073754352 	-0.00069544096 	0.0011466526 	 -2766.819 	-347.4596 	-622.67932 	 0.27089345 	0.54275689 	0.16501338 	 -0.26822105 	2.5664231 	0.59166624 		0.01625 -0.0031072189 -0.038402685 100000 1
0.0175 22622.338 	-133417.6 	-13978.65 	 46940.414 	-647107.75 	-52793.376 	 -0.0053047029 	0.00023193544 	0.034077753 	 -0.0006279383 	-0.00063312829 	0.0011015988 	 -2669.7102 	-343.10571 	-567.44013 	 0.27392041 	0.52019309 	0.14305367 	 -0.19168159 	2.5037398 	0.51316972 		0.0175 -0.0024573503 -0.035272786 100000 1
0.01875 21455.051 	-128723.53 	-12228.858 	 44785.631 	-641844.54 	-46552.721 	 -0.0052573723 	0.00021951421 	0.034081539 	 -0.00053030289 	-0.00057478721 	0.0011096941 	 -2600.2468 	-326.57775 	-518.54711 	 0.27912368 	0.49536029 	0.12470408 	 -0.10920479 	2.433221 	0.45199912 		0.01875 -0.0017986521 -0.032187235 100000 1
0.02 20462.1 	-125098.35 	-10987.44 	 43574.773 	-635095.72 	-42207.86 	 -0.0052143507 	0.00024085722 	0.034031839 	 -0.00045115767 	-0.00051764228 	0.0010302977 	 -2492.737 	-319.94794 	-479.64117 	 0.28300868 	0.47213328 	0.11160992 	 -0.033571331 	2.3592498 	0.40951629 		0.02 -0.0012528647 -0.029408456 100000 1
0.02125 19676.602 	-121080.72 	-9727.8187 	 42466.222 	-628666.61 	-37640.024 	 -0.005184614 	0.00023766615 	0.034010993 	 -0.00037870621 	-0.00046918142 	0.0009898372 	 -2402.9921 	-311.28149 	-442.4542 	 0.28561689 	0.44867397 	0.098538851 	 0.039993559 	2.2852642 	0.36472478 		0.02125 -0.0006902446 -0.026498892 100000 1
0.0225 18891.104 	-117063.08 	-8468.1976 	 41357.671 	-622237.5 	-33072.188 	 -0.0051548772 	0.00023447507 	0.033990147 	 -0.00030625474 	-0.00042072056 	0.00094937667 	 -2313.2471 	-302.61504 	-405.26723 	 0.28822511 	0.42521465 	0.085467782 	 0.11355845 	2.2112786 	0.31993326 		0.0225 -0.00012762452 -0.023589328 100000 1
0.02375 17883.713 	-112950.41 	-7225.0158 	 39982.014 	-616116.83 	-28519.834 	 -0.005139404 	0.00021100784 	0.033993838 	 -0.00025315447 	-0.00038231833 	0.00093891867 	 -2245.7962 	-286.45745 	-377.63346 	 0.2928608 	0.4021821 	0.072907255 	 0.19054344 	2.139387 	0.27512793 		0.02375 0.00040627231 -0.020872106 100000 1
0.025 17167.664 	-109607.18 	-6253.4918 	 39293.491 	-609742.1 	-24792.819 	 -0.0051137274 	0.00020728264 	0.033975086 	 -0.00020863841 	-0.00034617566 	0.00087920402 	 -2159.0074 	-279.55314 	-353.11168 	 0.2954383 	0.38190157 	0.06303712 	 0.26057184 	2.0709133 	0.23846736 		0.025 0.00086148038 -0.018352363 100000 1
0.02625 16540.044 	-106005.37 	-5339.0547 	 38642.345 	-603264.5 	-21309.038 	 -0.0050964956 	0.00019341562 	0.033969011 	 -0.00016185227 	-0.00031084363 	0.00083969165 	 -2079.837 	-271.41403 	-327.50429 	 0.29746794 	0.36103361 	0.053781 	 0.33034005 	1.9999664 	0.20422387 		0.02625 0.0013261311 -0.015754673 100000 1
0.0275 15905.797 	-102386.44 	-4429.5857 	 37982.718 	-596791.61 	-17851.635 	 -0.0050799488 	0.00017879541 	0.033963982 	 -0.00011488435 	-0.0002755034 	0.00080216249 	 -2001.6477 	-262.97219 	-301.88101 	 0.29956195 	0.34014207 	0.044579882 	 0.40026298 	1.9289492 	0.1702425 		0.0275 0.0017910813 -0.013158127 100000 1
0.02875 15108.132 	-98892.056 	-3779.5707 	 37367.237 	-589691.89 	-15598.625 	 -0.0050638648 	0.00015015071 	0.03397128 	 -9.7118937e-05 	-0.00025240821 	0.00076955019 	 -1934.776 	-250.53718 	-288.33996 	 0.30332398 	0.31965518 	0.038164427 	 0.47024551 	1.8529345 	0.14814645 		0.02875 0.0021911687 -0.010931546 100000 1
0.03 14638.044 	-95684.037 	-3261.7477 	 37120.437 	-582843.7 	-13659.325 	 -0.0050412878 	0.00012571995 	0.033989318 	 -8.3837338e-05 	-0.00023221984 	0.00072854806 	 -1863.7857 	-243.91956 	-274.0095 	 0.30474854 	0.30110527 	0.032988965 	 0.53486158 	1.780489 	0.12916348 		0.03 0.0025531746 -0.0087327166 100000 1
0.03125 14173.499 	-92458.763 	-2745.6797 	 36874.263 	-575994.7 	-11726.714 	 -0.0050194317 	0.00010048133 	0.034008354 	 -7.0387232e-05 	-0.00021208137 	0.00068906716 	 -1793.3577 	-237.21594 	-259.60267 	 0.30613802 	0.28252874 	0.027832357 	 0.59948337 	1.7079369 	0.11024691 		0.03125 0.002915677 -0.0065287711 100000 1
0.0325 13645.237 	-89042.572 	-2254.2107 	 36591.346 	-569295.4 	-9927.955 	 -0.0050062429 	6.4659065e-05 	0.034042481 	 -5.4564691e-05 	-0.0001917204 	0.00067481018 	 -1735.2574 	-227.27864 	-245.06303 	 0.3081975 	0.26386315 	0.022962487 	 0.66535476 	1.635355 	0.092653964 		0.0325 0.0032801747 -0.0043467166 100000 1
0.03375 13124.18 	-86181.259 	-1887.7181 	 36717.69 	-561844.1 	-8578.2636 	 -0.0049838242 	3.3543785e-05 	0.034057579 	 -4.7085551e-05 	-0.00017491482 	0.00062131135 	 -1666.7526 	-221.06265 	-235.62776 	 0.31040933 	0.24694973 	0.019346757 	 0.72873197 	1.5606563 	0.079471995 		0.03375 0.0035729699 -0.0025250577 100000 1
0.035 12781.564 	-83220.679 	-1627.3901 	 36878.732 	-554367.07 	-7724.7176 	 -0.0049677393 	-1.1624809e-06 	0.034092188 	 -4.1464055e-05 	-0.00016166495 	0.0005841132 	 -1602.9448 	-215.71958 	-225.16256 	 0.31138929 	0.23036595 	0.01674789 	 0.79111079 	1.4844932 	0.071247317 		0.035 0.0038546051 -0.00065975957 100000 1
0.03625 12438.948 	-80260.1 	-1367.0621 	 37039.774 	-546890.05 	-6871.1716 	 -0.0049516543 	-3.5868747e-05 	0.034126796 	 -3.5842559e-05 	-0.00014841509 	0.00054691506 	 -1539.137 	-210.37652 	-214.69736 	 0.31236925 	0.21378218 	0.014149024 	 0.8534896 	1.4083301 	0.063022638 		0.03625 0.0041362403 0.0012055385 100000 1
0.0375 12019.624 	-76991.853 	-1165.6656 	 37247.334 	-539721.31 	-6381.6406 	 -0.0049486037 	-8.7505248e-05 	0.034194214 	 -3.2403537e-05 	-0.00013710815 	0.00055593281 	 -1497.1213 	-200.01395 	-205.44256 	 0.31428351 	0.1971222 	0.012177736 	 0.91620198 	1.3318607 	0.05841743 		0.0375 0.0044167216 0.0030046706 100000 1
0.03875 11706.27 	-74520.394 	-1053.57 	 38025.907 	-531039.76 	-6119.4002 	 -0.004934493 	-0.00011544866 	0.034207905 	 -1.6266579e-05 	-0.0001224867 	0.00048900039 	 -1426.7037 	-198.29508 	-194.91459 	 0.31540838 	0.18235276 	0.011032396 	 0.97613896 	1.2498427 	0.056047602 		0.03875 0.0046260139 0.0044538222 100000 1
0.04 11463.222 	-71724.091 	-934.1566 	 38653.404 	-522516.54 	-5814.5586 	 -0.0049304965 	-0.00015663498 	0.034248137 	 -1.2500549e-06 	-0.00010964166 	0.00045547389 	 -1367.5754 	-194.24432 	-183.85853 	 0.31606531 	0.16735158 	0.0098249709 	 1.0374741 	1.1666146 	0.053249616 		0.04 0.004838957 0.0059804733 100000 1
0.04125 11220.173 	-68927.788 	-814.74316 	 39280.9 	-513993.32 	-5509.717 	 -0.0049265001 	-0.00019782131 	0.03428837 	 1.3766469e-05 	-9.6796615e-05 	0.00042194738 	 -1308.447 	-190.19356 	-172.80247 	 0.31672225 	0.15235041 	0.0086175454 	 1.0988092 	1.0833864 	0.050451629 		0.04125 0.0050519001 0.0075071244 100000 1
0.0425 10936.293 	-66032.7 	-677.14003 	 40326.909 	-505517.66 	-5034.7293 	 -0.0049289773 	-0.00025362166 	0.034352962 	 2.0380782e-05 	-8.6581375e-05 	0.00041991933 	 -1266.3619 	-183.50543 	-165.1031 	 0.3180669 	0.1379831 	0.0072730646 	 1.157248 	0.99905212 	0.045919005 		0.0425 0.0052434921 0.0088197733 100000 1
0.04375 10762.029 	-63567.561 	-581.00602 	 41585.409 	-495885.42 	-4636.3053 	 -0.0049162862 	-0.00029461004 	0.034396905 	 3.0650848e-05 	-7.6736909e-05 	0.00037178229 	 -1206.1795 	-182.49051 	-156.2407 	 0.31847897 	0.12468705 	0.00630237 	 1.2148352 	0.90831953 	0.042134182 		0.04375 0.0053894465 0.0099075974 100000 1
0.045 10612.129 	-60921.778 	-492.9429 	 42717.608 	-486204.26 	-4311.1915 	 -0.0049121888 	-0.00034336579 	0.034452791 	 4.4017194e-05 	-6.6402323e-05 	0.00034067612 	 -1150.9174 	-179.99813 	-146.25249 	 0.31872818 	0.1111686 	0.0054132426 	 1.2740669 	0.81600633 	0.039083773 		0.045 0.0055370796 0.011036479 100000 1
0.04625 10460.915 	-58263.64 	-405.4658 	 43863.488 	-476531.98 	-3991.8571 	 -0.0049088194 	-0.00039283682 	0.034509723 	 5.7614726e-05 	-5.6039165e-05 	0.0003114679 	 -1096.4101 	-177.33019 	-136.21869 	 0.31900025 	0.097648404 	0.0045309573 	 1.3332337 	0.723677 	0.036090786 		0.04625 0.0056847421 0.012163182 100000 1
0.0475 10311.795 	-55688.925 	-345.75181 	 45979.551 	-466307.3 	-3822.2529 	 -0.0048981094 	-0.00045714185 	0.034582485 	 5.161885e-05 	-4.8531758e-05 	0.00029757097 	 -1053.572 	-174.69426 	-132.74033 	 0.3195788 	0.085064745 	0.0039540153 	 1.3844601 	0.62595627 	0.034558231 		0.0475 0.0057944041 0.012901179 100000 1
0.04875 10239.335 	-53180.325 	-302.96784 	 47694.679 	-455194.43 	-3681.8374 	 -0.0048787747 	-0.00051561279 	0.034669168 	 4.8697026e-05 	-4.5889658e-05 	0.0002682445 	 -1001.4916 	-173.78388 	-126.49703 	 0.31936244 	0.072715098 	0.00352139 	 1.4400875 	0.52053791 	0.033313868 		0.04875 0.0058797313 0.013558627 100000 1
0.05 10167.789 	-50659.137 	-260.3305 	 49394.777 	-444075.23 	-3544.4208 	 -0.0048601578 	-0.00057472704 	0.034756791 	 4.5972786e-05 	-4.3227035e-05 	0.00024014392 	 -949.71946 	-172.74589 	-120.18174 	 0.31913873 	0.060351583 	0.0030903882 	 1.4958939 	0.41498402 	0.032099573 		0.05 0.0059650777 0.014218391 100000 1
0.05125 10088.815 	-47995.166 	-218.15702 	 51368.888 	-433105.63 	-3437.6308 	 -0.0048505069 	-0.0006438767 	0.034859357 	 4.5851741e-05 	-3.997613e-05 	0.00023714738 	 -907.15986 	-169.56066 	-113.52978 	 0.3191195 	0.048018596 	0.0026756533 	 1.5499062 	0.30951442 	0.031187363 		0.05125 0.0060503019 0.014845219 100000 1
0.0525 10060.279 	-45606.238 	-182.30032 	 54492.262 	-420212.39 	-3231.1969 	 -0.0048268059 	-0.00071722655 	0.034945942 	 4.01694e-05 	-3.4902087e-05 	0.00020803928 	 -858.76736 	-171.04909 	-109.74921 	 0.31865639 	0.036276982 	0.0023297909 	 1.5952559 	0.18936203 	0.029254469 		0.0525 0.0060909584 0.015003069 100000 1
0.05375 10049.546 	-43100.352 	-158.77687 	 57024.327 	-406655.42 	-3114.827 	 -0.0048079313 	-0.0007926076 	0.035054716 	 3.7562961e-05 	-3.3550796e-05 	0.0001863109 	 -808.79736 	-171.21542 	-103.83897 	 0.31789072 	0.024412916 	0.0021011216 	 1.6473461 	0.061899127 	0.028221574 		0.05375 0.0061194257 0.015121116 100000 1
0.055 10038.813 	-40594.465 	-135.25343 	 59556.391 	-393098.46 	-2998.457 	 -0.0047890567 	-0.00086798864 	0.03516349 	 3.4956522e-05 	-3.2199505e-05 	0.00016458251 	 -758.82736 	-171.38175 	-97.928722 	 0.31712505 	0.012548849 	0.0018724523 	 1.6994363 	-0.065563776 	0.02718868 		0.055 0.0061478931 0.015239162 100000 1
0.05625 10023.141 	-37874.682 	-111.85747 	 62781.034 	-380032.15 	-2932.5035 	 -0.0047823777 	-0.00095918455 	0.035305394 	 3.1700935e-05 	-3.193141e-05 	0.00019087907 	 -724.51466 	-167.90367 	-92.494041 	 0.31659827 	0.00084771305 	0.001665936 	 1.7460263 	-0.19143833 	0.02665275 		0.05625 0.0061759863 0.015295565 100000 1
0.0575 10076.154 	-35543.319 	-101.1623 	 67310.951 	-363168.5 	-2733.0453 	 -0.0047625277 	-0.0010445279 	0.035396269 	 3.8692044e-05 	-2.4263618e-05 	0.0001588427 	 -672.48198 	-172.95193 	-86.127864 	 0.3151111 	-0.010692653 	0.001579067 	 1.783444 	-0.34621121 	0.024765674 		0.0575 0.0061514979 0.014727147 100000 1
0.05875 10102.621 	-32986.08 	-91.61095 	 71089.083 	-345960.85 	-2614.6175 	 -0.0047536725 	-0.0011364207 	0.035515001 	 4.5715649e-05 	-1.7565049e-05 	0.00015029815 	 -623.43242 	-174.19336 	-78.977945 	 0.31365807 	-0.022514062 	0.0015098225 	 1.829047 	-0.5066307 	0.023689721 		0.05875 0.0061244753 0.014176988 100000 1
0.06 10129.089 	-30428.841 	-82.059595 	 74867.215 	-328753.19 	-2496.1897 	 -0.0047448173 	-0.0012283135 	0.035633732 	 5.2739255e-05 	-1.086648e-05 	0.00014175359 	 -574.38287 	-175.43479 	-71.828026 	 0.31220503 	-0.034335471 	0.001440578 	 1.8746501 	-0.6670502 	0.022613769 		0.06 0.0060974528 0.013626829 100000 1
0.06125 10165.152 	-27761.05 	-69.821801 	 80536.877 	-311222.82 	-2348.5566 	 -0.0047414431 	-0.001335608 	0.035778381 	 5.0773261e-05 	-5.0638892e-06 	0.00018133269 	 -538.85602 	-175.70684 	-67.197661 	 0.3106262 	-0.045934023 	0.0013718694 	 1.9038587 	-0.83259606 	0.021234079 		0.06125 0.0060580685 0.012813444 100000 1
0.0625 10210.399 	-25269.678 	-63.981553 	 86798.873 	-289594.46 	-2025.1499 	 -0.0047214428 	-0.0014384626 	0.035909286 	 5.5072427e-05 	9.7106984e-07 	0.00018461222 	 -490.30195 	-180.63275 	-61.020901 	 0.30831139 	-0.057704649 	0.001366627 	 1.9304851 	-1.0337045 	0.01808808 		0.0625 0.0059781132 0.01143791 100000 1
0.06375 10229.48 	-22675.365 	-57.279941 	 92497.7 	-267474.33 	-1701.0671 	 -0.0047106613 	-0.0015479409 	0.03605241 	 6.0979953e-05 	7.908871e-06 	0.00019862433 	 -441.66341 	-183.37412 	-54.210648 	 0.30603875 	-0.069639192 	0.0013561202 	 1.9632917 	-1.2404521 	0.014935814 		0.06375 0.0058958085 0.010050799 100000 1
0.065 10247.143 	-20074.886 	-50.465018 	 98251.241 	-245385.75 	-1376.5549 	 -0.0047006653 	-0.0016581605 	0.036196668 	 6.7010002e-05 	1.4886809e-05 	0.00021506684 	 -393.4449 	-186.04053 	-47.400221 	 0.30376812 	-0.081568532 	0.0013451535 	 1.9956424 	-1.446986 	0.011779074 		0.065 0.0058135466 0.0086619873 100000 1
0.06625 10247.66 	-17483.198 	-35.181372 	 108270.29 	-222618.38 	-809.25319 	 -0.0046807664 	-0.0017971691 	0.036359894 	 5.2821234e-05 	1.7821593e-05 	0.00029333167 	 -357.62142 	-192.18337 	-44.809747 	 0.30100747 	-0.093163499 	0.0012851808 	 1.9890483 	-1.6607054 	0.0061798614 		0.06625 0.0057074913 0.0067447164 100000 1
0.0675 10173.976 	-14919.793 	-25.558728 	 117520.63 	-193667.7 	147.80461 	 -0.0046528274 	-0.0019278745 	0.036553188 	 4.8256507e-05 	1.6404336e-05 	0.00034997214 	 -307.73452 	-198.49189 	-39.711123 	 0.29789574 	-0.1052274 	0.0012672446 	 1.9937883 	-1.9340032 	-0.0033192478 		0.0675 0.0055699073 0.0042786162 100000 1
0.06875 10097.202 	-12351.446 	-15.88674 	 126710.08 	-164633.16 	1110.9527 	 -0.004625688 	-0.002059089 	0.036747487 	 4.3719778e-05 	1.5035955e-05 	0.00040725254 	 -257.69181 	-204.65188 	-34.582382 	 0.29478742 	-0.1172999 	0.0012486419 	 1.9991737 	-2.208184 	-0.012879236 		0.06875 0.0054320847 0.0018090179 100000 1
0.07 9969.8115 	-9736.8758 	-4.9612133 	 136798.52 	-136352.73 	2135.5619 	 -0.0046086704 	-0.0022003511 	0.03696055 	 3.9508475e-05 	1.4400562e-05 	0.00050222003 	 -210.36389 	-212.11387 	-29.635098 	 0.29166905 	-0.12935935 	0.0012179744 	 1.9967371 	-2.4762139 	-0.023055852 		0.07 0.0052951066 -0.00066389108 100000 1
0.07125 9681.4284 	-7360.524 	15.195244 	 153010.77 	-109773.92 	3522.5252 	 -0.0045764068 	-0.002344129 	0.037148933 	 2.7013357e-05 	1.1475127e-05 	0.00062527456 	 -168.4949 	-224.4082 	-26.236987 	 0.28856547 	-0.14051062 	0.0010932215 	 1.9376694 	-2.7230173 	-0.036866918 		0.07125 0.0051192592 -0.0040591316 100000 1
0.0725 9130.4572 	-5561.2905 	15.957714 	 164312.49 	-92027.815 	4226.6311 	 -0.0045538414 	-0.0024121632 	0.037268804 	 2.2159628e-05 	7.5127636e-06 	0.00066871102 	 -132.32402 	-221.95191 	-22.41251 	 0.28680337 	-0.14662272 	0.0010926043 	 1.9308665 	-2.8816603 	-0.043849627 		0.0725 0.0049236536 -0.0080206887 100000 1
0.07375 8579.486 	-3762.0569 	16.720185 	 175614.22 	-74281.709 	4930.737 	 -0.004531276 	-0.0024801973 	0.037388675 	 1.7305899e-05 	3.5503998e-06 	0.00071214748 	 -96.153129 	-219.49563 	-18.588033 	 0.28504127 	-0.15273481 	0.001091987 	 1.9240636 	-3.0403032 	-0.050832337 		0.07375 0.0047280479 -0.011982246 100000 1
0.075 7710.237 	-2339.9244 	11.334964 	 183974.06 	-65809.493 	5090.3074 	 -0.0045255346 	-0.0025058713 	0.037474586 	 1.2268129e-05 	-2.6000621e-06 	0.00074103575 	 -68.861479 	-207.71497 	-15.405186 	 0.28423214 	-0.15518027 	0.001097416 	 1.9494816 	-3.1096696 	-0.052372499 		0.075 0.0045340194 -0.015874734 100000 1
