# y jRe_x jRe_y jRe_z jIm_x jIm_y jIm_z BRe_x BRe_y BRe_z BIm_x BIm_y BIm_z F_x F_y F_z VReGrad_x VReGrad_y VReGrad_z VImGrad_x VImGrad_y VImGrad_z s VRe VIm sigma mur
-0.075 -515306.77 	-25459.81 	-16701.557 	 -2154032.4 	-110851.37 	-159381.65 	 -0.0045092462 	0.0028003925 	0.041495774 	 0.00012715227 	-0.00039887807 	0.0049569613 	 -811.16657 	16062.473 	-347.01733 	 -0.46814305 	-0.62951448 	0.0027041418 	 -1.5442217 	-3.2498923 	0.13449166 		-0.075 -0.00044414262 -0.0031013892 1200000 1
-0.07375 -560582.84 	-149455.61 	-16568.807 	 -1868274.4 	-321732.02 	-133522.16 	 -0.0045002692 	0.002684912 	0.041121484 	 0.00027663594 	-0.00043298371 	0.0034487638 	 -3599.432 	14797.616 	-638.23565 	 -0.4711862 	-0.58716454 	0.0015394014 	 -1.6477611 	-3.0558324 	0.1131243 		-0.07375 -0.0012189107 -0.0071094023 1200000 1
-0.0725 -581497.01 	-295965.08 	-14524.898 	 -1569602.2 	-605469.62 	-100201.77 	 -0.0044943064 	0.002538858 	0.04048259 	 0.00043401231 	-0.00046612296 	0.0017640965 	 -6376.399 	13263.948 	-896.59477 	 -0.47568974 	-0.53062438 	5.3696559e-05 	 -1.7704998 	-2.7968112 	0.085385026 		-0.0725 -0.0019161607 -0.010767304 1200000 1
-0.07125 -589991.2 	-442138.16 	-12190.056 	 -1322016.3 	-876049.41 	-72479.777 	 -0.0044850242 	0.002386241 	0.039680827 	 0.00060001259 	-0.00048687443 	-0.00012060159 	 -8591.3846 	11665.77 	-1101.7033 	 -0.47947892 	-0.47710939 	-0.0010840386 	 -1.8571579 	-2.5451241 	0.062220634 		-0.07125 -0.0025486469 -0.014114071 1200000 1
-0.07 -586895.55 	-586103.78 	-9650.617 	 -1120308.4 	-1126327.1 	-49805.922 	 -0.0044797376 	0.0022452922 	0.038955933 	 0.00073262559 	-0.00049385392 	-0.0015884551 	 -10497.467 	10495.545 	-1280.0721 	 -0.48225831 	-0.42649179 	-0.0019195996 	 -1.9129974 	-2.3080035 	0.043175723 		-0.07 -0.003119756 -0.017174303 1200000 1
-0.06875 -576052.5 	-727485.62 	-7164.0042 	 -960854.07 	-1346105.3 	-32071.671 	 -0.004475232 	0.0021210546 	0.03836392 	 0.00082497304 	-0.00048939143 	-0.0025805008 	 -12238.632 	9758.0052 	-1451.1625 	 -0.48289458 	-0.37870598 	-0.0024772953 	 -1.9416144 	-2.0932301 	0.028182829 		-0.06875 -0.0036183718 -0.019904445 1200000 1
-0.0675 -558122.82 	-863236.31 	-4797.1532 	 -823863.99 	-1535827.5 	-18236.15 	 -0.0044739358 	0.0020063518 	0.037795282 	 0.0008944831 	-0.00047840683 	-0.0033587295 	 -13759.006 	9105.5191 	-1609.4097 	 -0.48196439 	-0.33370334 	-0.0028228708 	 -1.9585309 	-1.9019591 	0.016390329 		-0.0675 -0.0040576476 -0.022369812 1200000 1
-0.06625 -536491.89 	-994275.35 	-2619.3098 	 -706353.94 	-1705112.6 	-7072.1299 	 -0.0044743238 	0.0018990247 	0.037269459 	 0.00094946418 	-0.00046373234 	-0.003969103 	 -15189.761 	8529.081 	-1763.9452 	 -0.47932024 	-0.29077912 	-0.0030184468 	 -1.9651747 	-1.7268643 	0.0068005755 		-0.06625 -0.0044475035 -0.024631016 1200000 1
-0.065 -512110.35 	-1120108.9 	-658.21378 	 -605780.5 	-1855404.9 	1776.7888 	 -0.004476472 	0.0017986085 	0.036788279 	 0.00099218871 	-0.00044639475 	-0.00443249 	 -16562.943 	8002.9082 	-1916.4536 	 -0.47495613 	-0.24987006 	-0.0030844537 	 -1.9634338 	-1.5671719 	-0.00087388501 		-0.065 -0.0047897474 -0.026701885 1200000 1
-0.06375 -486842.24 	-1239258.1 	1010.7263 	 -524243.04 	-1987090.3 	8404.1006 	 -0.0044808997 	0.0017058089 	0.036380923 	 0.0010234747 	-0.00042706535 	-0.0047314772 	 -17973.178 	7521.4084 	-2071.7218 	 -0.46823572 	-0.21103956 	-0.0030268831 	 -1.952116 	-1.4235448 	-0.0066970517 		-0.06375 -0.0050767326 -0.028566419 1200000 1
-0.0625 -459637.3 	-1352120.7 	2414.3615 	 -452876.21 	-2097563.3 	13222.66 	 -0.0044848074 	0.0016191504 	0.0359907 	 0.0010480258 	-0.00040816305 	-0.004980028 	 -19227.861 	7067.071 	-2221.6662 	 -0.45988181 	-0.17500913 	-0.0028673238 	 -1.9382042 	-1.2968035 	-0.011010308 		-0.0625 -0.0053120134 -0.030242834 1200000 1
-0.06125 -431633.78 	-1458360.1 	3605.6915 	 -390164.36 	-2195394.4 	16922.789 	 -0.0044904305 	0.0015376207 	0.035636654 	 0.0010666426 	-0.00038900491 	-0.00514832 	 -20454.709 	6616.0132 	-2368.4756 	 -0.45023161 	-0.14104477 	-0.0026487505 	 -1.9217982 	-1.1815388 	-0.014380859 		-0.06125 -0.0055083791 -0.031784701 1200000 1
-0.06 -403498.76 	-1558659.9 	4598.4491 	 -335459.73 	-2281554.9 	19675.26 	 -0.0044967525 	0.0014606626 	0.035316429 	 0.0010810945 	-0.00037014266 	-0.0052594623 	 -21647.145 	6177.9718 	-2512.6409 	 -0.43927489 	-0.10906818 	-0.0023809104 	 -1.9030474 	-1.0768034 	-0.016948109 		-0.06 -0.0056673958 -0.033201859 1200000 1
-0.05875 -376375.03 	-1650735.7 	5378.2768 	 -289708.13 	-2358736 	21630.63 	 -0.0045060234 	0.0013887647 	0.035054971 	 0.0010901965 	-0.00035111932 	-0.0052713048 	 -22927.032 	5737.0079 	-2655.8026 	 -0.42676629 	-0.079036976 	-0.0020788093 	 -1.8811451 	-0.98228425 	-0.018827812 		-0.05875 -0.0057865682 -0.034493796 1200000 1
-0.0575 -349637.25 	-1738656.4 	5968.8698 	 -250295.7 	-2420133.5 	22697.823 	 -0.0045111422 	0.0013209802 	0.034798916 	 0.0010998623 	-0.00033461149 	-0.0053259085 	 -23969.164 	5351.0934 	-2792.1405 	 -0.41284725 	-0.051784832 	-0.0017281796 	 -1.8585984 	-0.89977813 	-0.019952199 		-0.0575 -0.0058619226 -0.035650869 1200000 1
-0.05625 -322739.47 	-1818772.2 	6425.1553 	 -215055.23 	-2475157 	23411.512 	 -0.0045186786 	0.0012570506 	0.034571836 	 0.0011059973 	-0.00031804757 	-0.0053199781 	 -25013.366 	4948.6471 	-2921.1207 	 -0.39828287 	-0.026564332 	-0.0013718972 	 -1.8363009 	-0.82519401 	-0.020761176 		-0.05625 -0.005909461 -0.036722444 1200000 1
-0.055 -296489.69 	-1893248.1 	6764.6114 	 -184099 	-2523326.2 	23772.119 	 -0.0045263283 	0.0011963195 	0.034367585 	 0.0011107907 	-0.00030222454 	-0.0052932718 	 -26010.715 	4556.4 	-3044.4626 	 -0.38289785 	-0.0032344148 	-0.0010063748 	 -1.8136021 	-0.75787836 	-0.021257734 		-0.055 -0.0059295873 -0.037713856 1200000 1
-0.05375 -271471.83 	-1960070.9 	6989.1046 	 -157621.44 	-2567308.4 	23891.78 	 -0.0045363004 	0.0011389979 	0.034202401 	 0.0011128045 	-0.00028658732 	-0.0052069083 	 -27070.627 	4161.8368 	-3162.7509 	 -0.36662054 	0.018287176 	-0.00064378128 	 -1.790109 	-0.69742418 	-0.021530065 		-0.05375 -0.0059222129 -0.038629004 1200000 1
-0.0525 -247792.28 	-2023828.8 	7110.2997 	 -135236.27 	-2600363.8 	23575.89 	 -0.0045417055 	0.0010846532 	0.034038095 	 0.0011172669 	-0.00027334103 	-0.0051863697 	 -27881.884 	3816.448 	-3272.9651 	 -0.34930055 	0.03731747 	-0.00026275781 	 -1.7664692 	-0.64545898 	-0.021425286 		-0.0525 -0.0058819787 -0.039455865 1200000 1
-0.05125 -224005.74 	-2079940.8 	7162.6584 	 -115049.51 	-2630172.7 	23206.439 	 -0.0045491599 	0.0010332977 	0.033893668 	 0.0011194756 	-0.00026001011 	-0.0051227443 	 -28687.966 	3458.5035 	-3373.146 	 -0.33178671 	0.054360785 	0.00010251596 	 -1.7440284 	-0.5995079 	-0.021256584 		-0.05125 -0.0058234116 -0.040228543 1200000 1
-0.05 -200971.35 	-2131060.7 	7158.8697 	 -97253.118 	-2655973.1 	22722.95 	 -0.0045564459 	0.00098427869 	0.033763318 	 0.0011213172 	-0.00024731744 	-0.0050543413 	 -29436.742 	3110.3204 	-3466.0924 	 -0.31382319 	0.069670756 	0.00046182611 	 -1.7218597 	-0.55884477 	-0.020978562 		-0.05 -0.005746683 -0.040952555 1200000 1
-0.04875 -178866.17 	-2176445.3 	7103.9446 	 -81749.053 	-2678957.3 	22168.469 	 -0.0045644176 	0.0009375918 	0.033651993 	 0.0011222279 	-0.00023505804 	-0.0049668008 	 -30170.587 	2768.9005 	-3551.8765 	 -0.29540758 	0.083286868 	0.0008111268 	 -1.6998575 	-0.52323377 	-0.020626198 		-0.04875 -0.0056525701 -0.041631701 1200000 1
-0.0475 -158399.87 	-2217494.5 	6998.7646 	 -68809.444 	-2696707 	21459.157 	 -0.0045705888 	0.00089325555 	0.033550216 	 0.0011240869 	-0.00022409073 	-0.0049050427 	 -30779.359 	2453.0873 	-3629.6397 	 -0.27627541 	0.09485823 	0.0011589663 	 -1.6776778 	-0.49353714 	-0.020132324 		-0.0475 -0.0055368362 -0.042260489 1200000 1
-0.04625 -137704.98 	-2252686 	6868.0379 	 -57063.911 	-2711467.4 	20761.131 	 -0.0045768896 	0.00085121333 	0.033454413 	 0.0011254538 	-0.00021336932 	-0.004838649 	 -31305.453 	2136.743 	-3696.2204 	 -0.25721925 	0.10443429 	0.0014919881 	 -1.6570049 	-0.4689316 	-0.019636473 		-0.04625 -0.0054113403 -0.042857981 1200000 1
-0.045 -117564.81 	-2283309.2 	6716.3364 	 -46605.201 	-2724022 	20048.742 	 -0.0045831172 	0.00081095686 	0.033367535 	 0.001126623 	-0.00020305344 	-0.0047710462 	 -31777.276 	1827.1183 	-3754.9664 	 -0.23798469 	0.11242186 	0.0018159743 	 -1.6368574 	-0.44843536 	-0.019119872 		-0.045 -0.0052763065 -0.043430615 1200000 1
-0.04375 -97972.745 	-2309651 	6548.0064 	 -37291.403 	-2734399.2 	19323.718 	 -0.0045890741 	0.00077237871 	0.033287934 	 0.0011277652 	-0.00019317029 	-0.0047064205 	 -32186.785 	1524.8406 	-3805.9412 	 -0.21859109 	0.11884402 	0.0021321707 	 -1.6172192 	-0.4319022 	-0.018585333 		-0.04375 -0.0051329853 -0.043981898 1200000 1
-0.0425 -79732.122 	-2329722.4 	6359.3934 	 -29392.408 	-2744103.8 	18604.913 	 -0.00459631 	0.00073571887 	0.033226739 	 0.0011277493 	-0.00018361851 	-0.0046176342 	 -32607.563 	1233.8432 	-3848.7322 	 -0.19877271 	0.12354217 	0.0024376802 	 -1.5975155 	-0.41975234 	-0.018046046 		-0.0425 -0.004978213 -0.044510431 1200000 1
-0.04125 -61450.764 	-2347609.7 	6169.7692 	 -22153.699 	-2748526.3 	17837.568 	 -0.0046000602 	0.00070067468 	0.03315194 	 0.0011300695 	-0.00017501083 	-0.0045915325 	 -32789.937 	951.99798 	-3880.7902 	 -0.1790509 	0.12623169 	0.0027440479 	 -1.5789828 	-0.41224479 	-0.017465872 		-0.04125 -0.004820653 -0.0450272 1200000 1
-0.04 -43232.421 	-2359989.8 	5979.4344 	 -15443.667 	-2752890.3 	17136.172 	 -0.0046050787 	0.00066714449 	0.033089333 	 0.0011312654 	-0.0001663182 	-0.0045426839 	 -32976.593 	669.26389 	-3904.5312 	 -0.15942898 	0.12742039 	0.003039557 	 -1.5612355 	-0.40819085 	-0.016935621 		-0.04 -0.0046626987 -0.045539364 1200000 1
-0.03875 -25291.296 	-2368470 	5790.1379 	 -9218.1388 	-2755817.1 	16453.225 	 -0.0046098357 	0.00063491463 	0.033030966 	 0.0011324975 	-0.00015790362 	-0.0044990605 	 -33100.538 	390.61112 	-3920.4695 	 -0.13981084 	0.12712258 	0.0033312516 	 -1.5440256 	-0.40754215 	-0.016418799 		-0.03875 -0.004504196 -0.046048722 1200000 1
-0.0375 -8101.0038 	-2370142.6 	5599.7814 	 -3553.2736 	-2760177.5 	15839.798 	 -0.0046172723 	0.0006041406 	0.032992571 	 0.0011315884 	-0.0001493597 	-0.0044087883 	 -33296.828 	119.52172 	-3928.3569 	 -0.12002721 	0.12533279 	0.0036135691 	 -1.5269609 	-0.41033471 	-0.015954924 		-0.0375 -0.004343756 -0.046556339 1200000 1
-0.03625 8969.9092 	-2372204 	5422.8666 	 1911.3433 	-2757016 	15139.54 	 -0.0046185409 	0.00057457924 	0.032925662 	 0.001135081 	-0.00014209339 	-0.0044314499 	 -33128.195 	-147.59345 	-3925.435 	 -0.10032924 	0.12141168 	0.0039101647 	 -1.5106439 	-0.41777828 	-0.015426686 		-0.03625 -0.004187885 -0.047072161 1200000 1
-0.035 26480.299 	-2367573.7 	5260.1092 	 7429.0172 	-2755474.4 	14556.899 	 -0.0046224781 	0.00054631933 	0.032877901 	 0.0011364312 	-0.00013436965 	-0.0044072758 	 -33031.443 	-418.59655 	-3914.1417 	 -0.080951039 	0.11601601 	0.004197183 	 -1.4952896 	-0.42842463 	-0.014995364 		-0.035 -0.0040404915 -0.047601283 1200000 1
-0.03375 44010.177 	-2359163.2 	5111.4678 	 12995.6 	-2752697.7 	14012.593 	 -0.0046262101 	0.0005190874 	0.03283348 	 0.0011378028 	-0.0001267828 	-0.0043885904 	 -32873.024 	-689.21486 	-3895.0131 	 -0.061705302 	0.10913174 	0.0044852426 	 -1.4804659 	-0.44231569 	-0.014598956 		-0.03375 -0.0039000868 -0.04814435 1200000 1
-0.0325 61337.386 	-2345391.6 	4977.6226 	 18627.741 	-2750117.6 	13533.213 	 -0.0046313221 	0.00049293175 	0.032800003 	 0.0011380117 	-0.0001191294 	-0.0043478515 	 -32720.833 	-955.18576 	-3867.6766 	 -0.042501619 	0.10073423 	0.0047723664 	 -1.4659681 	-0.45951287 	-0.01425871 		-0.0325 -0.0037666214 -0.0487035 1200000 1
-0.03125 78403.07 	-2329688.8 	4867.7562 	 24491.839 	-2742712.3 	13047.535 	 -0.0046331188 	0.00046780806 	0.032751418 	 0.0011405363 	-0.00011208187 	-0.004370252 	 -32335.351 	-1223.6881 	-3829.8953 	 -0.023350377 	0.090309196 	0.0050716251 	 -1.451734 	-0.48106883 	-0.013922347 		-0.03125 -0.0036444502 -0.049289244 1200000 1
-0.03 96473.567 	-2308116.5 	4792.1612 	 31094.102 	-2735334.2 	12682.436 	 -0.0046362984 	0.00044376405 	0.032717958 	 0.0011418554 	-0.00010469111 	-0.004369227 	 -31961.445 	-1499.0401 	-3783.2949 	 -0.0047618023 	0.078174971 	0.0053691575 	 -1.4387295 	-0.506329 	-0.013692993 		-0.03 -0.0035409279 -0.049908223 1200000 1
-0.02875 114853.71 	-2282611.8 	4746.9984 	 38309.067 	-2726429 	12387.736 	 -0.0046393802 	0.00042055116 	0.032689002 	 0.0011430973 	-9.7284006e-05 	-0.0043722717 	 -31527.951 	-1777.5876 	-3728.7535 	 0.013562156 	0.064462893 	0.0056705894 	 -1.4262795 	-0.53504457 	-0.013529805 		-0.02875 -0.0034521637 -0.050558017 1200000 1
-0.0275 133558.36 	-2252924.4 	4736.0279 	 46249.038 	-2716058.7 	12175.309 	 -0.0046425891 	0.0003981486 	0.032665822 	 0.0011440791 	-8.9809925e-05 	-0.004375502 	 -31043.191 	-2058.9524 	-3666.1831 	 0.031609718 	0.049145153 	0.0059756879 	 -1.4143736 	-0.56730138 	-0.013443261 		-0.0275 -0.0033794411 -0.051241749 1200000 1
-0.02625 151880.7 	-2217837.1 	4767.1505 	 54868.721 	-2703675.1 	12069.041 	 -0.0046462844 	0.00037668107 	0.032645192 	 0.0011444595 	-8.2224828e-05 	-0.0043758896 	 -30484.64 	-2336.1575 	-3592.8015 	 0.049634902 	0.031793788 	0.0062863012 	 -1.4023996 	-0.60405524 	-0.013454433 		-0.02625 -0.0033245068 -0.051969124 1200000 1
-0.025 171535.74 	-2179084.4 	4863.1593 	 65138.529 	-2687429.5 	12099.517 	 -0.0046484226 	0.00035605082 	0.03262861 	 0.0011457249 	-7.4548597e-05 	-0.0044043802 	 -29802.229 	-2632.7604 	-3510.4339 	 0.066875743 	0.012375874 	0.0066014109 	 -1.3917915 	-0.64552829 	-0.013594682 		-0.025 -0.0032991271 -0.052753966 1200000 1
-0.02375 191904.83 	-2135150.8 	5018.6881 	 76880.985 	-2669629.8 	12295.56 	 -0.004651544 	0.00033614076 	0.0326258 	 0.0011459408 	-6.6544456e-05 	-0.0044170183 	 -29107.102 	-2933.2888 	-3420.2339 	 0.083617541 	-0.0087772453 	0.0069155217 	 -1.3820338 	-0.69107372 	-0.013883806 		-0.02375 -0.0032977081 -0.053589136 1200000 1
-0.0225 212861.42 	-2086790.7 	5238.983 	 90204.253 	-2649186.2 	12661.257 	 -0.0046548223 	0.00031689154 	0.032631841 	 0.001145674 	-5.8295331e-05 	-0.0044284386 	 -28357.817 	-3240.3201 	-3322.1887 	 0.099883982 	-0.031717558 	0.0072291012 	 -1.3730262 	-0.74087626 	-0.01432613 		-0.0225 -0.003321097 -0.054477911 1200000 1
-0.02125 233659.19 	-2031355.1 	5533.982 	 104986.65 	-2627141.6 	13282.68 	 -0.0046606434 	0.00029840884 	0.032652116 	 0.0011429301 	-4.9436026e-05 	-0.0044011247 	 -27613.83 	-3534.9473 	-3214.0106 	 0.1159449 	-0.056712188 	0.0075363346 	 -1.3641458 	-0.79562614 	-0.014991033 		-0.02125 -0.0033702617 -0.055427862 1200000 1
-0.02 255651.25 	-1973750 	5945.2878 	 122652.02 	-2596542 	14171.736 	 -0.0046623356 	0.00028061057 	0.032666151 	 0.0011425587 	-4.0545137e-05 	-0.0044448445 	 -26622.643 	-3869.3572 	-3096.4872 	 0.13103452 	-0.084309707 	0.0078420843 	 -1.3566629 	-0.85697615 	-0.015900303 		-0.02 -0.0034614029 -0.056467845 1200000 1
-0.01875 278745.73 	-1909140.7 	6466.4672 	 143378.65 	-2563917.9 	15445.687 	 -0.0046667989 	0.00026341799 	0.032710587 	 0.0011391593 	-3.0971601e-05 	-0.0044378233 	 -25693.553 	-4201.4344 	-2972.2708 	 0.14527368 	-0.11383931 	0.0081286 	 -1.350806 	-0.92355462 	-0.017141887 		-0.01875 -0.0035869635 -0.057582278 1200000 1
-0.0175 302482.31 	-1839515 	7101.9739 	 167126.16 	-2526717.5 	17111.669 	 -0.004671852 	0.00024674728 	0.032770413 	 0.0011342089 	-2.092687e-05 	-0.0044184997 	 -24720.026 	-4541.3432 	-2841.1715 	 0.15877891 	-0.14540395 	0.0083964596 	 -1.3462344 	-0.99573265 	-0.018722069 		-0.0175 -0.0037470477 -0.058775055 1200000 1
-0.01625 326192.11 	-1762613 	7861.7269 	 193834.49 	-2485750.1 	19314.089 	 -0.0046799402 	0.00023064055 	0.03285143 	 0.0011253891 	-9.9830149e-06 	-0.0043483872 	 -23759.955 	-4866.5567 	-2701.8841 	 0.17175167 	-0.17915859 	0.0086337731 	 -1.3425034 	-1.0740782 	-0.020755866 		-0.01625 -0.003942401 -0.060052168 1200000 1
-0.015 350446.58 	-1682444.5 	8808.0983 	 225221.04 	-2432805.9 	22196.958 	 -0.0046845673 	0.00021507421 	0.032929499 	 0.0011169234 	1.3114628e-06 	-0.0043324907 	 -22562.854 	-5237.4579 	-2554.1992 	 0.18359086 	-0.21596635 	0.0088364177 	 -1.3405727 	-1.1616006 	-0.023374009 		-0.015 -0.0041917338 -0.061456848 1200000 1
-0.01375 375885.13 	-1594543.6 	9938.0721 	 262994.82 	-2374515.2 	25964.776 	 -0.0046927795 	0.00019988276 	0.033053923 	 0.0011026836 	1.3335962e-05 	-0.0042386643 	 -21452.219 	-5604.5642 	-2402.854 	 0.19405841 	-0.25505622 	0.0089783786 	 -1.3421384 	-1.2566629 	-0.026734551 		-0.01375 -0.0044892623 -0.062972992 1200000 1
-0.0125 401543.17 	-1501084.4 	11241.141 	 306635.18 	-2308233.8 	30658.339 	 -0.0047023526 	0.00018498028 	0.033202901 	 0.0010839008 	2.5880967e-05 	-0.0041068713 	 -20312.64 	-5980.1755 	-2247.3179 	 0.20346644 	-0.29648831 	0.0090584277 	 -1.3464989 	-1.3596213 	-0.030868133 		-0.0125 -0.0048324276 -0.064601277 1200000 1
-0.01125 426911.04 	-1401209.9 	12722.103 	 356662.41 	-2233411.5 	36493.187 	 -0.0047143948 	0.0001703261 	0.033378738 	 0.001058704 	3.911808e-05 	-0.0039167518 	 -19159.075 	-6354.3223 	-2087.5384 	 0.21186771 	-0.34039463 	0.0090602418 	 -1.3538012 	-1.4711979 	-0.035947216 		-0.01125 -0.005223195 -0.06635 1200000 1
-0.01 451059.63 	-1295246.3 	14424.66 	 414407.06 	-2143242.3 	43993.929 	 -0.0047269439 	0.00015587631 	0.033563257 	 0.0010261379 	5.2993099e-05 	-0.0037001797 	 -17867.682 	-6747.7991 	-1922.11 	 0.2191672 	-0.38767806 	0.008952789 	 -1.3643937 	-1.5955326 	-0.0424035 		-0.01 -0.0056769715 -0.068266925 1200000 1
-0.00875 475281.73 	-1182297.3 	16351.184 	 486214.79 	-2040488.6 	53529.346 	 -0.0047426743 	0.00014128759 	0.033807149 	 0.00098139146 	6.6490663e-05 	-0.0033676928 	 -16630.941 	-7162.4336 	-1758.0995 	 0.22451588 	-0.4379229 	0.0086996567 	 -1.3834775 	-1.7315299 	-0.050532546 		-0.00875 -0.0061980783 -0.07035635 1200000 1
-0.0075 497900.34 	-1063470.8 	18428.831 	 570752.43 	-1924501.6 	65194.821 	 -0.0047610969 	0.0001264819 	0.034086409 	 0.00092357514 	7.9522023e-05 	-0.0029317162 	 -15375.871 	-7597.1426 	-1593.3881 	 0.22860832 	-0.49106567 	0.0082973683 	 -1.4099997 	-1.8788586 	-0.06040205 		-0.0075 -0.0067779755 -0.072606494 1200000 1
-0.00625 518196.34 	-938913.81 	20623.162 	 669998.03 	-1794195.6 	79288.741 	 -0.0047822006 	0.00011133876 	0.034400033 	 0.00085029497 	9.1680547e-05 	-0.0023777433 	 -14086.285 	-8063.2719 	-1427.7568 	 0.23150242 	-0.54733244 	0.007724658 	 -1.4454058 	-2.0380486 	-0.07225011 		-0.00625 -0.0074193396 -0.075027669 1200000 1
-0.005 533250.06 	-806663.93 	22829.417 	 786474.66 	-1642571.2 	97054.467 	 -0.0048079831 	9.5581425e-05 	0.034731077 	 0.00075241186 	0.00010276121 	-0.0016650401 	 -12682.863 	-8551.0084 	-1256.8017 	 0.23369753 	-0.60777271 	0.0069036692 	 -1.4910892 	-2.2147029 	-0.087076776 		-0.005 -0.0081346878 -0.077672866 1200000 1
-0.00375 542974.4 	-669119.57 	24980.631 	 934993.53 	-1469173.2 	118958.69 	 -0.004837404 	7.8036438e-05 	0.035157452 	 0.00061003417 	0.00010883874 	-0.00062692374 	 -11272.811 	-9257.7483 	-1093.1199 	 0.23464723 	-0.67330618 	0.0057839945 	 -1.5588251 	-2.4073248 	-0.10526268 		-0.00375 -0.008942665 -0.080584689 1200000 1
-0.0025 544162.53 	-525467.37 	26841.819 	 1118337 	-1281981.9 	145463.64 	 -0.0048723062 	5.9453364e-05 	0.03564667 	 0.0004324907 	0.00011054482 	0.00070888454 	 -9773.3585 	-10146.432 	-918.25599 	 0.23546704 	-0.744053 	0.0042976322 	 -1.6511752 	-2.610118 	-0.12716088 		-0.0025 -0.0098317867 -0.083726163 1200000 1
-0.00125 535690.18 	-377315.74 	28360.134 	 1340662.3 	-1087846.8 	177017.35 	 -0.0049011785 	4.1366778e-05 	0.036028882 	 0.00026873988 	0.00010265955 	0.0018849167 	 -7818.7153 	-10964.025 	-697.36282 	 0.23670969 	-0.82051076 	0.0023928929 	 -1.772217 	-2.8160112 	-0.15314889 		-0.00125 -0.010806822 -0.087119375 1200000 1
5.2475385e-17 281469.07 	-242071.02 	15489.801 	 819159.98 	-895852.88 	108813.62 	 -0.0049324968 	2.1757752e-05 	0.036272945 	 6.5440422e-05 	0.00010066881 	0.0032713992 	 -5859.0266 	-6364.1307 	-521.45064 	 0.23828727 	0.09223055 	0.00078564962 	 -1.8522497 	0.9098682 	-0.17256087 		5.2475385e-17 -0.011474386 -0.089162503 650000 1
0.00125 40091.4 	-205356.99 	1926.1973 	 116113.69 	-842949.01 	14767.325 	 -0.0049343248 	1.3575478e-06 	0.036159437 	 2.4229114e-05 	9.1076292e-05 	0.0034863838 	 -5184.2574 	-931.43953 	-491.38785 	 0.2380334 	1.0057485 	0.0018776215 	 -1.6754755 	4.6282087 	-0.15222067 		0.00125 -0.010576013 -0.084846311 100000 1
0.0025 37761.919 	-194143.92 	1552.5519 	 101330.98 	-825854.87 	12123.99 	 -0.0049315687 	-1.7561552e-05 	0.035880283 	 2.7157454e-05 	7.9005749e-05 	0.0032728241 	 -4840.1865 	-845.55964 	-464.45939 	 0.23847507 	0.93208564 	0.0032805764 	 -1.4577904 	4.4235651 	-0.12530747 		0.0025 -0.0093679292 -0.079180384 100000 1
0.00375 35477.327 	-183958.56 	1249.6114 	 89387.753 	-807928.88 	9884.5042 	 -0.0049277773 	-3.8077363e-05 	0.035623163 	 3.4721459e-05 	6.7326717e-05 	0.0030561958 	 -4518.3638 	-769.39067 	-437.7053 	 0.24012255 	0.86498714 	0.0042940679 	 -1.2693331 	4.2138135 	-0.10249727 		0.00375 -0.0082423927 -0.073781555 100000 1
0.005 33321.476 	-174674.69 	1007.5333 	 79822.803 	-790505.56 	8009.4598 	 -0.0049262658 	-5.8243417e-05 	0.035399306 	 4.1535365e-05 	5.6141265e-05 	0.0028532329 	 -4226.5773 	-702.97557 	-413.26219 	 0.24244118 	0.80415109 	0.0049807769 	 -1.1058976 	4.0118158 	-0.083390302 		0.005 -0.0071931089 -0.068613732 100000 1
0.00625 31346.851 	-166364.62 	816.39018 	 72436.288 	-774006.88 	6465.2418 	 -0.0049229924 	-7.7299071e-05 	0.035214084 	 4.5642216e-05 	4.6670611e-05 	0.0026712813 	 -3967.1804 	-648.28668 	-391.78744 	 0.24481877 	0.74959789 	0.005420341 	 -0.96535597 	3.8225695 	-0.067644982 		0.00625 -0.0062277987 -0.063715848 100000 1
0.0075 29411.613 	-158695.97 	662.70933 	 66182.073 	-758828.26 	5218.0675 	 -0.0049210908 	-9.6061588e-05 	0.035052485 	 4.9140152e-05 	3.9277258e-05 	0.0025083409 	 -3737.8078 	-597.95238 	-372.4102 	 0.24789503 	0.69960527 	0.0056688028 	 -0.83663892 	3.6485057 	-0.054906556 		0.0075 -0.0053295757 -0.059080321 100000 1
0.00875 27602.919 	-151535.54 	535.07671 	 60849.735 	-744449.03 	4166.6076 	 -0.0049192262 	-0.00011472819 	0.03490804 	 5.230167e-05 	3.2917209e-05 	0.0023574346 	 -3527.2837 	-552.76358 	-354.3287 	 0.25085771 	0.65305644 	0.0057959229 	 -0.71781468 	3.4842739 	-0.04415374 		0.00875 -0.004485549 -0.054633964 100000 1
0.01 25919.876 	-144830.35 	429.81185 	 56300.835 	-730839.65 	3287.0733 	 -0.0049175368 	-0.00013334914 	0.034779648 	 5.5183804e-05 	2.750845e-05 	0.002218445 	 -3334.0952 	-512.16276 	-337.40795 	 0.25364085 	0.60960527 	0.005822912 	 -0.60745534 	3.3294192 	-0.035145416 		0.01 -0.0036927145 -0.050367396 100000 1
0.01125 24439.447 	-138590.28 	346.13503 	 52601.597 	-717975.62 	2569.5244 	 -0.0049162462 	-0.00015200936 	0.034668898 	 5.7761706e-05 	2.2884779e-05 	0.0020922414 	 -3157.5549 	-477.26289 	-321.51628 	 0.25575068 	0.56933567 	0.0057615368 	 -0.50649976 	3.1838322 	-0.027783333 		0.01125 -0.0029556638 -0.04627939 100000 1
0.0125 23021.532 	-132819.99 	278.88292 	 49376.541 	-706001.95 	1991.6694 	 -0.0049135941 	-0.00017074321 	0.034569701 	 6.0274588e-05 	1.9318522e-05 	0.0019737433 	 -2996.1592 	-445.55026 	-306.84719 	 0.25799517 	0.5320819 	0.0056380756 	 -0.41052902 	3.0490406 	-0.021838465 		0.0125 -0.0022737299 -0.042408973 100000 1
0.01375 21691.645 	-127351.52 	223.047 	 46519.834 	-694616.52 	1506.7827 	 -0.0049116263 	-0.00018962698 	0.034482824 	 6.2623431e-05 	1.6364964e-05 	0.0018659368 	 -2847.6664 	-416.26901 	-293.0413 	 0.2601133 	0.49700755 	0.0054754917 	 -0.31860283 	2.9212607 	-0.016838623 		0.01375 -0.0016325815 -0.038690328 100000 1
0.015 20455.062 	-122176.36 	176.73129 	 44011.015 	-683740.35 	1097.7784 	 -0.0049096037 	-0.00020869342 	0.034405905 	 6.4848935e-05 	1.390021e-05 	0.0017655417 	 -2709.3402 	-389.57454 	-279.97375 	 0.26201191 	0.46395387 	0.005284757 	 -0.23049517 	2.7997656 	-0.012611367 		0.015 -0.0010300916 -0.035112679 100000 1
0.01625 19351.863 	-117249 	139.37946 	 41879.168 	-673345.64 	756.26861 	 -0.0049093891 	-0.0002280219 	0.034342361 	 6.6798063e-05 	1.1816197e-05 	0.0016770534 	 -2582.6218 	-365.54786 	-267.58326 	 0.26344765 	0.43287389 	0.0050712786 	 -0.14666171 	2.6839804 	-0.0090729706 		0.01625 -0.0004662208 -0.031663661 100000 1
0.0175 18328.31 	-112731.34 	109.51032 	 40058.985 	-663459.96 	477.35887 	 -0.0049053192 	-0.00024766958 	0.034282511 	 6.8870978e-05 	1.0236364e-05 	0.0015855664 	 -2461.4236 	-344.74144 	-255.96426 	 0.26471291 	0.40413424 	0.0048467586 	 -0.066081457 	2.575322 	-0.0061736022 		0.0175 5.1197996e-05 -0.028393741 100000 1
0.01875 17356.082 	-108397.31 	84.771712 	 38412.171 	-653984.14 	240.84996 	 -0.0049030453 	-0.0002676772 	0.034233671 	 7.0720331e-05 	9.008212e-06 	0.0015050792 	 -2350.9022 	-324.82633 	-245.05537 	 0.26599891 	0.37698173 	0.004615918 	 0.012662071 	2.4713628 	-0.0037075003 		0.01875 0.00053697793 -0.025253199 100000 1
0.02 16452.013 	-104269.23 	64.127536 	 36964.788 	-644820.29 	36.39937 	 -0.0049006856 	-0.00028804702 	0.034191755 	 7.24646e-05 	8.0281386e-06 	0.0014291316 	 -2246.8055 	-306.52651 	-234.6768 	 0.26711833 	0.35130212 	0.004383883 	 0.089286829 	2.3714257 	-0.0015702544 		0.02 0.00099286217 -0.022227824 100000 1
0.02125 15631.894 	-100297.07 	47.190791 	 35721.12 	-635955.53 	-142.08672 	 -0.004900106 	-0.0003088459 	0.034159685 	 7.3958559e-05 	7.2328969e-06 	0.0013620106 	 -2150.6356 	-289.61678 	-224.7912 	 0.26797708 	0.32700704 	0.0041530275 	 0.16368967 	2.2750358 	0.00029935395 		0.02125 0.0014202739 -0.019306177 100000 1
0.0225 14892.818 	-96639.149 	33.571879 	 34707.422 	-627344.38 	-292.65291 	 -0.0048956316 	-0.00033016537 	0.034129014 	 7.5598095e-05 	6.6879725e-06 	0.0012892505 	 -2056.2456 	-275.38201 	-215.39891 	 0.26855657 	0.30445574 	0.0039288286 	 0.2357579 	2.1829512 	0.001881345 		0.0225 0.0018113835 -0.016525176 100000 1
0.02375 14184.888 	-93114.798 	22.278379 	 33810.993 	-619007.59 	-424.44509 	 -0.0048929251 	-0.00035206722 	0.034107769 	 7.7013081e-05 	6.3548673e-06 	0.0012257315 	 -1970.3099 	-261.5292 	-206.60345 	 0.26923644 	0.28317709 	0.0037114053 	 0.3067856 	2.0940595 	0.0032693887 		0.02375 0.0021760808 -0.013866446 100000 1
0.025 13528.077 	-89738.478 	12.718989 	 33055.655 	-610840 	-543.23924 	 -0.0048901043 	-0.00037450655 	0.034091858 	 7.8339613e-05 	6.1545714e-06 	0.0011650722 	 -1888.6321 	-248.77454 	-198.1966 	 0.26979924 	0.26300019 	0.0035015875 	 0.3764627 	2.0075868 	0.004522191 		0.025 0.0025173853 -0.011306691 100000 1
0.02625 12925.481 	-86487.364 	4.6765862 	 32438.927 	-602827.32 	-652.13479 	 -0.0048878944 	-0.00039753502 	0.034082303 	 7.9523307e-05 	6.0598885e-06 	0.0011087758 	 -1811.6189 	-236.99344 	-190.15295 	 0.2702227 	0.24386551 	0.0033001686 	 0.44481977 	1.9232471 	0.005671046 		0.02625 0.0028363021 -0.0088409697 100000 1
0.0275 12396.336 	-83419.581 	-1.9622536 	 31991.044 	-594914.63 	-751.31926 	 -0.0048842037 	-0.00042128095 	0.034076413 	 8.0701719e-05 	6.0700523e-06 	0.0010512083 	 -1736.644 	-226.93571 	-182.42057 	 0.27036511 	0.22592086 	0.0031095556 	 0.51156076 	1.8410067 	0.0067174551 		0.0275 0.0031290405 -0.0064796113 100000 1
0.02875 11890.528 	-80481.418 	-7.5635765 	 31662.467 	-587133.5 	-841.18637 	 -0.0048807725 	-0.00044586768 	0.034077001 	 8.1771811e-05 	6.2303203e-06 	0.00099815413 	 -1667.0117 	-217.36754 	-175.16936 	 0.27061162 	0.20904839 	0.0029300837 	 0.57746751 	1.7607325 	0.0076662054 		0.02875 0.0033983302 -0.0042431114 100000 1
0.03 11423.541 	-77645.313 	-12.446385 	 31452.026 	-579408.99 	-926.36587 	 -0.0048773592 	-0.00047119522 	0.034082411 	 8.2760869e-05 	6.4683223e-06 	0.00094745852 	 -1600.5067 	-208.55005 	-168.20773 	 0.27078379 	0.19299649 	0.0027599992 	 0.64242995 	1.6816128 	0.008564584 		0.03 0.0036490785 -0.0020973034 100000 1
0.03125 10994.499 	-74907.646 	-16.723623 	 31358.694 	-571717.53 	-1007.6365 	 -0.004873794 	-0.00049729681 	0.034092268 	 8.3684675e-05 	6.7778219e-06 	0.00089854512 	 -1536.7051 	-200.48728 	-161.51207 	 0.27087705 	0.17772009 	0.0025992325 	 0.70648361 	1.6034268 	0.0094206296 		0.03125 0.0038820236 -4.0552256e-05 100000 1
0.0325 10621.783 	-72247.904 	-20.421046 	 31388.878 	-564037.92 	-1089.8164 	 -0.0048713273 	-0.00052435609 	0.03410893 	 8.4434846e-05 	7.1112113e-06 	0.00085373384 	 -1476.2244 	-193.25171 	-155.03207 	 0.2707752 	0.16324329 	0.0024492253 	 0.76954701 	1.5258405 	0.010282323 		0.0325 0.0040959321 0.0019303486 100000 1
0.03375 10278.161 	-69740.95 	-23.706328 	 31561.718 	-556294.68 	-1163.9839 	 -0.004866042 	-0.00055249776 	0.034127016 	 8.5317893e-05 	7.5773333e-06 	0.00080504537 	 -1416.4254 	-187.0987 	-148.86249 	 0.27066263 	0.14963242 	0.002310164 	 0.83169817 	1.4487813 	0.011060639 		0.03375 0.0042890212 0.0037781816 100000 1
0.035 9961.5699 	-67281.991 	-26.672572 	 31851.891 	-548525.94 	-1238.0851 	 -0.0048618847 	-0.00058167839 	0.034151566 	 8.6050777e-05 	8.0904152e-06 	0.00076127564 	 -1360.3094 	-181.23433 	-142.94158 	 0.27054228 	0.13662483 	0.0021802606 	 0.89312502 	1.3717811 	0.011835821 		0.035 0.004467118 0.0055336303 100000 1
0.03625 9675.4613 	-64889.129 	-29.390951 	 32258.61 	-540681.72 	-1311.1585 	 -0.0048575374 	-0.00061188244 	0.034180309 	 8.6735534e-05 	8.6531759e-06 	0.00071882482 	 -1306.0372 	-175.94982 	-137.20829 	 0.27035795 	0.12417777 	0.0020588291 	 0.95381831 	1.2945691 	0.012598486 		0.03625 0.0046307897 0.0072018416 100000 1
0.0375 9426.6881 	-62514.811 	-31.86522 	 32766.787 	-532769.63 	-1390.0739 	 -0.0048554092 	-0.00064327642 	0.034217043 	 8.7184331e-05 	9.2034131e-06 	0.0006827252 	 -1255.2807 	-170.92731 	-131.62572 	 0.27007093 	0.11224955 	0.0019465635 	 1.0139325 	1.2168369 	0.013417361 		0.0375 0.0047805087 0.0087907641 100000 1
0.03875 9211.687 	-60300.659 	-34.19794 	 33433.666 	-524586.69 	-1458.5739 	 -0.0048480962 	-0.00067607602 	0.034251785 	 8.7952231e-05 	9.9010999e-06 	0.00063668908 	 -1201.9666 	-167.42551 	-126.22137 	 0.2696744 	0.10099054 	0.0018437572 	 1.0731352 	1.1379762 	0.014129645 		0.03875 0.0049113983 0.010253295 100000 1
0.04 9017.0165 	-58088.285 	-36.329752 	 34244.494 	-516289.81 	-1529.9603 	 -0.0048430147 	-0.00071031055 	0.034294929 	 8.8495296e-05 	1.0620764e-05 	0.00059830324 	 -1152.9265 	-163.86611 	-121.02839 	 0.26929878 	0.090158918 	0.0017493573 	 1.1315769 	1.0580457 	0.014868966 		0.04 0.0050298813 0.011616423 100000 1
0.04125 8847.1973 	-55915.812 	-38.323852 	 35184.726 	-507802.46 	-1600.834 	 -0.0048376972 	-0.00074588685 	0.034342327 	 8.9002169e-05 	1.1383453e-05 	0.00056106915 	 -1105.1291 	-160.76643 	-115.9632 	 0.26886071 	0.079714206 	0.0016621825 	 1.1893342 	0.97672178 	0.015601563 		0.04125 0.0051363342 0.012888275 100000 1
0.0425 8703.7507 	-53757.68 	-40.170451 	 36242.008 	-499115.9 	-1675.2345 	 -0.0048334175 	-0.00078295232 	0.03439603 	 8.9373011e-05 	1.2152958e-05 	0.00052754642 	 -1059.319 	-157.92258 	-111.00077 	 0.26834816 	0.069624329 	0.0015825439 	 1.24656 	0.89371905 	0.016367875 		0.0425 0.0052310647 0.014071592 100000 1
0.04375 8590.0968 	-51681.685 	-41.914295 	 37436.491 	-490045.85 	-1743.9131 	 -0.0048261711 	-0.00082179211 	0.034451011 	 8.9900586e-05 	1.3016843e-05 	0.00048870083 	 -1012.0225 	-156.11852 	-106.11898 	 0.26770472 	0.059939952 	0.0015106131 	 1.3032122 	0.80801916 	0.017075287 		0.04375 0.0053110226 0.015137984 100000 1
0.045 8494.9479 	-49609.523 	-43.423602 	 38846.063 	-480689.8 	-1811.1171 	 -0.0048199468 	-0.00086262636 	0.034513451 	 9.0292502e-05 	1.3930826e-05 	0.00045539558 	 -967.73002 	-154.40502 	-101.41741 	 0.26705599 	0.050579907 	0.0014462501 	 1.3586871 	0.71974863 	0.017766452 		0.045 0.0053789951 0.016080818 100000 1
0.04625 8419.8434 	-47555.973 	-44.752064 	 40413.117 	-471010.02 	-1875.843 	 -0.00481343 	-0.0009052199 	0.034580464 	 9.0650965e-05 	1.4890899e-05 	0.00042337415 	 -924.26586 	-153.06222 	-96.800306 	 0.26633407 	0.041466376 	0.001387883 	 1.4133902 	0.62874247 	0.01843165 		0.04625 0.0054365366 0.016921983 100000 1
0.0475 8363.9849 	-45515.196 	-45.875372 	 42142.054 	-460981.12 	-1937.9471 	 -0.0048067691 	-0.00094967485 	0.034652389 	 9.0962179e-05 	1.5893214e-05 	0.0003930038 	 -881.66007 	-152.04837 	-92.259431 	 0.26553583 	0.032576628 	0.0013353628 	 1.4673156 	0.53472366 	0.019069497 		0.0475 0.0054838565 0.017659343 100000 1
0.04875 8330.0047 	-43482.225 	-46.759669 	 43986.961 	-450466.13 	-1999.433 	 -0.0048000741 	-0.00099646509 	0.034730295 	 9.1195878e-05 	1.6918497e-05 	0.00036356331 	 -839.1933 	-151.40443 	-87.734168 	 0.26461507 	0.023899801 	0.001289587 	 1.5210562 	0.43645681 	0.019699933 		0.04875 0.0055191455 0.018279831 100000 1
0.05 8314.0137 	-41475.508 	-47.259545 	 46129.778 	-439400.17 	-2046.175 	 -0.0047917009 	-0.001045851 	0.034812565 	 9.1479231e-05 	1.8066117e-05 	0.00033451601 	 -797.33576 	-151.33577 	-83.344081 	 0.26361236 	0.015438795 	0.0012495077 	 1.5730573 	0.33346351 	0.020181721 		0.05 0.0055424847 0.018747656 100000 1
0.05125 8312.9041 	-39459.513 	-47.358608 	 48499.618 	-427860.36 	-2085.2755 	 -0.0047837038 	-0.0010976414 	0.034901258 	 9.1655154e-05 	1.9254838e-05 	0.00030923285 	 -756.77704 	-151.41786 	-79.02793 	 0.26252692 	0.0071171148 	0.0012143893 	 1.6238511 	0.22610861 	0.020586142 		0.05125 0.0055563884 0.019093411 100000 1
0.0525 8325.6828 	-37443.003 	-47.033104 	 51092.34 	-415794.65 	-2113.1871 	 -0.0047753309 	-0.0011518716 	0.034995235 	 9.1773177e-05 	2.0500356e-05 	0.00028595759 	 -716.75401 	-151.78933 	-74.767781 	 0.26134206 	-0.0010860136 	0.0011836381 	 1.673479 	0.1140093 	0.020877792 		0.0525 0.0055609362 0.01931537 100000 1
0.05375 8349.9135 	-35398.246 	-46.180729 	 53839.164 	-403117.79 	-2134.66 	 -0.0047683351 	-0.0012090501 	0.035097789 	 9.1667463e-05 	2.1736428e-05 	0.00026738007 	 -677.61229 	-152.07385 	-70.510374 	 0.2600496 	-0.0092018782 	0.0011580099 	 1.7227456 	-0.0038734524 	0.02110414 		0.05375 0.0055554146 0.019408002 100000 1
0.055 8388.8982 	-33395.372 	-44.61141 	 56962.923 	-389511.97 	-2117.5893 	 -0.0047570727 	-0.0012696123 	0.035202045 	 9.1742113e-05 	2.3180331e-05 	0.00024465449 	 -637.00149 	-153.46033 	-66.341195 	 0.25858256 	-0.017211149 	0.0011354402 	 1.7697512 	-0.12974472 	0.020944075 		0.055 0.0055374154 0.019308722 100000 1
0.05625 8436.3051 	-31357.074 	-42.197056 	 60457.709 	-375237.45 	-2077.9034 	 -0.0047472488 	-0.0013335417 	0.035315623 	 9.1549602e-05 	2.4639387e-05 	0.00023008995 	 -598.52715 	-154.70751 	-62.261107 	 0.25701357 	-0.025154687 	0.0011163018 	 1.8144445 	-0.26210894 	0.020557043 		0.05625 0.0055105583 0.019056401 100000 1
0.0575 8490.0187 	-29308.204 	-38.949877 	 64285.135 	-360196.71 	-2006.5165 	 -0.0047369599 	-0.0014007205 	0.035435386 	 9.1215971e-05 	2.6159174e-05 	0.00021900865 	 -560.47156 	-156.19998 	-58.235148 	 0.25531546 	-0.033055715 	0.0010993368 	 1.8571317 	-0.40159119 	0.019852294 		0.0575 0.0054747384 0.018650461 100000 1
0.05875 8544.9798 	-27225.964 	-34.740495 	 68388.023 	-344325 	-1903.2035 	 -0.0047279849 	-0.0014716274 	0.035564492 	 9.0550967e-05 	2.7668358e-05 	0.00021439232 	 -523.19646 	-157.50736 	-54.228775 	 0.25349623 	-0.040940034 	0.001084662 	 1.8984812 	-0.54906866 	0.018827588 		0.05875 0.0054297692 0.018087362 100000 1
0.06 8603.2591 	-25170.825 	-29.237739 	 72969.063 	-327103.06 	-1722.9993 	 -0.0047145792 	-0.0015469636 	0.03569628 	 8.9905403e-05 	2.9388449e-05 	0.00020694087 	 -484.18893 	-159.90788 	-50.284866 	 0.25145484 	-0.048810603 	0.0010694792 	 1.9368223 	-0.70864974 	0.017033217 		0.06 0.0053723718 0.017289615 100000 1
0.06125 8658.315 	-23079.181 	-22.233089 	 78226.357 	-308858.17 	-1473.1673 	 -0.004702501 	-0.0016270661 	0.035839191 	 8.8769957e-05 	3.1087391e-05 	0.00021176373 	 -447.3943 	-162.21004 	-46.468861 	 0.24927321 	-0.056652078 	0.0010541095 	 1.9702377 	-0.87822137 	0.014541877 		0.06125 0.005305887 0.016285165 100000 1
0.0625 8705.6367 	-20975.467 	-13.858524 	 84051.566 	-289493.41 	-1141.828 	 -0.0046898473 	-0.0017115411 	0.035989493 	 8.7252474e-05 	3.2803269e-05 	0.00022324526 	 -410.91485 	-164.79436 	-42.724019 	 0.24694189 	-0.064493237 	0.0010369559 	 1.9995969 	-1.058402 	0.011234938 		0.0625 0.0052305303 0.015082657 100000 1
0.06375 8739.3392 	-18854.022 	-4.0269809 	 90465.893 	-268911.45 	-714.87277 	 -0.0046772894 	-0.0018007954 	0.036148622 	 8.520191e-05 	3.4486973e-05 	0.00024309687 	 -374.71656 	-167.52167 	-39.038238 	 0.2444668 	-0.072345638 	0.0010171134 	 2.0247735 	-1.2502409 	0.0069713562 		0.06375 0.005146181 0.01367248 100000 1
0.065 8751.8906 	-16735.076 	7.5879127 	 97555.646 	-246486.06 	-134.72881 	 -0.0046625545 	-0.0018959004 	0.03631498 	 8.2552202e-05 	3.6194884e-05 	0.00026738437 	 -337.30318 	-170.79549 	-35.392821 	 0.24179708 	-0.080229943 	0.00099139808 	 2.0452249 	-1.4594301 	0.0011754256 		0.065 0.0050501534 0.011983573 100000 1
0.06625 8732.2986 	-14605.466 	21.173624 	 106035.36 	-222409.82 	632.95811 	 -0.004647529 	-0.0019977194 	0.036492687 	 7.8899385e-05 	3.7717946e-05 	0.000309809 	 -301.22073 	-174.71719 	-31.908625 	 0.23897915 	-0.088099061 	0.00095794384 	 2.0541595 	-1.6845636 	-0.0064963779 		0.06625 0.0049441388 0.0099979757 100000 1
0.0675 8672.375 	-12474.392 	36.181118 	 115704.65 	-196707.15 	1594.6385 	 -0.0046319567 	-0.0021055247 	0.036679649 	 7.4185956e-05 	3.9000149e-05 	0.00036648883 	 -264.93571 	-179.33882 	-28.488612 	 0.23606111 	-0.095988434 	0.00091575136 	 2.0531969 	-1.9253421 	-0.016108345 		0.0675 0.0048292309 0.007747783 100000 1
0.06875 8562.0822 	-10346.794 	52.396764 	 126746.82 	-169287.38 	2779.3748 	 -0.0046156471 	-0.0022196111 	0.03687592 	 6.8223902e-05 	3.9953998e-05 	0.00043898785 	 -228.04504 	-184.91969 	-25.110789 	 0.23307069 	-0.1039128 	0.00086310729 	 2.0405596 	-2.182631 	-0.027951017 		0.06875 0.0047053716 0.0052189837 100000 1
0.07 8376.0493 	-8228.0434 	69.283134 	 139330.83 	-139376.82 	4287.9373 	 -0.0045995856 	-0.0023416491 	0.037084886 	 6.0319866e-05 	4.0336068e-05 	0.00052926447 	 -189.01927 	-191.41375 	-21.67615 	 0.23005521 	-0.11188921 	0.00079508092 	 2.0149036 	-2.4641087 	-0.043031925 		0.07 0.004570704 0.0023412204 100000 1
0.07125 8081.3239 	-6141.6984 	86.331854 	 155026.61 	-107044.88 	6206.5054 	 -0.0045794859 	-0.0024780642 	0.037328207 	 4.9008467e-05 	3.973131e-05 	0.00066456089 	 -148.76149 	-202.33511 	-18.266203 	 0.227149 	-0.11997659 	0.00070662049 	 1.9609701 	-2.7685943 	-0.0622128 		0.07125 0.004424598 -0.00096606523 100000 1
0.0725 7645.1989 	-4072.4836 	101.74749 	 174071.12 	-73081.209 	8542.161 	 -0.0045604955 	-0.0026239028 	0.037592347 	 3.4885493e-05 	3.7947154e-05 	0.00083822635 	 -105.6316 	-217.34424 	-14.639037 	 0.22454875 	-0.12831072 	0.00059516182 	 1.8761882 	-3.0888796 	-0.085564221 		0.0725 0.004269068 -0.0046399389 100000 1
0.07375 7061.6477 	-2048.7827 	114.92355 	 196943.22 	-38123.329 	11341.173 	 -0.0045425528 	-0.0027621757 	0.037811935 	 2.1524393e-05 	3.5117074e-05 	0.00099428272 	 -57.378241 	-231.79345 	-10.519087 	 0.22235693 	-0.13680781 	0.00045681627 	 1.7556159 	-3.4182441 	-0.11354882 		0.07375 0.0041033979 -0.0087057416 100000 1
0.075 6196.5536 	-314.54923 	114.29726 	 217922.86 	-11623.01 	13468.012 	 -0.0045309573 	-0.0028681165 	0.037952066 	 8.8446802e-06 	3.2356884e-05 	0.0011213054 	 -12.534554 	-240.05246 	-6.0306104 	 0.22113741 	-0.14318239 	0.00034795673 	 1.6569324 	-3.662474 	-0.13481089 		0.075 0.0039268991 -0.013188834 100000 1
