# z jRe_x jRe_y jRe_z jIm_x jIm_y jIm_z BRe_x BRe_y BRe_z BIm_x BIm_y BIm_z F_x F_y F_z VReGrad_x VReGrad_y VReGrad_z VImGrad_x VImGrad_y VImGrad_z s VRe VIm sigma mur
0.02 458.99507 	-1902049.5 	-438.54192 	 -5946.6301 	-4553995 	3163.9645 	 -0.010350658 	0.00023071564 	0.041352495 	 -0.012265581 	0.00018398619 	0.005623844 	 -52132.442 	-9.9213165 	-37772.5 	 -0.11035006 	0.2017297 	0.0059801538 	 -1.5292075 	-0.32450196 	-0.0043358116 		0.02 -0.0048165785 -0.052973359 1200000 1
0.01875 -134.23729 	-2011948.9 	129.38279 	 -3785.0134 	-4402018.2 	5627.7921 	 -0.010319291 	0.00026585388 	0.040869419 	 -0.011271222 	0.00017483818 	0.0047641198 	 -51841.392 	-23.640791 	-35151.879 	 -0.11204411 	0.19158677 	0.00593751 	 -1.529967 	-0.33827192 	-0.0065146528 		0.01875 -0.004803104 -0.052761882 1200000 1
0.0175 -669.69485 	-2102937.6 	664.13512 	 -3009.399 	-4309099 	10751.484 	 -0.0095675099 	0.00032222436 	0.041556744 	 -0.0086366466 	0.00014481829 	0.0056566451 	 -56148.197 	-30.893222 	-28651.928 	 -0.1126936 	0.19208118 	0.0059146938 	 -1.5283797 	-0.33911199 	-0.010904871 		0.0175 -0.0048108482 -0.052750337 1200000 1
0.01625 -974.43468 	-2173512.2 	1500.7903 	 -2195.5695 	-4221289.5 	15171.54 	 -0.008974259 	0.00037504781 	0.041954065 	 -0.0065850854 	0.00011272491 	0.006194379 	 -58944.694 	-33.421524 	-23637.47 	 -0.11325841 	0.19272199 	0.0056282688 	 -1.526409 	-0.34032813 	-0.014712162 		0.01625 -0.0048183006 -0.052733533 1200000 1
0.015 -1194.8585 	-2226556.7 	2525.3155 	 -1635.0395 	-4138298.2 	18956.378 	 -0.0083775745 	0.00042671628 	0.042160813 	 -0.0047817402 	8.0418138e-05 	0.0065100202 	 -60690.4 	-29.248999 	-19217.271 	 -0.11360792 	0.1933163 	0.0051532316 	 -1.5238265 	-0.34180599 	-0.017989197 		0.015 -0.0048252136 -0.052712278 1200000 1
0.01375 -1284.0237 	-2263898.6 	3650.7674 	 -1046.5763 	-4060458.9 	22206.306 	 -0.0077660643 	0.00047674492 	0.042222748 	 -0.0031737068 	4.8279064e-05 	0.0066917541 	 -61665.347 	-22.686838 	-15233.746 	 -0.11378716 	0.19377402 	0.0045445113 	 -1.5208789 	-0.34336494 	-0.020813455 		0.01375 -0.0048313611 -0.052687096 1200000 1
0.0125 -1280.1935 	-2286855.3 	4771.6315 	 -505.81178 	-3988262.2 	24904.935 	 -0.0071344784 	0.00052533405 	0.042095724 	 -0.0017023518 	1.6360421e-05 	0.0067548359 	 -61888.649 	-13.131193 	-11559.149 	 -0.11376772 	0.19404043 	0.0038754485 	 -1.5175152 	-0.34486636 	-0.023164561 		0.0125 -0.0048366355 -0.052658601 1200000 1
0.01125 -1168.0737 	-2296443.3 	5794.2707 	 114.75626 	-3921919.8 	27023.98 	 -0.0064840236 	0.00057281386 	0.041843794 	 -0.00032976619 	-1.4902445e-05 	0.0067462611 	 -61557.674 	-2.5277801 	-8098.9234 	 -0.11357432 	0.19407283 	0.0032125379 	 -1.5138482 	-0.3462132 	-0.025012954 		0.01125 -0.0048409962 -0.052627365 1200000 1
0.01 -992.86236 	-2293353.6 	6640.7158 	 745.44684 	-3861817 	28510.395 	 -0.0058142207 	0.00061932788 	0.04142457 	 0.00097506134 	-4.5342348e-05 	0.0066626324 	 -60644.401 	9.7514292 	-4797.0254 	 -0.11318032 	0.19385646 	0.0026114199 	 -1.5098265 	-0.34734332 	-0.026308824 		0.01 -0.0048445034 -0.052594076 1200000 1
0.00875 -725.93257 	-2278080.4 	7242.3876 	 1485.0528 	-3808098.6 	29294.695 	 -0.0051230386 	0.00066526228 	0.040892031 	 0.0022434573 	-7.4392961e-05 	0.0065280121 	 -59279.966 	21.815642 	-1576.58 	 -0.11262827 	0.19338398 	0.0021229457 	 -1.5055339 	-0.34821472 	-0.026990177 		0.00875 -0.0048472573 -0.05255943 1200000 1
0.0075 -400.72324 	-2250856 	7532.6842 	 2321.0719 	-3761068.7 	29259.844 	 -0.0044140562 	0.00071068984 	0.0402028 	 0.0034980864 	-0.00010177986 	0.0063275247 	 -57411.587 	33.243785 	1591.9602 	 -0.11190907 	0.19267462 	0.0017987865 	 -1.5009617 	-0.34882068 	-0.026956447 		0.0075 -0.0048494468 -0.052524268 1200000 1
0.00625 6.1143263 	-2211720.6 	7453.0436 	 3331.3748 	-3720809.9 	28270.764 	 -0.0036812054 	0.00075601088 	0.039404165 	 0.0047752079 	-0.00012686306 	0.006070633 	 -55126.484 	42.170447 	4792.7295 	 -0.11106787 	0.19175532 	0.0016874793 	 -1.4961727 	-0.34916973 	-0.026094081 		0.00625 -0.0048513028 -0.052489538 1200000 1
0.005 488.4493 	-2160430 	6934.5265 	 4611.8274 	-3687558.7 	26098.281 	 -0.0029310484 	0.00080128433 	0.038448391 	 0.0061005478 	-0.00014910804 	0.0057253535 	 -52339.175 	46.001985 	8054.2076 	 -0.11012654 	0.19068029 	0.001850109 	 -1.4912444 	-0.34930224 	-0.024212871 		0.005 -0.0048531371 -0.052456363 1200000 1
0.00375 1040.2155 	-2096473.2 	5916.2251 	 6185.6992 	-3661324.5 	22451.883 	 -0.002153083 	0.00084689612 	0.037379383 	 0.0075299058 	-0.00016775473 	0.0052845424 	 -49091.857 	42.362606 	11495.274 	 -0.10911347 	0.18951658 	0.0023463629 	 -1.4861914 	-0.34928616 	-0.021074129 		0.00375 -0.0048553345 -0.052426166 1200000 1
0.0025 1580.2003 	-2018938.2 	4400.0191 	 8092.1829 	-3642245.4 	17051.882 	 -0.0013270346 	0.00089241504 	0.036197984 	 0.0091043295 	-0.00018255991 	0.004694359 	 -45314.202 	27.360015 	15201.561 	 -0.10799734 	0.18836535 	0.0031920447 	 -1.4810413 	-0.34922179 	-0.016451211 		0.0025 -0.0048583572 -0.052400668 1200000 1
0.00125 2235.5331 	-1925905.7 	2393.2915 	 10680.648 	-3631390 	9546.8126 	 -0.00032558864 	0.00093952884 	0.034699363 	 0.011114006 	-0.00019146956 	0.0038291626 	 -40570.367 	-5.9977631 	19808.544 	 -0.1069163 	0.18742962 	0.0044072428 	 -1.4760814 	-0.34911854 	-0.010060043 		0.00125 -0.0048626296 -0.052381856 1200000 1
0 3165.8085 	-1830032.7 	1058.0012 	 15621.716 	-3604886.5 	5273.7208 	 0.00018867237 	0.00096309272 	0.033903327 	 0.012205997 	-0.00019416152 	0.0033281885 	 -37174.907 	-42.834916 	22124.085 	 -0.10646587 	0.18704657 	0.0051159687 	 -1.4739516 	-0.34904624 	-0.0063780583 		0 -0.0048569777 -0.052211688 1200000 1
