# y jRe_x jRe_y jRe_z jIm_x jIm_y jIm_z BRe_x BRe_y BRe_z BIm_x BIm_y BIm_z F_x F_y F_z VReGrad_x VReGrad_y VReGrad_z VImGrad_x VImGrad_y VImGrad_z s VRe VIm sigma mur
-0.075 -1810178.3 	-376.75961 	95.990235 	 -4439444 	-197.70576 	302.45202 	 4.2943131e-06 	0.0089447945 	0.038500222 	 7.0210892e-07 	0.011747005 	0.0051175887 	 -9.954337 	46205.627 	-34170.347 	 0.1576324 	4.8160866e-05 	-6.8985873e-05 	 0.35901678 	6.1381978e-05 	-0.0002557725 		-0.075 -1.0261019e-05 -3.777726e-05 1200000 1
-0.07375 -1906871.2 	0.14580364 	0.027087191 	 -4110135.7 	0.11893318 	0.17210285 	 1.6144871e-08 	0.0090257817 	0.037937717 	 1.0186167e-08 	0.01131031 	0.0039086074 	 0.0017074008 	44374.005 	-31836.398 	 0.1437306 	1.0928692e-05 	-4.8069523e-07 	 0.30327453 	-1.5009054e-05 	-4.4147765e-07 		-0.07375 9.9886338e-08 2.270225e-06 1200000 1
-0.0725 -1933960.2 	0.31299097 	0.10917931 	 -3768033.3 	0.49383385 	-0.1226706 	 1.6949881e-08 	0.0098688872 	0.035947554 	 9.879486e-09 	0.012335635 	0.00051567731 	 0.0056970655 	35858.241 	-32811.117 	 0.11498198 	1.101209e-05 	-5.7027513e-07 	 0.18725283 	-1.5721233e-05 	-2.0145352e-07 		-0.0725 1.1361379e-07 2.2511031e-06 1200000 1
-0.07125 -1935892.3 	0.48278261 	0.17536335 	 -3449477.9 	0.87040825 	-0.3799168 	 1.7595158e-08 	0.010449671 	0.03405816 	 9.7698471e-09 	0.012773585 	-0.0021661904 	 0.0086906543 	29344.934 	-32184.355 	 0.087927738 	1.1083691e-05 	-6.4695919e-07 	 0.076164911 	-1.6441299e-05 	8.706005e-09 		-0.07125 1.2741612e-07 2.2308828e-06 1200000 1
-0.07 -1919151.4 	0.68417401 	0.13060835 	 -3152940.2 	0.86914119 	-0.37214412 	 1.8507885e-08 	0.010748893 	0.03221518 	 9.5826958e-09 	0.012760001 	-0.0044709812 	 0.010626723 	23986.649 	-30474.498 	 0.062680606 	1.1114204e-05 	-6.3024387e-07 	 -0.029840463 	-1.6854166e-05 	-1.8823458e-10 		-0.07 1.413029e-07 2.2099851e-06 1200000 1
-0.06875 -1887064.8 	0.7996787 	0.15624567 	 -2877450.6 	0.87637608 	-0.47401988 	 1.9524642e-08 	0.010897982 	0.0304526 	 8.5953883e-09 	0.012504227 	-0.0064514551 	 0.011330673 	19557.328 	-28316.689 	 0.039172367 	1.1195809e-05 	-6.719826e-07 	 -0.13094927 	-1.7278412e-05 	8.3303213e-08 		-0.06875 1.5512525e-07 2.1888488e-06 1200000 1
-0.0675 -1842919.5 	0.96284246 	0.18216961 	 -2621193.2 	0.86631618 	-0.59041618 	 2.0484225e-08 	0.010922686 	0.028770076 	 7.8696529e-09 	0.012122038 	-0.0081568459 	 0.012781484 	15906.393 	-25995.488 	 0.017349714 	1.1236254e-05 	-7.13215e-07 	 -0.22742613 	-1.7696367e-05 	1.7983645e-07 		-0.0675 1.6919125e-07 2.1669464e-06 1200000 1
-0.06625 -1788773.8 	1.1652265 	0.21412962 	 -2383336.1 	0.85825792 	-0.6499307 	 2.1387406e-08 	0.010820864 	0.027162723 	 7.590829e-09 	0.011583762 	-0.0096207531 	 0.014197468 	12899.794 	-23523.288 	 -0.00282283 	1.1243401e-05 	-7.5816411e-07 	 -0.31935069 	-1.8120592e-05 	2.3040948e-07 		-0.06625 1.8309232e-07 2.1448212e-06 1200000 1
-0.065 -1726642.6 	1.3226974 	0.15361746 	 -2163281.1 	0.85046863 	-0.56719745 	 2.2531186e-08 	0.010657992 	0.025625047 	 7.282572e-09 	0.011021938 	-0.010881771 	 0.014535968 	10399.304 	-21157.09 	 -0.02139724 	1.1274092e-05 	-7.244886e-07 	 -0.40680522 	-1.8551091e-05 	1.6416127e-07 		-0.065 1.9712614e-07 2.121937e-06 1200000 1
-0.06375 -1658104.5 	1.3701704 	0.13858663 	 -1960020.1 	0.90371493 	-0.53803148 	 2.3741544e-08 	0.010375054 	0.024160846 	 6.1621445e-09 	0.010347299 	-0.011959077 	 0.013162393 	8351.7396 	-18780.057 	 -0.038421144 	1.1373997e-05 	-7.2792786e-07 	 -0.48989627 	-1.9037227e-05 	1.4361325e-07 		-0.06375 2.1107968e-07 2.0987806e-06 1200000 1
-0.0625 -1582467.9 	1.4673436 	0.15229591 	 -1773591.7 	0.85005971 	-0.59044069 	 2.4659143e-08 	0.010061205 	0.022746872 	 4.8016942e-09 	0.0096281754 	-0.012922851 	 0.013244728 	6573.2006 	-16545.505 	 -0.05400469 	1.1428033e-05 	-7.5475472e-07 	 -0.56902544 	-1.943909e-05 	1.9162745e-07 		-0.0625 2.2539814e-07 2.0745829e-06 1200000 1
-0.06125 -1503825 	1.6724632 	0.18889351 	 -1600953.3 	0.6603639 	-0.67086025 	 2.5451038e-08 	0.0096824604 	0.021418186 	 3.744318e-09 	0.00889927 	-0.013730642 	 0.01541944 	5155.5921 	-14465.56 	 -0.068225758 	1.1398567e-05 	-8.0036625e-07 	 -0.64426754 	-1.9730318e-05 	2.6371328e-07 		-0.06125 2.3967061e-07 2.0500834e-06 1200000 1
-0.06 -1425183.2 	1.8340134 	0.18540618 	 -1444989.4 	0.57161649 	-0.63577191 	 2.6875279e-08 	0.0092543225 	0.020254963 	 3.6989872e-09 	0.0083241978 	-0.014345973 	 0.016253773 	4102.1146 	-12664.637 	 -0.080861238 	1.1402117e-05 	-8.1221802e-07 	 -0.71421134 	-2.0104395e-05 	2.4076715e-07 		-0.06 2.5352698e-07 2.0258952e-06 1200000 1
-0.05875 -1345622.2 	1.8397628 	0.12283279 	 -1301686.5 	0.68006939 	-0.4754557 	 2.8402738e-08 	0.0088005617 	0.019189354 	 3.4090311e-09 	0.0077788804 	-0.014831225 	 0.013944852 	3292.4279 	-11039.715 	 -0.092244899 	1.151343e-05 	-7.7446598e-07 	 -0.780326 	-2.0646365e-05 	1.1469817e-07 		-0.05875 2.674416e-07 2.0011583e-06 1200000 1
-0.0575 -1263559.5 	1.8174017 	0.11258645 	 -1170943.6 	0.72837898 	-0.39205119 	 2.9818008e-08 	0.0082733879 	0.018162259 	 1.8007596e-09 	0.007154319 	-0.015271827 	 0.011942459 	2561.9907 	-9465.5703 	 -0.10251329 	1.1631991e-05 	-7.805742e-07 	 -0.84324803 	-2.1136888e-05 	5.3122253e-08 		-0.0575 2.814745e-07 1.9757964e-06 1200000 1
-0.05625 -1181253.4 	1.9680928 	0.13348196 	 -1050307 	0.45520736 	-0.42584614 	 3.1007786e-08 	0.0077631358 	0.017214123 	 1.9568222e-10 	0.0065677791 	-0.015634962 	 0.014306642 	1983.6102 	-8083.6702 	 -0.11174059 	1.1617144e-05 	-8.138443e-07 	 -0.90307956 	-2.136374e-05 	8.9249473e-08 		-0.05625 2.9577812e-07 1.9496408e-06 1200000 1
-0.055 -1098954.2 	2.1315776 	0.18171057 	 -940205.43 	0.2177995 	-0.51079551 	 3.2140335e-08 	0.007191534 	0.016331336 	 -5.1084288e-10 	0.0059724746 	-0.015941506 	 0.016577075 	1502.2922 	-6805.6223 	 -0.11995834 	1.15926e-05 	-8.707425e-07 	 -0.95976172 	-2.161509e-05 	1.6889437e-07 		-0.055 3.0972884e-07 1.9238257e-06 1200000 1
-0.05375 -1017353.7 	2.1482643 	0.12645896 	 -839294.91 	0.25196265 	-0.39074166 	 3.3352095e-08 	0.0066539138 	0.015520533 	 -1.2391896e-09 	0.0054329867 	-0.016184223 	 0.015313481 	1121.1614 	-5708.684 	 -0.12726009 	1.1675015e-05 	-8.4164844e-07 	 -1.0135638 	-2.2094058e-05 	7.8998631e-08 		-0.05375 3.2384171e-07 1.8973122e-06 1200000 1
-0.0525 -936622.44 	2.0714253 	0.08990758 	 -747325.45 	0.32940508 	-0.26138625 	 3.4592498e-08 	0.0060673773 	0.014776096 	 -3.0641992e-09 	0.0048975372 	-0.016371322 	 0.013079341 	817.10085 	-4713.887 	 -0.13370655 	1.1819037e-05 	-8.290197e-07 	 -1.0646005 	-2.2608668e-05 	-1.8170526e-08 		-0.0525 3.3789421e-07 1.8705326e-06 1200000 1
-0.05125 -856986.74 	2.1314536 	0.080291465 	 -663562.48 	0.1262705 	-0.2292241 	 3.5860365e-08 	0.0054976853 	0.014105595 	 -5.0375618e-09 	0.0044143337 	-0.016519683 	 0.014398697 	571.13904 	-3858.1723 	 -0.1393737 	1.1857543e-05 	-8.404463e-07 	 -1.1130439 	-2.2890527e-05 	-3.4628429e-08 		-0.05125 3.5220159e-07 1.8430623e-06 1200000 1
-0.05 -778079.64 	2.306323 	0.14092351 	 -586442.89 	-0.13850639 	-0.39983653 	 3.6762883e-08 	0.0049104622 	0.01348121 	 -6.5578042e-09 	0.0039261408 	-0.016638733 	 0.017215476 	373.42726 	-3100.3186 	 -0.14437893 	1.1808536e-05 	-9.123456e-07 	 -1.1594776 	-2.3116455e-05 	1.1823006e-07 		-0.05 3.6631417e-07 1.8156608e-06 1200000 1
-0.04875 -699490.06 	2.4228001 	0.11793478 	 -515549.31 	-0.23144743 	-0.39197963 	 3.7528724e-08 	0.0043861887 	0.01286844 	 -7.7630473e-09 	0.0034592295 	-0.016761678 	 0.017968828 	187.50471 	-2465.4332 	 -0.14881386 	1.179831e-05 	-9.1509082e-07 	 -1.2042435 	-2.348308e-05 	1.2365464e-07 		-0.04875 3.8063199e-07 1.7873814e-06 1200000 1
-0.0475 -622536.25 	2.4159109 	0.05919681 	 -450089.2 	-0.25218006 	-0.2477967 	 3.8044956e-08 	0.0038769497 	0.012322057 	 -9.6058274e-09 	0.0030146183 	-0.016839856 	 0.017386006 	57.204506 	-1928.09 	 -0.15272199 	1.1873884e-05 	-8.8870625e-07 	 -1.2471929 	-2.3912112e-05 	1.6182236e-08 		-0.0475 3.9495392e-07 1.7586623e-06 1200000 1
-0.04625 -549438.84 	2.3319751 	0.027199721 	 -393135.63 	-0.15279901 	-0.14241777 	 3.966327e-08 	0.0032292206 	0.011944249 	 -1.1527895e-08 	0.0026632124 	-0.016842924 	 0.015544949 	-18.2851 	-1447.7942 	 -0.15596192 	1.2021369e-05 	-8.8553128e-07 	 -1.286921 	-2.4435138e-05 	-5.9592002e-08 		-0.04625 4.0882176e-07 1.7305724e-06 1200000 1
-0.045 -477674.71 	2.4308101 	0.051059467 	 -340112.01 	-0.28344009 	-0.23201275 	 4.1151713e-08 	0.0025971211 	0.011632913 	 -1.3341456e-08 	0.0023274524 	-0.016822896 	 0.016814485 	-69.785015 	-1050.0315 	 -0.15884783 	1.2037114e-05 	-9.3039391e-07 	 -1.3253414 	-2.4771268e-05 	2.6716784e-08 		-0.045 4.2276685e-07 1.7020938e-06 1200000 1
-0.04375 -406399.73 	2.5428906 	0.114712 	 -290391.74 	-0.25932483 	-0.42754784 	 4.2462682e-08 	0.0019677974 	0.011316209 	 -1.4042357e-08 	0.0019806578 	-0.016828077 	 0.016889238 	-133.08415 	-719.47754 	 -0.16149046 	1.2044294e-05 	-1.0091348e-06 	 -1.362983 	-2.5226248e-05 	2.019851e-07 		-0.04375 4.3654163e-07 1.6734783e-06 1200000 1
-0.0425 -335944.69 	2.4964443 	0.042799614 	 -243297.06 	0.044755558 	-0.26097618 	 4.3515737e-08 	0.0014087036 	0.011036574 	 -1.4457134e-08 	0.0016485471 	-0.01682398 	 0.013634831 	-183.35034 	-471.31174 	 -0.16395858 	1.2173085e-05 	-9.7429994e-07 	 -1.3999306 	-2.5918143e-05 	7.6666908e-08 		-0.0425 4.5059306e-07 1.6438064e-06 1200000 1
-0.04125 -266577.24 	2.3902584 	0.01275433 	 -199474.71 	0.25808514 	-0.11726597 	 4.4636608e-08 	0.00081288578 	0.010803095 	 -1.6144401e-08 	0.0013224409 	-0.016806778 	 0.010998672 	-228.76702 	-274.46322 	 -0.16628439 	1.2347148e-05 	-9.7435937e-07 	 -1.4360033 	-2.6533741e-05 	-2.9675809e-08 		-0.04125 4.6461035e-07 1.6137117e-06 1200000 1
-0.04 -198178.63 	2.4557649 	0.0036474447 	 -157918.48 	0.19099622 	-0.13539375 	 4.5828879e-08 	0.0002386219 	0.010625605 	 -1.7919348e-08 	0.0010181398 	-0.016782214 	 0.011720137 	-266.61017 	-138.14223 	 -0.16854838 	1.2403522e-05 	-9.927072e-07 	 -1.4714475 	-2.6923049e-05 	-1.620675e-09 		-0.04 4.7882094e-07 1.5830855e-06 1200000 1
-0.03875 -130406.52 	2.5335954 	0.07641894 	 -118182.15 	0.36623113 	-0.37443398 	 4.7162162e-08 	-0.00035518775 	0.010483806 	 -1.8337573e-08 	0.00071475133 	-0.016759253 	 0.010474666 	-302.41886 	-53.304516 	 -0.17084467 	1.2462562e-05 	-1.0798218e-06 	 -1.5065598 	-2.7507916e-05 	2.1077041e-07 		-0.03875 4.9282344e-07 1.5524433e-06 1200000 1
-0.0375 -63234.717 	2.5016576 	0.031969423 	 -79844.468 	0.80998563 	-0.29987402 	 4.8691315e-08 	-0.00092390678 	0.010382272 	 -1.7980995e-08 	0.00042954847 	-0.016737114 	 0.0063034281 	-337.51959 	-21.166742 	 -0.17324145 	1.261464e-05 	-1.0684326e-06 	 -1.5414819 	-2.8312749e-05 	1.6291205e-07 		-0.0375 5.0697035e-07 1.5209576e-06 1200000 1
-0.03625 3975.2334 	2.3745749 	2.0351989e-05 	 -42184.853 	1.0759945 	-0.14138943 	 4.9815768e-08 	-0.0014637044 	0.010313558 	 -1.8382244e-08 	0.00013486854 	-0.016707374 	 0.0034525231 	-370.84598 	-40.024033 	 -0.17587979 	1.2834514e-05 	-1.0673271e-06 	 -1.5766649 	-2.8969745e-05 	4.5783696e-08 		-0.03625 5.2125588e-07 1.4886666e-06 1200000 1
-0.035 71776.662 	2.4362843 	-0.050948277 	 -3974.0706 	0.93814293 	-0.10448628 	 5.0750701e-08 	-0.0019282877 	0.0102551 	 -1.9845315e-08 	-0.00014990153 	-0.016696532 	 0.0049960376 	-398.25796 	-101.89536 	 -0.1789219 	1.2906518e-05 	-1.051063e-06 	 -1.6126053 	-2.9292228e-05 	2.9909149e-08 		-0.035 5.3607455e-07 1.455148e-06 1200000 1
-0.03375 139786.99 	2.5964974 	-0.045601314 	 34567.954 	0.81634401 	-0.28927746 	 5.1532076e-08 	-0.0023800685 	0.010245498 	 -2.1348184e-08 	-0.00043407928 	-0.016683159 	 0.0066708088 	-422.64534 	-206.94758 	 -0.18238414 	1.2907465e-05 	-1.0828534e-06 	 -1.6491154 	-2.9625454e-05 	1.9876532e-07 		-0.03375 5.5095811e-07 1.4211555e-06 1200000 1
-0.0325 205142.4 	2.5379077 	-0.026689691 	 70087.831 	1.2424475 	-0.41260206 	 5.417214e-08 	-0.0030612643 	0.010374876 	 -2.0639269e-08 	-0.00070703894 	-0.016618316 	 0.0027357993 	-475.83094 	-365.38364 	 -0.18596094 	1.3104456e-05 	-1.1255142e-06 	 -1.684329 	-3.0399364e-05 	3.157016e-07 		-0.0325 5.6497418e-07 1.3887872e-06 1200000 1
-0.03125 270801.67 	2.3398937 	-0.076905319 	 106204.27 	1.8448124 	-0.28256489 	 5.6248294e-08 	-0.0037188067 	0.010553344 	 -1.9793286e-08 	-0.00098482063 	-0.016540274 	 -0.0029596255 	-544.25431 	-579.2361 	 -0.19003683 	1.3410632e-05 	-1.110784e-06 	 -1.7202173 	-3.1319845e-05 	2.2199003e-07 		-0.03125 5.7905529e-07 1.3560161e-06 1200000 1
-0.03 337663.88 	2.138119 	-0.11120754 	 145331.93 	2.2358958 	-0.2020175 	 5.8179398e-08 	-0.004332432 	0.010739522 	 -2.0583594e-08 	-0.0012881682 	-0.016469287 	 -0.0068059468 	-611.62013 	-847.04906 	 -0.19489382 	1.3713826e-05 	-1.1095624e-06 	 -1.7577433 	-3.2059919e-05 	1.6905154e-07 		-0.03 5.9351762e-07 1.3220677e-06 1200000 1
-0.02875 405537.25 	2.2169189 	-0.18594733 	 186955.06 	2.1916251 	-0.24534526 	 5.9742578e-08 	-0.0048941924 	0.010967275 	 -2.2425837e-08 	-0.0015873532 	-0.016397958 	 -0.0060105174 	-687.76335 	-1164.5671 	 -0.20054035 	1.3806921e-05 	-1.0750335e-06 	 -1.7966681 	-3.2445845e-05 	2.1832491e-07 		-0.02875 6.0834277e-07 1.2874231e-06 1200000 1
-0.0275 474167.85 	2.2996782 	-0.1241913 	 231012.44 	2.4427337 	-0.53266048 	 6.1983475e-08 	-0.0054745757 	0.01123046 	 -2.3479739e-08 	-0.0019057884 	-0.016326775 	 -0.0075727836 	-775.11128 	-1542.2019 	 -0.2070443 	1.391406e-05 	-1.1546213e-06 	 -1.8369388 	-3.3065347e-05 	4.7003869e-07 		-0.0275 6.2299019e-07 1.2527763e-06 1200000 1
-0.02625 543733.92 	2.2832269 	-0.16557741 	 277989 	2.9789744 	-0.47777395 	 6.4118703e-08 	-0.0060283905 	0.011541145 	 -2.356973e-08 	-0.0022251767 	-0.016244152 	 -0.011747058 	-880.09036 	-1973.0119 	 -0.21450527 	1.4118047e-05 	-1.1473557e-06 	 -1.8787641 	-3.3917326e-05 	4.3629768e-07 		-0.02625 6.3779433e-07 1.2174311e-06 1200000 1
-0.025 614329.81 	2.0895173 	-0.16264719 	 328281.34 	3.5712486 	-0.48759304 	 6.6101093e-08 	-0.0065776772 	0.011908047 	 -2.3830091e-08 	-0.0025717851 	-0.016132857 	 -0.016928107 	-1011.5322 	-2468.3862 	 -0.22304806 	1.4470436e-05 	-1.1767745e-06 	 -1.9222946 	-3.4808862e-05 	4.5556244e-07 		-0.025 6.526717e-07 1.181457e-06 1200000 1
-0.02375 685368.26 	2.0837627 	-0.27292613 	 382371.42 	4.0275051 	-0.4904693 	 6.8327298e-08 	-0.007151241 	0.012344699 	 -2.4254581e-08 	-0.0029291552 	-0.01599187 	 -0.020191401 	-1175.2503 	-3034.5887 	 -0.2326699 	1.4689237e-05 	-1.1101681e-06 	 -1.9673504 	-3.5587033e-05 	4.6721052e-07 		-0.02375 6.6777354e-07 1.1451393e-06 1200000 1
-0.0225 758487.5 	2.2006374 	-0.25492082 	 442174.4 	4.5323998 	-0.67286069 	 7.0485532e-08 	-0.0076546561 	0.012818471 	 -2.4859359e-08 	-0.0032934268 	-0.015846959 	 -0.023103286 	-1360.2809 	-3655.3023 	 -0.24386164 	1.481915e-05 	-1.1498002e-06 	 -2.0151723 	-3.6399405e-05 	6.2719713e-07 		-0.0225 6.830816e-07 1.1076931e-06 1200000 1
-0.02125 833977.6 	2.4482366 	-0.29922574 	 509771.47 	4.6759435 	-0.65501305 	 7.289455e-08 	-0.0080613132 	0.01333819 	 -2.5323806e-08 	-0.0036664624 	-0.01569344 	 -0.022264344 	-1564.9101 	-4315.1078 	 -0.25703641 	1.4854758e-05 	-1.1358118e-06 	 -2.0665137 	-3.6899698e-05 	6.1899735e-07 		-0.02125 6.9890484e-07 1.068532e-06 1200000 1
-0.02 911076.86 	2.5770654 	-0.3025843 	 583583.98 	4.7487482 	-0.74427098 	 7.4486272e-08 	-0.0083960923 	0.013929516 	 -2.5498859e-08 	-0.0040360545 	-0.015491304 	 -0.02070677 	-1830.8672 	-5019.648 	 -0.27204222 	1.4993632e-05 	-1.1554179e-06 	 -2.1206662 	-3.7333852e-05 	6.9818305e-07 		-0.02 7.148987e-07 1.0285439e-06 1200000 1
-0.01875 984312.68 	2.2161368 	-0.33569414 	 657513.99 	6.1212498 	-0.84009587 	 7.8429173e-08 	-0.0090729597 	0.01465915 	 -2.2372648e-08 	-0.0044907927 	-0.015168179 	 -0.032151111 	-2235.3031 	-5948.8222 	 -0.28742492 	1.5561854e-05 	-1.1466591e-06 	 -2.1735915 	-3.8827489e-05 	7.7848361e-07 		-0.01875 7.2990277e-07 9.9107056e-07 1200000 1
-0.0175 1058492.6 	2.0193634 	-0.431728 	 738173.31 	7.3596753 	-0.86547532 	 8.1665842e-08 	-0.0097114598 	0.015450825 	 -1.9642727e-08 	-0.0049350714 	-0.014795165 	 -0.042001167 	-2726.4886 	-6962.5022 	 -0.30461106 	1.6002457e-05 	-1.0838895e-06 	 -2.2291325 	-4.0206466e-05 	7.9733289e-07 		-0.0175 7.4521347e-07 9.5289978e-07 1200000 1
-0.01625 1134036.4 	1.9335134 	-0.38822388 	 829844.22 	8.4073942 	-0.93430638 	 8.560859e-08 	-0.010236367 	0.016305927 	 -1.6437043e-08 	-0.0054003012 	-0.014379395 	 -0.048601553 	-3294.08 	-8044.3267 	 -0.32442084 	1.6349131e-05 	-1.135295e-06 	 -2.2888504 	-4.1406834e-05 	8.4867327e-07 		-0.01625 7.609401e-07 9.1315274e-07 1200000 1
-0.015 1210563.2 	1.7156189 	-0.49421677 	 932140.43 	9.2700404 	-0.81676681 	 8.8788886e-08 	-0.010658781 	0.017242271 	 -1.3615074e-08 	-0.0058452712 	-0.013885827 	 -0.053851714 	-3988.6186 	-9177.8251 	 -0.34696154 	1.6806122e-05 	-1.0602906e-06 	 -2.3526106 	-4.2443182e-05 	7.4088589e-07 		-0.015 7.7711496e-07 8.7209755e-07 1200000 1
-0.01375 1286252.6 	1.3124586 	-0.50002926 	 1044764.6 	10.001408 	-1.2106211 	 9.2667488e-08 	-0.011034436 	0.018289017 	 -9.5399677e-09 	-0.0063212821 	-0.013257634 	 -0.059796176 	-4868.3693 	-10400.666 	 -0.37210054 	1.7413149e-05 	-1.0670505e-06 	 -2.4196567 	-4.3349224e-05 	1.0526898e-06 		-0.01375 7.9364845e-07 8.303699e-07 1200000 1
-0.0125 1360343.6 	1.2308884 	-0.43636997 	 1168432.9 	10.245056 	-1.9820107 	 9.62141e-08 	-0.01137262 	0.019443428 	 -5.1513158e-09 	-0.006799685 	-0.012470827 	 -0.060034837 	-5973.5948 	-11702.256 	 -0.40000519 	1.7757314e-05 	-1.1282402e-06 	 -2.4899756 	-4.383586e-05 	1.670828e-06 		-0.0125 8.1039736e-07 7.889305e-07 1200000 1
-0.01125 1431843.4 	1.2834574 	-0.21592706 	 1304556 	10.144173 	-2.8257973 	 1.0014268e-07 	-0.011697504 	0.020758623 	 8.4806356e-10 	-0.0072345869 	-0.011492155 	 -0.055749978 	-7400.8867 	-13077.642 	 -0.43103532 	1.7977556e-05 	-1.3125367e-06 	 -2.5638434 	-4.401103e-05 	2.3405868e-06 		-0.01125 8.2716573e-07 7.4744873e-07 1200000 1
-0.01 1451676.2 	1.2275018 	0.59773219 	 1405182.8 	8.942369 	-5.2017149 	 1.0433445e-07 	-0.011914892 	0.022302193 	 1.0031034e-08 	-0.0076269092 	-0.01028983 	 -0.048425576 	-8906.2577 	-13996.277 	 -0.46674301 	1.748993e-05 	-1.9397545e-06 	 -2.6441624 	-4.275589e-05 	3.669461e-06 		-0.01 8.4460985e-07 7.0306806e-07 1164114.6 1
-0.00875 653605.24 	2.1246543 	0.33160055 	 652032.46 	2.8127517 	-2.00724 	 1.0747073e-07 	-0.011612895 	0.02368026 	 1.6653622e-08 	-0.0076686047 	-0.0092132941 	 0.0053147864 	-4405.9253 	-6140.9822 	 -0.52442926 	5.2714496e-06 	-1.2905762e-06 	 -2.7681757 	-3.767044e-05 	-7.5154651e-06 		-0.00875 8.7257603e-07 6.112594e-07 504168.79 1
-0.0075 136151.57 	2.3661937 	0.13178427 	 154639.42 	-0.2329846 	1.0535699 	 1.0952164e-07 	-0.011198838 	0.024589958 	 2.0220548e-08 	-0.0075077058 	-0.0085200634 	 0.034970836 	-1018.0717 	-1340.2773 	 -0.55918074 	-3.9182777e-06 	-2.6704311e-06 	 -2.8488578 	-3.3846734e-05 	-1.0699084e-05 		-0.0075 8.8841399e-07 5.2886495e-07 100000 1
-0.00625 137343.23 	2.3180411 	0.43050004 	 163916.2 	1.2526422 	-0.14420338 	 1.1063345e-07 	-0.010746527 	0.02528114 	 2.2114887e-08 	-0.007201683 	-0.0080233474 	 0.02619298 	-1080.6819 	-1326.9195 	 -0.56708641 	-3.2014732e-06 	-5.5963511e-06 	 -2.8752037 	-4.8857583e-05 	1.2148473e-06 		-0.00625 8.8891542e-07 4.7471212e-07 100000 1
-0.005 137755.03 	2.7824609 	0.48199258 	 172039.56 	1.2996584 	-0.51844118 	 1.1131485e-07 	-0.010072384 	0.025899333 	 2.4186834e-08 	-0.006912699 	-0.0075565387 	 0.031626367 	-1135.1449 	-1288.2585 	 -0.56910163 	-7.6212228e-06 	-6.0495961e-06 	 -2.8858864 	-4.9458624e-05 	4.8888535e-06 		-0.005 8.8396812e-07 4.2540273e-07 100000 1
-0.00375 137368.88 	3.2842552 	0.50128702 	 179431.18 	0.92142905 	-0.50891551 	 1.099542e-07 	-0.0091781655 	0.026424378 	 2.5184952e-08 	-0.0066416491 	-0.0071005934 	 0.040522233 	-1178.7785 	-1226.9479 	 -0.56579221 	-1.2430438e-05 	-6.179154e-06 	 -2.8802627 	-4.5774826e-05 	4.7176421e-06 		-0.00375 8.7285011e-07 3.7439711e-07 100000 1
-0.0025 136341.52 	3.7377975 	0.43867808 	 184320.46 	1.0579971 	-0.3983887 	 1.1040403e-07 	-0.0089895383 	0.02674555 	 2.6888459e-08 	-0.006396521 	-0.0067212297 	 0.046959015 	-1204.349 	-1203.9913 	 -0.55787379 	-1.6795015e-05 	-5.5025219e-06 	 -2.8614799 	-4.7215379e-05 	3.5476062e-06 		-0.0025 8.5805758e-07 3.3406018e-07 100000 1
-0.00125 134942.1 	4.1861634 	0.40336203 	 188934.83 	0.98346298 	-0.35733159 	 1.0928647e-07 	-0.0084853811 	0.027133054 	 2.697397e-08 	-0.0061172165 	-0.0063339904 	 0.054194898 	-1232.5656 	-1152.3597 	 -0.54775266 	-2.111925e-05 	-5.0991599e-06 	 -2.8330404 	-4.6526572e-05 	3.0709996e-06 		-0.00125 8.3872688e-07 2.8824266e-07 100000 1
5.2475385e-17 133118.67 	4.6261654 	0.38073186 	 192791.37 	1.0034763 	-0.39552853 	 1.0773011e-07 	-0.0079269157 	0.027493374 	 2.660013e-08 	-0.0058466886 	-0.0059727878 	 0.060871871 	-1254.2523 	-1093.2896 	 -0.53498949 	-2.5358333e-05 	-4.8251447e-06 	 -2.7944097 	-4.6777466e-05 	3.3876711e-06 		5.2475385e-17 8.1563456e-07 2.4153474e-07 100000 1
0.00125 130822.03 	5.039192 	0.35602836 	 195502.34 	1.1474335 	-0.42544686 	 1.061123e-07 	-0.0074855309 	0.027775945 	 2.619642e-08 	-0.0055784552 	-0.005664148 	 0.066787495 	-1263.1314 	-1037.7342 	 -0.51949309 	-2.9341543e-05 	-4.5362101e-06 	 -2.7448937 	-4.8241943e-05 	3.6278487e-06 		0.00125 7.8737971e-07 1.9417804e-07 100000 1
0.0025 128311.6 	5.4846305 	0.32518176 	 197366.99 	1.3505486 	-0.40609313 	 1.0560506e-07 	-0.0071150707 	0.028027863 	 2.6691501e-08 	-0.005302941 	-0.0053757078 	 0.073217739 	-1267.5508 	-982.52269 	 -0.50248404 	-3.3664179e-05 	-4.1905327e-06 	 -2.6884115 	-5.0279887e-05 	3.3823769e-06 		0.0025 7.555756e-07 1.462572e-07 100000 1
0.00375 125551.13 	5.8586567 	0.31600761 	 198653.03 	1.494352 	-0.37424878 	 1.046153e-07 	-0.0067064389 	0.028251878 	 2.7342035e-08 	-0.0050483001 	-0.0051120231 	 0.078960936 	-1265.6655 	-924.86151 	 -0.48390447 	-3.7281831e-05 	-4.0640795e-06 	 -2.6245647 	-5.1709186e-05 	3.0163287e-06 		0.00375 7.202162e-07 9.5514783e-08 100000 1
0.005 122284.75 	6.0857905 	0.32888306 	 199231.54 	1.4281521 	-0.37587069 	 1.0110581e-07 	-0.0060240986 	0.028463901 	 2.6091449e-08 	-0.004759787 	-0.0048732181 	 0.083134655 	-1254.7159 	-845.3851 	 -0.46238617 	-3.9450375e-05 	-4.1609241e-06 	 -2.5472583 	-5.1002293e-05 	2.9905573e-06 		0.005 6.7768526e-07 3.8166337e-08 100000 1
0.00625 119220.94 	6.4571997 	0.2603799 	 198971.21 	1.6338952 	-0.33355751 	 1.0148508e-07 	-0.0059594206 	0.028614135 	 2.7246807e-08 	-0.004525482 	-0.004674141 	 0.08853706 	-1240.4817 	-808.52354 	 -0.44185446 	-4.3056947e-05 	-3.4499183e-06 	 -2.4732366 	-5.3037424e-05 	2.5360117e-06 		0.00625 6.3740263e-07 -1.1036302e-08 100000 1
0.0075 115859.49 	6.7455973 	0.22886525 	 198243.33 	1.7434227 	-0.38946796 	 9.9966609e-08 	-0.0056145116 	0.028751797 	 2.7303643e-08 	-0.0042938083 	-0.0044950661 	 0.092841051 	-1219.8288 	-753.60258 	 -0.41935253 	-4.5835655e-05 	-3.1095623e-06 	 -2.3892324 	-5.4087777e-05 	3.0671758e-06 		0.0075 5.9207184e-07 -6.5437035e-08 100000 1
0.00875 112317.41 	6.9966048 	0.20705685 	 197012.15 	1.8765265 	-0.43075668 	 9.7996269e-08 	-0.0052043138 	0.028869238 	 2.7364361e-08 	-0.00404919 	-0.0043352036 	 0.096580314 	-1194.0641 	-693.56862 	 -0.39570082 	-4.825947e-05 	-2.8695148e-06 	 -2.2990133 	-5.5347542e-05 	3.4588932e-06 		0.00875 5.4259496e-07 -1.2284916e-07 100000 1
0.01 108702.28 	7.2099988 	0.17733825 	 195272.92 	2.0057739 	-0.42536461 	 9.7019692e-08 	-0.004907682 	0.028966082 	 2.8275833e-08 	-0.0038266836 	-0.0041930667 	 0.099805455 	-1164.8046 	-643.42758 	 -0.37160525 	-5.0321965e-05 	-2.5541152e-06 	 -2.2051988 	-5.6545586e-05 	3.39244e-06 		0.01 4.9082023e-07 -1.8099493e-07 100000 1
0.01125 105140.96 	7.3963625 	0.1629859 	 193237.79 	2.1441732 	-0.37281298 	 9.6054953e-08 	-0.0047119744 	0.029041746 	 2.9209744e-08 	-0.0036350547 	-0.0040749746 	 0.10271973 	-1132.8479 	-601.75434 	 -0.34768904 	-5.2126857e-05 	-2.39396e-06 	 -2.1104516 	-5.7820472e-05 	2.8596315e-06 		0.01125 4.3826835e-07 -2.3935156e-07 100000 1
0.0125 101502.08 	7.5072666 	0.14785974 	 190898.63 	2.1748645 	-0.34498962 	 9.4485206e-08 	-0.004456073 	0.029120695 	 2.9353703e-08 	-0.0034342936 	-0.0039659258 	 0.1047324 	-1099.2324 	-556.1843 	 -0.3231792 	-5.3192011e-05 	-2.2279203e-06 	 -2.0116489 	-5.7999575e-05 	2.579112e-06 		0.0125 3.8295271e-07 -3.002861e-07 100000 1
0.01375 97611.535 	7.5087861 	0.12084867 	 188099.3 	2.1494553 	-0.43124893 	 9.1229973e-08 	-0.0039419545 	0.029193008 	 2.8198134e-08 	-0.0032213606 	-0.0038736865 	 0.10500459 	-1060.3988 	-497.82779 	 -0.296928 	-5.3171224e-05 	-1.944517e-06 	 -1.9033262 	-5.7587017e-05 	3.4450465e-06 		0.01375 3.222409e-07 -3.6689103e-07 100000 1
0.015 94216.489 	7.6998146 	0.078918154 	 185512.48 	2.3492415 	-0.4361173 	 9.1414545e-08 	-0.0039931982 	0.029233839 	 2.9791625e-08 	-0.0030868576 	-0.0037952161 	 0.1076088 	-1025.0231 	-477.15447 	 -0.27394469 	-5.5038516e-05 	-1.5125453e-06 	 -1.8077033 	-5.9445733e-05 	3.4994333e-06 		0.015 2.6812859e-07 -4.2447143e-07 100000 1
0.01625 90660.512 	7.765652 	0.06265898 	 182644.93 	2.4344634 	-0.4287834 	 9.0141327e-08 	-0.0037794895 	0.029278789 	 3.0597935e-08 	-0.0029270902 	-0.0037231309 	 0.10867963 	-987.12592 	-440.84009 	 -0.24972167 	-5.5686123e-05 	-1.3389545e-06 	 -1.7048574 	-6.0121074e-05 	3.4367139e-06 		0.01625 2.0883855e-07 -4.8825848e-07 100000 1
0.0175 87106.292 	7.7529216 	0.054287245 	 179695.3 	2.4206168 	-0.40931257 	 8.8616803e-08 	-0.0035218761 	0.029320535 	 3.1051539e-08 	-0.0027772896 	-0.0036602698 	 0.10878825 	-948.11461 	-404.7017 	 -0.22546162 	-5.5565761e-05 	-1.2450753e-06 	 -1.600284 	-5.9780991e-05 	3.2560851e-06 		0.0175 1.4804075e-07 -5.5404535e-07 100000 1
0.01875 83691.025 	7.7339472 	0.05143422 	 176861.5 	2.395172 	-0.36378905 	 8.7116161e-08 	-0.0033666208 	0.029356596 	 3.1216548e-08 	-0.0026436018 	-0.0036111782 	 0.10882875 	-909.05124 	-376.98293 	 -0.20221188 	-5.5399566e-05 	-1.206562e-06 	 -1.4983509 	-5.9303308e-05 	2.8179017e-06 		0.01875 8.788413e-08 -6.1847124e-07 100000 1
0.02 80451.426 	7.7085454 	0.04157211 	 174139.63 	2.3525833 	-0.34160789 	 8.6163845e-08 	-0.0032777948 	0.029400936 	 3.1650738e-08 	-0.0025304929 	-0.0035574031 	 0.10880751 	-872.88889 	-354.17829 	 -0.17992152 	-5.5174439e-05 	-1.0980612e-06 	 -1.3991511 	-5.8649093e-05 	2.6139064e-06 		0.02 2.8545093e-08 -6.8168645e-07 100000 1
0.02125 77248.082 	7.6642342 	0.017462963 	 171458.92 	2.3228392 	-0.38990448 	 8.4629076e-08 	-0.0031246561 	0.029437048 	 3.1552382e-08 	-0.0024221539 	-0.0035132754 	 0.10832307 	-835.76468 	-329.85539 	 -0.15780509 	-5.4762878e-05 	-8.4642691e-07 	 -1.2993462 	-5.8109622e-05 	3.1154812e-06 		0.02125 -3.1362457e-08 -7.4518875e-07 100000 1
0.0225 73997.848 	7.5160972 	0.011425711 	 168835.77 	2.2409159 	-0.45228187 	 8.1332106e-08 	-0.0027558233 	0.029466662 	 3.0312909e-08 	-0.0022910546 	-0.0034891039 	 0.10638287 	-795.66738 	-297.02679 	 -0.13539615 	-5.3343812e-05 	-7.7563895e-07 	 -1.1963452 	-5.7003065e-05 	3.7611143e-06 		0.0225 -9.4814206e-08 -8.1327867e-07 100000 1
0.02375 71228.854 	7.5249528 	0.013941826 	 166745.5 	2.3333736 	-0.3898846 	 8.2038796e-08 	-0.0028680029 	0.02950231 	 3.2281941e-08 	-0.002231527 	-0.0034396439 	 0.10661774 	-763.9337 	-289.93673 	 -0.11618885 	-5.3486224e-05 	-7.8961792e-07 	 -1.1070471 	-5.7670395e-05 	3.1567747e-06 		0.02375 -1.5079235e-07 -8.724473e-07 100000 1
0.025 68420.099 	7.4015343 	0.017789897 	 164738.68 	2.3085964 	-0.3454923 	 8.0871845e-08 	-0.0027589193 	0.029538456 	 3.2558034e-08 	-0.0021515224 	-0.0034065926 	 0.10507314 	-729.89382 	-272.9706 	 -0.096627298 	-5.2334371e-05 	-8.1669832e-07 	 -1.0147231 	-5.7122842e-05 	2.7342699e-06 		0.025 -2.0939837e-07 -9.3616793e-07 100000 1
0.02625 65691.548 	7.2320829 	0.027485972 	 162979.59 	2.2171598 	-0.31583969 	 7.8939699e-08 	-0.0025986105 	0.029580879 	 3.2116438e-08 	-0.0020686579 	-0.0033798136 	 0.10296651 	-696.16077 	-255.03651 	 -0.077612824 	-5.0739627e-05 	-9.0158824e-07 	 -0.92377435 	-5.5889112e-05 	2.4598197e-06 		0.02625 -2.6806645e-07 -1.0006957e-06 100000 1
0.0275 63164.229 	7.0951253 	0.028314702 	 161616.98 	2.1853082 	-0.31452784 	 7.7525911e-08 	-0.0025065821 	0.029625018 	 3.1954892e-08 	-0.0020082444 	-0.0033477932 	 0.10119366 	-665.09686 	-242.83477 	 -0.059887543 	-4.9472892e-05 	-8.9666052e-07 	 -0.83773193 	-5.5246339e-05 	2.4680245e-06 		0.0275 -3.2446772e-07 -1.0634194e-06 100000 1
0.02875 60810.858 	6.972675 	0.020813459 	 160594.45 	2.1791705 	-0.33368073 	 7.61286e-08 	-0.0024738246 	0.029665747 	 3.1663776e-08 	-0.0019584737 	-0.003316746 	 0.099545072 	-635.6582 	-233.66253 	 -0.043295467 	-4.8354767e-05 	-8.0745966e-07 	 -0.75624769 	-5.4856352e-05 	2.6795785e-06 		0.02875 -3.7873248e-07 -1.1242482e-06 100000 1
0.03 58547.966 	6.8220601 	0.024684676 	 159878.96 	2.1667491 	-0.3185611 	 7.4594243e-08 	-0.0023852759 	0.029708697 	 3.156318e-08 	-0.00190806 	-0.0032884317 	 0.097537349 	-606.79848 	-223.2623 	 -0.027283309 	-4.6974859e-05 	-8.3165124e-07 	 -0.67677007 	-5.4383129e-05 	2.5487718e-06 		0.03 -4.32951e-07 -1.1861892e-06 100000 1
0.03125 56327.158 	6.595783 	0.034754606 	 159571.58 	2.0496898 	-0.30795166 	 7.1852673e-08 	-0.0021109393 	0.029754869 	 3.0464697e-08 	-0.0018451153 	-0.0032713554 	 0.094557684 	-576.99245 	-207.56168 	 -0.011549172 	-4.4866435e-05 	-9.1690242e-07 	 -0.59769673 	-5.2825541e-05 	2.4639835e-06 		0.03125 -4.8803979e-07 -1.2510893e-06 100000 1
0.0325 54456.547 	6.491333 	0.036998299 	 159736.68 	2.0671217 	-0.23286291 	 7.2098516e-08 	-0.0022574345 	0.029810936 	 3.1510294e-08 	-0.0018318165 	-0.0032298551 	 0.093263209 	-553.72145 	-208.75823 	 0.0018264492 	-4.3961805e-05 	-9.2309492e-07 	 -0.53006065 	-5.2644566e-05 	1.7311429e-06 		0.0325 -5.3651754e-07 -1.3082732e-06 100000 1
0.03375 52618.067 	6.3072268 	0.044592297 	 160305.09 	1.982856 	-0.20378358 	 7.0572578e-08 	-0.0021894078 	0.029872976 	 3.1162852e-08 	-0.0018030079 	-0.0031992668 	 0.090918623 	-529.4818 	-202.88213 	 0.015056459 	-4.2282632e-05 	-9.8241254e-07 	 -0.46262276 	-5.1413045e-05 	1.4588288e-06 		0.03375 -5.8615508e-07 -1.3682023e-06 100000 1
0.035 50874.746 	6.1207093 	0.046282512 	 161275.8 	1.9057576 	-0.20627278 	 6.8505152e-08 	-0.0020730429 	0.029930918 	 3.0259468e-08 	-0.0017745096 	-0.0031713099 	 0.088461395 	-505.62886 	-196.43801 	 0.027674753 	-4.0583334e-05 	-9.8190592e-07 	 -0.39799878 	-5.024497e-05 	1.5014987e-06 		0.035 -6.3476964e-07 -1.4279389e-06 100000 1
0.03625 49301.508 	5.9623462 	0.043725912 	 162784.45 	1.8496697 	-0.19155927 	 6.678906e-08 	-0.0020224255 	0.029991694 	 2.9642085e-08 	-0.0017554322 	-0.0031408115 	 0.086397775 	-483.67033 	-193.48422 	 0.039123507 	-3.9174661e-05 	-9.3817044e-07 	 -0.33931386 	-4.9280019e-05 	1.370958e-06 		0.03625 -6.8102568e-07 -1.4856566e-06 100000 1
0.0375 47875.756 	5.8037329 	0.041111602 	 164757.51 	1.7955337 	-0.15170882 	 6.564241e-08 	-0.0020143138 	0.030059543 	 2.9565093e-08 	-0.0017510308 	-0.0031016156 	 0.084361891 	-464.04282 	-193.08755 	 0.049634586 	-3.7772257e-05 	-8.9403362e-07 	 -0.28556906 	-4.8331879e-05 	9.8821902e-07 		0.0375 -7.254004e-07 -1.5418477e-06 100000 1
0.03875 46533.84 	5.6260786 	0.041855624 	 167176.43 	1.7064639 	-0.12124515 	 6.4064749e-08 	-0.0019666725 	0.030132643 	 2.8957792e-08 	-0.0017434416 	-0.0030647678 	 0.08209108 	-444.91476 	-191.98431 	 0.059572152 	-3.6191239e-05 	-8.8346228e-07 	 -0.23503568 	-4.7020067e-05 	6.9901413e-07 		0.03875 -7.687528e-07 -1.5979177e-06 100000 1
0.04 45256.526 	5.40998 	0.052732775 	 170298.44 	1.5722736 	-0.1165747 	 6.0893003e-08 	-0.0017537556 	0.030210647 	 2.7083233e-08 	-0.0017186032 	-0.0030421027 	 0.079274865 	-424.58959 	-186.48154 	 0.068992692 	-3.4253134e-05 	-9.738165e-07 	 -0.18778673 	-4.5220122e-05 	6.6788637e-07 		0.04 -8.1196104e-07 -1.6547294e-06 100000 1
0.04125 44223.979 	5.2620677 	0.052192612 	 173741.18 	1.5166284 	-0.093819025 	 6.0808452e-08 	-0.0018855154 	0.030299549 	 2.7826919e-08 	-0.0017457049 	-0.0029847374 	 0.077420896 	-410.68744 	-193.81465 	 0.076937396 	-3.2969768e-05 	-9.5017449e-07 	 -0.14893907 	-4.4250506e-05 	4.5328116e-07 		0.04125 -8.5022333e-07 -1.7054323e-06 100000 1
0.0425 43230.934 	5.081448 	0.056931712 	 177827.35 	1.4362565 	-0.089602962 	 5.9308701e-08 	-0.0018406055 	0.030383007 	 2.7415576e-08 	-0.0017522001 	-0.0029408726 	 0.075053829 	-395.28224 	-195.98725 	 0.084522479 	-3.1381148e-05 	-9.7951602e-07 	 -0.11292773 	-4.3002457e-05 	4.2438246e-07 		0.0425 -8.8824213e-07 -1.757008e-06 100000 1
0.04375 42322.765 	4.9021901 	0.062855275 	 182477.93 	1.363563 	-0.088898849 	 5.7377604e-08 	-0.0017586342 	0.030471406 	 2.6692969e-08 	-0.0017588284 	-0.0028977814 	 0.072688791 	-380.47656 	-198.06282 	 0.091496094 	-2.9811874e-05 	-1.0204904e-06 	 -0.081216477 	-4.1821975e-05 	4.2997046e-07 		0.04375 -9.251636e-07 -1.8081266e-06 100000 1
0.045 41543.971 	4.7293988 	0.070979945 	 187766.77 	1.2993331 	-0.07599068 	 5.577573e-08 	-0.0017310164 	0.030569832 	 2.6107498e-08 	-0.0017765552 	-0.002844133 	 0.070425534 	-367.97871 	-203.04325 	 0.09760779 	-2.8316043e-05 	-1.0837421e-06 	 -0.055610124 	-4.0721822e-05 	3.1284686e-07 		0.045 -9.5980582e-07 -1.8573854e-06 100000 1
0.04625 40859.666 	4.5521773 	0.073843442 	 193623.97 	1.2354893 	-0.062511998 	 5.4299556e-08 	-0.001743631 	0.030677687 	 2.5550111e-08 	-0.0018010137 	-0.0027845518 	 0.06810151 	-357.2217 	-210.29752 	 0.10301055 	-2.6779308e-05 	-1.0949108e-06 	 -0.035318481 	-3.9625388e-05 	1.8943185e-07 		0.04625 -9.9244427e-07 -1.9050061e-06 100000 1
0.0475 40246.958 	4.3656667 	0.077991325 	 200108.03 	1.1684461 	-0.053830532 	 5.2528727e-08 	-0.0017081608 	0.030792502 	 2.4942964e-08 	-0.0018271571 	-0.0027243469 	 0.065629949 	-347.16964 	-217.50989 	 0.10786793 	-2.5156554e-05 	-1.1191717e-06 	 -0.019639206 	-3.8489877e-05 	1.1374747e-07 		0.0475 -1.0238308e-06 -1.9520387e-06 100000 1
0.04875 39701.398 	4.1695173 	0.094275966 	 207518.71 	1.0930464 	-0.050129637 	 4.9924768e-08 	-0.0015330537 	0.030903173 	 2.3659547e-08 	-0.0018325132 	-0.002671775 	 0.06297847 	-336.29048 	-220.73257 	 0.11215882 	-2.3453871e-05 	-1.2648543e-06 	 -0.0095830873 	-3.7245389e-05 	8.7936383e-08 		0.04875 -1.0539506e-06 -1.9993059e-06 100000 1
0.05 39289.496 	4.0127143 	0.086301736 	 215180.72 	1.0621821 	-0.037813446 	 4.9490979e-08 	-0.0016486174 	0.031025748 	 2.4153412e-08 	-0.0018846769 	-0.0025871658 	 0.060896083 	-331.25214 	-235.37914 	 0.11558673 	-2.2124038e-05 	-1.1683596e-06 	 -0.005777569 	-3.6480325e-05 	-2.5642195e-08 		0.05 -1.0807549e-06 -2.0425613e-06 100000 1
0.05125 38919.178 	3.8404037 	0.090597103 	 223765.4 	1.015362 	-0.036650046 	 4.7739018e-08 	-0.0016170781 	0.03115438 	 2.3559172e-08 	-0.0019221156 	-0.0025088424 	 0.058570931 	-325.74612 	-246.76916 	 0.11851503 	-2.0654002e-05 	-1.1950573e-06 	 -0.0075614237 	-3.5537747e-05 	-2.7511334e-08 		0.05125 -1.1067305e-06 -2.086234e-06 100000 1
0.0525 38601.4 	3.6619107 	0.099667919 	 233062.25 	0.96548511 	-0.028910353 	 4.5736648e-08 	-0.0015562248 	0.031292076 	 2.2645466e-08 	-0.001952235 	-0.0024274495 	 0.056155671 	-321.23743 	-257.73438 	 0.12092679 	-1.9131132e-05 	-1.2699363e-06 	 -0.014703042 	-3.4556203e-05 	-9.5241017e-08 		0.0525 -1.1312125e-06 -2.1293185e-06 100000 1
0.05375 38353.612 	3.4883798 	0.10431893 	 243161.04 	0.92761255 	-0.01786993 	 4.3948529e-08 	-0.0015444531 	0.031440696 	 2.1933909e-08 	-0.0019906171 	-0.002335047 	 0.053798923 	-319.23178 	-271.76002 	 0.12266744 	-1.7661681e-05 	-1.3008949e-06 	 -0.028748325 	-3.3691662e-05 	-1.9646093e-07 		0.05375 -1.1536067e-06 -2.1709124e-06 100000 1
0.055 38172.863 	3.3156826 	0.10446517 	 254012.19 	0.89316491 	-0.0083086979 	 4.2544341e-08 	-0.0015448345 	0.03159758 	 2.1739636e-08 	-0.002042662 	-0.0022301878 	 0.051440414 	-320.13144 	-289.07208 	 0.1238121 	-1.6196756e-05 	-1.2874543e-06 	 -0.049220119 	-3.286984e-05 	-2.8326087e-07 		0.055 -1.1741618e-06 -2.2113438e-06 100000 1
0.05625 38020.032 	3.1430451 	0.10666381 	 265643.44 	0.85462786 	-0.0019276486 	 4.0962108e-08 	-0.0015131725 	0.031753076 	 2.1271631e-08 	-0.0020853311 	-0.0021217799 	 0.049053704 	-322.13145 	-305.96904 	 0.12447073 	-1.4739025e-05 	-1.2950236e-06 	 -0.075546299 	-3.2001172e-05 	-3.3828523e-07 		0.05625 -1.1931894e-06 -2.2512739e-06 100000 1
0.0575 37886.294 	2.9663821 	0.12434622 	 278392.44 	0.81029121 	0.0026527867 	 3.8607424e-08 	-0.0013915925 	0.03191614 	 2.0221805e-08 	-0.0021024246 	-0.0020140266 	 0.046589903 	-324.66508 	-319.16024 	 0.12452545 	-1.3249177e-05 	-1.4576575e-06 	 -0.10968021 	-3.1063116e-05 	-3.7542402e-07 		0.0575 -1.2106128e-06 -2.2908377e-06 100000 1
0.05875 37828.858 	2.8006809 	0.11529978 	 291549.45 	0.77718335 	0.008740552 	 3.76635e-08 	-0.0014757932 	0.032100005 	 2.0248919e-08 	-0.0021758479 	-0.0018709438 	 0.044295135 	-334.82194 	-345.10096 	 0.12403558 	-1.1856826e-05 	-1.3537905e-06 	 -0.14948372 	-3.0260675e-05 	-4.2839489e-07 		0.05875 -1.2259158e-06 -2.3278578e-06 100000 1
0.06 37757.981 	2.6245078 	0.11911077 	 305852.25 	0.73722333 	0.017965369 	 3.5915649e-08 	-0.0014520195 	0.032293656 	 1.951927e-08 	-0.0022185681 	-0.0017290076 	 0.041822229 	-345.87711 	-366.86928 	 0.1229952 	-1.0371202e-05 	-1.3792393e-06 	 -0.19702736 	-2.9378275e-05 	-5.1246984e-07 		0.06 -1.2395859e-06 -2.3646733e-06 100000 1
0.06125 37689.556 	2.4468024 	0.12641966 	 321082.1 	0.6985464 	0.028103873 	 3.3987144e-08 	-0.0014006768 	0.032495027 	 1.8797924e-08 	-0.0022540056 	-0.001578402 	 0.039301865 	-359.57407 	-388.54997 	 0.12144501 	-8.8741899e-06 	-1.4401845e-06 	 -0.25149361 	-2.8505465e-05 	-6.0570876e-07 		0.06125 -1.2516499e-06 -2.400675e-06 100000 1
0.0625 37641.883 	2.2719353 	0.12863185 	 337297.67 	0.66696611 	0.0341847 	 3.2535157e-08 	-0.0013856686 	0.032703084 	 1.8487974e-08 	-0.0022925257 	-0.0014073383 	 0.03678667 	-378.7205 	-412.58751 	 0.11930397 	-7.4026153e-06 	-1.4507122e-06 	 -0.31395449 	-2.7709951e-05 	-6.5860718e-07 		0.0625 -1.2617021e-06 -2.4355107e-06 100000 1
0.06375 37570.887 	2.0952086 	0.12308262 	 354466.89 	0.62950565 	0.03217535 	 3.1259787e-08 	-0.0013801554 	0.032920321 	 1.8251341e-08 	-0.0023328909 	-0.0012206821 	 0.034200528 	-403.09125 	-439.43504 	 0.11661368 	-5.9123125e-06 	-1.384531e-06 	 -0.38403675 	-2.6861643e-05 	-6.3062856e-07 		0.06375 -1.2698537e-06 -2.4692527e-06 100000 1
0.065 37471.846 	1.9152175 	0.12318964 	 372604.32 	0.58825066 	0.030641856 	 2.9719265e-08 	-0.0013551241 	0.033151901 	 1.7868572e-08 	-0.0023612162 	-0.0010216888 	 0.031541423 	-431.8321 	-465.5447 	 0.1134214 	-4.3896916e-06 	-1.3755442e-06 	 -0.46136204 	-2.5976648e-05 	-6.0739609e-07 		0.065 -1.2763864e-06 -2.5021168e-06 100000 1
0.06625 37308.766 	1.7288078 	0.14006151 	 392005.13 	0.54456878 	0.042746578 	 2.7639336e-08 	-0.0012851755 	0.033395898 	 1.687555e-08 	-0.002345744 	-0.00080509215 	 0.028762869 	-466.16392 	-483.70373 	 0.1096057 	-2.8111998e-06 	-1.5349715e-06 	 -0.54784292 	-2.5061302e-05 	-7.2029179e-07 		0.06625 -1.280745e-06 -2.5341327e-06 100000 1
0.0675 37128.374 	1.5430926 	0.12035107 	 412170.66 	0.50472533 	0.042202409 	 2.6701395e-08 	-0.0013233164 	0.033667379 	 1.6915558e-08 	-0.0023817995 	-0.00055847356 	 0.025941052 	-511.30762 	-515.10964 	 0.10531946 	-1.2284116e-06 	-1.3293064e-06 	 -0.64095414 	-2.4202156e-05 	-7.0700791e-07 		0.0675 -1.2834082e-06 -2.5645675e-06 100000 1
0.06875 36854.145 	1.3457057 	0.11447049 	 433670.32 	0.45013043 	0.042393103 	 2.5346906e-08 	-0.0012849208 	0.033945347 	 1.6792366e-08 	-0.0023681984 	-0.00029512096 	 0.022870102 	-563.30299 	-537.08856 	 0.10040078 	4.6912142e-07 	-1.262815e-06 	 -0.7435335 	-2.3196617e-05 	-7.0079543e-07 		0.06875 -1.2838823e-06 -2.5941987e-06 100000 1
0.07 36493.576 	1.1316268 	0.10783581 	 456219.45 	0.3899758 	0.031317328 	 2.4123812e-08 	-0.0012390802 	0.034227751 	 1.6673056e-08 	-0.0023269464 	-7.675471e-06 	 0.019444096 	-624.15749 	-553.49865 	 0.094958345 	2.3302601e-06 	-1.1895351e-06 	 -0.85390892 	-2.2137137e-05 	-5.8177224e-07 		0.07 -1.2823602e-06 -2.6226006e-06 100000 1
0.07125 35993.925 	0.88886682 	0.081224334 	 479952.23 	0.31568017 	0.0099323328 	 2.3302546e-08 	-0.0012181339 	0.034528779 	 1.690694e-08 	-0.0022503827 	0.00031482706 	 0.015430181 	-698.97279 	-561.03374 	 0.088909843 	4.4817444e-06 	-9.1718082e-07 	 -0.97319583 	-2.0944271e-05 	-3.5966403e-07 		0.07125 -1.2782938e-06 -2.6495613e-06 100000 1
0.0725 35353.533 	0.61058097 	0.053130007 	 504926.2 	0.22139904 	-0.0059647769 	 2.2318246e-08 	-0.0011902023 	0.034836207 	 1.7058808e-08 	-0.0021352908 	0.00068043424 	 0.010697385 	-790.59737 	-558.90548 	 0.08227037 	6.9869025e-06 	-6.3075643e-07 	 -1.1015049 	-1.955787e-05 	-1.9250656e-07 		0.0725 -1.2711139e-06 -2.6748118e-06 100000 1
0.07375 34497.153 	0.33105035 	0.034939543 	 530023.7 	0.12322952 	-0.018804253 	 2.118527e-08 	-0.001164463 	0.035122492 	 1.6932314e-08 	-0.0019755856 	0.00105557 	 0.0058540737 	-887.48149 	-543.11832 	 0.075651927 	9.4986379e-06 	-4.4384585e-07 	 -1.2279995 	-1.8133494e-05 	-5.6044553e-08 		0.07375 -1.2609168e-06 -2.6983835e-06 100000 1
0.075 33087.095 	0.20235115 	0.031223558 	 546938.55 	0.10775183 	-0.024632978 	 2.04949e-08 	-0.0011813084 	0.035231665 	 1.6655e-08 	-0.0018787854 	0.0012316962 	 0.0036274087 	-919.69206 	-533.33555 	 0.072985911 	1.051973e-05 	-4.02437e-07 	 -1.2780713 	-1.75732e-05 	9.711e-09 		0.075 -1.2480577e-06 -2.7187276e-06 100000 1
