# y jRe_x jRe_y jRe_z jIm_x jIm_y jIm_z BRe_x BRe_y BRe_z BIm_x BIm_y BIm_z F_x F_y F_z VReGrad_x VReGrad_y VReGrad_z VImGrad_x VImGrad_y VImGrad_z s VRe VIm sigma mur
-0.075 -496069.15 	-237662.95 	-14998.1 	 -1708214.1 	-1056387.7 	-73026.659 	 -0.0038970298 	0.0024254458 	0.037728752 	 0.00056094417 	-0.00060631408 	0.00055822387 	 -5134.2771 	9007.0745 	-273.58382 	 -0.47066349 	-0.4615111 	0.00038813061 	 -1.7156407 	-2.271704 	0.062685658 		-0.075 -0.0014693791 -0.0055725194 1200000 1
-0.07375 -494668.42 	-302576.13 	-16698.147 	 -1502050.4 	-1010502.6 	-72718.969 	 -0.0040207994 	0.0024245862 	0.037998438 	 0.0005619377 	-0.00058303763 	0.00081277237 	 -6439.959 	9293.6814 	-515.9284 	 -0.49120853 	-0.46599843 	0.00043500422 	 -1.7941382 	-2.3205661 	0.062737645 		-0.07375 -0.0020770283 -0.0082745272 1200000 1
-0.0725 -493267.69 	-367489.31 	-18398.193 	 -1295886.7 	-964617.44 	-72411.279 	 -0.004144569 	0.0024237265 	0.038268124 	 0.00056293122 	-0.00055976118 	0.0010673209 	 -7745.6408 	9580.2882 	-758.27298 	 -0.51175357 	-0.47048575 	0.00048187783 	 -1.8726357 	-2.3694282 	0.062789632 		-0.0725 -0.0026846776 -0.010976535 1200000 1
-0.07125 -491866.95 	-432402.49 	-20098.239 	 -1089723 	-918732.31 	-72103.589 	 -0.0042683386 	0.0024228668 	0.03853781 	 0.00056392474 	-0.00053648473 	0.0013218694 	 -9051.3227 	9866.8951 	-1000.6176 	 -0.5322986 	-0.47497307 	0.00052875144 	 -1.9511333 	-2.4182903 	0.062841618 		-0.07125 -0.0032923268 -0.013678543 1200000 1
-0.07 -502309.32 	-512255.4 	-20271.657 	 -928627.99 	-937404.18 	-68337.248 	 -0.0042865455 	0.0023954796 	0.038297235 	 0.00058780553 	-0.00052150185 	0.0010266653 	 -10198.502 	9937.7697 	-1186.261 	 -0.53690924 	-0.46198838 	0.00058985087 	 -1.9754856 	-2.3801692 	0.059643825 		-0.07 -0.0038614475 -0.016328454 1200000 1
-0.06875 -510454.41 	-593856.68 	-18097.551 	 -875871.54 	-1107847.1 	-59955.321 	 -0.0041800829 	0.0023372491 	0.037597361 	 0.0006417718 	-0.0005152443 	0.00023142649 	 -10970.395 	9531.9333 	-1209.2093 	 -0.5200245 	-0.42585098 	0.00063657899 	 -1.9216946 	-2.2240825 	0.052029283 		-0.06875 -0.0044011025 -0.01899417 1200000 1
-0.0675 -516048.83 	-674279.9 	-15091.777 	 -864802.52 	-1336504.8 	-49997.729 	 -0.004032642 	0.0022689341 	0.036762321 	 0.00070596396 	-0.0005117368 	-0.00071171723 	 -11598.194 	8944.9326 	-1168.1245 	 -0.49577917 	-0.38182572 	0.0006751461 	 -1.8406526 	-2.0275407 	0.042899157 		-0.0675 -0.0049328406 -0.021673607 1200000 1
-0.06625 -521643.24 	-754703.12 	-12086.003 	 -853733.5 	-1565162.5 	-40040.137 	 -0.0038852011 	0.0022006191 	0.035927281 	 0.00077015613 	-0.00050822931 	-0.0016548609 	 -12225.993 	8357.9319 	-1127.0397 	 -0.47153384 	-0.33780046 	0.00071371321 	 -1.7596106 	-1.830999 	0.033769032 		-0.06625 -0.0054645786 -0.024353045 1200000 1
-0.065 -505040.92 	-882271.17 	-9710.0569 	 -783238.44 	-1727125.2 	-28793.035 	 -0.0039172619 	0.0021315168 	0.035537868 	 0.00080372494 	-0.00051163196 	-0.0021500662 	 -14103.242 	7794.6615 	-1364.2339 	 -0.46390301 	-0.29409463 	0.0010129146 	 -1.7347675 	-1.6560387 	0.023665523 		-0.065 -0.005832496 -0.026430691 1200000 1
-0.06375 -463440.92 	-1056348.6 	-7358.7704 	 -651374.84 	-1801630.9 	-17127.822 	 -0.004011979 	0.0020484606 	0.035651855 	 0.00091516494 	-0.00048694857 	-0.0021278507 	 -17185.439 	7293.9781 	-1636.8477 	 -0.47378367 	-0.25269411 	0.00099107069 	 -1.7721004 	-1.5170334 	0.013241484 		-0.06375 -0.006005277 -0.027761437 1200000 1
-0.0625 -421840.92 	-1230426.1 	-5007.484 	 -519511.25 	-1876136.5 	-5462.609 	 -0.004106696 	0.0019654045 	0.035765843 	 0.0010266049 	-0.00046226518 	-0.0021056351 	 -20267.635 	6793.2948 	-1909.4615 	 -0.48366433 	-0.2112936 	0.00096922682 	 -1.8094333 	-1.378028 	0.0028174445 		-0.0625 -0.006178058 -0.029092184 1200000 1
-0.06125 -381279.29 	-1381874.4 	-2826.3884 	 -401209.3 	-1949723.1 	4586.2147 	 -0.0041731758 	0.0018897727 	0.035688116 	 0.0011171787 	-0.0004390508 	-0.0022294155 	 -22753.197 	6205.8502 	-2130.7169 	 -0.48949987 	-0.17330629 	0.00108009 	 -1.8387212 	-1.2503169 	-0.0062963426 		-0.06125 -0.0063624094 -0.030448893 1200000 1
-0.06 -349677.4 	-1454076.5 	-1325.1358 	 -335755.95 	-2029506.3 	9180.9898 	 -0.0041418881 	0.0018402354 	0.035007679 	 0.0011355053 	-0.00042058673 	-0.0028060001 	 -23216.165 	5423.9464 	-2172.6979 	 -0.47989249 	-0.14630099 	0.0016432089 	 -1.8341558 	-1.1573321 	-0.01096312 		-0.06 -0.0065662644 -0.031856823 1200000 1
-0.05875 -343662 	-1456104.4 	-703.91754 	 -334862.44 	-2145996 	9630.7626 	 -0.0040277335 	0.0018141202 	0.034021232 	 0.0010925925 	-0.00040502243 	-0.0035896776 	 -22109.586 	4832.5291 	-2057.851 	 -0.45237539 	-0.12580105 	0.0025654319 	 -1.7807772 	-1.0790958 	-0.01216097 		-0.05875 -0.0067177043 -0.033178465 1200000 1
-0.0575 -337646.6 	-1458132.4 	-82.699237 	 -333968.93 	-2262485.7 	10080.535 	 -0.003913579 	0.0017880051 	0.033034785 	 0.0010496797 	-0.00038945812 	-0.004373355 	 -21003.006 	4241.1119 	-1943.0041 	 -0.42485828 	-0.10530111 	0.0034876548 	 -1.7273985 	-1.0008594 	-0.01335882 		-0.0575 -0.0068691441 -0.034500107 1200000 1
-0.05625 -322940.75 	-1507473.9 	983.51368 	 -315568.18 	-2340159.7 	11455.162 	 -0.0039104963 	0.0017400685 	0.032530138 	 0.0010037563 	-0.00039300449 	-0.0046901556 	 -21306.652 	3782.8715 	-2079.8276 	 -0.4036417 	-0.082082231 	0.0042560601 	 -1.6912176 	-0.92305449 	-0.015416012 		-0.05625 -0.0069624801 -0.035671894 1200000 1
-0.055 -297312.57 	-1614453.7 	2474.9665 	 -276345.42 	-2365967.2 	13836.239 	 -0.0039817354 	0.0016828298 	0.032649446 	 0.0010093508 	-0.00039177738 	-0.0044044092 	 -23349.263 	3509.6524 	-2355.9974 	 -0.39013391 	-0.05609917 	0.0049183769 	 -1.6773956 	-0.84842322 	-0.018434145 		-0.055 -0.0069732051 -0.036620136 1200000 1
-0.05375 -263290.63 	-1764787.6 	4159.7819 	 -222058.99 	-2349384.3 	16907.984 	 -0.0040663637 	0.001636031 	0.033275223 	 0.001086674 	-0.00035963656 	-0.0036369178 	 -26723.107 	3396.902 	-2621.2722 	 -0.38253434 	-0.028530466 	0.0055916935 	 -1.6817249 	-0.77857623 	-0.022125516 		-0.05375 -0.0069118746 -0.037363362 1200000 1
-0.0525 -229268.7 	-1915121.6 	5844.5973 	 -167772.56 	-2332801.3 	19979.729 	 -0.004150992 	0.0015892321 	0.033901 	 0.0011639973 	-0.00032749574 	-0.0028694264 	 -30096.95 	3284.1516 	-2886.547 	 -0.37493477 	-0.00096176175 	0.0062650101 	 -1.6860543 	-0.70872924 	-0.025816887 		-0.0525 -0.0068505442 -0.038106589 1200000 1
-0.05125 -194010.6 	-1984129.9 	6969.4338 	 -132307.9 	-2349311.9 	21536.102 	 -0.0041541244 	0.0015551548 	0.033773089 	 0.0011981595 	-0.00031029722 	-0.0027598642 	 -31082.176 	2950.682 	-2938.9062 	 -0.36348884 	0.015730643 	0.007093735 	 -1.6832931 	-0.65847323 	-0.028227541 		-0.05125 -0.0068579933 -0.038921897 1200000 1
-0.05 -176582.72 	-1958676 	7139.1094 	 -121985.23 	-2418856.7 	21333.174 	 -0.0040647362 	0.0015334969 	0.032908034 	 0.0011817255 	-0.00031161101 	-0.003347713 	 -29578.939 	2540.7447 	-2768.5198 	 -0.34295168 	0.021505924 	0.0081340786 	 -1.6592323 	-0.62660534 	-0.029003823 		-0.05 -0.006824966 -0.03967735 1200000 1
-0.04875 -165712.48 	-1906047.9 	7011.4191 	 -119138.39 	-2504739.9 	20624.207 	 -0.003948891 	0.0015152369 	0.031841174 	 0.0011507021 	-0.00031833603 	-0.0041312357 	 -27381.042 	2122.1477 	-2535.8766 	 -0.31945644 	0.024267873 	0.0092376054 	 -1.6280758 	-0.5997034 	-0.029299058 		-0.04875 -0.0067713708 -0.040404939 1200000 1
-0.0475 -154842.23 	-1853419.8 	6883.7288 	 -116291.55 	-2590623.2 	19915.239 	 -0.0038330458 	0.0014969769 	0.030774314 	 0.0011196787 	-0.00032506104 	-0.0049147585 	 -25183.146 	1703.5507 	-2303.2335 	 -0.2959612 	0.027029822 	0.010341132 	 -1.5969192 	-0.57280146 	-0.029594293 		-0.0475 -0.0067177756 -0.041132528 1200000 1
-0.04625 -138317 	-1893570.7 	7660.6395 	 -104088.19 	-2605148.9 	20153.32 	 -0.0038616192 	0.001453056 	0.030739551 	 0.0011059822 	-0.00033353152 	-0.0048045374 	 -25934.343 	1431.0478 	-2440.3487 	 -0.27628453 	0.036457697 	0.011333651 	 -1.5769687 	-0.54276394 	-0.031013131 		-0.04625 -0.0066244729 -0.041767792 1200000 1
-0.045 -117194.02 	-2013847.1 	9000.6242 	 -84640.467 	-2552214 	21292.411 	 -0.0039751549 	0.0014333563 	0.031655886 	 0.001142078 	-0.00030107665 	-0.0038833975 	 -29286.696 	1310.9109 	-2767.3232 	 -0.26013825 	0.050102152 	0.012443393 	 -1.5682966 	-0.51421672 	-0.033498974 		-0.045 -0.0064907213 -0.042286048 1200000 1
-0.04375 -96071.037 	-2134123.5 	10340.609 	 -65192.743 	-2499279.1 	22431.502 	 -0.0040886905 	0.0014136565 	0.03257222 	 0.0011781738 	-0.00026862178 	-0.0029622577 	 -32639.05 	1190.7741 	-3094.2978 	 -0.24399196 	0.063746607 	0.013553135 	 -1.5596245 	-0.48566951 	-0.035984816 		-0.04375 -0.0063569696 -0.042804304 1200000 1
-0.0425 -72518.394 	-2222818.4 	11625.621 	 -47849.132 	-2465216.4 	23435.47 	 -0.0041656537 	0.0013968297 	0.033176023 	 0.0012074024 	-0.00024329273 	-0.0023087394 	 -35012.914 	1019.933 	-3313.0713 	 -0.22852047 	0.07370856 	0.014600977 	 -1.5519335 	-0.46179222 	-0.038355141 		-0.0425 -0.0062509387 -0.043344368 1200000 1
-0.04125 -46442.216 	-2215501 	12653.323 	 -35944.684 	-2489909.1 	24093.091 	 -0.0041320073 	0.0013884354 	0.032844986 	 0.0012151929 	-0.00023924082 	-0.0024619628 	 -34461.283 	732.46615 	-3211.7561 	 -0.21380162 	0.072566066 	0.015471104 	 -1.5443609 	-0.45202402 	-0.040359572 		-0.04125 -0.0061899974 -0.043915054 1200000 1
-0.04 -30517.18 	-2127060.1 	13235.823 	 -26217.001 	-2567734.1 	24620.86 	 -0.00400636 	0.0013864038 	0.031762721 	 0.0012034527 	-0.00025219048 	-0.0032794756 	 -31562.244 	441.23767 	-2862.3648 	 -0.1964381 	0.062270748 	0.016217528 	 -1.5296539 	-0.45395424 	-0.042017697 		-0.04 -0.0060681767 -0.0444215 1200000 1
-0.03875 -14592.143 	-2038619.2 	13818.322 	 -16489.317 	-2645559.2 	25148.63 	 -0.0038807126 	0.0013843722 	0.030680457 	 0.0011917125 	-0.00026514015 	-0.0040969885 	 -28663.206 	150.0092 	-2512.9734 	 -0.17907458 	0.05197543 	0.016963952 	 -1.5149468 	-0.45588445 	-0.043675823 		-0.03875 -0.005946356 -0.044927945 1200000 1
-0.0375 1332.8937 	-1950178.2 	14400.821 	 -6761.6339 	-2723384.2 	25676.4 	 -0.0037550653 	0.0013823406 	0.029598193 	 0.0011799723 	-0.00027808982 	-0.0049145014 	 -25764.168 	-141.21928 	-2163.5821 	 -0.16171106 	0.041680113 	0.017710376 	 -1.5002398 	-0.45781466 	-0.045333949 		-0.0375 -0.0058245354 -0.04543439 1200000 1
-0.03625 12971.936 	-2042039.5 	17042.263 	 -3785.2 	-2658322.3 	27275.927 	 -0.0039079802 	0.0013816898 	0.030614982 	 0.0011756599 	-0.0002446155 	-0.0039978686 	 -28772.913 	-318.92798 	-2551.1321 	 -0.14086547 	0.04268492 	0.018648952 	 -1.4835194 	-0.45781717 	-0.04903993 		-0.03625 -0.0057401375 -0.045968882 1200000 1
-0.035 24610.979 	-2133900.7 	19683.704 	 -808.76616 	-2593260.4 	28875.454 	 -0.0040608951 	0.001381039 	0.031631772 	 0.0011713475 	-0.00021114119 	-0.0030812358 	 -31781.658 	-496.63669 	-2938.6821 	 -0.12001988 	0.043689727 	0.019587528 	 -1.466799 	-0.45781969 	-0.052745912 		-0.035 -0.0056557397 -0.046503374 1200000 1
-0.03375 36250.022 	-2225761.9 	22325.146 	 2167.6677 	-2528198.5 	30474.981 	 -0.00421381 	0.0013803881 	0.032648561 	 0.0011670351 	-0.00017766687 	-0.002164603 	 -34790.403 	-674.34539 	-3326.2322 	 -0.099174297 	0.044694535 	0.020526104 	 -1.4500786 	-0.4578222 	-0.056451894 		-0.03375 -0.0055713419 -0.047037866 1200000 1
-0.0325 60178.09 	-2239102.9 	25387.378 	 10756.378 	-2517580.7 	33239.452 	 -0.0042784871 	0.0013728971 	0.032909051 	 0.0011392062 	-0.00016586944 	-0.001921215 	 -35408.161 	-926.99801 	-3449.0273 	 -0.084880342 	0.037722408 	0.020841656 	 -1.4443183 	-0.46587595 	-0.061053798 		-0.0325 -0.0055504912 -0.047610263 1200000 1
-0.03125 84969.848 	-2156825.8 	28570.206 	 29389.147 	-2569827.2 	38336.39 	 -0.0042367914 	0.0013610489 	0.032228555 	 0.0010838094 	-0.00017501229 	-0.0024872672 	 -33126.965 	-1168.0166 	-3260.2039 	 -0.074400541 	0.020349524 	0.020377666 	 -1.4436685 	-0.48532187 	-0.067126358 		-0.03125 -0.0054933561 -0.048140995 1200000 1
-0.03 108540.4 	-2042801.3 	31751.172 	 51700.018 	-2642578.7 	44305.489 	 -0.0041598928 	0.0013481789 	0.031233493 	 0.0010193739 	-0.00019052427 	-0.0033209596 	 -29884.604 	-1394.1687 	-2969.0696 	 -0.064741825 	-0.00055010239 	0.019652618 	 -1.4438347 	-0.50872004 	-0.073727808 		-0.03 -0.005412018 -0.048648503 1200000 1
-0.02875 132110.95 	-1928776.7 	34932.139 	 74010.889 	-2715330.3 	50274.587 	 -0.0040829943 	0.0013353088 	0.03023843 	 0.00095493834 	-0.00020603626 	-0.0041546521 	 -26642.244 	-1620.3208 	-2677.9352 	 -0.055083109 	-0.021449729 	0.018927571 	 -1.4440009 	-0.53211821 	-0.080329258 		-0.02875 -0.00533068 -0.04915601 1200000 1
-0.0275 146979.98 	-1900038.1 	40416.446 	 82934.915 	-2718448.4 	56764.209 	 -0.0041076502 	0.0013060771 	0.030182479 	 0.00091809411 	-0.00021129217 	-0.0041673273 	 -26114.38 	-1881.7988 	-2668.4213 	 -0.037854839 	-0.037611685 	0.017998473 	 -1.4317328 	-0.55607656 	-0.08848281 		-0.0275 -0.0053094691 -0.049778565 1200000 1
-0.02625 152562.07 	-1961529.4 	47713.071 	 78161.726 	-2647360.4 	63643.811 	 -0.0042822703 	0.0013099938 	0.031170322 	 0.00091224671 	-0.00016488697 	-0.0032714762 	 -28545.729 	-2162.7937 	-3019.3087 	 -0.0128954 	-0.049547957 	0.017469909 	 -1.4063106 	-0.58194398 	-0.098117974 		-0.02625 -0.0053867356 -0.050551541 1200000 1
-0.025 158144.15 	-2023020.7 	55009.697 	 73388.537 	-2576272.3 	70523.414 	 -0.0044568905 	0.0013139104 	0.032158166 	 0.00090639932 	-0.00011848178 	-0.0023756252 	 -30977.078 	-2443.7886 	-3370.1961 	 0.012064039 	-0.061484229 	0.016941344 	 -1.3808884 	-0.60781141 	-0.10775314 		-0.025 -0.005464002 -0.051324517 1200000 1
-0.02375 170404.15 	-2058779.5 	62602.832 	 75583.256 	-2524264 	78630.944 	 -0.00460774 	0.0013070578 	0.032930552 	 0.00087549815 	-8.8151876e-05 	-0.0016938941 	 -32680.017 	-2741.1054 	-3655.796 	 0.03271847 	-0.075446401 	0.015768496 	 -1.3629945 	-0.63525479 	-0.11817098 		-0.02375 -0.0055552915 -0.052096915 1200000 1
-0.0225 201759.01 	-2004226.4 	71101.48 	 101835.66 	-2536201.4 	91845.696 	 -0.0046758661 	0.0012663854 	0.032922502 	 0.00075537168 	-0.00010995671 	-0.0017667672 	 -31800.377 	-3064.1865 	-3725.8867 	 0.039638102 	-0.096979955 	0.012283169 	 -1.3686853 	-0.66937418 	-0.13183952 		-0.0225 -0.0056690653 -0.052848437 1200000 1
-0.02125 235794.26 	-1869043.2 	79961.434 	 148252.24 	-2595246.6 	112259.24 	 -0.0046724631 	0.0012086776 	0.032137437 	 0.00055129974 	-0.00016413284 	-0.0025236629 	 -28528.644 	-3305.9805 	-3648.6595 	 0.038842471 	-0.1267991 	0.0065636502 	 -1.3860457 	-0.71324206 	-0.15007708 		-0.02125 -0.0057144664 -0.053518959 1200000 1
-0.02 269829.51 	-1733860.1 	88821.389 	 194668.81 	-2654291.8 	132672.79 	 -0.0046690601 	0.0011509697 	0.031352371 	 0.00034722779 	-0.00021830898 	-0.0032805585 	 -25256.91 	-3547.7744 	-3571.4323 	 0.03804684 	-0.15661825 	0.00084413155 	 -1.4034062 	-0.75710993 	-0.16831464 		-0.02 -0.0057598676 -0.054189481 1200000 1
-0.01875 293349.4 	-1647241.3 	100885.07 	 223625.76 	-2668880.3 	154497.1 	 -0.0047104801 	0.0010969386 	0.031070463 	 0.0001708202 	-0.00025561473 	-0.0035404948 	 -23461.473 	-3870.4433 	-3599.108 	 0.04657827 	-0.18557109 	-0.0051343544 	 -1.4042838 	-0.80574519 	-0.18918509 		-0.01875 -0.0058783912 -0.055021213 1200000 1
-0.0175 303759.06 	-1621766.8 	116528.38 	 232131.31 	-2628649.4 	178127.3 	 -0.0048377446 	0.0010745727 	0.031434095 	 4.5522918e-05 	-0.00024537265 	-0.0031549101 	 -23578.292 	-4268.3996 	-3788.0639 	 0.066394557 	-0.21307567 	-0.011203532 	 -1.3839971 	-0.85987014 	-0.2132016 		-0.0175 -0.0061183242 -0.056089406 1200000 1
-0.01625 303859.38 	-1644423.9 	134617.75 	 225643.34 	-2546966.9 	203200.45 	 -0.0050640502 	0.0010944715 	0.032315139 	 -4.293553e-05 	-0.00017934865 	-0.00225105 	 -25239.304 	-4702.9913 	-4156.6604 	 0.094493556 	-0.23900263 	-0.017187774 	 -1.3470479 	-0.91771309 	-0.23953445 		-0.01625 -0.0064740398 -0.057361454 1200000 1
-0.015 303959.71 	-1667081 	152707.11 	 219155.36 	-2465284.5 	228273.61 	 -0.0052903558 	0.0011143703 	0.033196182 	 -0.00013139398 	-0.00011332464 	-0.0013471899 	 -26900.315 	-5137.5831 	-4525.2569 	 0.12259255 	-0.2649296 	-0.023172016 	 -1.3100986 	-0.97555605 	-0.26586729 		-0.015 -0.0068297554 -0.058633503 1200000 1
-0.01375 330143.06 	-1619387.8 	167976.76 	 259306.24 	-2432953.4 	254007.23 	 -0.0054351402 	0.0010460058 	0.033635622 	 -0.00031254668 	-0.00018582856 	-0.00093050198 	 -26763.223 	-5666.4997 	-4737.6629 	 0.13026053 	-0.294723 	-0.031447312 	 -1.313191 	-1.0360149 	-0.29010792 		-0.01375 -0.0071762781 -0.059806425 1200000 1
-0.0125 370249.59 	-1488897.9 	180237.2 	 341039.15 	-2436763.7 	288770.97 	 -0.0054869466 	0.00091120698 	0.033380506 	 -0.00062415388 	-0.00037721631 	-0.0011796923 	 -24340.945 	-6154.3816 	-4858.2368 	 0.11994218 	-0.33196424 	-0.043101989 	 -1.3479823 	-1.1103354 	-0.31831358 		-0.0125 -0.0074489588 -0.060825165 1200000 1
-0.01125 413147.55 	-1334509.3 	191651.7 	 433800.6 	-2449400.5 	326745.03 	 -0.0055121325 	0.00075997227 	0.032912119 	 -0.00097497864 	-0.00059968829 	-0.0016278522 	 -21246.703 	-6619.294 	-4959.0352 	 0.10487559 	-0.37156724 	-0.05578207 	 -1.3907946 	-1.1894459 	-0.34813402 		-0.01125 -0.0076957143 -0.061796656 1200000 1
-0.01 456045.51 	-1180120.7 	203066.2 	 526562.05 	-2462037.2 	364719.09 	 -0.0055373184 	0.00060873757 	0.032443733 	 -0.0013258034 	-0.00082216027 	-0.0020760121 	 -18152.462 	-7084.2064 	-5059.8335 	 0.089808997 	-0.41117023 	-0.068462151 	 -1.4336068 	-1.2685564 	-0.37795445 		-0.01 -0.0079424697 -0.062768146 1200000 1
-0.00875 471214.45 	-1088960.8 	224480.99 	 567586.44 	-2394079.7 	414606.55 	 -0.0056762626 	0.00052955968 	0.032585297 	 -0.0016805535 	-0.00094221151 	-0.0018192648 	 -16860.44 	-7676.1734 	-5204.9772 	 0.097962592 	-0.45461724 	-0.082549134 	 -1.4283141 	-1.373625 	-0.42124541 		-0.00875 -0.0084157114 -0.064305109 1200000 1
-0.0075 459732.65 	-1065471 	253813.85 	 564187.23 	-2267442.9 	477317.05 	 -0.0060084152 	0.00051740711 	0.033294089 	 -0.0020977426 	-0.00094919183 	-0.00088897627 	 -17478.471 	-8328.2486 	-5657.9781 	 0.12562419 	-0.49382546 	-0.098034215 	 -1.3778387 	-1.4883722 	-0.47764382 		-0.0075 -0.0091113523 -0.066350473 1200000 1
-0.00625 448250.85 	-1041981.2 	283146.71 	 560788.01 	-2140806.1 	540027.56 	 -0.0063405678 	0.00050525453 	0.034002881 	 -0.0025149317 	-0.00095617214 	4.1312233e-05 	 -18096.501 	-8980.3238 	-6110.979 	 0.15328579 	-0.53303369 	-0.1135193 	 -1.3273633 	-1.6031194 	-0.53404224 		-0.00625 -0.0098069932 -0.068395837 1200000 1
-0.005 430456.47 	-999131.2 	299951.47 	 554450.55 	-2026441.8 	577114.02 	 -0.0065966744 	0.00047380604 	0.034596802 	 -0.0028554118 	-0.00098515127 	0.00081954538 	 -18228.781 	-9322.7121 	-6375.7192 	 0.1722623 	-0.54028775 	-0.11734399 	 -1.2892521 	-1.6196084 	-0.54111599 		-0.005 -0.01038085 -0.069960098 1177729.8 1
-0.00375 398566.35 	-900370.55 	278975.03 	 537955.99 	-1923625.3 	535105.34 	 -0.0066224644 	0.00038802181 	0.034781986 	 -0.0029691022 	-0.0010789028 	0.001082041 	 -16848.459 	-8755.2562 	-6065.9159 	 0.16584771 	-0.45027689 	-0.085466103 	 -1.285055 	-1.3321171 	-0.3944363 		-0.00375 -0.010582079 -0.070024677 1088023.3 1
-0.0025 367636.84 	-761813.6 	226849.38 	 509786.69 	-1765493.6 	423250.43 	 -0.0064558642 	0.00026725669 	0.0344715 	 -0.00290738 	-0.0012220597 	0.00077372594 	 -14099.558 	-7498.992 	-5265.1019 	 0.14053787 	-0.27778231 	-0.022782317 	 -1.3002311 	-0.77449748 	-0.10825008 		-0.0025 -0.010462434 -0.068728523 942015.56 1
-0.00125 336707.33 	-623256.64 	174723.73 	 481617.38 	-1607361.9 	311395.52 	 -0.006289264 	0.00014649157 	0.034161013 	 -0.0028456578 	-0.0013652166 	0.00046541083 	 -11350.657 	-6242.7279 	-4464.2879 	 0.11522803 	-0.10528774 	0.039901469 	 -1.3154073 	-0.21687785 	0.17793615 		-0.00125 -0.010342789 -0.067432369 796007.78 1
5.6114239e-17 305777.82 	-484699.69 	122598.09 	 453448.08 	-1449230.2 	199540.61 	 -0.0061226637 	2.5726441e-05 	0.033850527 	 -0.0027839356 	-0.0015083734 	0.00015709573 	 -8601.7554 	-4986.4637 	-3663.4739 	 0.089918195 	0.067206837 	0.10258526 	 -1.3305835 	0.34074177 	0.46412238 		5.6114239e-17 -0.010223144 -0.066136214 650000 1
0.00125 237614.26 	-405077.99 	81526.538 	 349607.07 	-1216613.9 	98862.843 	 -0.0062903704 	4.2511691e-05 	0.034177785 	 -0.0029096931 	-0.0014500863 	0.00071300007 	 -7363.4183 	-3763.8082 	-3125.7613 	 0.11515936 	0.23979178 	0.17039007 	 -1.2171869 	0.91807068 	0.78956074 		0.00125 -0.010511364 -0.06594388 503992.22 1
0.0025 169450.69 	-325456.29 	40454.99 	 245766.06 	-983997.48 	-1814.9265 	 -0.006458077 	5.9296942e-05 	0.034505043 	 -0.0030354505 	-0.0013917992 	0.0012689044 	 -6125.0811 	-2541.1528 	-2588.0488 	 0.14040052 	0.41237672 	0.23819489 	 -1.1037903 	1.4953996 	1.1149991 		0.0025 -0.010799584 -0.065751546 357984.44 1
0.00375 101287.13 	-245834.59 	-616.55821 	 141925.06 	-751381.12 	-102492.7 	 -0.0066257836 	7.6082192e-05 	0.034832301 	 -0.003161208 	-0.0013335121 	0.0018248088 	 -4886.744 	-1318.4973 	-2050.3362 	 0.16564168 	0.58496167 	0.30599971 	 -0.99039376 	2.0727285 	1.4404375 		0.00375 -0.011087803 -0.065559211 211976.66 1
0.005 46992.676 	-189152.91 	-25248.197 	 76211.763 	-645482.35 	-152709.45 	 -0.0066145015 	0.00010171322 	0.034975998 	 -0.0031098887 	-0.0012613967 	0.0021095456 	 -4062.9435 	-475.30073 	-1678.4312 	 0.17535669 	0.6799579 	0.33769383 	 -0.91118099 	2.402946 	1.5736704 		0.005 -0.010913496 -0.064163407 122270.15 1
0.00625 32547.888 	-168737.14 	-29963.707 	 62340.852 	-626018.87 	-152693.71 	 -0.0063889943 	0.00010814897 	0.034814336 	 -0.0028351934 	-0.0012147289 	0.00196032 	 -3688.5774 	-286.25021 	-1476.6462 	 0.16382242 	0.68495136 	0.32802673 	 -0.87509431 	2.4645477 	1.4916956 		0.00625 -0.010175278 -0.060924263 100000 1
0.0075 33789.468 	-161253.36 	-28077.683 	 66261.584 	-627995.4 	-137199.1 	 -0.0060927594 	0.0001050068 	0.034542538 	 -0.0024855043 	-0.0011810324 	0.0016559144 	 -3457.5128 	-334.92971 	-1327.9453 	 0.14498242 	0.66054103 	0.30490615 	 -0.85348675 	2.4404175 	1.3402829 		0.0075 -0.0092497587 -0.057032687 100000 1
0.00875 35031.047 	-153769.57 	-26191.66 	 70182.317 	-629971.94 	-121704.49 	 -0.0057965244 	0.00010186462 	0.03427074 	 -0.0021358153 	-0.0011473359 	0.0013515087 	 -3226.4483 	-383.60922 	-1179.2443 	 0.12614241 	0.63613069 	0.28178556 	 -0.8318792 	2.4162873 	1.1888701 		0.00875 -0.0083242392 -0.05314111 100000 1
0.01 34000.176 	-149239.39 	-23920.975 	 68434.005 	-634489.98 	-105574.11 	 -0.0056582018 	0.00011369006 	0.03417532 	 -0.0018391602 	-0.001076355 	0.0012770433 	 -3113.0057 	-399.41169 	-1057.9181 	 0.12801461 	0.61706655 	0.25549472 	 -0.75147609 	2.4381381 	1.030355 		0.01 -0.0075352711 -0.049609424 100000 1
0.01125 30649.059 	-147659.53 	-22124.455 	 60867.718 	-641700.91 	-93203.079 	 -0.0056475925 	0.00017089132 	0.034296436 	 -0.0015842714 	-0.00095793379 	0.0015016855 	 -3135.6117 	-385.27107 	-960.93438 	 0.15281511 	0.6021587 	0.23384362 	 -0.61156956 	2.5063227 	0.90896118 		0.01125 -0.0069872167 -0.046867376 100000 1
0.0125 27297.941 	-146079.67 	-20327.935 	 53301.43 	-648911.83 	-80832.051 	 -0.0056369832 	0.00022809259 	0.034417553 	 -0.0013293827 	-0.00083951254 	0.0017263277 	 -3158.2176 	-371.13046 	-863.9507 	 0.17761561 	0.58725084 	0.21219253 	 -0.47166303 	2.5745074 	0.78756739 		0.0125 -0.0064391623 -0.044125329 100000 1
0.01375 24344.423 	-143865.05 	-18584.278 	 47178.235 	-654215.41 	-69543.353 	 -0.0056041201 	0.00028357292 	0.034492637 	 -0.0010952421 	-0.00072660419 	0.0018879306 	 -3152.6625 	-357.49305 	-773.25621 	 0.19824082 	0.57105639 	0.19147042 	 -0.34520493 	2.6200273 	0.67692063 		0.01375 -0.0058710413 -0.041382532 100000 1
0.015 23002.079 	-139467.24 	-16983.541 	 46133.278 	-652773.14 	-61654.894 	 -0.0054930794 	0.00032604524 	0.034404128 	 -0.0009271761 	-0.00063932875 	0.0018222034 	 -3046.402 	-349.65201 	-700.17675 	 0.20305696 	0.5503725 	0.17360253 	 -0.26790522 	2.5861841 	0.59993297 		0.015 -0.0052279298 -0.038505924 100000 1
0.01625 23812.005 	-133267.93 	-15369.429 	 49666.78 	-645137.05 	-55484.105 	 -0.0053119963 	0.00033384853 	0.03416283 	 -0.00079578573 	-0.00059573197 	0.0015333857 	 -2844.047 	-360.32097 	-628.07419 	 0.18993661 	0.5257667 	0.15693897 	 -0.2409759 	2.4820886 	0.53956524 		0.01625 -0.0045027678 -0.035075811 100000 1
0.0175 24621.931 	-127068.61 	-13755.317 	 53200.281 	-637500.97 	-49313.317 	 -0.0051309131 	0.00034165182 	0.033921532 	 -0.00066439536 	-0.00055213519 	0.001244568 	 -2641.6919 	-370.98993 	-555.97163 	 0.17681627 	0.5011609 	0.14027541 	 -0.21404658 	2.3779931 	0.47919751 		0.0175 -0.0037776058 -0.031645699 100000 1
0.01875 24443.803 	-121992.51 	-12140.726 	 53887.93 	-629849.55 	-43413.302 	 -0.0050361062 	0.00033267371 	0.033795833 	 -0.00056619798 	-0.0005127641 	0.0010873475 	 -2495.9144 	-368.95072 	-503.19953 	 0.17302435 	0.47559491 	0.12364301 	 -0.15881062 	2.2841558 	0.42132009 		0.01875 -0.0031401965 -0.028500334 100000 1
0.02 23025.592 	-118667.81 	-10600.28 	 51010.204 	-623859.25 	-38030.156 	 -0.0050359537 	0.00031847913 	0.033824395 	 -0.00049308528 	-0.00047129855 	0.0011110539 	 -2432.0891 	-353.10575 	-468.1746 	 0.181145 	0.45213427 	0.10752849 	 -0.068404772 	2.2186402 	0.36847778 		0.02 -0.0026221983 -0.025762376 100000 1
0.02125 20640.181 	-116969.67 	-9180.8354 	 45373.969 	-620496.46 	-33198.711 	 -0.0051016034 	0.00031404339 	0.033975336 	 -0.00042022189 	-0.00042018064 	0.0012883054 	 -2440.3205 	-328.26385 	-439.92015 	 0.19870846 	0.43301897 	0.0922181 	 0.049644509 	2.1878382 	0.32117365 		0.02125 -0.0022007102 -0.02335927 100000 1
0.0225 18254.77 	-115271.53 	-7761.3905 	 39737.734 	-617133.68 	-28367.266 	 -0.0051672532 	0.00030960764 	0.034126277 	 -0.00034735849 	-0.00036906272 	0.0014655569 	 -2448.5519 	-303.42196 	-411.6657 	 0.21627191 	0.41390368 	0.076907713 	 0.16769379 	2.1570363 	0.27386951 		0.0225 -0.0017792221 -0.020956164 100000 1
0.02375 16778.054 	-112156.27 	-6669.309 	 37793.385 	-612069.55 	-24732.152 	 -0.0051452117 	0.00030690624 	0.034142851 	 -0.00028989945 	-0.00032515443 	0.0014708789 	 -2393.0308 	-284.82674 	-384.43644 	 0.22499359 	0.39436997 	0.065506715 	 0.25142529 	2.0993658 	0.2383519 		0.02375 -0.0013342295 -0.018677616 100000 1
0.025 16898.072 	-107387.8 	-5916.0133 	 40117.172 	-604201.58 	-22097.071 	 -0.0050227523 	0.00029770613 	0.034001261 	 -0.00024669002 	-0.00029719628 	0.0012630682 	 -2251.3971 	-281.78307 	-352.70449 	 0.22008854 	0.3732795 	0.058067067 	 0.29069546 	2.0041037 	0.21259543 		0.025 -0.00084872519 -0.016089579 100000 1
0.02625 17517.555 	-102143.23 	-5257.1032 	 43667.292 	-595465.64 	-19720.792 	 -0.0048715121 	0.00028600536 	0.033814016 	 -0.00020730973 	-0.00027438822 	0.00099294946 	 -2084.097 	-283.82818 	-319.25515 	 0.21101461 	0.35166181 	0.051724023 	 0.3168343 	1.8975544 	0.18935566 		0.02625 -0.00035058739 -0.013378839 100000 1
0.0275 18137.038 	-96898.651 	-4598.1931 	 47217.412 	-586729.71 	-17344.512 	 -0.0047202719 	0.00027430458 	0.03362677 	 -0.00016792943 	-0.00025158016 	0.00072283072 	 -1916.7968 	-285.87329 	-285.8058 	 0.20194068 	0.33004412 	0.045380979 	 0.34297314 	1.791005 	0.16611589 		0.0275 0.00014755042 -0.010668099 100000 1
0.02875 17594.785 	-93528.039 	-3983.3003 	 46741.571 	-579232.09 	-15258.804 	 -0.0047096238 	0.00023916522 	0.033628832 	 -0.00014452868 	-0.00023235105 	0.00067468583 	 -1838.7551 	-277.61374 	-269.91802 	 0.2039519 	0.30982751 	0.039275618 	 0.41019082 	1.7124668 	0.14569539 		0.02875 0.00052931982 -0.0084127925 100000 1
0.03 15980.411 	-92104.278 	-3432.7353 	 42574.948 	-574157.21 	-13431.332 	 -0.0048136655 	0.00020361634 	0.033804809 	 -0.00011840589 	-0.00020946734 	0.00083697614 	 -1847.3679 	-260.44346 	-262.35955 	 0.21615329 	0.29313273 	0.033492152 	 0.51517215 	1.6711144 	0.12787523 		0.03 0.00081929699 -0.006508809 100000 1
0.03125 14366.037 	-90680.517 	-2882.1704 	 38408.326 	-569082.34 	-11603.86 	 -0.0049177071 	0.00016806746 	0.033980786 	 -9.2283113e-05 	-0.00018658364 	0.00099926645 	 -1855.9807 	-243.27318 	-254.80109 	 0.22835468 	0.27643795 	0.027708685 	 0.62015348 	1.629762 	0.11005506 		0.03125 0.0011092742 -0.0046048256 100000 1
0.0325 13019.217 	-88806.805 	-2383.8212 	 35578.589 	-563516.2 	-9966.963 	 -0.0049836978 	0.00013308086 	0.03410999 	 -6.9152517e-05 	-0.00016539888 	0.0011027514 	 -1845.1044 	-227.81755 	-246.11757 	 0.23817015 	0.25994504 	0.022548939 	 0.71258797 	1.5796161 	0.094106514 		0.0325 0.0014012215 -0.0027708653 100000 1
0.03375 12577.201 	-85568.184 	-2042.2715 	 36704.757 	-556240.49 	-8874.3935 	 -0.0049346489 	9.9442554e-05 	0.034096094 	 -5.4839612e-05 	-0.00014997226 	0.0010235409 	 -1771.5764 	-218.99185 	-233.19748 	 0.24006257 	0.24379024 	0.019222491 	 0.76684525 	1.5011931 	0.083504811 		0.03375 0.0017019554 -0.0010205405 100000 1
0.035 13130.552 	-81183.923 	-1828.2958 	 40899.52 	-546974.66 	-8153.2199 	 -0.0047900194 	6.6031225e-05 	0.033959005 	 -4.7272312e-05 	-0.00014090889 	0.00078006817 	 -1636.5201 	-219.34758 	-214.63607 	 0.23356952 	0.22722493 	0.017286155 	 0.78876219 	1.3949781 	0.076554043 		0.035 0.0020171774 0.00098557533 100000 1
0.03625 13683.902 	-76799.661 	-1614.32 	 45094.283 	-537708.82 	-7432.0464 	 -0.00464539 	3.2619897e-05 	0.033821916 	 -3.9705012e-05 	-0.00013184551 	0.0005365954 	 -1501.4638 	-219.7033 	-196.07467 	 0.22707647 	0.21065963 	0.01534982 	 0.81067913 	1.2887631 	0.069603276 		0.03625 0.0023323994 0.0029916911 100000 1
0.0375 14237.253 	-72415.4 	-1400.3443 	 49289.046 	-528442.98 	-6710.8729 	 -0.0045007605 	-7.9143081e-07 	0.033684827 	 -3.2137712e-05 	-0.00012278214 	0.00029312264 	 -1366.4075 	-220.05902 	-177.51327 	 0.22058342 	0.19409432 	0.013413484 	 0.83259607 	1.1825481 	0.062652508 		0.0375 0.0026476214 0.004997807 100000 1
0.03875 13158.283 	-71223.255 	-1236.8867 	 46009.251 	-521642.98 	-6289.5971 	 -0.0046249048 	-5.9015366e-05 	0.033881679 	 -1.8883332e-05 	-0.00011208431 	0.00044351017 	 -1373.2697 	-210.94738 	-175.46002 	 0.22927543 	0.18073073 	0.011669709 	 0.93221658 	1.1292245 	0.058671696 		0.03875 0.0028157312 0.0062455741 100000 1
0.04 12079.312 	-70031.111 	-1073.4291 	 42729.456 	-514842.99 	-5868.3214 	 -0.0047490491 	-0.0001172393 	0.034078531 	 -5.628952e-06 	-0.00010138648 	0.0005938977 	 -1380.1318 	-201.83574 	-173.40677 	 0.23796743 	0.16736715 	0.0099259352 	 1.0318371 	1.0759009 	0.054690884 		0.04 0.002983841 0.0074933413 100000 1
0.04125 11000.342 	-68838.966 	-909.97144 	 39449.662 	-508042.99 	-5447.0456 	 -0.0048731934 	-0.00017546323 	0.034275382 	 7.6254283e-06 	-9.0688653e-05 	0.00074428524 	 -1386.994 	-192.7241 	-171.35352 	 0.24665944 	0.15400356 	0.0081821609 	 1.1314576 	1.0225772 	0.050710072 		0.04125 0.0031519508 0.0087411084 100000 1
0.0425 10496.322 	-66591.804 	-781.88672 	 40075.931 	-499882.22 	-5093.5311 	 -0.0048982024 	-0.00022972518 	0.034359152 	 1.9214331e-05 	-8.1700247e-05 	0.00076543699 	 -1353.8061 	-186.20037 	-164.80992 	 0.25056248 	0.14105198 	0.0069257554 	 1.1948095 	0.94626398 	0.047367012 		0.0425 0.0033218162 0.0098106909 100000 1
0.04375 10790.223 	-63107.931 	-697.88765 	 44654.299 	-489397.01 	-4801.7371 	 -0.0048033755 	-0.00027781892 	0.03430346 	 2.8548665e-05 	-7.4936851e-05 	0.00061449802 	 -1262.6689 	-184.65962 	-151.77258 	 0.24756459 	0.12793909 	0.0061966472 	 1.2191829 	0.83715504 	0.044615874 		0.04375 0.0034985417 0.011022689 100000 1
0.045 11359.509 	-59218.578 	-628.63406 	 50458.82 	-478068.65 	-4528.2117 	 -0.0046688552 	-0.000323721 	0.034201276 	 3.7110218e-05 	-6.8927539e-05 	0.00040484755 	 -1151.3097 	-184.96918 	-136.46949 	 0.24216109 	0.11470174 	0.0056355348 	 1.2311693 	0.71664388 	0.042041515 		0.045 0.0036780499 0.012320406 100000 1
0.04625 11928.796 	-55329.225 	-559.38048 	 56263.341 	-466740.3 	-4254.6864 	 -0.0045343349 	-0.00036962308 	0.034099092 	 4.567177e-05 	-6.2918227e-05 	0.00019519707 	 -1039.9505 	-185.27874 	-121.16639 	 0.23675759 	0.10146438 	0.0050744223 	 1.2431556 	0.59613272 	0.039467156 		0.04625 0.0038575581 0.013618123 100000 1
0.0475 11874.291 	-52677.136 	-483.59296 	 57947.96 	-455795.03 	-3994.2249 	 -0.0045214758 	-0.0004325388 	0.034158237 	 4.1647692e-05 	-5.7293642e-05 	0.00015036655 	 -981.7564 	-184.16007 	-116.43612 	 0.23693528 	0.088880057 	0.0043643727 	 1.2973309 	0.4915043 	0.037002941 		0.0475 0.0039738624 0.01442622 100000 1
0.04875 11115.437 	-51415.566 	-429.52842 	 54999.892 	-445904.81 	-3918.8042 	 -0.0046371456 	-0.00049624549 	0.034394909 	 4.2163832e-05 	-5.3824483e-05 	0.00028661495 	 -980.94131 	-181.13666 	-116.40323 	 0.24335869 	0.077229171 	0.00375497 	 1.3990911 	0.41037857 	0.036383649 		0.04875 0.0040351085 0.014818641 100000 1
0.05 10356.584 	-50153.996 	-375.46389 	 52051.825 	-436014.59 	-3843.3836 	 -0.0047528154 	-0.00055995218 	0.03463158 	 4.2679972e-05 	-5.0355324e-05 	0.00042286334 	 -980.12622 	-178.11324 	-116.37034 	 0.24978209 	0.065578285 	0.0031455673 	 1.5008513 	0.32925284 	0.035764358 		0.05 0.0040963547 0.015211063 100000 1
0.05125 9783.3069 	-48573.964 	-325.63761 	 50959.23 	-425607.64 	-3755.9795 	 -0.0048364868 	-0.00062589139 	0.03482919 	 4.4833815e-05 	-4.6454339e-05 	0.00052556637 	 -969.3378 	-175.7636 	-114.77786 	 0.25467883 	0.054064443 	0.0026101925 	 1.5854536 	0.24002482 	0.03501824 		0.05125 0.0041579381 0.015540955 100000 1
0.0525 9855.7327 	-45899.781 	-291.35574 	 55950.52 	-413087.14 	-3626.4515 	 -0.0048082716 	-0.00069896815 	0.034889072 	 5.2662466e-05 	-4.0979014e-05 	0.00050406703 	 -921.14714 	-175.69658 	-107.47605 	 0.25411907 	0.042854782 	0.00232867 	 1.6133164 	0.12005967 	0.033831052 		0.0525 0.0042206397 0.015741846 100000 1
0.05375 10486.087 	-42326.634 	-273.16738 	 64956.782 	-397686.83 	-3459.0973 	 -0.0046815422 	-0.00077610862 	0.034823884 	 6.5316163e-05 	-3.3903629e-05 	0.00035027348 	 -831.62516 	-177.39576 	-94.297095 	 0.24836201 	0.031331728 	0.0022540676 	 1.6020325 	-0.034960469 	0.032263454 		0.05375 0.0042841233 0.016126843 100000 1
0.055 11116.442 	-38753.487 	-254.97902 	 73963.044 	-382286.53 	-3291.7431 	 -0.0045548129 	-0.0008532491 	0.034758695 	 7.796986e-05 	-2.6828244e-05 	0.00019647992 	 -742.10319 	-179.09494 	-81.118137 	 0.24260495 	0.019808674 	0.0021794653 	 1.5907486 	-0.18998061 	0.030695856 		0.055 0.0043476069 0.01651184 100000 1
0.05625 11369.283 	-35779.134 	-233.62803 	 79347.837 	-366644.87 	-3153.4827 	 -0.0044979468 	-0.00094163839 	0.034794453 	 7.3658899e-05 	-2.1301548e-05 	0.00012755421 	 -676.26868 	-180.47545 	-75.094013 	 0.23998026 	0.0083363832 	0.0020348834 	 1.6160759 	-0.34058206 	0.029410213 		0.05625 0.0043748774 0.016467247 100000 1
0.0575 11140.823 	-33563.272 	-214.74095 	 80079.215 	-350789.99 	-3102.0017 	 -0.0045270066 	-0.0010302434 	0.034966818 	 6.1462061e-05 	-1.9623915e-05 	0.00016422533 	 -639.29817 	-181.41695 	-73.855231 	 0.24142414 	-0.0031648167 	0.0018560134 	 1.6889791 	-0.48505903 	0.028984898 		0.0575 0.0043618855 0.015944705 100000 1
0.05875 10532.683 	-31933.405 	-204.07479 	 77117.943 	-334747.44 	-3161.061 	 -0.0046261048 	-0.0011095626 	0.035247926 	 5.6580007e-05 	-2.0971953e-05 	0.00028213157 	 -623.75777 	-181.97044 	-72.491329 	 0.24613931 	-0.014799722 	0.0017045527 	 1.8002197 	-0.62469703 	0.029662732 		0.05875 0.0043218436 0.015098816 100000 1
0.06 9924.543 	-30303.539 	-193.40863 	 74156.671 	-318704.89 	-3220.1204 	 -0.0047252031 	-0.0011888817 	0.035529035 	 5.1697952e-05 	-2.231999e-05 	0.00040003781 	 -608.21738 	-182.52392 	-71.127428 	 0.25085447 	-0.026434628 	0.0015530919 	 1.9114602 	-0.76433504 	0.030340567 		0.06 0.0042818017 0.014252928 100000 1
0.06125 9819.5233 	-27981.824 	-178.2948 	 79941.83 	-301636.63 	-2998.4173 	 -0.0047278786 	-0.0012876305 	0.035700604 	 4.8846494e-05 	-2.1153017e-05 	0.00048251515 	 -575.85408 	-189.14175 	-67.729665 	 0.25061626 	-0.037346622 	0.0014511451 	 1.9404278 	-0.92323607 	0.028196727 		0.06125 0.0042440538 0.013239061 100000 1
0.0625 10267.634 	-24962.852 	-162.08336 	 93206.659 	-280714.18 	-2447.1668 	 -0.0046190429 	-0.0014050901 	0.035735065 	 4.7976346e-05 	-1.7252851e-05 	0.0004768761 	 -516.30789 	-198.2754 	-60.96763 	 0.24464766 	-0.048033154 	0.0014092197 	 1.8976232 	-1.1274101 	0.022753319 		0.0625 0.0041993779 0.012290517 100000 1
0.06375 10872.548 	-21751.183 	-145.8578 	 108424.52 	-258485.57 	-1800.8601 	 -0.0044781647 	-0.0015276464 	0.035729352 	 4.7648194e-05 	-1.2580366e-05 	0.00044240652 	 -448.37532 	-207.79707 	-53.163509 	 0.2370323 	-0.058700364 	0.0013847467 	 1.8359356 	-1.3463057 	0.016359079 		0.06375 0.0041519979 0.011380072 100000 1
0.065 11477.461 	-18539.514 	-129.63225 	 123642.38 	-236256.96 	-1154.5535 	 -0.0043372865 	-0.0016502027 	0.03572364 	 4.7320042e-05 	-7.9078814e-06 	0.00040793695 	 -380.44275 	-217.31875 	-45.359388 	 0.22941694 	-0.069367574 	0.0013602737 	 1.774248 	-1.5652012 	0.0099648381 		0.065 0.0041046179 0.010469628 100000 1
0.06625 11423.385 	-15869.486 	-107.64481 	 129396.12 	-210216.17 	-562.80159 	 -0.0043259007 	-0.0017809333 	0.035864081 	 3.2973258e-05 	-5.7627176e-06 	0.00044851891 	 -329.09417 	-221.03733 	-42.259302 	 0.22715295 	-0.081114549 	0.0012331278 	 1.8082827 	-1.8102957 	0.0041088876 		0.06625 0.0040032466 0.0084887133 100000 1
0.0675 10781.747 	-13700.312 	-101.46591 	 126571.5 	-180713.52 	-151.14739 	 -0.0044278234 	-0.0018991336 	0.036152644 	 3.055274e-05 	-3.9163942e-06 	0.00055558986 	 -291.67952 	-219.70091 	-38.242183 	 0.2298834 	-0.093740641 	0.001208847 	 1.9310452 	-2.0791678 	5.0614181e-05 		0.0675 0.0038569698 0.0055857748 100000 1
0.06875 10140.109 	-11531.137 	-95.287018 	 123746.89 	-151210.87 	260.50681 	 -0.004529746 	-0.002017334 	0.036441207 	 2.8132222e-05 	-2.0700708e-06 	0.00066266081 	 -254.26486 	-218.36448 	-34.225065 	 0.23261385 	-0.10636673 	0.0011845662 	 2.0538076 	-2.34804 	-0.0040076592 		0.06875 0.0037106931 0.0026828364 100000 1
0.07 9494.8616 	-9474.7906 	-88.941777 	 125053.95 	-127258.28 	622.05881 	 -0.0045958663 	-0.0021177886 	0.036669146 	 2.5721175e-05 	-8.1608286e-07 	0.00075523143 	 -219.5136 	-216.5566 	-30.382443 	 0.23411888 	-0.11680534 	0.0011623113 	 2.1378095 	-2.5651462 	-0.0075686079 		0.07 0.0035663022 -0.00022377747 100000 1
0.07125 8996.3564 	-7859.7404 	-82.941571 	 137841.38 	-118493.21 	836.12938 	 -0.0045535964 	-0.0021639594 	0.036710839 	 2.3289206e-05 	-1.3489088e-06 	0.00079444059 	 -192.90167 	-214.89753 	-27.225248 	 0.23192866 	-0.12070515 	0.0011462312 	 2.1089642 	-2.6308011 	-0.0096640277 		0.07125 0.0034158914 -0.0031586514 100000 1
0.0725 9020.2105 	-6865.8068 	-79.381788 	 157599.56 	-118303.2 	937.80553 	 -0.0044208919 	-0.0021634199 	0.036590269 	 2.0713978e-05 	-3.356169e-06 	0.00076512742 	 -173.27347 	-217.36049 	-25.038525 	 0.22669248 	-0.11936169 	0.0011354077 	 1.9973776 	-2.5834567 	-0.010638409 		0.0725 0.0032307076 -0.006160561 100000 1
0.07375 9044.0646 	-5871.8733 	-75.822005 	 177357.73 	-118113.19 	1039.4817 	 -0.0042881875 	-0.0021628804 	0.036469699 	 1.8138751e-05 	-5.3634292e-06 	0.00073581424 	 -153.64527 	-219.82345 	-22.851802 	 0.2214563 	-0.11801824 	0.0011245841 	 1.885791 	-2.5361122 	-0.011612791 		0.07375 0.0030455237 -0.0091624706 100000 1
0.075 9067.9186 	-4877.9397 	-72.262222 	 197115.91 	-117923.18 	1141.1578 	 -0.004155483 	-0.002162341 	0.036349129 	 1.5563523e-05 	-7.3706894e-06 	0.00070650106 	 -134.01706 	-222.28641 	-20.665079 	 0.21622012 	-0.11667478 	0.0011137606 	 1.7742045 	-2.4887677 	-0.012587172 		0.075 0.0028603399 -0.01216438 100000 1
