# x y z jRe_x jRe_y jRe_z jIm_x jIm_y jIm_z BRe_x BRe_y BRe_z BIm_x BIm_y BIm_z F_x F_y F_z
# 1e-3 1e-3 1e-3 1e+6 1e+6 1e+6 1e+6 1e+6 1e+6 1 1 1 1 1 1 1e+6 1e+6 1e+6
30 -75 10 -7.19172 -0.338874 -0.631419 -10.3577 0.0137574 -0.975266 -0.00418779 0.00117066 0.0512475 0.000218126 -0.00128178 3.82893e-06 -0.00893864 0.185514 0.00171756
30 -74.5 10 -7.17472 -0.521357 -0.620682 -8.74782 -0.0756428 -0.838538 -0.00393598 0.00106199 0.0490808 0.000562522 -0.00132218 -0.00298097 -0.0129063 0.164018 0.000968628
30 -74 10 -7.08084 -0.916379 -0.613289 -7.16684 -0.0818804 -0.708938 -0.00361639 0.000928116 0.0454463 0.000911278 -0.00130315 -0.00743359 -0.020696 0.135047 -0.00023586
30 -73.5 10 -6.83917 -1.37026 -0.586075 -5.72965 -0.142913 -0.577624 -0.0032249 0.000798149 0.0417054 0.00130085 -0.00130124 -0.0114495 -0.0278974 0.110384 -0.00111803
30 -73 10 -6.53554 -1.77268 -0.546297 -4.37884 -0.187541 -0.448293 -0.00283116 0.000665857 0.0379454 0.00166607 -0.00130953 -0.0149933 -0.0323383 0.0915701 -0.00166191
30 -72.5 10 -6.13354 -2.21529 -0.492004 -3.22545 -0.146676 -0.356984 -0.00247572 0.000510126 0.0342058 0.00191675 -0.00132323 -0.0177882 -0.0366939 0.0764807 -0.00203208
30 -72 10 -5.7087 -2.6049 -0.441801 -2.2789 -0.139465 -0.287776 -0.00217178 0.000377508 0.0308886 0.00210116 -0.00131354 -0.0197942 -0.0389562 0.0657898 -0.00226294
30 -71.5 10 -5.26961 -3.0078 -0.415835 -1.50841 -0.155585 -0.217284 -0.00185769 0.000307033 0.0280654 0.00225788 -0.00128422 -0.0211785 -0.0406357 0.0581148 -0.00245854
30 -71 10 -4.79431 -3.30559 -0.357442 -0.85696 -0.0747694 -0.157735 -0.00161695 0.000213291 0.0253469 0.00236211 -0.00127154 -0.0222524 -0.0411235 0.0513284 -0.00255065
30 -70.5 10 -4.33667 -3.6327 -0.30809 -0.321141 -0.0155418 -0.108864 -0.0013838 0.000157473 0.0229664 0.00243694 -0.00123156 -0.0229101 -0.0415798 0.0462007 -0.00263823
30 -70 10 -3.8863 -3.9341 -0.265652 0.117646 0.0792614 -0.067982 -0.00115788 0.000125386 0.0207048 0.00248416 -0.0011836 -0.0233557 -0.0416766 0.0416757 -0.00268932
30 -69.5 10 -3.46218 -4.19165 -0.224827 0.466795 0.153932 -0.0372216 -0.000939082 6.52177e-05 0.018745 0.00250673 -0.00113072 -0.0235256 -0.0411106 0.037999 -0.00253789
30 -69 10 -3.06689 -4.43396 -0.185555 0.718783 0.278721 -0.0129202 -0.00078611 3.75469e-05 0.0169285 0.00253199 -0.0011026 -0.0235475 -0.0408154 0.0344783 -0.00254949
30 -68.5 10 -2.68189 -4.63073 -0.148237 0.909042 0.361884 0.010366 -0.000652929 3.79239e-05 0.0157311 0.00253639 -0.00105263 -0.0233699 -0.0406435 0.0317782 -0.00250001
30 -68 10 -2.33579 -4.8202 -0.116927 1.05479 0.445553 0.0220851 -0.000516987 1.08713e-05 0.0145732 0.00253877 -0.00102417 -0.0230446 -0.0402447 0.0292318 -0.00236441
30 -67.5 10 -2.02993 -4.99193 -0.0824861 1.14792 0.608711 0.0268812 -0.000420575 -1.02256e-05 0.0132648 0.00249988 -0.000981396 -0.02279 -0.0400318 0.0265947 -0.0023635
30 -67 10 -1.73497 -5.12855 -0.0553399 1.1907 0.706034 0.0370437 -0.00032253 -4.82314e-06 0.0125441 0.00248715 -0.000950683 -0.0224034 -0.0400578 0.0242747 -0.00226687
30 -66.5 10 -1.47509 -5.26659 -0.0256438 1.22392 0.804922 0.0429208 -0.000257574 7.09727e-06 0.0119312 0.00246261 -0.000906048 -0.0219915 -0.0402496 0.0223139 -0.00222907
30 -66 10 -1.24709 -5.35105 -6.59743e-05 1.23155 0.937378 0.0422265 -0.000205292 -4.71807e-06 0.01112 0.0024254 -0.000867403 -0.0215784 -0.0398469 0.0202725 -0.0022172
30 -65.5 10 -1.04589 -5.45753 0.0145739 1.19753 1.0223 0.0443135 -0.000130922 5.59141e-06 0.0107722 0.00241377 -0.000836889 -0.021191 -0.0402082 0.0183743 -0.00209508
30 -65 10 -0.86146 -5.5405 0.0325767 1.1571 1.11272 0.0447669 -5.23361e-05 -1.24186e-06 0.0105006 0.0023826 -0.000803297 -0.0207591 -0.0406208 0.0165855 -0.00193478
30 -64.5 10 -0.715807 -5.59655 0.0435509 1.10301 1.2245 0.0438608 -3.12784e-05 1.97105e-05 0.0102026 0.0023652 -0.000786049 -0.0203739 -0.0410067 0.0149391 -0.00197619
30 -64 10 -0.587871 -5.62824 0.0503288 1.05042 1.34961 0.0396659 3.27882e-05 5.04249e-06 0.00980546 0.00233486 -0.000761503 -0.0200506 -0.041109 0.01346 -0.00188474
30 -63.5 10 -0.45721 -5.6716 0.0609041 1.00512 1.42237 0.0351777 8.3756e-05 -2.32879e-06 0.00964625 0.00229711 -0.000735811 -0.0197003 -0.0413523 0.0121487 -0.00176541
30 -63 10 -0.351488 -5.73024 0.0706947 0.935555 1.47787 0.0317667 5.3671e-05 1.2166e-05 0.00981249 0.00228166 -0.000713408 -0.0194079 -0.0424442 0.0108412 -0.00186807
30 -62.5 10 -0.271708 -5.79063 0.0841301 0.866846 1.54278 0.0285285 7.96586e-05 3.60471e-05 0.00992799 0.00227461 -0.000694968 -0.0191874 -0.0435372 0.00970081 -0.00183009
30 -62 10 -0.186879 -5.80177 0.0895311 0.818819 1.60257 0.0281031 0.000139875 3.80707e-05 0.00984596 0.00226651 -0.000677082 -0.0189206 -0.0437149 0.00870441 -0.00169112
30 -61.5 10 -0.137298 -5.80752 0.0964624 0.749853 1.69414 0.0194369 5.57615e-05 6.56816e-05 0.00984276 0.0022357 -0.000651996 -0.0187593 -0.0444683 0.00773349 -0.00198083
30 -61 10 -0.0825744 -5.84121 0.1097 0.695411 1.73852 0.0242849 6.6502e-05 9.63475e-05 0.00991022 0.00223876 -0.000644099 -0.0186039 -0.045113 0.00690869 -0.00197977
30 -60.5 10 -0.0451117 -5.8506 0.103679 0.637783 1.79237 0.0180616 8.97077e-05 8.27815e-05 0.00994832 0.00220427 -0.000627396 -0.0184255 -0.0456131 0.00612467 -0.00191495
30 -60 10 -0.0534162 -5.85912 0.1075 0.550867 1.84062 0.0139387 6.20784e-05 0.000104971 0.0101645 0.00220556 -0.000618018 -0.0183023 -0.0466226 0.00533125 -0.00202096
30 -59.5 10 -0.021133 -5.87125 0.118907 0.507261 1.87639 0.0164041 4.11523e-05 0.000114878 0.0103102 0.00219039 -0.000603793 -0.0182183 -0.0473611 0.00475008 -0.00208856
30 -59 10 0.0105085 -5.88731 0.106634 0.470681 1.89488 0.003549 4.63088e-05 9.07066e-05 0.0104329 0.00219491 -0.00058997 -0.0181116 -0.0478742 0.00421393 -0.0020816
30 -58.5 10 0.015982 -5.87478 0.0954284 0.424074 1.94927 -0.00521566 6.23014e-05 9.76629e-05 0.0103853 0.00217866 -0.000572186 -0.0180309 -0.0480853 0.00373752 -0.00206093
30 -58 10 0.0119793 -5.8802 0.0953656 0.375497 1.99292 -0.00550408 0.000105996 8.35831e-05 0.0104767 0.00216425 -0.000562707 -0.0180277 -0.048772 0.00332101 -0.00195009
30 -57.5 10 0.0162015 -5.88563 0.107489 0.339528 2.01613 0.000281718 0.000101429 0.000105637 0.0106539 0.0021652 -0.000555968 -0.0179908 -0.0494939 0.00297364 -0.0019777
30 -57 10 0.0189523 -5.88517 0.110713 0.305581 2.03408 0.000727577 0.000105983 0.000110991 0.0108018 0.00216999 -0.000550445 -0.0179393 -0.0500363 0.00264525 -0.00197815
30 -56.5 10 0.0289317 -5.90175 0.103687 0.283758 2.04509 -0.00414656 6.93965e-05 0.000103649 0.0108549 0.00215983 -0.000529933 -0.0179432 -0.0503856 0.00238786 -0.00207742
30 -56 10 0.0337072 -5.91645 0.0954094 0.262826 2.07061 -0.0113665 8.6459e-05 9.24109e-05 0.0109568 0.00216053 -0.000521016 -0.0179989 -0.0510543 0.00217247 -0.00204795
30 -55.5 10 0.0322785 -5.90782 0.0898666 0.242809 2.10172 -0.0161718 8.93845e-05 7.97565e-05 0.011032 0.00216667 -0.000511224 -0.0180258 -0.0515377 0.00199686 -0.00207361
30 -55 10 0.0180731 -5.91098 0.100604 0.2159 2.11946 -0.00966769 0.000102109 9.1532e-05 0.0109873 0.00216011 -0.000503539 -0.0180293 -0.0515862 0.00184167 -0.00204087
30 -54.5 10 0.0174234 -5.92775 0.105048 0.19953 2.12904 -0.00656165 0.000114409 0.000102533 0.0110311 0.00216107 -0.000497395 -0.0180595 -0.0519264 0.00170453 -0.00201014
30 -54 10 0.0108811 -5.91124 0.0992449 0.181521 2.15828 -0.007902 7.65685e-05 0.0001083 0.0111217 0.00216566 -0.000490237 -0.0180882 -0.0523985 0.00157643 -0.00215465
30 -53.5 10 0.0115011 -5.91655 0.105392 0.170793 2.1602 -0.00222046 4.70558e-05 0.000140358 0.0111834 0.00218442 -0.000485771 -0.0180946 -0.0526354 0.00148096 -0.00226086
30 -53 10 0.0113499 -5.92572 0.0905886 0.161823 2.17107 -0.0123617 2.48601e-05 0.000116355 0.0112782 0.00220761 -0.000480295 -0.0181369 -0.0531122 0.00139097 -0.00236098
30 -52.5 10 0.0135249 -5.93053 0.0731488 0.154751 2.1916 -0.0223875 2.2926e-05 7.21282e-05 0.0113096 0.00218412 -0.000457874 -0.0182091 -0.0534975 0.00130885 -0.00236032
30 -52 10 0.0131046 -5.94897 0.08853 0.14468 2.18387 -0.0123238 6.86953e-05 0.000111416 0.0114192 0.00217512 -0.000454177 -0.0182263 -0.0538758 0.0012333 -0.00220289
30 -51.5 10 -0.00805421 -5.93518 0.0895017 0.124783 2.21274 -0.0106767 5.91357e-05 0.00012305 0.0113751 0.00216757 -0.00045277 -0.018264 -0.0539713 0.0011764 -0.00225139
30 -51 10 -0.020139 -5.94395 0.0792163 0.113948 2.21131 -0.0143457 1.0536e-05 0.00010283 0.0115679 0.00219877 -0.000451263 -0.0182903 -0.0546096 0.0011432 -0.00242651
30 -50.5 10 -0.0176102 -5.97685 0.080702 0.110073 2.20743 -0.0127531 3.74559e-06 0.000101318 0.0115512 0.00219109 -0.000429688 -0.0183541 -0.0547843 0.00109803 -0.00243169
30 -50 10 -0.034574 -5.96626 0.0819481 0.092388 2.22895 -0.011468 3.92663e-05 0.000107827 0.0114979 0.00219867 -0.000416909 -0.0183876 -0.0547991 0.00103716 -0.00235434
30 -49.5 10 -0.0380485 -5.97309 0.079302 0.0881629 2.23385 -0.0128597 6.1381e-05 0.000114359 0.0115822 0.00219022 -0.000413795 -0.0184149 -0.0551661 0.00102045 -0.00228342
30 -49 10 -0.0364313 -5.97637 0.070405 0.09144 2.24774 -0.0176558 6.40452e-05 0.000107252 0.0116172 0.00217733 -0.000414394 -0.0184625 -0.0554713 0.00103876 -0.00227656
30 -48.5 10 -0.0415165 -5.98931 0.0769031 0.0813012 2.247 -0.0136716 2.66095e-05 0.000119203 0.0116391 0.00219594 -0.000413752 -0.0184901 -0.0556363 0.000979254 -0.00240676
30 -48 10 -0.0367429 -6.00383 0.0827343 0.079511 2.23471 -0.00803022 2.49327e-05 0.000127734 0.0117895 0.00219701 -0.000401063 -0.0184871 -0.0560547 0.000943766 -0.00239829
30 -47.5 10 -0.0247538 -6.0145 0.0767662 0.0852801 2.24238 -0.0113979 2.24331e-05 9.87207e-05 0.0118455 0.00219256 -0.000388856 -0.0185461 -0.056422 0.000925783 -0.00240862
30 -47 10 -0.0295063 -6.0049 0.0825712 0.0815646 2.25297 -0.00705922 6.91781e-06 0.000112039 0.0118013 0.00220808 -0.000387206 -0.0185513 -0.0563366 0.000923162 -0.00248405
30 -46.5 10 -0.0457598 -6.02126 0.0864896 0.0664622 2.26635 -0.00326531 1.96478e-05 0.00011768 0.0117433 0.00219937 -0.000388042 -0.0186252 -0.0564662 0.000884882 -0.00244871
30 -46 10 -0.0292752 -6.04385 0.0824107 0.0743133 2.24254 -0.00418093 3.11325e-05 0.000124868 0.0118408 0.00221328 -0.000375687 -0.0186087 -0.0566535 0.000861416 -0.0024034
30 -45.5 10 -0.0426377 -6.03848 0.0827438 0.0645641 2.27305 -0.00390819 5.11981e-05 0.00012436 0.0118482 0.00220772 -0.000371601 -0.0186804 -0.0570091 0.000853435 -0.0023692
30 -45 10 -0.0429441 -6.0067 0.0706593 0.062553 2.30576 -0.0093335 7.42094e-05 9.70549e-05 0.0116165 0.00219503 -0.000359294 -0.018683 -0.0564327 0.000826146 -0.00232104
30 -44.5 10 -0.034277 -6.01782 0.0662407 0.0637799 2.30703 -0.0119924 7.0813e-05 9.01159e-05 0.0116318 0.00220791 -0.000348949 -0.018698 -0.0565725 0.000784734 -0.00234646
30 -44 10 -0.0267901 -6.05496 0.0716358 0.063855 2.2761 -0.00933527 4.44713e-05 0.0001091 0.0118836 0.00222 -0.000351748 -0.018697 -0.0572611 0.000747362 -0.00240453
30 -43.5 10 -0.0242396 -6.04503 0.0734242 0.0640184 2.29673 -0.00682268 6.70395e-05 0.000127832 0.0118963 0.00221498 -0.000353426 -0.0187631 -0.0575097 0.000739679 -0.00235384
30 -43 10 -0.0503189 -6.07422 0.0801542 0.0453062 2.285 -0.000167307 3.58676e-05 0.000151776 0.0118892 0.00219439 -0.000338082 -0.0187714 -0.0575614 0.000725612 -0.00240963
30 -42.5 10 -0.0509695 -6.06469 0.0581413 0.0447677 2.31341 -0.0114462 3.37135e-05 8.81244e-05 0.0117687 0.00218729 -0.000326319 -0.018793 -0.0574292 0.000709046 -0.00243736
30 -42 10 -0.0313481 -6.05876 0.0634504 0.0523741 2.30794 -0.0116738 4.78296e-05 9.2804e-05 0.0119098 0.00219239 -0.000325381 -0.018788 -0.0577651 0.000667399 -0.00239504
30 -41.5 10 -0.0325601 -6.0643 0.0726962 0.0531127 2.30888 -0.00238975 3.63162e-05 0.00013303 0.0118589 0.00221572 -0.000323121 -0.0187975 -0.0576636 0.000690927 -0.00245855
30 -41 10 -0.01964 -6.0821 0.0682175 0.0603576 2.31052 -0.00374446 4.18106e-05 0.000127291 0.0119096 0.0022105 -0.000318946 -0.0188347 -0.0579816 0.000682648 -0.00243742
30 -40.5 10 -0.0191046 -6.0967 0.0642755 0.057004 2.31003 -0.00627548 5.07295e-05 0.000104852 0.0118842 0.00221551 -0.000311568 -0.0188602 -0.0580154 0.000645753 -0.00241419
30 -40 10 -0.0363839 -6.09283 0.0637383 0.0390147 2.31445 -0.00730716 4.71381e-05 8.2057e-05 0.0118778 0.00221583 -0.000305636 -0.0188517 -0.0580042 0.000577234 -0.00242807
30 -39.5 10 -0.0350106 -6.09572 0.0612155 0.0376903 2.3229 -0.0100612 5.64836e-05 7.77862e-05 0.0119066 0.00220396 -0.000309565 -0.0188858 -0.0582286 0.000554978 -0.00239483
30 -39 10 -0.0224428 -6.09106 0.0648739 0.0420959 2.32957 -0.00858332 2.50613e-05 9.04164e-05 0.0119104 0.00221217 -0.000299759 -0.0188809 -0.0582699 0.000522375 -0.0025077
30 -38.5 10 -0.0243739 -6.09782 0.0622244 0.0389009 2.33143 -0.00872284 2.24969e-05 0.000100442 0.0118961 0.00221012 -0.000297609 -0.0188841 -0.0582882 0.000503342 -0.0025148
30 -38 10 -0.0292639 -6.10887 0.0537791 0.0350784 2.31574 -0.0099742 4.1332e-05 0.000112215 0.0120076 0.00221198 -0.000295415 -0.0188619 -0.0585204 0.000496598 -0.00244176
30 -37.5 10 -0.022983 -6.09871 0.0501247 0.0358227 2.33547 -0.0157146 1.01526e-05 9.57351e-05 0.0118721 0.00220142 -0.000287324 -0.0188847 -0.0582593 0.000457636 -0.00254595
30 -37 10 -0.0186291 -6.09413 0.0538248 0.03827 2.34017 -0.0141345 5.9796e-05 0.000109278 0.0119425 0.00218104 -0.000283506 -0.018892 -0.0584998 0.000458934 -0.00237625
30 -36.5 10 -0.0305912 -6.11227 0.0601346 0.0297323 2.33661 -0.00918924 1.95247e-05 0.00011406 0.0119954 0.00220998 -0.000291014 -0.0189116 -0.0587588 0.000455052 -0.00252833
30 -36 10 -0.0224655 -6.11003 0.055518 0.0314289 2.34231 -0.011999 3.0486e-06 9.65572e-05 0.0119318 0.00221641 -0.000285068 -0.018928 -0.0586238 0.000418257 -0.00259201
30 -35.5 10 -0.0266092 -6.11658 0.0555717 0.0240806 2.34093 -0.0109596 1.69187e-05 9.63874e-05 0.011928 0.00221799 -0.000279351 -0.0189289 -0.058639 0.000374922 -0.00254898
30 -35 10 -0.0352307 -6.14271 0.0597144 0.0128913 2.32048 -0.00598995 1.11744e-05 0.000122837 0.0121204 0.00222386 -0.000276201 -0.0189369 -0.0592021 0.00032924 -0.00254984
30 -34.5 10 -0.0384986 -6.13981 0.0662944 0.00564734 2.327 -0.00134029 4.07234e-06 0.000151045 0.0120867 0.00219722 -0.000272485 -0.0189334 -0.0591391 0.000284784 -0.00254764
30 -34 10 -0.0338136 -6.13239 0.0556843 0.00866318 2.31799 -0.00906145 2.54048e-05 0.000108375 0.0121329 0.00219024 -0.000265498 -0.0188818 -0.0590898 0.0002777 -0.00246356
30 -33.5 10 -0.0203049 -6.14278 0.054672 0.0169508 2.33232 -0.00983154 -3.42775e-07 0.000100879 0.0121123 0.00220755 -0.000262561 -0.0189384 -0.0592907 0.000272618 -0.00257866
30 -33 10 -0.0119969 -6.1404 0.0483791 0.0244808 2.34167 -0.014861 -1.93586e-05 8.82739e-05 0.0121122 0.00221643 -0.000265794 -0.0189597 -0.0593897 0.000287791 -0.0026583
30 -32.5 10 -0.0107306 -6.13448 0.0581394 0.0230196 2.33142 -0.00986773 -3.44586e-05 0.000118698 0.0119844 0.00220161 -0.000263745 -0.0189043 -0.0588007 0.000270021 -0.00267581
30 -32 10 -0.0181886 -6.10434 0.0730641 0.0141369 2.3608 0.00228709 8.57437e-05 0.000141929 0.0117367 0.00221335 -0.000258498 -0.0188899 -0.0581249 0.000245923 -0.00235405
30 -31.5 10 -0.0141747 -6.13573 0.0618428 0.0136945 2.34472 -0.00715922 6.79909e-05 0.000119834 0.0118426 0.00219638 -0.000257125 -0.0189206 -0.0585179 0.000207727 -0.00236897
30 -31 10 -0.0105149 -6.15798 0.0524553 0.00686904 2.34176 -0.0139639 3.31445e-05 0.000104551 0.0119956 0.00219838 -0.000258218 -0.018973 -0.059154 0.00011375 -0.00247342
30 -30.5 10 -0.00695144 -6.15702 0.0590872 0.0061715 2.33183 -0.0101028 2.02897e-06 0.000120996 0.0121304 0.00218786 -0.000257236 -0.0189569 -0.0594505 8.96661e-05 -0.00254583
30 -30 10 -0.0111499 -6.13817 0.0741304 0.00668845 2.35041 -0.00217903 2.26216e-05 0.00014334 0.0120506 0.00217186 -0.000257456 -0.0189695 -0.0592829 0.000129092 -0.00248461
30 -29.5 10 -0.0181681 -6.15809 0.0696002 -0.000759196 2.33094 -0.00455221 1.00171e-05 0.000147968 0.0121706 0.002165 -0.000260296 -0.0189502 -0.0595654 9.87855e-05 -0.00249365
30 -29 10 -0.0090069 -6.1557 0.0741987 0.00121635 2.33813 -0.00381475 -3.26183e-05 0.000140211 0.0120583 0.00219654 -0.000259401 -0.0189736 -0.0593008 6.04437e-05 -0.00266907
30 -28.5 10 0.0108155 -6.14469 0.0736329 0.0110462 2.35215 -0.00555511 -1.73063e-05 0.000152798 0.0120123 0.00220386 -0.000257567 -0.018964 -0.0592154 3.30218e-05 -0.00264567
30 -28 10 -0.0116357 -6.13964 0.0772587 -0.00527468 2.35156 -0.00396947 -1.97029e-05 0.000171256 0.0119939 0.00219846 -0.000260822 -0.018953 -0.0591109 1.46688e-05 -0.00264569
30 -27.5 10 -0.0235816 -6.14661 0.0754115 -0.0153273 2.34328 -0.00746168 -2.51124e-05 0.000168055 0.0119879 0.00220469 -0.000264864 -0.0189392 -0.0590397 -1.2969e-05 -0.00266023
30 -27 10 -0.0223175 -6.15749 0.0756456 -0.019236 2.31894 -0.00989249 -3.06833e-05 0.000166288 0.0121493 0.00220386 -0.000274889 -0.0189132 -0.0593417 -5.83973e-05 -0.00264898
30 -26.5 10 -0.0127723 -6.14822 0.0771687 -0.0145446 2.3214 -0.00929812 -1.61828e-05 0.000156812 0.0121264 0.00218704 -0.000268844 -0.0188944 -0.0592158 -7.07571e-05 -0.00258729
30 -26 10 0.0114768 -6.14029 0.084681 -0.00330156 2.33033 -0.00685602 8.42411e-06 0.000166111 0.0120463 0.00215338 -0.000269032 -0.0188921 -0.0590041 -0.000107338 -0.00248178
30 -25.5 10 -0.00101671 -6.1599 0.076985 -0.011479 2.32215 -0.0134247 -4.46551e-05 0.000157699 0.0120298 0.00215826 -0.000272504 -0.0189349 -0.059044 -0.000118767 -0.00264196
30 -25 10 -0.000818362 -6.16622 0.0767837 -0.0168643 2.31601 -0.0177829 -5.99294e-05 0.000151579 0.0120583 0.00217592 -0.000276993 -0.0189338 -0.0591107 -0.000176366 -0.00270221
30 -24.5 10 -0.0150576 -6.15353 0.0843053 -0.0297319 2.32391 -0.0134078 -4.70669e-05 0.000160509 0.0120979 0.00217038 -0.00028499 -0.0189327 -0.05923 -0.000206903 -0.00266367
30 -24 10 -0.0366028 -6.15728 0.0895201 -0.046591 2.32349 -0.011513 -2.66238e-05 0.000171578 0.0121728 0.00216574 -0.000290362 -0.0189542 -0.0595049 -0.000232427 -0.00259438
30 -23.5 10 -0.00742431 -6.17307 0.0991781 -0.0283545 2.2982 -0.00996274 -6.9484e-05 0.000193078 0.0121819 0.00217132 -0.000294563 -0.0189307 -0.0593641 -0.000237426 -0.00270607
30 -23 10 -0.0111298 -6.15012 0.0949996 -0.037891 2.29728 -0.0161486 -9.20815e-05 0.000171155 0.012203 0.00214706 -0.000295524 -0.0189117 -0.0592581 -0.000312093 -0.00274471
30 -22.5 10 -0.0111969 -6.17331 0.101756 -0.039146 2.27276 -0.0123138 -9.7349e-05 0.000188565 0.0122772 0.00214842 -0.000309451 -0.0188588 -0.0593376 -0.000318571 -0.0027369
30 -22 10 -0.0159664 -6.16276 0.107605 -0.0455942 2.28811 -0.00897274 -8.61587e-05 0.000214735 0.0121996 0.00212003 -0.000316887 -0.0188781 -0.0592021 -0.000347121 -0.00268542
30 -21.5 10 -0.0124106 -6.15927 0.119423 -0.0463643 2.29543 -0.00308957 -0.000109593 0.00022647 0.0122009 0.00212261 -0.000318475 -0.0189104 -0.059292 -0.000372497 -0.00276768
30 -21 10 -0.0140007 -6.15325 0.121489 -0.046712 2.27926 -0.00341198 -0.000130636 0.000211315 0.0122224 0.0021273 -0.000332732 -0.0188732 -0.0591256 -0.000366806 -0.00281996
30 -20.5 10 0.00539816 -6.15159 0.123266 -0.0383931 2.27962 -0.00609672 -0.000140724 0.000212057 0.0120642 0.00208782 -0.000350751 -0.0188524 -0.0586092 -0.000409501 -0.00280525
30 -20 10 0.00366905 -6.14885 0.128373 -0.0417276 2.26094 -0.00603313 -0.00015835 0.00020544 0.0122071 0.00208536 -0.000370268 -0.0188344 -0.0588358 -0.000431806 -0.00283616
30 -19.5 10 0.0123849 -6.14272 0.135663 -0.0358667 2.26145 -0.0025482 -0.000187427 0.000210544 0.0122052 0.00207026 -0.00039001 -0.0188227 -0.0587847 -0.000428486 -0.00290825
30 -19 10 0.0185562 -6.13976 0.145153 -0.0321463 2.24558 0.00233544 -0.00021445 0.000220497 0.0122639 0.00203548 -0.000412715 -0.0187819 -0.0587523 -0.000428856 -0.00293508
30 -18.5 10 0.00641248 -6.13777 0.159637 -0.0411338 2.23147 0.00984303 -0.000198756 0.000237721 0.0122875 0.00198532 -0.000436959 -0.0187522 -0.0586483 -0.000431165 -0.00281531
30 -18 10 0.00299076 -6.13536 0.161684 -0.0431505 2.22744 0.00954694 -0.00019018 0.00022543 0.0123473 0.00196557 -0.000472316 -0.0187496 -0.0587753 -0.000428983 -0.00276198
30 -17.5 10 0.0234294 -6.12777 0.163117 -0.0280167 2.21938 0.00774005 -0.000224173 0.000210161 0.012366 0.00193905 -0.000502326 -0.018726 -0.0586832 -0.000417963 -0.00282909
30 -17 10 0.0380727 -6.12158 0.173651 -0.0115303 2.21769 0.013669 -0.000247594 0.000221718 0.012334 0.00188984 -0.000538408 -0.0187334 -0.05854 -0.000351377 -0.00284605
30 -16.5 10 0.0270121 -6.11834 0.186428 -0.016309 2.20149 0.0219584 -0.000261588 0.000247687 0.0124145 0.00184316 -0.000598809 -0.018732 -0.0586136 -0.000324567 -0.00282086
30 -16 10 0.0466572 -6.09694 0.204588 -0.0037861 2.2076 0.0343738 -0.000358176 0.000256769 0.0122969 0.00185702 -0.000642078 -0.018698 -0.0581409 -0.000326989 -0.00313447
30 -15.5 10 0.0247391 -6.09515 0.211383 -0.00662233 2.18626 0.0389749 -0.000318475 0.000245032 0.0124751 0.00177095 -0.000701982 -0.0186557 -0.0584243 -0.000215233 -0.0029011
30 -15 10 0.0246558 -6.08643 0.216234 0.00753774 2.16306 0.0413536 -0.000375304 0.000227142 0.0125284 0.00169489 -0.00077068 -0.0186037 -0.0582557 -8.98658e-05 -0.00297531
30 -14.5 10 0.0188344 -6.09436 0.216367 0.0155696 2.1347 0.04352 -0.000401976 0.000221259 0.0125429 0.00163481 -0.000847597 -0.0185517 -0.0580272 1.83884e-05 -0.00297432
30 -14 10 0.0199923 -6.07654 0.233645 0.028077 2.11461 0.0551121 -0.000374513 0.000284701 0.0125353 0.00154873 -0.000940518 -0.0184779 -0.0576299 0.000133022 -0.0027857
30 -13.5 10 0.0349791 -6.01817 0.256963 0.0519656 2.13202 0.0690834 -0.00036425 0.000317772 0.012296 0.00143663 -0.00103972 -0.018422 -0.0566425 0.000266428 -0.00264898
30 -13 10 0.0157484 -6.03985 0.27393 0.0670571 2.07902 0.0778093 -0.00033565 0.000352943 0.0126507 0.00132791 -0.00115979 -0.0184137 -0.0573486 0.000523459 -0.00243012
30 -12.5 10 -0.0141956 -6.00512 0.279608 0.0664337 2.06943 0.0826072 -0.000343986 0.000353379 0.0125711 0.00123362 -0.00129783 -0.018353 -0.0567313 0.000701717 -0.0023549
30 -12 10 -0.026768 -5.98058 0.29883 0.0821479 2.05318 0.0921933 -0.00028704 0.000383759 0.0125725 0.00111026 -0.00144332 -0.0182931 -0.0563659 0.000927934 -0.00206253
30 -11.5 10 -0.0435068 -5.93915 0.307568 0.102058 2.03466 0.0953107 -0.000285294 0.000383111 0.0125602 0.000960112 -0.00159838 -0.0182026 -0.0557994 0.00120397 -0.00191385
30 -11 10 -0.0585633 -5.92209 0.328499 0.133388 2.00145 0.107319 -0.0003365 0.000441649 0.0126865 0.000841799 -0.00178007 -0.0181383 -0.0556938 0.0015711 -0.00197045
30 -10.5 10 -0.0662184 -5.89221 0.343422 0.170775 2.00014 0.113717 -0.000315155 0.000494637 0.0126484 0.000713882 -0.00196577 -0.0181385 -0.0553765 0.00195405 -0.00182664
30 -10 10 -0.117767 -5.85792 0.366383 0.183728 1.95846 0.122489 -0.000301133 0.000527186 0.0127527 0.000534578 -0.00218236 -0.0180709 -0.0550106 0.00238856 -0.00163701
30 -9.5 10 -0.160119 -5.82112 0.405698 0.209418 1.93535 0.133449 -0.000246668 0.000602997 0.0126149 0.000336002 -0.00240865 -0.0180061 -0.0541022 0.00286773 -0.00134357
30 -9 10 -0.187944 -5.77757 0.451553 0.24609 1.89782 0.142424 -0.000183692 0.000689076 0.01259 0.000123033 -0.0026399 -0.0179044 -0.0533271 0.00335344 -0.00103698
30 -8.5 10 -0.233549 -5.73089 0.482422 0.280749 1.86038 0.14281 -0.000117786 0.00075181 0.0125765 -9.76282e-05 -0.00288862 -0.0178011 -0.0525708 0.00393205 -0.000739976
30 -8 10 -0.287851 -5.69166 0.520927 0.319869 1.85731 0.140475 -2.40098e-05 0.000856197 0.0124522 -0.000324475 -0.00318301 -0.0177849 -0.0519523 0.00460756 -0.000399303
30 -7.5 10 -0.371978 -5.66752 0.556195 0.343195 1.82395 0.136315 7.83212e-06 0.000939717 0.0124888 -0.000549287 -0.00348797 -0.0177507 -0.0516022 0.0053335 -0.000250172
30 -7 10 -0.428598 -5.609 0.610077 0.391049 1.78521 0.13069 5.4053e-05 0.00108714 0.0123986 -0.000801737 -0.00379191 -0.0176352 -0.0505969 0.00606921 -0.000107157
30 -6.5 10 -0.506053 -5.55496 0.673168 0.434193 1.7533 0.122377 9.4745e-05 0.00124717 0.0123104 -0.00106767 -0.00411737 -0.0175414 -0.0497375 0.00688961 -1.03113e-05
30 -6 10 -0.60417 -5.49303 0.737618 0.473579 1.73871 0.117687 0.000221381 0.00144744 0.0121487 -0.00133747 -0.00446989 -0.0174648 -0.0488205 0.00780838 0.000275093
30 -5.5 10 -0.696479 -5.45043 0.798672 0.513574 1.70451 0.105988 0.000309504 0.00163462 0.0120862 -0.00159162 -0.00479917 -0.0173381 -0.0481124 0.00870032 0.000398331
30 -5 10 -0.828528 -5.33033 0.879591 0.565863 1.71229 0.0857464 0.000414888 0.00185989 0.0116702 -0.00189057 -0.00517059 -0.0172108 -0.0464344 0.00980545 0.000490944
30 -4.5 10 -0.95233 -5.2452 0.969989 0.611028 1.71673 0.0594453 0.000580131 0.00208357 0.0113844 -0.00220758 -0.00554487 -0.0170941 -0.0453754 0.0108591 0.000730198
30 -4 10 -1.08841 -5.18948 1.06492 0.657805 1.72487 0.0321302 0.0007318 0.00234869 0.0111133 -0.00250385 -0.00593079 -0.0170083 -0.0446599 0.0119914 0.000829415
30 -3.5 10 -1.24686 -5.08889 1.15563 0.710987 1.72195 0.00253734 0.00088893 0.00265527 0.0108425 -0.0028012 -0.00632688 -0.0168639 -0.0436339 0.0132647 0.000769051
30 -3 10 -1.39734 -4.97098 1.24071 0.769365 1.72847 -0.0314985 0.00109979 0.00289178 0.0104027 -0.00309804 -0.00669478 -0.016591 -0.0420938 0.0143814 0.000815199
30 -2.5 10 -1.58493 -4.77596 1.37809 0.844346 1.82858 -0.0526137 0.0014123 0.00318675 0.00960862 -0.00348495 -0.00710712 -0.0164536 -0.0403714 0.0156256 0.00103297
30 -2 10 -1.77717 -4.61261 1.53776 0.908724 1.8803 -0.0847638 0.00161795 0.00354802 0.00906502 -0.0037862 -0.0074968 -0.0162103 -0.0391925 0.0168249 0.0007321
30 -1.5 10 -1.95109 -4.44548 1.69785 0.997954 1.94104 -0.100252 0.00188564 0.00390913 0.00844643 -0.00409538 -0.00788293 -0.0159541 -0.0379717 0.0180067 0.000418997
30 -1 10 -2.14137 -4.10701 1.95686 1.12792 2.06999 -0.139378 0.00202413 0.00418534 0.00713239 -0.00446179 -0.00830184 -0.0155473 -0.0354113 0.018696 -0.000388608
30 -0.5 10 -2.26622 -3.93209 2.06573 1.23295 2.15377 -0.169241 0.00219121 0.00443163 0.0064516 -0.00468652 -0.00859102 -0.0152684 -0.0344306 0.0193828 -0.000962822
30 0 10 -2.32512 -3.78408 2.10219 1.34691 2.22603 -0.218335 0.0022538 0.00455167 0.00581147 -0.00487729 -0.00882704 -0.0150301 -0.0334721 0.0197796 -0.00154341
30 0.5 10 -1.69231 -1.99504 1.94845 1.53084 2.55881 -0.480035 0.00663739 0.0076684 -0.00782244 -0.0407656 0.0111525 -0.0312921 -0.0370261 0.0335833 0.0608243
30 1 10 -1.14548 -1.30565 1.39653 1.47201 2.64448 -0.652515 0.00169764 0.00785578 -0.0118099 -0.0366786 0.00968303 -0.0276804 -0.0312166 0.0267609 0.0522335
30 1.5 10 -0.717784 -0.597976 0.998129 1.32846 2.5288 -0.659239 -0.00360815 0.0080921 -0.0160716 -0.0295429 0.00704851 -0.0219192 -0.0246245 0.0167286 0.0380528
30 2 10 -0.330691 0.0477119 0.626108 1.14418 2.39003 -0.621247 -0.0081834 0.00812772 -0.0193504 -0.0223168 0.0047779 -0.0165716 -0.0213252 0.0106512 0.0282537
30 2.5 10 -0.0554995 0.525218 0.37576 0.934004 2.13713 -0.543983 -0.0101689 0.00775546 -0.021072 -0.0159794 0.00254695 -0.0111945 -0.0182601 0.00707888 0.0207197
30 3 10 0.096833 0.834467 0.242971 0.741987 1.89238 -0.451346 -0.0103535 0.00714302 -0.0218207 -0.011037 0.00100662 -0.00752137 -0.0168616 0.00507981 0.0154822
30 3.5 10 0.172734 1.02767 0.138195 0.58331 1.64582 -0.338991 -0.00962029 0.00627833 -0.021632 -0.00690421 -8.86773e-06 -0.00460931 -0.0153437 0.00371811 0.0111645
30 4 10 0.230446 1.18581 0.0504828 0.41272 1.40264 -0.235033 -0.00866686 0.00539304 -0.0211008 -0.00357944 -0.000817516 -0.00182438 -0.0140224 0.00300965 0.00810164
30 4.5 10 0.230851 1.20466 0.0199784 0.273989 1.27832 -0.140004 -0.00727231 0.00477345 -0.0205962 -0.00159842 -0.000987999 -0.00109478 -0.0132223 0.00256654 0.00581762
30 5 10 0.226976 1.2187 -0.000800357 0.167789 1.13789 -0.0569907 -0.00579601 0.00405568 -0.0199544 0.000349735 -0.00129186 -0.000135605 -0.0122716 0.00226831 0.00368472
30 5.5 10 0.19652 1.24626 0.00623452 0.109513 0.96074 0.000997302 -0.00439246 0.00349318 -0.0192472 0.0012166 -0.00144076 0.00127698 -0.0113903 0.00180822 0.002417
30 6 10 0.163397 1.15412 0.0114071 0.0457925 0.948587 0.0483509 -0.00315882 0.00299243 -0.0186939 0.00159295 -0.00126284 0.000487283 -0.010543 0.00153661 0.00128287
30 6.5 10 0.129199 1.14229 0.030304 0.000357049 0.870914 0.0657844 -0.00221129 0.00248424 -0.0181351 0.0017367 -0.00131648 0.00111792 -0.00986528 0.00119494 0.000666959
30 7 10 0.0958997 1.07548 0.0469965 -0.0195479 0.85067 0.0922535 -0.00139236 0.00223537 -0.0176967 0.00172625 -0.00109684 0.000770049 -0.00919056 0.000902987 0.000132397
30 7.5 10 0.0751041 1.08042 0.0649813 -0.0315088 0.798098 0.0923323 -0.000706353 0.00194708 -0.017434 0.00164228 -0.00103129 0.00127843 -0.0089235 0.000727692 -0.000184407
30 8 10 0.0485252 1.05366 0.0781129 -0.0258712 0.757617 0.0924484 -0.000229198 0.00169176 -0.0170164 0.00131028 -0.000975496 0.00165197 -0.00835994 0.000485846 -0.00032193
30 8.5 10 0.037358 1.00562 0.0837999 0.0060585 0.840547 0.0842063 6.56858e-05 0.00150171 -0.0173915 0.00100423 -0.00083703 0.000491452 -0.00856578 0.000368401 -0.000429562
30 9 10 0.0177675 1.00915 0.0926342 -0.00902878 0.795555 0.0854715 0.00020525 0.00141231 -0.0170765 0.000727025 -0.000707772 0.00121592 -0.00816791 0.000197769 -0.000377016
30 9.5 10 0.0185285 1.00886 0.0956206 -0.0250646 0.775602 0.0792887 0.000264799 0.00131708 -0.0169932 0.00062794 -0.000607041 0.00129061 -0.00811029 0.000211157 -0.000357279
30 10 10 0.0133802 0.990807 0.0975939 -0.0332367 0.795858 0.0645003 0.000391434 0.00117953 -0.0169232 0.000438334 -0.000544389 0.00120813 -0.00794308 0.000166532 -0.000351406
30 10.5 10 0.0034933 0.979944 0.100077 -0.0270117 0.810645 0.0546074 0.000400409 0.00114117 -0.0169289 0.000197985 -0.000498321 0.00115648 -0.00786941 7.06297e-05 -0.000267714
30 11 10 4.27321e-05 0.955635 0.0976881 -0.0171957 0.828031 0.0608925 0.000402885 0.00119506 -0.0169587 0.000103384 -0.000398926 0.000626616 -0.00788995 2.85761e-05 -0.000231853
30 11.5 10 -0.00682068 0.929702 0.0933803 -0.00228183 0.858922 0.0604056 0.000376627 0.00118659 -0.017049 2.72658e-05 -0.000339591 5.53375e-05 -0.00794661 -3.96714e-05 -0.000190444
30 12 10 0.00395638 0.960166 0.0986403 -0.0121314 0.842077 0.0388435 0.000366592 0.00108344 -0.0171674 -2.21915e-05 -0.000460476 0.000663864 -0.00800675 5.56365e-05 -0.000161715
30 12.5 10 0.00226077 0.94418 0.0965682 -0.0128578 0.860579 0.0246611 0.000326949 0.00100722 -0.0171432 -9.8686e-05 -0.00047771 0.000387107 -0.0079693 3.64366e-05 -0.000107676
30 13 10 0.00312063 0.959064 0.0883602 -0.00345458 0.868432 0.0318289 0.000297739 0.000999132 -0.0173072 -0.000154168 -0.000381292 0.000578665 -0.00808616 3.87048e-05 -7.36155e-05
30 13.5 10 7.11571e-05 0.942792 0.0838138 0.0132721 0.867142 0.0286585 0.000262373 0.000979138 -0.017097 -0.000203206 -0.000320083 0.000539849 -0.00786182 5.10929e-06 -3.76667e-05
30 14 10 0.00645829 0.96544 0.0748034 0.00743262 0.840254 0.0330704 0.00025505 0.000933045 -0.0170634 -0.000169054 -0.000265893 0.000976495 -0.00785709 5.82152e-05 -5.00686e-05
30 14.5 10 0.00922484 0.965641 0.0662701 -0.000224855 0.855668 0.0321444 0.000167387 0.000836961 -0.0171677 -0.000224087 -0.000251519 0.000767645 -0.00798418 8.12157e-05 1.89425e-05
30 15 10 0.00759883 0.963999 0.0616161 -0.00185246 0.862144 0.029762 0.000184781 0.000804673 -0.0172932 -0.000161188 -0.000216034 0.0004542 -0.0081611 6.94189e-05 -1.63234e-05
30 15.5 10 0.00320008 0.966487 0.0578284 0.000796308 0.860544 0.024491 0.000194658 0.000754251 -0.0173481 -0.000102785 -0.000224336 0.000403723 -0.00822871 3.19666e-05 -4.87244e-05
30 16 10 -9.29222e-05 0.990246 0.0535163 0.0155278 0.832649 0.0251926 0.000143661 0.000689697 -0.0173016 -0.000143216 -0.00024193 0.0010496 -0.00814485 -6.91276e-06 -1.34159e-05
30 16.5 10 0.00128482 0.98105 0.0520455 0.00966282 0.848652 0.0184646 0.000127498 0.000651233 -0.0173137 -0.000121106 -0.000267222 0.000861361 -0.00814177 9.16068e-06 -1.20252e-05
30 17 10 0.00436817 0.979946 0.0509989 0.0110094 0.842685 0.0132882 0.000138651 0.000676479 -0.0171774 -9.83118e-05 -0.000267333 0.000949705 -0.00803178 3.51713e-05 -2.65063e-05
30 17.5 10 0.00680525 0.968219 0.0502222 0.00902113 0.837175 0.0165129 0.000126802 0.000663838 -0.0170739 -9.98112e-05 -0.000231678 0.000916934 -0.00789659 5.63204e-05 -1.83925e-05
30 18 10 0.0046499 0.984998 0.0481653 -0.00523805 0.818669 0.012447 0.000126244 0.000564121 -0.0172434 -9.05376e-05 -0.000278332 0.000894399 -0.00813808 4.49092e-05 -2.30744e-05
30 18.5 10 0.00164766 0.973732 0.0430501 0.000364479 0.847538 0.0150204 0.000115328 0.000539536 -0.0172998 -7.86181e-05 -0.000228896 0.000673479 -0.0081472 1.60214e-05 -2.24308e-05
30 19 10 0.0014906 0.955636 0.0388277 0.00751663 0.879355 0.0165907 0.000115916 0.000515981 -0.0173096 -6.36637e-05 -0.000184869 0.000402478 -0.00810235 1.31105e-05 -2.77053e-05
30 19.5 10 -0.000585743 0.952782 0.0385952 0.00329143 0.880924 0.0160196 5.27628e-05 0.000507458 -0.01736 -0.000117105 -0.000211663 0.000235779 -0.00817442 -5.39209e-06 2.59478e-05
30 20 10 0.00726601 0.928225 0.0397549 -0.00380154 0.894545 0.0182503 5.82076e-05 0.000505945 -0.0173053 -0.000136009 -0.000205528 -0.000234304 -0.00814456 6.23407e-05 3.60468e-05
30 20.5 10 0.00508583 0.934996 0.0396707 -0.000131963 0.882016 0.0101987 7.83271e-05 0.000470486 -0.0172936 -8.2835e-05 -0.000233668 -0.000147149 -0.00815777 4.50978e-05 1.12501e-06
30 21 10 0.00978419 0.968984 0.0380152 0.000955305 0.852298 0.00601588 5.76879e-05 0.000413464 -0.0173304 -0.000120074 -0.00026913 0.000536825 -0.00817473 8.5261e-05 2.51142e-05
30 21.5 10 0.00946427 0.980838 0.0355807 -0.00794333 0.838114 0.00380524 7.24721e-05 0.000369359 -0.0172055 -0.000158438 -0.000283976 0.000968026 -0.00803826 8.62511e-05 3.37287e-05
30 22 10 -0.00330509 0.961756 0.0297895 0.00425209 0.860991 0.0125666 8.98445e-05 0.000393889 -0.0171847 -9.74081e-05 -0.000171887 0.000634871 -0.00799521 -2.9022e-05 -2.28686e-06
30 22.5 10 -0.00818471 0.962586 0.0300556 0.0104527 0.850927 0.0146816 5.96342e-05 0.000384574 -0.0170524 -0.000160569 -0.000161405 0.000698199 -0.00791474 -7.37161e-05 3.71972e-05
30 23 10 -0.0087326 0.944868 0.0307539 0.0211825 0.854128 0.00989697 0.000145469 0.000344786 -0.0168749 -4.95505e-05 -0.000239706 0.000628014 -0.00770817 -7.83404e-05 -5.16075e-05
30 23.5 10 -0.0052527 0.954348 0.0278743 -0.00285486 0.85058 0.00519972 0.000132586 0.000312628 -0.0170952 -3.82678e-05 -0.000213013 0.000500238 -0.00794844 -4.24355e-05 -4.75087e-05
30 24 10 -0.00565074 0.915656 0.0287206 0.00305955 0.900357 0.00843087 0.000140631 0.000317187 -0.017213 -6.21025e-05 -0.000159525 -0.000513897 -0.00811584 -4.60893e-05 -3.7568e-05
30 24.5 10 0.00717562 0.949361 0.0270964 -0.0127784 0.859143 0.00371436 -3.78406e-06 0.000313455 -0.0170973 -0.000187516 -0.000152206 0.000509519 -0.00790087 6.41979e-05 8.44449e-05
30 25 10 0.00234456 0.961871 0.0247836 0.00501875 0.85585 0.00544859 0.000102517 0.000283853 -0.01715 -7.64613e-05 -0.000125752 0.000397513 -0.00808113 2.01692e-05 -1.65673e-05
30 25.5 10 0.00309381 0.964015 0.0257854 -0.0109076 0.819722 0.0047553 9.05794e-05 0.000272126 -0.0167875 -0.000116121 -0.000211557 0.00100196 -0.00768403 3.23249e-05 5.5082e-06
30 26 10 -0.00103067 0.919187 0.0242263 -0.0137981 0.887257 0.00851684 0.000132314 0.000267898 -0.0169586 -3.57043e-05 -0.000166035 0.000123321 -0.00774187 -6.43781e-06 -4.39639e-05
30 26.5 10 -0.000454159 0.933807 0.0238182 0.00971992 0.876246 0.010028 5.32681e-05 0.000240867 -0.0170775 -0.000142436 -0.000172851 0.000125069 -0.00792077 -4.56559e-06 3.66387e-05
30 27 10 0.00659332 0.958442 0.0262687 -0.0118644 0.847836 0.0116315 6.05247e-05 0.000299899 -0.0170544 -0.000150655 -0.000167314 0.000665411 -0.00789371 6.00886e-05 3.68417e-05
30 27.5 10 0.0109285 0.947647 0.0269355 -0.0182948 0.844286 0.00641328 6.06584e-05 0.000298199 -0.0169432 -0.00013998 -0.000186236 0.000657243 -0.00775407 9.8962e-05 3.36833e-05
30 28 10 0.00769826 0.940204 0.0258503 0.00498243 0.847032 0.004891 -2.72858e-05 0.000266641 -0.0167527 -0.000235818 -0.0002156 0.00077391 -0.00755063 6.1626e-05 0.000113189
30 28.5 10 0.00598384 0.945516 0.0225579 -0.0041877 0.821103 0.00659383 7.59114e-05 0.000267072 -0.016699 -0.000177556 -0.000130153 0.00084555 -0.00755004 5.20034e-05 3.80798e-05
30 29 10 -2.14105e-05 0.950522 0.0222796 0.00436702 0.833916 0.0102272 0.000116093 0.00026188 -0.0169155 -0.00014715 -0.000124678 0.000701035 -0.00774927 -1.17102e-06 5.90601e-06
30 29.5 10 -0.00371486 0.941429 0.0234751 0.0133753 0.873134 0.0121061 0.000185317 0.000271897 -0.0172785 -8.70378e-05 -0.000130912 0.000160333 -0.00806565 -3.15175e-05 -5.06139e-05
30 30 10 -0.00163449 0.963042 0.0242923 0.0126857 0.823371 9.06965e-05 0.000106502 0.000231029 -0.0172813 -9.01425e-05 -0.000158696 0.000734913 -0.00802156 -1.7495e-05 -1.53682e-05
30 30.5 10 -0.0073623 0.909111 0.0220541 0.00908841 0.892242 0.0012741 -2.24556e-05 0.000223244 -0.0170717 -0.000190891 -0.000142294 -0.000191288 -0.00784774 -6.23434e-05 9.38994e-05
30 31 10 0.00373434 0.891673 0.0238887 -0.00788826 0.900014 0.00193036 2.71306e-05 0.000245863 -0.0168975 -5.64086e-05 -0.000160268 -0.000545628 -0.00778186 2.96682e-05 1.43797e-05
30 31.5 10 0.00497065 0.926991 0.022711 0.00440918 0.869893 0.0159429 -3.57933e-05 0.000306753 -0.0170494 -0.000105264 -8.18977e-05 1.97411e-05 -0.00789657 4.10843e-05 6.2956e-05
30 32 10 0.00843076 0.938039 0.020731 -0.00286076 0.847971 0.0230362 2.29252e-05 0.000320054 -0.0169904 -0.000134766 -6.43183e-05 0.000412449 -0.00779653 7.08964e-05 4.78278e-05
30 32.5 10 0.00843261 0.93515 0.0223037 -0.00930801 0.844208 0.0182546 6.29386e-05 0.000316155 -0.0168437 -0.000135671 -8.60797e-05 0.000531328 -0.00765416 7.29546e-05 2.95724e-05
30 33 10 0.00490247 0.949087 0.0235798 -0.00548767 0.829995 0.00952945 2.23604e-05 0.000277015 -0.0168108 -0.000119423 -0.00012892 0.000845304 -0.00762932 4.32212e-05 3.9982e-05
30 33.5 10 0.0069738 0.918838 0.0202049 -0.00309259 0.857316 0.00967681 0.000137144 0.000208393 -0.0168183 -6.65736e-05 -0.000118001 0.00014736 -0.00766499 5.99348e-05 -3.356e-05
30 34 10 0.00201457 0.936385 0.0210626 -0.00535684 0.840944 0.0055504 9.46164e-05 0.000186972 -0.0168224 -9.53254e-05 -0.000122371 0.000480131 -0.00767587 1.89628e-05 -3.70096e-06
30 34.5 10 -0.00303364 0.895418 0.0185348 0.00354487 0.880225 0.0113575 4.67368e-05 0.000201885 -0.0166571 -0.000160915 -9.02759e-05 -0.000239698 -0.00756439 -2.53217e-05 4.943e-05
30 35 10 0.00349524 0.922665 0.0172565 -0.00560863 0.847397 0.0119771 5.12671e-05 0.000211367 -0.0166908 -0.00018687 -0.000111441 0.000321643 -0.00756488 2.93944e-05 5.62073e-05
30 35.5 10 0.00011443 0.923332 0.017087 0.00449052 0.852384 0.00233982 4.84389e-06 0.00019213 -0.0167481 -0.000202703 -8.66488e-05 0.000306884 -0.00760275 7.34441e-08 8.39706e-05
30 36 10 0.0117381 0.916606 0.0180888 -0.0132634 0.845735 0.00429938 2.37626e-05 0.000222692 -0.0166038 -0.000128982 -7.72141e-05 0.000227534 -0.00751519 9.88947e-05 4.54709e-05
30 36.5 10 0.0177708 0.912607 0.0170452 -0.017872 0.844911 0.00683123 9.61722e-05 0.000254435 -0.016565 -5.69275e-05 -5.27898e-05 0.00011405 -0.00751249 0.000148831 -1.71019e-05
30 37 10 0.00714307 0.92214 0.0173858 -0.00967265 0.849994 -0.00241539 7.55868e-05 0.000191997 -0.0166784 -0.000125358 -0.000125901 0.000371571 -0.00753383 6.21731e-05 1.97206e-05
30 37.5 10 0.00733173 0.936629 0.0229604 0.0128683 0.838319 0.00736944 0.000117094 0.0002358 -0.0169035 -9.05204e-05 -0.000123479 0.000552158 -0.00768695 5.94239e-05 -1.68244e-05
30 38 10 0.00419309 0.932193 0.0205016 0.00920771 0.823198 0.0113036 0.000136754 0.000239145 -0.0166905 -7.32088e-05 -9.59431e-05 0.000707716 -0.00748998 3.27221e-05 -3.35482e-05
30 38.5 10 -0.000162107 0.935145 0.0180425 0.00607863 0.81127 0.0190259 0.000134895 0.000271966 -0.0166007 -7.92076e-05 -2.74956e-05 0.000825921 -0.00742922 -3.39236e-06 -3.10495e-05
30 39 10 0.00125404 0.91822 0.0199672 -0.00250921 0.850216 -0.00353237 0.000105774 0.000217178 -0.0166947 -8.23696e-05 -0.000123026 0.000289134 -0.00754418 1.20321e-05 -1.32552e-05
30 39.5 10 0.00553956 0.910269 0.0207643 -0.0104904 0.853383 -0.0115165 0.000100871 0.000193143 -0.0165405 -6.96066e-05 -0.000168126 0.00036036 -0.00737737 4.91518e-05 -1.47923e-05
30 40 10 0.0109379 0.9132 0.0196437 -0.0162376 0.827063 0.00964942 0.000107491 0.000249181 -0.0163926 -0.000110243 -0.000119008 0.000540658 -0.00726316 9.45635e-05 -1.16237e-06
30 40.5 10 0.00450133 0.929201 0.0199107 -0.00441645 0.809306 0.00345397 7.43043e-05 0.000222142 -0.0163866 -0.000144625 -0.000109379 0.000959216 -0.00722709 3.94888e-05 2.47428e-05
30 41 10 0.0017681 0.927701 0.0174029 -0.000503925 0.823656 0.00207438 8.81611e-05 0.000195746 -0.0164194 -0.000104261 -7.50895e-05 0.00093015 -0.00723471 1.54089e-05 2.23609e-06
30 41.5 10 0.0054984 0.921144 0.0149716 -0.0120206 0.841131 0.00829648 0.000156127 0.000196754 -0.0165354 -4.40975e-05 -4.93217e-05 0.000726299 -0.00731157 5.08103e-05 -5.25247e-05
30 42 10 0.00234805 0.875809 0.0197599 0.0119574 0.872784 0.00409839 0.000153334 0.000209623 -0.0164494 -5.63396e-05 -8.48628e-05 -0.000110465 -0.00725338 2.1372e-05 -4.28208e-05
30 42.5 10 -0.00603461 0.884924 0.0183276 0.0270149 0.847731 0.00763586 0.000117175 0.000225783 -0.016321 -4.01332e-05 -6.78137e-05 5.62016e-05 -0.00719943 -4.90842e-05 -3.64316e-05
30 43 10 -0.00938515 0.88685 0.0170984 0.0139326 0.860941 0.00950708 8.52019e-05 0.000250583 -0.0164271 -2.66237e-05 -6.22577e-05 -0.0001204 -0.00733784 -7.56446e-05 -2.79295e-05
30 43.5 10 0.00229727 0.895114 0.0198394 -0.00759763 0.843952 0.00674846 6.86646e-05 0.000238771 -0.0164304 -8.91822e-05 -9.60332e-05 1.53934e-05 -0.0073491 1.93112e-05 7.54051e-06
30 44 10 0.0110284 0.907779 0.0209498 -0.0132107 0.837925 0.0120076 1.36125e-05 0.000261064 -0.0164464 -0.000187566 -6.63842e-05 0.000342536 -0.00732369 9.1968e-05 7.42824e-05
30 44.5 10 0.0130057 0.891698 0.0189806 -0.0100622 0.839493 0.00855139 1.63092e-05 0.000258129 -0.0163054 -0.000105246 -8.50926e-05 0.000208507 -0.00718432 0.000106785 3.90117e-05
30 45 10 0.00476955 0.887931 0.0184912 0.010296 0.841339 0.0086016 6.36557e-05 0.000266879 -0.0162501 -3.59181e-05 -8.47158e-05 0.000171832 -0.00714429 3.83022e-05 -1.2951e-05
30 45.5 10 -0.00160971 0.876679 0.018924 0.0116009 0.85791 0.0106883 6.58541e-05 0.000292125 -0.0163134 -3.43334e-05 -8.68869e-05 -0.000142085 -0.00721405 -1.18661e-05 -1.48781e-05
30 46 10 0.00242986 0.88481 0.0207431 0.00299339 0.837426 0.00662848 4.33965e-05 0.000262938 -0.0163088 -0.000116322 -0.000126442 8.09107e-06 -0.00721402 1.98665e-05 2.96368e-05
30 46.5 10 0.00362702 0.878128 0.021606 -0.00363713 0.833423 0.00148936 9.13048e-05 0.000263644 -0.0161663 -0.000112058 -0.000133905 5.01193e-05 -0.00707992 3.03118e-05 7.32883e-06
30 47 10 0.0055377 0.901263 0.0204053 0.00278819 0.81468 -0.00576365 5.60105e-05 0.000184832 -0.0162494 -0.000161705 -0.000174713 0.00035462 -0.00718042 4.55352e-05 4.0897e-05
30 47.5 10 0.0043882 0.88341 0.019278 0.0139421 0.833509 0.0081154 0.000100279 0.00027109 -0.0162545 -9.71118e-05 -6.4855e-05 0.000200349 -0.00709855 3.48399e-05 -3.67939e-06
30 48 10 0.00783966 0.859421 0.017541 0.0063136 0.820385 0.0219437 0.000117863 0.000288323 -0.0159267 -5.21467e-05 -4.66708e-07 -0.000175704 -0.00691844 6.3446e-05 -2.81283e-05
30 48.5 10 0.00958393 0.881656 0.0184658 0.00471182 0.824008 0.02687 0.000126265 0.000331339 -0.0159889 -6.86343e-05 -6.05543e-06 0.000351359 -0.00690657 7.60341e-05 -2.58099e-05
30 49 10 0.00839692 0.897363 0.0198556 -0.00479834 0.803266 0.017937 9.26596e-05 0.000311914 -0.0159863 -5.49213e-05 -4.92945e-05 0.00051689 -0.00696782 6.87854e-05 -1.80886e-05
30 49.5 10 0.0102651 0.886201 0.0205253 -0.00738673 0.803993 0.0128197 3.56186e-05 0.000255677 -0.0157981 -6.75522e-05 -0.000111447 0.000459039 -0.0068175 8.27123e-05 1.3097e-05
30 50 10 0.011847 0.848644 0.0213276 -0.00818892 0.854017 0.00433483 7.18692e-06 0.000219844 -0.0159728 -0.00013821 -0.000137235 -0.000342616 -0.00692595 9.29887e-05 5.78316e-05
30 50.5 10 0.00036229 0.883873 0.0230507 0.000371101 0.809845 0.00341501 6.87743e-05 0.000247053 -0.0160548 -0.000158863 -0.000123852 0.000260091 -0.00699252 3.38137e-06 3.39552e-05
30 51 10 0.00586092 0.867554 0.0209994 -0.0124066 0.823348 0.0174964 0.000123771 0.000318421 -0.0158221 -0.000104903 3.5883e-06 0.000208785 -0.00678068 4.8043e-05 -9.5924e-06
30 51.5 10 0.00518268 0.861264 0.0199048 -0.00934288 0.837295 0.0238993 0.000145167 0.00033721 -0.015882 -6.57721e-05 3.49401e-05 8.23698e-05 -0.00680857 4.21992e-05 -3.42675e-05
30 52 10 -0.000826824 0.87719 0.0207803 0.000888046 0.811983 0.0203778 0.000112366 0.000313937 -0.0158709 -7.75309e-05 -1.82905e-05 0.000349601 -0.00682205 -6.33892e-06 -1.79443e-05
30 52.5 10 0.0103859 0.882948 0.0216503 0.00453544 0.774844 0.0152271 7.70268e-05 0.000293813 -0.0156909 -0.000117362 -7.03518e-05 0.000539673 -0.00672069 8.0199e-05 1.28295e-05
30 53 10 0.00690502 0.85805 0.0191294 -0.00178525 0.813374 0.0121263 6.56771e-05 0.000266461 -0.0157248 -0.000129311 -4.64491e-05 3.32204e-05 -0.00673509 5.41638e-05 2.53735e-05
30 53.5 10 0.00981528 0.856977 0.0166778 -0.00572011 0.798805 0.0116385 3.5273e-05 0.000267904 -0.0156369 -0.000147738 -4.67919e-05 0.000205506 -0.00662012 7.67625e-05 4.53414e-05
30 54 10 0.00320208 0.869214 0.0211346 0.00557125 0.78906 0.0191779 0.000137479 0.000396771 -0.0156332 -3.18895e-05 1.68682e-06 0.000515303 -0.00659523 2.4741e-05 -4.6528e-05
30 54.5 10 -0.00153873 0.843231 0.0230556 0.0138848 0.824468 0.0197923 0.000105687 0.000365862 -0.0157009 -2.47733e-05 -1.69005e-05 -0.000342803 -0.00676511 -8.72665e-06 -3.47458e-05
30 55 10 -0.000866054 0.854291 0.0274158 0.0195136 0.796252 0.0131955 7.0856e-05 0.000336874 -0.0156167 -7.45996e-05 -5.83829e-05 2.85269e-05 -0.00666348 -6.5617e-06 -1.2813e-06
30 55.5 10 0.00302657 0.844619 0.0274837 0.0132428 0.795086 0.00818012 8.70969e-05 0.00028648 -0.0155902 -9.21865e-05 -9.73705e-05 -0.000147761 -0.00664617 2.53907e-05 -3.44939e-07
30 56 10 0.00687131 0.847243 0.0223058 -0.0138402 0.773105 0.0130291 0.000156605 0.000212495 -0.0153878 -4.472e-07 -0.000177341 -7.50836e-05 -0.00654886 5.40913e-05 -6.4211e-05
30 56.5 10 0.0109821 0.812152 0.0176577 -0.00843207 0.837789 0.0232972 1.22998e-06 0.00030913 -0.0156079 -0.000202351 -5.25792e-05 -0.000688685 -0.00662858 8.04537e-05 8.61836e-05
30 57 10 0.000786504 0.837947 0.0223818 0.00976635 0.796331 0.0143343 8.99142e-05 0.000330541 -0.015391 -7.34541e-05 -8.49235e-05 3.0283e-05 -0.00643943 6.38441e-06 -8.70947e-06
30 57.5 10 0.000902908 0.830576 0.0258857 0.0181168 0.792653 0.00832249 0.000124337 0.00033408 -0.0153119 -6.62767e-05 -0.000114949 -1.11463e-05 -0.0063671 8.34705e-06 -2.62589e-05
30 58 10 0.0158009 0.84143 0.0293005 0.00422224 0.791973 0.0190945 9.44526e-05 0.000391426 -0.0154273 -0.000130253 -8.39771e-05 -3.84107e-05 -0.00651066 0.000122104 1.47558e-05
30 58.5 10 0.0123239 0.830254 0.0253685 0.0026454 0.797612 0.0178687 9.54668e-05 0.000358196 -0.015358 -0.000127058 -6.245e-05 -8.52657e-05 -0.00641352 9.48238e-05 1.31653e-05
30 59 10 0.00913401 0.826574 0.0283044 0.00578031 0.784389 -0.00286369 0.000144701 0.000287033 -0.0151965 -4.15541e-05 -0.000176462 -2.88446e-05 -0.00629613 7.15931e-05 -4.2705e-05
30 59.5 10 0.00966657 0.816991 0.0302649 0.000864255 0.783144 -0.00037494 6.09286e-05 0.00030827 -0.0150752 -0.000127076 -0.0002166 -0.000116893 -0.00620864 7.38591e-05 2.62668e-05
30 60 10 0.00778034 0.826232 0.0304564 -0.00124578 0.774972 0.00938114 -3.36842e-05 0.000365331 -0.0151057 -0.000216105 -0.000164769 8.86653e-05 -0.00621084 5.72924e-05 9.91771e-05
30 60.5 10 0.0061834 0.83202 0.0292544 0.00175726 0.770359 0.0163931 -8.28083e-05 0.000398031 -0.0151669 -0.000238606 -8.47317e-05 0.000207055 -0.00623494 4.35424e-05 0.000127511
30 61 10 0.0114139 0.803068 0.0265217 0.0030605 0.781301 0.0168958 -2.98518e-05 0.000342324 -0.014977 -0.000176388 -8.92729e-05 -0.000363261 -0.00615945 8.41423e-05 8.27097e-05
30 61.5 10 0.00716708 0.821973 0.0274435 0.0201116 0.770139 0.0181534 2.43493e-05 0.000364005 -0.0150749 -0.000157065 -4.6001e-05 -0.0001114 -0.00624307 5.40504e-05 5.13157e-05
30 62 10 0.00452748 0.802076 0.0275416 0.0142684 0.779897 0.0135275 6.57849e-05 0.000335176 -0.0148871 -0.000128568 -0.000105178 -0.000269474 -0.00607927 3.56593e-05 2.37611e-05
30 62.5 10 0.00295628 0.792128 0.0263349 0.0123768 0.785838 0.0133462 0.000110693 0.000322289 -0.0147911 -0.000108076 -0.000100699 -0.000433448 -0.00603212 2.5282e-05 -1.52332e-06
30 63 10 0.0151918 0.807725 0.02608 0.00953017 0.759532 0.00939448 6.57238e-05 0.000340421 -0.014796 -0.000170104 -8.08306e-05 -0.000117322 -0.00602415 0.000113006 4.02568e-05
30 63.5 10 0.0257818 0.776935 0.0248494 -0.00388096 0.780917 0.0141506 9.06319e-05 0.000324076 -0.0145642 -9.8992e-05 -5.5085e-05 -0.00060038 -0.00589577 0.000187006 7.72927e-06
30 64 10 0.0292249 0.779172 0.02422 -0.00322411 0.779683 0.0169998 6.21304e-05 0.000342692 -0.0143956 -0.000144579 -4.15502e-05 -0.000439149 -0.00578331 0.00020917 3.72324e-05
30 64.5 10 0.0352978 0.780419 0.0245581 0.007111 0.780813 0.01599 6.17931e-05 0.000315936 -0.0143479 -6.6066e-05 -6.13994e-05 -0.000585519 -0.00583066 0.000255537 7.03795e-06
30 65 10 0.0348519 0.787437 0.0265016 0.022468 0.759137 0.0207555 0.00010904 0.000327959 -0.0140346 -4.20707e-05 -4.28592e-05 -0.000253927 -0.00562597 0.000248427 -2.1729e-05
30 65.5 10 0.0388935 0.797018 0.0260411 0.040629 0.716935 0.0249324 9.07473e-05 0.000335243 -0.0135863 -0.00016199 -3.79245e-05 0.000450314 -0.00525673 0.000254223 2.76536e-05
30 66 10 0.0301968 0.788462 0.024432 0.0680348 0.736784 0.0227891 7.11798e-05 0.000311719 -0.0134703 -0.000183586 -4.75855e-05 0.00053181 -0.00511775 0.000184066 4.26582e-05
30 66.5 10 0.0081867 0.783092 0.0182165 0.099247 0.762923 0.0181986 2.81203e-05 0.000260351 -0.0135844 -0.00024486 -3.74828e-05 0.00061735 -0.00508544 2.29985e-05 8.16001e-05
30 67 10 -0.037296 0.753299 0.0141751 0.12304 0.784164 0.0188817 4.27602e-05 0.000230725 -0.0136165 -0.000283116 -6.99907e-06 0.000716336 -0.00484936 -0.00030036 9.01661e-05
30 67.5 10 -0.105352 0.800249 0.00778184 0.160248 0.737154 0.0181754 0.000168738 0.00013667 -0.0140683 -0.000228216 -9.20842e-05 0.00269622 -0.00463499 -0.000958506 2.02145e-06
30 68 10 -0.220708 0.78055 -0.000989141 0.132048 0.768005 0.0219591 0.000247814 0.000160197 -0.0153286 -0.000288836 -6.06744e-05 0.00320203 -0.00475205 -0.00190628 -7.48625e-06
30 68.5 10 -0.354522 0.747179 -0.0106355 0.0665147 0.797277 0.0152533 0.000351885 0.000152449 -0.0170917 -0.000351705 -6.36907e-05 0.00309877 -0.0051487 -0.0031373 -2.0399e-05
30 69 10 -0.508829 0.75358 -0.0237575 -0.0787169 0.791215 0.00341003 0.000527524 0.000138545 -0.0196025 -0.000391919 -0.000104298 0.00348533 -0.00600538 -0.00485691 -7.48625e-05
30 69.5 10 -0.645172 0.728932 -0.0326775 -0.359595 0.799989 -0.0215044 0.000838383 0.000124775 -0.0234192 -0.000191451 -0.000221907 0.0015268 -0.00792513 -0.00729183 -0.000229335
30 70 10 -0.664849 0.684033 -0.0321273 -0.818876 0.817483 -0.0553893 0.00109429 0.000200368 -0.027441 7.90136e-05 -0.000249868 -0.0028041 -0.0105351 -0.0102899 -0.000370863
30 70.5 10 -0.58408 0.623342 -0.0288696 -1.38518 0.846963 -0.0923121 0.00132745 0.000275903 -0.0313292 0.000492163 -0.000215978 -0.00869464 -0.0134524 -0.0152131 -0.000553139
30 71 10 -0.128126 0.612649 0.00965687 -2.14195 0.800701 -0.14231 0.00139719 0.000355726 -0.033735 0.00126837 -0.000404854 -0.0203086 -0.0184949 -0.0239947 -0.000524987
30 71.5 10 0.870175 0.530182 0.0769854 -2.88749 0.797791 -0.199506 0.0011942 0.000512172 -0.0308328 0.00240534 -0.000131601 -0.0369498 -0.0229455 -0.0401252 -0.000863215
30 72 10 2.59811 0.498981 0.169638 -3.42703 0.763463 -0.242105 0.000514096 0.000480857 -0.0192168 0.00368666 0.000259006 -0.0563079 -0.0262984 -0.0719234 -0.00135473
30 72.5 10 4.94612 0.398252 0.347571 -3.54807 0.667638 -0.238359 -0.00113009 0.000363061 0.00287321 0.00523412 0.000734868 -0.0778733 -0.025399 -0.146076 -0.00192803
30 73 10 8.31201 0.248701 0.601212 -2.47689 0.522013 -0.161983 -0.00408985 0.000152565 0.0460962 0.00684984 0.00121311 -0.0981322 -0.0198287 -0.314892 -0.00214759
30 73.5 10 12.0664 0.186906 0.884034 0.513478 0.418588 0.14106 -0.00844951 0.000721829 0.108621 0.00663682 0.00146699 -0.103366 -0.0119056 -0.63206 0.00413217
30 74 10 15.6523 0.136007 1.14175 6.29552 0.449692 0.676076 -0.015458 -0.00071048 0.194648 0.00409029 0.00179218 -0.0796456 -0.00487154 -1.28008 0.000212549
30 74.5 10 17.7187 0.0796994 1.19712 15.1538 0.281018 1.31574 -0.0212907 -0.00303012 0.285121 1.68276e-05 0.00153231 -0.0300239 0.007949 -2.31123 -0.0143887
30 75 10 17.8574 0.0192072 1.08591 25.6596 0.0433363 2.36336 -0.0271574 -0.0040711 0.352325 -0.00635368 0.00107106 0.0227529 0.00482138 -3.45997 -0.0222097
