# y jRe_x jRe_y jRe_z jIm_x jIm_y jIm_z BRe_x BRe_y BRe_z BIm_x BIm_y BIm_z F_x F_y F_z VReGrad_x VReGrad_y VReGrad_z VImGrad_x VImGrad_y VImGrad_z s VRe VIm sigma mur
-0.075 -496872.67 	-138974.71 	-10302.426 	 -1663122 	-601431.55 	-84602.745 	 -0.0044614864 	0.0025100337 	0.039308026 	 0.00033933705 	-0.00040550008 	0.0013465276 	 -3227.7518 	10487.514 	-526.74686 	 -0.56922865 	-0.60027935 	-0.00084889555 	 -1.779445 	-2.7347724 	0.072108663 		-0.075 -0.0013698903 -0.0024022495 1200000 1
-0.07375 -539655.59 	-221001.13 	-11238.124 	 -1536979.8 	-632177.32 	-81834.013 	 -0.0044448488 	0.0024809095 	0.039153449 	 0.00036586234 	-0.00040757034 	0.0010262811 	 -4627.5942 	11137.219 	-752.54582 	 -0.5673674 	-0.58964009 	-0.00090025008 	 -1.7560677 	-2.6833484 	0.069948563 		-0.07375 -0.0021265709 -0.005810715 1200000 1
-0.0725 -556857.86 	-324892.02 	-10784.944 	 -1386386.7 	-745523.47 	-72447.22 	 -0.0044445362 	0.0024180773 	0.038881658 	 0.00041723382 	-0.00040553485 	0.00053912776 	 -6355.509 	11078.645 	-974.19182 	 -0.56825029 	-0.56084823 	-0.0012366459 	 -1.7638972 	-2.5664048 	0.062127745 		-0.0725 -0.0028826357 -0.0093039523 1200000 1
-0.07125 -574060.13 	-428782.91 	-10331.765 	 -1235793.5 	-858869.63 	-63060.428 	 -0.0044442236 	0.0023552452 	0.038609868 	 0.00046860531 	-0.00040349936 	5.1974392e-05 	 -8083.4238 	11020.072 	-1195.8378 	 -0.56913317 	-0.53205637 	-0.0015730418 	 -1.7717266 	-2.4494613 	0.054306927 		-0.07125 -0.0036387005 -0.01279719 1200000 1
-0.07 -563512.71 	-559739.76 	-8295.1317 	 -1031546.9 	-1038007.9 	-46440.559 	 -0.0044502912 	0.0022407384 	0.037907574 	 0.00056154583 	-0.00040386423 	-0.0011687569 	 -9763.5448 	9784.9311 	-1377.1315 	 -0.57469846 	-0.48185392 	-0.0022254959 	 -1.8314552 	-2.2729406 	0.040304986 		-0.07 -0.0043082232 -0.01581249 1200000 1
-0.06875 -550347.02 	-698598.2 	-6401.7564 	 -906922.98 	-1221146.5 	-33026.611 	 -0.0044413716 	0.0021241718 	0.03730153 	 0.00064584469 	-0.00040021525 	-0.0021687365 	 -11546.993 	8980.7063 	-1567.8673 	 -0.57279144 	-0.43018902 	-0.0026015425 	 -1.8393305 	-2.0845609 	0.028920159 		-0.06875 -0.0047977793 -0.018199977 1200000 1
-0.0675 -534651.2 	-834162.02 	-4451.8384 	 -795460.32 	-1415718.5 	-20080.112 	 -0.0044429673 	0.0020126155 	0.036826649 	 0.00071678911 	-0.00039023148 	-0.0028358955 	 -13506.236 	8311.9996 	-1766.1768 	 -0.56978607 	-0.37782803 	-0.0029321904 	 -1.8399669 	-1.8907905 	0.017899341 		-0.0675 -0.0052839203 -0.020596869 1200000 1
-0.06625 -518108.25 	-968819.59 	-2496.7705 	 -683203.01 	-1609238.8 	-7245.7026 	 -0.0044457291 	0.0019015159 	0.036350418 	 0.00078611292 	-0.00037975689 	-0.0034854318 	 -15452.499 	7629.8266 	-1962.2935 	 -0.56692274 	-0.32563971 	-0.0032569474 	 -1.8415973 	-1.6982489 	0.0069687504 		-0.06625 -0.0057694714 -0.022989013 1200000 1
-0.065 -485253.14 	-1091023.7 	-763.33869 	 -568943.92 	-1731463.4 	212.44064 	 -0.0044471886 	0.0018016866 	0.035702941 	 0.00082810399 	-0.00036757225 	-0.0041413016 	 -16387.524 	6950.1954 	-2101.5148 	 -0.56376934 	-0.28198893 	-0.003258591 	 -1.8563012 	-1.5584025 	0.00044757011 		-0.065 -0.006148867 -0.024968638 1200000 1
-0.06375 -462485.51 	-1205029.8 	469.93724 	 -505303.79 	-1843593.4 	5104.8873 	 -0.0044511295 	0.0017140206 	0.03534342 	 0.00085619699 	-0.00035238015 	-0.0043992511 	 -17878.313 	6541.0827 	-2278.1405 	 -0.55277764 	-0.24003778 	-0.0030996474 	 -1.838274 	-1.4309847 	-0.0039013269 		-0.06375 -0.0064149043 -0.026645943 1200000 1
-0.0625 -439848.53 	-1318287.2 	1698.0474 	 -442817.92 	-1956938.5 	9989.3407 	 -0.0044563766 	0.0016268443 	0.034999556 	 0.00088316695 	-0.0003366492 	-0.0046246056 	 -19414.159 	6128.4286 	-2456.0661 	 -0.54164842 	-0.19800604 	-0.0029408324 	 -1.8195445 	-1.3033045 	-0.0082428541 		-0.0625 -0.0066800848 -0.028322582 1200000 1
-0.06125 -412194.02 	-1422714.5 	2915.6243 	 -376535.81 	-2071209.1 	14812.442 	 -0.0044711614 	0.0015425511 	0.034669923 	 0.00090160553 	-0.00031762578 	-0.0046946162 	 -21025.987 	5592.7389 	-2620.5244 	 -0.53182624 	-0.157065 	-0.0027903162 	 -1.8065646 	-1.1795338 	-0.012534953 		-0.06125 -0.0069464556 -0.029987057 1200000 1
-0.06 -380527.44 	-1523973.5 	3744.275 	 -318835.02 	-2131125 	16800.607 	 -0.0044671867 	0.001465648 	0.034207978 	 0.00092150613 	-0.00030610556 	-0.0050537931 	 -21588.796 	5238.8217 	-2753.6108 	 -0.51973589 	-0.12424331 	-0.002449254 	 -1.7970942 	-1.0890764 	-0.014468432 		-0.06 -0.0071005986 -0.031314766 1200000 1
-0.05875 -357737.57 	-1612411.7 	4322.7759 	 -282357.07 	-2196076.5 	18194.626 	 -0.0044743293 	0.0013962412 	0.033973992 	 0.0009316852 	-0.00029191077 	-0.0050877132 	 -22844.473 	4902.1154 	-2909.8333 	 -0.50316356 	-0.092083561 	-0.0020996914 	 -1.7735752 	-1.0049678 	-0.015858916 		-0.05875 -0.0071926921 -0.032514655 1200000 1
-0.0575 -334947.7 	-1700849.8 	4901.2768 	 -245879.13 	-2261028.1 	19588.645 	 -0.004481472 	0.0013268344 	0.033740005 	 0.00094186428 	-0.00027771598 	-0.0051216333 	 -24100.15 	4565.4091 	-3066.0558 	 -0.48659122 	-0.059923813 	-0.0017501289 	 -1.7500561 	-0.92085911 	-0.017249401 		-0.0575 -0.0072847856 -0.033714544 1200000 1
-0.05625 -305033.03 	-1771550.9 	5465.6953 	 -205372.7 	-2336095.7 	21453.087 	 -0.0045064174 	0.0012617055 	0.033563957 	 0.00093937754 	-0.00025757973 	-0.0048452721 	 -25732.231 	4031.1511 	-3201.5202 	 -0.47245404 	-0.029215314 	-0.0014681437 	 -1.7343115 	-0.83985203 	-0.019013164 		-0.05625 -0.0073872015 -0.034911946 1200000 1
-0.055 -279184.27 	-1852687 	5709.4351 	 -176430.16 	-2353670.6 	21058.443 	 -0.0044953726 	0.0012011656 	0.033218305 	 0.0009546037 	-0.00025065784 	-0.0051768259 	 -25826.064 	3830.9045 	-3315.3092 	 -0.45442729 	-0.0066326599 	-0.0010143254 	 -1.7171393 	-0.78576743 	-0.018894661 		-0.055 -0.0073717206 -0.035820585 1200000 1
-0.05375 -258499.8 	-1917752.5 	5878.7186 	 -154734.7 	-2389848.2 	21014.22 	 -0.0045028332 	0.0011448498 	0.033062576 	 0.00095852761 	-0.00023915186 	-0.0051357615 	 -26805.719 	3537.46 	-3441.3143 	 -0.43455214 	0.016449713 	-0.00062377109 	 -1.6941389 	-0.73177629 	-0.019026242 		-0.05375 -0.0073354035 -0.036708706 1200000 1
-0.0525 -237815.34 	-1982818.1 	6048.0021 	 -133039.24 	-2426025.8 	20969.997 	 -0.0045102938 	0.0010885341 	0.032906847 	 0.00096245151 	-0.00022764589 	-0.0050946971 	 -27785.373 	3244.0155 	-3567.3195 	 -0.41467699 	0.039532086 	-0.00023321673 	 -1.6711384 	-0.67778515 	-0.019157824 		-0.0525 -0.0072990864 -0.037596826 1200000 1
-0.05125 -209872.84 	-2032526.3 	6191.8902 	 -109227.39 	-2463648.3 	21264.946 	 -0.004526788 	0.0010366074 	0.032764781 	 0.0009595435 	-0.00021282225 	-0.004890593 	 -28819.337 	2834.4065 	-3664.7211 	 -0.39740853 	0.05949509 	9.6158977e-05 	 -1.6565647 	-0.6303148 	-0.019550856 		-0.05125 -0.007267073 -0.038451203 1200000 1
-0.05 -189006.38 	-2085892.1 	6170.5633 	 -93781.159 	-2472497.7 	20488.698 	 -0.004523954 	0.00098844657 	0.032569192 	 0.00096698476 	-0.00020556588 	-0.0050169763 	 -29038.665 	2607.2449 	-3751.9788 	 -0.37665212 	0.074275153 	0.00050184133 	 -1.6382554 	-0.59792995 	-0.019041955 		-0.05 -0.0071547272 -0.039154738 1200000 1
-0.04875 -170805.24 	-2130196.9 	6122.9472 	 -80727.779 	-2491671.1 	19910.711 	 -0.0045308407 	0.00094200608 	0.032464198 	 0.00096874805 	-0.00019636088 	-0.0049557577 	 -29736.03 	2348.1363 	-3843.4622 	 -0.35498313 	0.089171582 	0.00087298373 	 -1.6175619 	-0.56586315 	-0.018677243 		-0.04875 -0.0070304235 -0.03984846 1200000 1
-0.0475 -152304.28 	-2173296 	6076.6968 	 -67598.22 	-2512009.9 	19376.393 	 -0.0045389026 	0.00089574991 	0.032365719 	 0.00096979852 	-0.00018681718 	-0.0048725695 	 -30477.571 	2081.7208 	-3934.15 	 -0.33345066 	0.10402707 	0.0012382726 	 -1.5971659 	-0.53383081 	-0.018347096 		-0.0475 -0.0069074148 -0.04054284 1200000 1
-0.04625 -126663.72 	-2207887.6 	6029.5498 	 -53416.394 	-2523954 	19013.335 	 -0.0045448854 	0.00085337452 	0.032225204 	 0.00097100734 	-0.00017648273 	-0.0048243485 	 -30830.129 	1757.9404 	-3992.836 	 -0.31480975 	0.11464058 	0.0015658419 	 -1.5853371 	-0.50997982 	-0.018150436 		-0.04625 -0.0067967647 -0.041206593 1200000 1
-0.045 -110219.47 	-2235090.3 	5889.2517 	 -45140.075 	-2531793.1 	18270.366 	 -0.004549627 	0.00081438712 	0.032141419 	 0.00097284157 	-0.00016912874 	-0.0047903492 	 -31189.784 	1527.3946 	-4048.5775 	 -0.29245817 	0.12212368 	0.001908295 	 -1.5675928 	-0.49480401 	-0.017616262 		-0.045 -0.006622319 -0.041795082 1200000 1
-0.04375 -94080.442 	-2261128.6 	5746.9026 	 -37045.274 	-2540956.5 	17550.653 	 -0.0045555749 	0.00077556578 	0.032067806 	 0.00097398025 	-0.00016157571 	-0.004733612 	 -31608.285 	1295.1196 	-4104.5996 	 -0.26999858 	0.12960701 	0.0022468427 	 -1.5496097 	-0.47968096 	-0.017099209 		-0.04375 -0.0064463479 -0.042382576 1200000 1
-0.0425 -75877.647 	-2277616.3 	5619.8534 	 -28615.236 	-2560320.5 	17151.794 	 -0.0045709266 	0.00073793585 	0.032053575 	 0.00096952993 	-0.00015163333 	-0.0044991931 	 -32424.833 	1024.5605 	-4156.3238 	 -0.24852981 	0.13690045 	0.0025424666 	 -1.5335906 	-0.46463582 	-0.016836455 		-0.0425 -0.006281894 -0.042975999 1200000 1
-0.04125 -54726.187 	-2300712.7 	5493.6127 	 -20472.122 	-2553798.2 	16422.722 	 -0.004566301 	0.00070269931 	0.031908175 	 0.00097612807 	-0.000145281 	-0.004634208 	 -32133.354 	766.34971 	-4181.4095 	 -0.22842424 	0.13921642 	0.0028752481 	 -1.5223221 	-0.45927866 	-0.01631622 		-0.04125 -0.0061245867 -0.043552999 1200000 1
-0.04 -39890.76 	-2310319.7 	5330.0164 	 -14909.548 	-2556843.3 	15733.43 	 -0.0045712568 	0.00066986345 	0.031853207 	 0.00097717152 	-0.00013879367 	-0.0045928264 	 -32280.096 	551.43017 	-4202.3672 	 -0.20583808 	0.13980735 	0.0031901372 	 -1.5069008 	-0.4582475 	-0.015808519 		-0.04 -0.0059301268 -0.044104942 1200000 1
-0.03875 -25055.334 	-2319926.7 	5166.4201 	 -9346.975 	-2559888.4 	15044.138 	 -0.0045762127 	0.00063702758 	0.031798239 	 0.00097821498 	-0.00013230634 	-0.0045514448 	 -32426.838 	336.51063 	-4223.325 	 -0.18325192 	0.14039828 	0.0035050263 	 -1.4914795 	-0.45721634 	-0.015300818 		-0.03875 -0.0057356668 -0.044656885 1200000 1
-0.0375 -6633.3087 	-2311857.1 	5035.9664 	 -3278.8593 	-2582984.2 	14886.652 	 -0.0045988514 	0.00060598752 	0.031866426 	 0.00096882213 	-0.00012195301 	-0.0041751612 	 -33378.211 	82.868368 	-4239.5089 	 -0.16240327 	0.14082426 	0.0037498056 	 -1.4793362 	-0.45615719 	-0.015216088 		-0.0375 -0.005563971 -0.045220069 1200000 1
-0.03625 11744 	-2323891.7 	4911.1424 	 2671.8862 	-2561848 	14040.026 	 -0.0045848689 	0.00057638907 	0.031700457 	 0.00098036491 	-0.00011815824 	-0.0044844941 	 -32447.625 	-160.48052 	-4228.1039 	 -0.14179248 	0.13504736 	0.0040979383 	 -1.46902 	-0.46700936 	-0.014601434 		-0.03625 -0.0054037657 -0.045804656 1200000 1
-0.035 26163.423 	-2317990.9 	4776.0266 	 7537.7523 	-2560482.5 	13473.791 	 -0.0045889715 	0.00054833246 	0.031658554 	 0.00098139517 	-0.00011221305 	-0.004461353 	 -32330.722 	-368.8137 	-4214.336 	 -0.1195568 	0.12894647 	0.0044055466 	 -1.4558351 	-0.47879896 	-0.014197277 		-0.035 -0.0052222545 -0.046382483 1200000 1
-0.03375 40582.845 	-2312090.1 	4640.9109 	 12403.618 	-2559117 	12907.556 	 -0.0045930742 	0.00052027586 	0.031616651 	 0.00098242542 	-0.00010626785 	-0.0044382119 	 -32213.819 	-577.14687 	-4200.5681 	 -0.097321124 	0.12284558 	0.0047131549 	 -1.4426502 	-0.49058856 	-0.013793121 		-0.03375 -0.0050407434 -0.04696031 1200000 1
-0.0325 60570.34 	-2293333.3 	4563.4221 	 18677.791 	-2568168.7 	12737.283 	 -0.0046063317 	0.0004940321 	0.031660394 	 0.00097790675 	-9.7959465e-05 	-0.0042373167 	 -32521.311 	-825.57338 	-4178.7122 	 -0.077774144 	0.11525422 	0.004978453 	 -1.4345328 	-0.50498631 	-0.01371696 		-0.0325 -0.0049024959 -0.047571175 1200000 1
-0.03125 77606.899 	-2281535.1 	4506.1468 	 25032.601 	-2552102.6 	12246.874 	 -0.0046001873 	0.00046919249 	0.031572379 	 0.00098441664 	-9.3071484e-05 	-0.0044065373 	 -31739.792 	-1072.9402 	-4132.9855 	 -0.05723775 	0.10257523 	0.0053112078 	 -1.424856 	-0.52911616 	-0.013403162 		-0.03125 -0.0047755868 -0.048234815 1200000 1
-0.03 92520.272 	-2260073.2 	4447.2111 	 30904.734 	-2546191.3 	11898.565 	 -0.004603732 	0.00044501544 	0.031543195 	 0.00098521786 	-8.7135517e-05 	-0.0044000326 	 -31362.857 	-1285.7699 	-4084.1972 	 -0.035774958 	0.089633105 	0.0056259524 	 -1.4135965 	-0.55381337 	-0.013197098 		-0.03 -0.0046383226 -0.048897286 1200000 1
-0.02875 107687.16 	-2237469.5 	4391.1576 	 36867.837 	-2541640.3 	11578.071 	 -0.0046084708 	0.00042091123 	0.031523685 	 0.00098530972 	-8.1016953e-05 	-0.0043710464 	 -31043.745 	-1497.25 	-4035.4355 	 -0.014426878 	0.076699985 	0.0059372295 	 -1.4025646 	-0.57849621 	-0.013013474 		-0.02875 -0.0045025826 -0.049560429 1200000 1
-0.0275 130846.4 	-2208804.3 	4438.6798 	 46537.145 	-2534965.6 	11542.362 	 -0.0046116181 	0.0003983972 	0.031550338 	 0.00098605469 	-7.4072098e-05 	-0.0043580349 	 -30707.931 	-1788.8555 	-3977.8305 	 0.0029941695 	0.060870525 	0.0062384342 	 -1.3985456 	-0.60893368 	-0.013090893 		-0.0275 -0.0044407671 -0.050302768 1200000 1
-0.02625 147386.33 	-2171968.7 	4521.3642 	 55489.455 	-2521304.6 	11567.792 	 -0.0046138976 	0.0003773525 	0.031533937 	 0.00098666625 	-6.765664e-05 	-0.0043820463 	 -30027.941 	-2023.0766 	-3893.8277 	 0.023058147 	0.040630952 	0.0065657465 	 -1.3893088 	-0.64793395 	-0.013227574 		-0.02625 -0.0043817004 -0.051111917 1200000 1
-0.025 163638.59 	-2133913 	4604.397 	 64368.914 	-2508823.8 	11612.755 	 -0.0046173981 	0.00035637616 	0.031523906 	 0.00098653931 	-6.1108795e-05 	-0.0043843555 	 -29393.643 	-2250.855 	-3809.2015 	 0.043250744 	0.020344321 	0.0068909314 	 -1.3798467 	-0.68702386 	-0.013379219 		-0.025 -0.0043215217 -0.051921281 1200000 1
-0.02375 182095.23 	-2086937.1 	4715.9175 	 74594.56 	-2507022 	11871.857 	 -0.0046305716 	0.0003358192 	0.031598067 	 0.00098054743 	-5.3365598e-05 	-0.0042043963 	 -29227.322 	-2452.0281 	-3726.0386 	 0.062469698 	0.00021577435 	0.0071899039 	 -1.3724944 	-0.72590291 	-0.013704835 		-0.02375 -0.0042730095 -0.052735355 1200000 1
-0.0225 206781.45 	-2045646.5 	4992.2321 	 90768.96 	-2480132.3 	12280.961 	 -0.0046246193 	0.00031632937 	0.031607539 	 0.00098508057 	-4.7032554e-05 	-0.004359805 	 -28225.279 	-2806.4516 	-3628.6233 	 0.078163635 	-0.02507638 	0.0075233394 	 -1.3706882 	-0.77604918 	-0.014209046 		-0.0225 -0.0043206632 -0.05370311 1200000 1
-0.02125 225004.99 	-1989114.6 	5320.668 	 105523.87 	-2456604.4 	13101.137 	 -0.0046289545 	0.00029801156 	0.031629203 	 0.00098223414 	-3.9082435e-05 	-0.0043534346 	 -27336.62 	-3058.1 	-3507.7765 	 0.09638547 	-0.053545033 	0.00783709 	 -1.3633695 	-0.83273657 	-0.015045285 		-0.02125 -0.0043735863 -0.054732048 1200000 1
-0.02 243228.52 	-1932582.6 	5649.1038 	 120278.78 	-2433076.4 	13921.312 	 -0.0046332898 	0.00027969374 	0.031650867 	 0.00097938772 	-3.1132315e-05 	-0.0043470642 	 -26447.961 	-3309.7485 	-3386.9296 	 0.1146073 	-0.082013686 	0.0081508407 	 -1.3560509 	-0.88942396 	-0.015881525 		-0.02 -0.0044265093 -0.055760987 1200000 1
-0.01875 265840.81 	-1859987.8 	6044.7202 	 139471.88 	-2428937.7 	15189.065 	 -0.0046561187 	0.00026186453 	0.031845538 	 0.0009647481 	-2.1390697e-05 	-0.0039877714 	 -26429.579 	-3481.4643 	-3271.4011 	 0.13082432 	-0.10999231 	0.008408798 	 -1.3536037 	-0.94529883 	-0.017080811 		-0.01875 -0.0044995152 -0.056796312 1200000 1
-0.0175 292334.84 	-1800920.8 	6747.2196 	 167750.09 	-2374490.6 	16931.798 	 -0.0046439205 	0.00024489816 	0.031863057 	 0.00096814236 	-1.4255832e-05 	-0.0042431718 	 -24844.813 	-3935.1762 	-3132.8597 	 0.14360808 	-0.14638852 	0.0087050141 	 -1.3554336 	-1.0219349 	-0.018756595 		-0.0175 -0.0047136042 -0.058115558 1200000 1
-0.01625 312619.17 	-1723466.7 	7473.7665 	 193090.3 	-2331802.1 	19370.383 	 -0.0046505901 	0.00022868698 	0.031937152 	 0.00095807168 	-4.0570273e-06 	-0.0041891381 	 -23712.764 	-4218.9672 	-2977.7643 	 0.15882117 	-0.18416897 	0.0089360629 	 -1.3517054 	-1.1018884 	-0.020975382 		-0.01625 -0.0049203192 -0.059456366 1200000 1
-0.015 332903.5 	-1646012.6 	8200.3135 	 218430.52 	-2289113.6 	21808.968 	 -0.0046572596 	0.00021247581 	0.032011246 	 0.000948001 	6.1417774e-06 	-0.0041351044 	 -22580.715 	-4502.7581 	-2822.6689 	 0.17403426 	-0.22194942 	0.0091671118 	 -1.3479772 	-1.1818419 	-0.02319417 		-0.015 -0.0051270341 -0.060797173 1200000 1
-0.01375 361317.78 	-1556191.1 	9140.0534 	 258376.02 	-2254505.4 	25082.215 	 -0.0046751836 	0.00019649882 	0.032283608 	 0.00092772148 	1.639522e-05 	-0.0038081533 	 -22101.053 	-4790.2712 	-2677.9272 	 0.18468476 	-0.26081798 	0.0093145548 	 -1.3560362 	-1.2651863 	-0.026116664 		-0.01375 -0.005401046 -0.062229247 1200000 1
-0.0125 386669.6 	-1465047.7 	10425.871 	 305655.2 	-2175877.7 	30251.646 	 -0.0046763188 	0.00018124448 	0.032422239 	 0.00090828537 	2.681037e-05 	-0.0037801393 	 -20596.846 	-5231.8821 	-2505.483 	 0.1940383 	-0.30830174 	0.0093659985 	 -1.36415 	-1.3745238 	-0.030641603 		-0.0125 -0.005808065 -0.063985609 1200000 1
-0.01125 407744.4 	-1364355 	11714.504 	 350223.57 	-2099973 	36155.679 	 -0.0046876966 	0.00016630591 	0.032575933 	 0.00087970282 	3.9491008e-05 	-0.0035950229 	 -19235.328 	-5564.8535 	-2322.8435 	 0.20479027 	-0.35679929 	0.0093529626 	 -1.368182 	-1.4873388 	-0.035744513 		-0.01125 -0.0062151798 -0.065764112 1200000 1
-0.01 429003.46 	-1262798.1 	13005.809 	 395580.28 	-2025320.6 	42126.416 	 -0.0047003884 	0.00015136236 	0.03274374 	 0.00084995751 	5.2253957e-05 	-0.0033814461 	 -17923.188 	-5891.5433 	-2140.943 	 0.21537715 	-0.40524142 	0.0093312821 	 -1.3727621 	-1.5998877 	-0.040899658 		-0.01 -0.0066231934 -0.067541927 1200000 1
-0.00875 460716.06 	-1153262.7 	14710.792 	 477609.13 	-1946328.2 	49971.372 	 -0.0047161288 	0.00013601653 	0.033157975 	 0.00080595008 	6.11554e-05 	-0.0028968435 	 -17115.62 	-6395.8158 	-1979.0994 	 0.21826878 	-0.45697914 	0.0091273082 	 -1.4038386 	-1.7196342 	-0.047623296 		-0.00875 -0.0071602736 -0.069543597 1200000 1
-0.0075 478556.86 	-1029603.9 	16509.654 	 559767.58 	-1813680.4 	63149.937 	 -0.0047339556 	0.00012074163 	0.033418249 	 0.00073166952 	7.2897574e-05 	-0.0024169583 	 -15482.692 	-6877.6153 	-1778.2975 	 0.22268833 	-0.51798141 	0.0085732249 	 -1.4275991 	-1.8805527 	-0.058683964 		-0.0075 -0.0078209566 -0.071936533 1200000 1
-0.00625 495680.97 	-904853.2 	18299.343 	 641360.93 	-1680458.4 	76523.332 	 -0.0047530608 	0.00010547926 	0.033677807 	 0.0006556332 	8.497029e-05 	-0.0019188254 	 -13849.885 	-7345.7237 	-1576.049 	 0.2272844 	-0.57914935 	0.0080042816 	 -1.4506551 	-2.0424634 	-0.069899404 		-0.00625 -0.0084823361 -0.074334981 1200000 1
-0.005 512046.97 	-774717.09 	20009.413 	 732288.77 	-1558402.8 	90858.848 	 -0.0047828494 	9.0102668e-05 	0.034058947 	 0.0005660599 	9.7880673e-05 	-0.0011439455 	 -12498.775 	-7835.3227 	-1379.3532 	 0.23039803 	-0.64006475 	0.0073177756 	 -1.4792487 	-2.1996646 	-0.081857825 		-0.005 -0.009148776 -0.076714124 1200000 1
-0.00375 518974.55 	-649790.18 	21281.472 	 847549.43 	-1423219.8 	102873.25 	 -0.0047984417 	7.3185277e-05 	0.034536664 	 0.00046035537 	9.8598388e-05 	-0.00025014433 	 -11205.181 	-8459.2901 	-1199.6988 	 0.22667692 	-0.64980635 	0.0064243931 	 -1.5411221 	-2.1417272 	-0.094703131 		-0.00375 -0.0098905299 -0.079055515 1168571.4 1
-0.0025 466334.63 	-543732.6 	19236.332 	 792413.02 	-1277475.4 	95987.838 	 -0.0048169657 	5.4678723e-05 	0.034740152 	 0.0003660337 	9.4712079e-05 	0.00032145709 	 -9673.4988 	-7710.6441 	-1031.5429 	 0.2270686 	-0.44180602 	0.0057661908 	 -1.5345883 	-1.2925949 	-0.10214373 		-0.0025 -0.010217917 -0.079866516 1021904.8 1
-0.00125 413694.71 	-437675.02 	17191.193 	 737276.61 	-1131730.9 	89102.425 	 -0.0048354898 	3.6172169e-05 	0.03494364 	 0.00027171202 	9.0825769e-05 	0.0008930585 	 -8141.8162 	-6961.9981 	-863.38693 	 0.22746028 	-0.23380569 	0.0051079885 	 -1.5280545 	-0.44346257 	-0.10958433 		-0.00125 -0.010545304 -0.080677517 875238.1 1
5.2475385e-17 291253.82 	-346016.72 	12684.146 	 532452.95 	-1024141.2 	69810.564 	 -0.0048672115 	1.7670677e-05 	0.035193499 	 0.00018347329 	9.0047553e-05 	0.0016245506 	 -6989.2366 	-4985.8133 	-725.90273 	 0.22986478 	0.12175482 	0.0046142849 	 -1.4786945 	0.8833956 	-0.11257052 		5.2475385e-17 -0.010544424 -0.080309968 650000 1
0.00125 168882.4 	-288615.49 	7989.7635 	 329733.35 	-941172.17 	46116.778 	 -0.0048622125 	-1.9061753e-06 	0.035259471 	 0.00012448823 	7.7192922e-05 	0.0019602671 	 -6053.6536 	-3044.0437 	-630.96211 	 0.23099606 	0.4798206 	0.0044389884 	 -1.4330949 	2.205071 	-0.10873446 		0.00125 -0.010245311 -0.078518028 424761.9 1
0.0025 108647.49 	-246352.49 	4867.3761 	 218182.94 	-871413.43 	29192.872 	 -0.0048679414 	-2.1875559e-05 	0.035221009 	 8.6346538e-05 	6.3526983e-05 	0.00210133 	 -5288.5314 	-1985.654 	-556.17747 	 0.23325543 	0.69104257 	0.0044939528 	 -1.342105 	3.048256 	-0.10033181 		0.0025 -0.0096098651 -0.075441276 278095.24 1
0.00375 48412.581 	-204089.49 	1744.9886 	 106632.54 	-801654.7 	12268.965 	 -0.0048736704 	-4.1844943e-05 	0.035182548 	 4.8204845e-05 	4.9861044e-05 	0.002242393 	 -4523.4092 	-927.26426 	-481.39283 	 0.2355148 	0.90226454 	0.0045489172 	 -1.251115 	3.891441 	-0.091929154 		0.00375 -0.0089744187 -0.072364523 131428.57 1
0.005 33195.552 	-187301.07 	920.59053 	 74720.885 	-776226.02 	7486.5828 	 -0.0048813582 	-6.0453881e-05 	0.035045793 	 4.1368524e-05 	4.3922311e-05 	0.0021919949 	 -4186.6127 	-642.45013 	-448.76345 	 0.24516328 	0.89609426 	0.0049425075 	 -1.0967695 	3.9414052 	-0.078293049 		0.005 -0.0079285549 -0.067927067 100000 1
0.00625 31269.989 	-179457.57 	775.8024 	 69328.745 	-761250.37 	6234.803 	 -0.0048714481 	-7.8946133e-05 	0.034881679 	 4.3230898e-05 	3.7251254e-05 	0.0020339526 	 -3948.2481 	-600.44993 	-427.91239 	 0.25099203 	0.84173758 	0.0052520242 	 -0.97649499 	3.7684969 	-0.065509149 		0.00625 -0.0069304767 -0.063391957 100000 1
0.0075 29636.886 	-171433.29 	641.14686 	 64208.801 	-745868.92 	5047.1186 	 -0.0048696982 	-9.7581579e-05 	0.03474686 	 4.5116479e-05 	3.025159e-05 	0.0019088198 	 -3727.3416 	-561.24908 	-407.02904 	 0.25524467 	0.7876063 	0.0054903809 	 -0.86063732 	3.5902624 	-0.053377632 		0.0075 -0.0059308349 -0.058783513 100000 1
0.00875 27979.842 	-163399.01 	507.69016 	 59038.339 	-730609.81 	3875.0403 	 -0.0048689645 	-0.00011620385 	0.034614705 	 4.6982786e-05 	2.3419273e-05 	0.0017878239 	 -3509.8397 	-521.33733 	-386.32571 	 0.25970371 	0.73357804 	0.0057194284 	 -0.74422327 	3.4130675 	-0.041402721 		0.00875 -0.0049325436 -0.054187648 100000 1
0.01 25844.966 	-156476.77 	415.938 	 53945.653 	-718905.73 	3159.4455 	 -0.0048671456 	-0.00013440625 	0.034503701 	 4.8962692e-05 	2.0913558e-05 	0.0016885373 	 -3343.8712 	-476.88749 	-370.37347 	 0.26833276 	0.68725778 	0.0057171294 	 -0.62675441 	3.2748946 	-0.034031076 		0.01 -0.0040638449 -0.050212612 100000 1
0.01125 24582.518 	-150266.29 	350.65157 	 51069.13 	-706985.07 	2574.1396 	 -0.0048643444 	-0.00015299917 	0.034417333 	 5.0546455e-05 	1.7406363e-05 	0.001592211 	 -3182.1196 	-450.43251 	-354.21006 	 0.27159961 	0.64573079 	0.0056317456 	 -0.53485154 	3.1382525 	-0.028007904 		0.01125 -0.0032829012 -0.046328442 100000 1
0.0125 23346.138 	-144030.98 	285.99958 	 48221.29 	-695047.06 	1992.3585 	 -0.0048625631 	-0.00017160892 	0.034333757 	 5.2092064e-05 	1.3869179e-05 	0.0014993271 	 -3022.0202 	-424.10119 	-338.04288 	 0.2747198 	0.60419887 	0.0055425438 	 -0.44337824 	3.0012613 	-0.022020791 		0.0125 -0.0025017583 -0.042437223 100000 1
0.01375 21969.992 	-137676.9 	225.79324 	 45090.532 	-683657.91 	1466.1985 	 -0.0048689281 	-0.0001902877 	0.034269486 	 5.3394479e-05 	1.0968393e-05 	0.0014367481 	 -2883.1963 	-393.10921 	-322.94854 	 0.27912179 	0.56319719 	0.0054220486 	 -0.34873436 	2.8682284 	-0.016592528 		0.01375 -0.0017284513 -0.038622448 100000 1
0.015 20551.133 	-132621.92 	185.19153 	 42553.581 	-673826.6 	1129.4947 	 -0.0048587842 	-0.0002092661 	0.034194623 	 5.5416648e-05 	9.7340502e-06 	0.0013418347 	 -2750.1799 	-368.24022 	-310.17114 	 0.28433033 	0.52891346 	0.005246461 	 -0.2592539 	2.757466 	-0.013089592 		0.015 -0.0010845501 -0.035311844 100000 1
0.01625 19620.209 	-127609.56 	153.75333 	 40866.45 	-664026.23 	830.5983 	 -0.0048567157 	-0.0002286798 	0.034146074 	 5.6809459e-05 	8.0379356e-06 	0.001271101 	 -2628.4719 	-349.77135 	-297.18134 	 0.28649352 	0.49621353 	0.0050490367 	 -0.18028984 	2.6468789 	-0.0099823185 		0.01625 -0.00047427008 -0.031987692 100000 1
0.0175 18689.285 	-122597.19 	122.31514 	 39179.318 	-654225.86 	531.70194 	 -0.0048546472 	-0.0002480935 	0.034097524 	 5.820227e-05 	6.3418209e-06 	0.0012003674 	 -2506.764 	-331.30248 	-284.19155 	 0.28865671 	0.46351359 	0.0048516123 	 -0.10132577 	2.5362919 	-0.0068750455 		0.0175 0.00013600993 -0.02866354 100000 1
0.01875 17562.881 	-117330.54 	94.789475 	 37144.439 	-645133.25 	276.47904 	 -0.0048678948 	-0.00026784931 	0.034082223 	 5.8934862e-05 	5.2276861e-06 	0.0011818712 	 -2417.9562 	-305.70507 	-272.78686 	 0.29270733 	0.43150113 	0.0046333791 	 -0.018287538 	2.429866 	-0.0042080614 		0.01875 0.000735354 -0.025458493 100000 1
0.02 16646.535 	-113560.08 	76.793865 	 35957.63 	-636552.74 	113.61394 	 -0.0048501747 	-0.00028837253 	0.034028378 	 6.1030619e-05 	4.8546764e-06 	0.0010836994 	 -2303.9033 	-292.81221 	-262.21559 	 0.29546824 	0.40555393 	0.0044279489 	 0.056488925 	2.3381856 	-0.0024895666 		0.02 0.0012084506 -0.022681997 100000 1
0.02125 15947.672 	-109436.51 	61.163535 	 34975.817 	-628059.22 	-54.513191 	 -0.004847698 	-0.00030926741 	0.034005009 	 6.2232805e-05 	4.1575044e-06 	0.0010268917 	 -2207.5346 	-279.54061 	-251.55722 	 0.29693436 	0.37946212 	0.0042159642 	 0.12815899 	2.2446259 	-0.00072274303 		0.02125 0.0016830316 -0.019827531 100000 1
0.0225 15248.81 	-105312.94 	45.533206 	 33994.004 	-619565.7 	-222.64032 	 -0.0048452214 	-0.00033016229 	0.033981641 	 6.343499e-05 	3.4603324e-06 	0.00097008391 	 -2111.1659 	-266.26901 	-240.89886 	 0.29840048 	0.35337032 	0.0040039796 	 0.19982906 	2.1510662 	0.0010440805 		0.0225 0.0021576126 -0.016973065 100000 1
0.02375 14373.48 	-101243.08 	33.105539 	 32881.201 	-611747.17 	-353.55334 	 -0.0048508691 	-0.00035189184 	0.033981606 	 6.4227268e-05 	3.3295619e-06 	0.00094663115 	 -2040.1764 	-248.45407 	-232.0019 	 0.30168313 	0.32909353 	0.0037931085 	 0.27384995 	2.0633998 	0.0024317612 		0.02375 0.0025963066 -0.014357824 100000 1
0.025 13767.457 	-97957.975 	24.318724 	 32345.888 	-603902.81 	-453.01477 	 -0.0048397756 	-0.00037467414 	0.033963139 	 6.5712786e-05 	3.3685998e-06 	0.00087806821 	 -1952.8332 	-239.31924 	-223.15569 	 0.30318212 	0.30810705 	0.0036024952 	 0.34181638 	1.9810574 	0.003491259 		0.025 0.0029615053 -0.011948558 100000 1
0.02625 13248.705 	-94492.646 	16.153789 	 31869.889 	-596130.73 	-562.22836 	 -0.0048367908 	-0.00039771213 	0.033959697 	 6.6706944e-05 	3.2388378e-06 	0.00083016568 	 -1873.9123 	-229.74003 	-214.24911 	 0.30415706 	0.28705929 	0.0034121036 	 0.40879276 	1.8979873 	0.0046468705 		0.02625 0.0033271747 -0.0095015284 100000 1
0.0275 12722.934 	-91009.066 	8.0529758 	 31388.063 	-588390.51 	-671.56109 	 -0.0048348303 	-0.00042079746 	0.033958273 	 6.7644299e-05 	3.1157785e-06 	0.00078539407 	 -1796.6688 	-219.83394 	-205.41096 	 0.30520922 	0.26603661 	0.0032219147 	 0.47586977 	1.8150383 	0.0058035288 		0.0275 0.0036924277 -0.0070607924 100000 1
0.02875 12064.625 	-87832.421 	2.0039559 	 31018.224 	-581049.37 	-744.26538 	 -0.0048317306 	-0.00044535816 	0.033966488 	 6.8614891e-05 	3.5503785e-06 	0.00074980262 	 -1734.0165 	-208.17482 	-198.25198 	 0.30777138 	0.24734694 	0.0030474065 	 0.54331944 	1.7374157 	0.0065858317 		0.02875 0.0040076829 -0.0049483849 100000 1
0.03 11681.32 	-84872.81 	-2.713777 	 30962.293 	-573520.66 	-826.82589 	 -0.0048271159 	-0.00047123139 	0.033978356 	 6.9482117e-05 	3.7751783e-06 	0.00070522341 	 -1666.3416 	-201.44408 	-190.66605 	 0.30844774 	0.23014471 	0.0028893937 	 0.60707474 	1.6597862 	0.0074595633 		0.03 0.004284914 -0.0028770465 100000 1
0.03125 11306.091 	-81891.619 	-7.3940728 	 30908.015 	-566002.08 	-911.2272 	 -0.0048235117 	-0.00049714592 	0.03399202 	 7.028748e-05 	3.9782563e-06 	0.00066310224 	 -1599.6175 	-194.63391 	-183.07053 	 0.30907556 	0.21293624 	0.0027316139 	 0.67078006 	1.5820803 	0.008351593 		0.03125 0.0045621723 -0.00080136286 100000 1
0.0325 10891.902 	-78764.185 	-11.773615 	 30864.427 	-558713.78 	-1001.5827 	 -0.0048281089 	-0.00052355307 	0.03402149 	 7.0620813e-05 	4.1774101e-06 	0.00064529405 	 -1545.0469 	-185.57553 	-175.92133 	 0.3101813 	0.19588236 	0.0025769395 	 0.73475014 	1.5050892 	0.0093022236 		0.0325 0.0048369126 0.0012277694 100000 1
0.03375 10484.215 	-76223.648 	-15.230692 	 31180.568 	-551121.74 	-1049.0569 	 -0.004816019 	-0.00055190531 	0.034034836 	 7.1819269e-05 	4.8906581e-06 	0.00059239599 	 -1482.5917 	-179.9647 	-169.61748 	 0.31154539 	0.18104546 	0.0024418535 	 0.7965335 	1.4297531 	0.0098168633 		0.03375 0.0050572743 0.0029347919 100000 1
0.035 10226.23 	-73587.613 	-18.291716 	 31526.316 	-543433.85 	-1124.4814 	 -0.0048116644 	-0.00058156306 	0.034064581 	 7.2464584e-05 	5.3103668e-06 	0.00055435538 	 -1424.4361 	-175.32352 	-162.98558 	 0.31190813 	0.1667051 	0.0023174812 	 0.85777484 	1.3528915 	0.010607973 		0.035 0.0052616143 0.0046533291 100000 1
0.03625 9968.2447 	-70951.578 	-21.352741 	 31872.065 	-535745.96 	-1199.9058 	 -0.0048073098 	-0.00061122081 	0.034094326 	 7.31099e-05 	5.7300754e-06 	0.00051631476 	 -1366.2804 	-170.68235 	-156.35368 	 0.31227086 	0.15236474 	0.0021931088 	 0.91901617 	1.2760298 	0.011399083 		0.03625 0.0054659542 0.0063718663 100000 1
0.0375 9663.5908 	-68045.072 	-24.000342 	 32344.516 	-528462.88 	-1292.962 	 -0.004818341 	-0.00064206166 	0.034153335 	 7.2855215e-05 	6.0615741e-06 	0.00052289884 	 -1328.9995 	-162.28629 	-150.41374 	 0.31331592 	0.13825502 	0.0020756487 	 0.97977033 	1.2002253 	0.012365032 		0.0375 0.0056667668 0.0080085574 100000 1
0.03875 9446.3385 	-65935.773 	-26.332626 	 33265.201 	-520051.75 	-1322.72 	 -0.004798048 	-0.00067549795 	0.034173292 	 7.4291858e-05 	7.0277468e-06 	0.00045466847 	 -1265.4463 	-161.30733 	-144.68535 	 0.31378416 	0.12607137 	0.0019759 	 1.0375485 	1.1209942 	0.01269191 		0.03875 0.0058099758 0.0093089025 100000 1
0.04 9285.7885 	-63530.708 	-28.549813 	 34033.021 	-511768.04 	-1395.0619 	 -0.0047927845 	-0.00070996987 	0.034219131 	 7.4803475e-05 	7.6087335e-06 	0.00041989325 	 -1213.1897 	-158.41861 	-138.74008 	 0.31391192 	0.11379829 	0.0018820748 	 1.0967245 	1.0405336 	0.013443909 		0.04 0.0059527933 0.010664008 100000 1
0.04125 9125.2385 	-61125.642 	-30.767 	 34800.841 	-503484.32 	-1467.4038 	 -0.0047875209 	-0.00074444179 	0.03426497 	 7.5315092e-05 	8.1897202e-06 	0.00038511803 	 -1160.9331 	-155.52988 	-132.79482 	 0.31403967 	0.1015252 	0.0017882497 	 1.1559004 	0.96007308 	0.014195909 		0.04125 0.0060956107 0.012019114 100000 1
0.0425 8945.4408 	-58622.095 	-32.436337 	 36051.488 	-495285 	-1538.2214 	 -0.0047904002 	-0.00078133709 	0.034332307 	 7.5319929e-05 	8.8533369e-06 	0.00038074168 	 -1124.4582 	-150.60951 	-127.67238 	 0.31469737 	0.08984364 	0.0017051748 	 1.2118302 	0.87913871 	0.014930062 		0.0425 0.0062228739 0.013176471 100000 1
0.04375 8849.8709 	-56502.388 	-34.01605 	 37442.82 	-485887.21 	-1579.349 	 -0.0047760649 	-0.00082126423 	0.034381474 	 7.6201739e-05 	9.8131909e-06 	0.00033245742 	 -1071.0022 	-150.40693 	-122.33499 	 0.31467141 	0.079025643 	0.001634646 	 1.267582 	0.7910864 	0.015363867 		0.04375 0.0063125984 0.014114802 100000 1
0.045 8770.6812 	-54233.21 	-35.577788 	 38696.615 	-476536.33 	-1646.6655 	 -0.0047696991 	-0.00086190814 	0.034444377 	 7.6588007e-05 	1.054537e-05 	0.00030097732 	 -1022.6856 	-148.96636 	-116.85985 	 0.31454307 	0.068151593 	0.0015677761 	 1.3247251 	0.7022223 	0.016059289 		0.045 0.0064018782 0.015079021 100000 1
0.04625 8690.9144 	-51947.263 	-37.110444 	 39975.172 	-467211.72 	-1715.7488 	 -0.0047643596 	-0.00090268023 	0.03450924 	 7.6912968e-05 	1.1262819e-05 	0.0002724542 	 -975.55839 	-147.30263 	-111.41873 	 0.31443851 	0.05728905 	0.0015014116 	 1.3816887 	0.6134197 	0.016772303 		0.04625 0.0064910432 0.016038357 100000 1
0.0475 8630.1297 	-49717.004 	-37.840665 	 42237.141 	-457393.77 	-1748.7639 	 -0.0047578478 	-0.00094744685 	0.034584841 	 7.7246911e-05 	1.2311442e-05 	0.00025712766 	 -937.88226 	-145.92723 	-106.85685 	 0.31454552 	0.047118572 	0.0014463544 	 1.4313139 	0.52032727 	0.017121548 		0.0475 0.0065557989 0.01667531 100000 1
0.04875 8616.8449 	-47522.636 	-38.481665 	 44120.588 	-446411.22 	-1794.7802 	 -0.0047491532 	-0.00099590287 	0.034664752 	 7.7538737e-05 	1.3242707e-05 	0.00022801002 	 -891.55225 	-145.88735 	-101.71348 	 0.31409851 	0.03709338 	0.0014020429 	 1.4857176 	0.41755031 	0.017599017 		0.04875 0.0065967639 0.017194615 100000 1
0.05 8604.0392 	-45310.767 	-39.119997 	 45978.355 	-435430.09 	-1844.3807 	 -0.0047414475 	-0.0010444758 	0.034746386 	 7.7767363e-05 	1.414263e-05 	0.0002008498 	 -845.74108 	-145.66308 	-96.550035 	 0.31364692 	0.027059444 	0.0013582159 	 1.5403907 	0.31463507 	0.018112301 		0.05 0.0066376371 0.01771662 100000 1
0.05125 8592.5663 	-42973.643 	-39.461613 	 48117.774 	-424671.14 	-1909.1908 	 -0.0047419539 	-0.0010943613 	0.034843942 	 7.7491882e-05 	1.4885543e-05 	0.00019781193 	 -808.69016 	-143.6781 	-91.634385 	 0.3133201 	0.017114421 	0.0013183756 	 1.5928811 	0.21232497 	0.018777155 		0.05125 0.0066780086 0.018201972 100000 1
0.0525 8632.7303 	-40889.201 	-38.680009 	 51376.254 	-412214.71 	-1880.7477 	 -0.0047255122 	-0.0011494557 	0.034929251 	 7.8063981e-05 	1.6309471e-05 	0.00017023098 	 -766.06429 	-145.9247 	-87.192638 	 0.31262087 	0.0076078866 	0.001284323 	 1.6370537 	0.097121009 	0.018506822 		0.0525 0.0066862601 0.018270849 100000 1
0.05375 8669.3914 	-38672.907 	-37.631107 	 54042.883 	-398881.95 	-1879.328 	 -0.0047161723 	-0.0012082631 	0.035031976 	 7.8009067e-05 	1.7412514e-05 	0.00014990855 	 -721.79055 	-146.74702 	-82.246406 	 0.31173367 	-0.0020463048 	0.0012582115 	 1.6880454 	-0.027010782 	0.018505885 		0.05375 0.0066814717 0.018270238 100000 1
0.055 8706.0524 	-36456.613 	-36.582205 	 56709.513 	-385549.19 	-1877.9084 	 -0.0047068325 	-0.0012670705 	0.035134701 	 7.7954153e-05 	1.8515557e-05 	0.00012958612 	 -677.51681 	-147.56934 	-77.300174 	 0.31084647 	-0.011700496 	0.0012321 	 1.7390371 	-0.15114257 	0.018504949 		0.055 0.0066766833 0.018269627 100000 1
0.05625 8749.041 	-34029.233 	-34.818198 	 60100.108 	-372691.37 	-1903.1258 	 -0.0047128894 	-0.0013290442 	0.035267864 	 7.6891183e-05 	1.9230918e-05 	0.00015627696 	 -648.07101 	-145.16123 	-72.797693 	 0.31009322 	-0.021183978 	0.00121287 	 1.7841746 	-0.27356698 	0.018769506 		0.05625 0.0066717372 0.018206402 100000 1
0.0575 8846.7577 	-31979.312 	-31.022743 	 64708.965 	-356324.52 	-1734.8782 	 -0.0046870245 	-0.001398089 	0.035367977 	 7.7319144e-05 	2.1087537e-05 	0.00012453921 	 -601.55046 	-150.60763 	-68.424122 	 0.30852262 	-0.030617343 	0.0011909975 	 1.820569 	-0.42362686 	0.017097189 		0.0575 0.0066250242 0.017553188 100000 1
0.05875 8908.8479 	-29717.708 	-27.017875 	 68553.596 	-339648.93 	-1605.3415 	 -0.0046756768 	-0.0014701794 	0.035494495 	 7.6630891e-05 	2.2409226e-05 	0.00011631949 	 -558.18627 	-152.42373 	-63.674978 	 0.30705188 	-0.040250183 	0.0011743543 	 1.8651387 	-0.57877912 	0.0158118 		0.05875 0.0065753894 0.016911458 100000 1
0.06 8970.9382 	-27456.105 	-23.013007 	 72398.227 	-322973.34 	-1475.8047 	 -0.0046643292 	-0.0015422698 	0.035621012 	 7.5942637e-05 	2.3730914e-05 	0.00010809977 	 -514.82208 	-154.23982 	-58.925833 	 0.30558115 	-0.049883023 	0.0011577112 	 1.9097085 	-0.73393139 	0.014526411 		0.06 0.0065257546 0.016269727 100000 1
0.06125 9054.0402 	-25081.956 	-17.125055 	 78188.69 	-306055.08 	-1291.8295 	 -0.0046610733 	-0.0016208829 	0.035772938 	 7.436415e-05 	2.4820848e-05 	0.00014696989 	 -484.21762 	-155.30425 	-54.862201 	 0.30392146 	-0.059296037 	0.0011443824 	 1.9377059 	-0.89306239 	0.012695271 		0.06125 0.0064672497 0.015380623 100000 1
0.0625 9129.7129 	-22856.433 	-8.701987 	 84501.724 	-284976.23 	-866.88923 	 -0.0046395929 	-0.0017080928 	0.035911336 	 7.2890869e-05 	2.6539833e-05 	0.0001509475 	 -440.99618 	-160.46677 	-50.570067 	 0.30164508 	-0.069034635 	0.0011218975 	 1.9636339 	-1.0887045 	0.0084532943 		0.0625 0.0063742513 0.013935404 100000 1
0.06375 9175.3406 	-20539.582 	-0.17098242 	 90248.842 	-263491.07 	-437.11982 	 -0.0046257282 	-0.0017974535 	0.036063781 	 7.0675409e-05 	2.7963973e-05 	0.00016538187 	 -397.89671 	-163.58789 	-46.065245 	 0.29943936 	-0.078888783 	0.0010997947 	 1.9956117 	-1.2893909 	0.0041630297 		0.06375 0.006279155 0.01248024 100000 1
0.065 9219.1143 	-18213.745 	8.4039191 	 96082.177 	-242064.58 	-6.6287066 	 -0.0046128854 	-0.0018871646 	0.036218376 	 6.8360855e-05 	2.9340866e-05 	0.00018360669 	 -355.44836 	-166.60536 	-41.588483 	 0.29723379 	-0.088732927 	0.0010777495 	 2.0268535 	-1.4896943 	-0.00013448276 		0.065 0.006184157 0.011022772 100000 1
0.06625 9260.9041 	-15865.491 	20.467363 	 106146.12 	-219579.27 	644.54686 	 -0.004598629 	-0.0019876217 	0.036391208 	 6.4789782e-05 	3.0443846e-05 	0.00025909681 	 -323.61901 	-172.9631 	-37.997302 	 0.29452834 	-0.098472173 	0.0010479976 	 2.0203466 	-1.7003073 	-0.0066403115 		0.06625 0.0060715987 0.00907338 100000 1
0.0675 9209.7423 	-13542.466 	33.810198 	 115493.5 	-191072.55 	1743.5724 	 -0.0045804977 	-0.0020987456 	0.036566471 	 5.8910639e-05 	3.1375967e-05 	0.00031666401 	 -278.76892 	-179.3829 	-33.749922 	 0.29152855 	-0.10865614 	0.00099496634 	 2.0238585 	-1.968393 	-0.01762468 		0.0675 0.0059299114 0.0065553598 100000 1
0.06875 9153.3574 	-11212.22 	47.115111 	 124743.87 	-162440.71 	2851.7331 	 -0.0045632972 	-0.0022102168 	0.036743297 	 5.2893456e-05 	3.2264658e-05 	0.0003752369 	 -233.69439 	-185.57764 	-29.473499 	 0.28853653 	-0.11885047 	0.00094141592 	 2.0284036 	-2.2378424 	-0.028700378 		0.06875 0.005787894 0.0040321938 100000 1
0.07 9049.939 	-8839.0481 	60.028497 	 134871.2 	-134581.79 	3997.1783 	 -0.0045541472 	-0.0023251928 	0.036938534 	 4.5721085e-05 	3.260007e-05 	0.00047003101 	 -191.15323 	-193.06875 	-25.367082 	 0.28552345 	-0.12902875 	0.00088437061 	 2.0253585 	-2.5011904 	-0.040148911 		0.07 0.0056469786 0.0015096377 100000 1
0.07125 8797.0941 	-6663.9578 	73.469369 	 151213.35 	-108209.99 	5410.2401 	 -0.0045292775 	-0.0024372361 	0.037114965 	 3.7786942e-05 	3.2579179e-05 	0.00059517608 	 -153.23481 	-205.51362 	-21.691148 	 0.28251854 	-0.13858988 	0.00081255169 	 1.965457 	-2.7458245 	-0.054274304 		0.07125 0.0054748269 -0.0018961326 100000 1
0.0725 8270.8375 	-4999.1158 	75.114021 	 162510.3 	-90714.027 	6199.1401 	 -0.0045197132 	-0.0024991467 	0.037208921 	 3.3418978e-05 	3.2758431e-05 	0.00063920001 	 -119.90745 	-203.1665 	-17.763658 	 0.2808306 	-0.14377928 	0.00077383698 	 1.9582329 	-2.9013536 	-0.062157239 		0.0725 0.0052841589 -0.0058773843 100000 1
0.07375 7744.5808 	-3334.2737 	76.758673 	 173807.25 	-73218.064 	6988.0401 	 -0.0045101489 	-0.0025610573 	0.037302877 	 2.9051014e-05 	3.2937684e-05 	0.00068322395 	 -86.580091 	-200.81939 	-13.836168 	 0.27914266 	-0.14896867 	0.00073512227 	 1.9510089 	-3.0568828 	-0.070040173 		0.07375 0.0050934909 -0.0098586361 100000 1
0.075 6909.2796 	-1992.4796 	68.288833 	 182151.09 	-64805.859 	7205.4263 	 -0.0045215899 	-0.0025889983 	0.037358871 	 2.6794241e-05 	3.275697e-05 	0.00071253742 	 -60.935429 	-189.46303 	-10.083944 	 0.27834981 	-0.1510101 	0.0007237373 	 1.9759512 	-3.1246059 	-0.072207226 		0.075 0.0049045788 -0.01376721 100000 1
