# z jRe_x jRe_y jRe_z jIm_x jIm_y jIm_z BRe_x BRe_y BRe_z BIm_x BIm_y BIm_z F_x F_y F_z VReGrad_x VReGrad_y VReGrad_z VImGrad_x VImGrad_y VImGrad_z s VRe VIm sigma mur
0.02 546.12231 	-1905777.9 	-255.19526 	 -5812.4218 	-4493340.5 	2985.0481 	 -0.010624575 	0.00023681584 	0.040685434 	 -0.012693288 	0.0001884129 	0.0045601109 	 -49177.509 	-18.503082 	-38584.052 	 -0.1103918 	0.19221791 	0.0058421254 	 -1.5311573 	-0.33255609 	-0.0041907525 		0.02 -0.0047514501 -0.052698397 1200000 1
0.01875 -400.43211 	-2013198.7 	101.54992 	 -4082.2413 	-4416369.6 	5664.2419 	 -0.010251658 	0.0002651671 	0.041116466 	 -0.011263058 	0.00017437604 	0.0051256936 	 -52894.144 	-15.401799 	-35162.393 	 -0.11068806 	0.19240457 	0.0059289693 	 -1.5304972 	-0.3329052 	-0.006528916 		0.01875 -0.0047651711 -0.052788708 1200000 1
0.0175 -932.83515 	-2105311.6 	614.23224 	 -3374.0167 	-4323059 	10837.083 	 -0.0095229889 	0.00032139343 	0.041842368 	 -0.0086385242 	0.00014542812 	0.006083487 	 -57399.233 	-22.207276 	-28687.627 	 -0.11133999 	0.19291254 	0.0059275246 	 -1.5288557 	-0.33379289 	-0.010959997 		0.0175 -0.0047728179 -0.052777354 1200000 1
0.01625 -1238.7102 	-2176678.2 	1451.3973 	 -2615.039 	-4234956.1 	15317.139 	 -0.0089530319 	0.00037426544 	0.042262619 	 -0.0066050371 	0.00011388118 	0.0066594085 	 -60309.358 	-24.781005 	-23721.151 	 -0.11190439 	0.19357026 	0.0056431618 	 -1.5268427 	-0.33507159 	-0.014817308 		0.01625 -0.0047802133 -0.052760716 1200000 1
0.015 -1452.5019 	-2230266.2 	2493.7119 	 -2101.3106 	-4151745.7 	19155.478 	 -0.0083701658 	0.0004262889 	0.042478365 	 -0.0048020598 	8.2136118e-05 	0.0069882243 	 -62092.837 	-20.659695 	-19303.191 	 -0.11225901 	0.19417994 	0.0051557932 	 -1.5242231 	-0.33661183 	-0.018139232 		0.015 -0.0047870866 -0.052739614 1200000 1
0.01375 -1532.6864 	-2267995.2 	3640.9272 	 -1542.4962 	-4073725.4 	22449.962 	 -0.0077705375 	0.00047659477 	0.0425521 	 -0.003193053 	5.0611993e-05 	0.0071820312 	 -63101.387 	-14.38625 	-15317.51 	 -0.11244614 	0.19465067 	0.0045313046 	 -1.5212517 	-0.33822497 	-0.021001069 		0.01375 -0.0047931996 -0.052714569 1200000 1
0.0125 -1529.4154 	-2291197.7 	4783.6553 	 -1047.0598 	-4001423 	25190.223 	 -0.007149921 	0.00052542013 	0.042426036 	 -0.0017196271 	1.9197886e-05 	0.0072471959 	 -63321.086 	-4.7750651 	-11639.965 	 -0.11242683 	0.19492811 	0.0038460316 	 -1.5178508 	-0.33977041 	-0.023387303 		0.0125 -0.004798448 -0.052686215 1200000 1
0.01125 -1418.3349 	-2300924 	5826.8282 	 -469.89553 	-3935006.1 	27350.896 	 -0.0065102603 	0.00057313399 	0.042178103 	 -0.00034401409 	-1.1584833e-05 	0.0072409853 	 -62987.339 	5.7868595 	-8174.2373 	 -0.11223412 	0.19496716 	0.0031678178 	 -1.5141475 	-0.34114865 	-0.025270838 		0.01125 -0.0048027856 -0.052655109 1200000 1
0.01 -1254.0846 	-2297860 	6692.0473 	 100.39175 	-3874889.4 	28873.386 	 -0.0058510152 	0.00061982621 	0.041753838 	 0.00096404538 	-4.169657e-05 	0.0071530435 	 -62044.809 	18.33608 	-4867.7615 	 -0.11183266 	0.19475421 	0.0025523855 	 -1.5100752 	-0.34230155 	-0.026597135 		0.01 -0.0048062787 -0.052621951 1200000 1
0.00875 -998.5085 	-2282514.7 	7311.9201 	 784.20131 	-3821180.1 	29692.326 	 -0.0051698108 	0.0006659325 	0.041219265 	 0.0022364534 	-7.0441518e-05 	0.007014264 	 -60652.336 	30.59989 	-1639.1544 	 -0.11127372 	0.19427999 	0.0020498144 	 -1.5057353 	-0.34318647 	-0.027307732 		0.00875 -0.0048090211 -0.052587436 1200000 1
0.0075 -693.44903 	-2255108.6 	7619.403 	 1546.6695 	-3774218.9 	29695.662 	 -0.0044707841 	0.00071146354 	0.040519441 	 0.0034946084 	-9.7724418e-05 	0.0068035406 	 -58732.879 	42.429469 	1535.9145 	 -0.11054041 	0.19356579 	0.0017118337 	 -1.5011009 	-0.34379664 	-0.027306088 		0.0075 -0.0048112052 -0.05255241 1200000 1
0.00625 -307.44993 	-2215687.1 	7557.0768 	 2475.517 	-3734060.6 	28744.971 	 -0.0037470146 	0.00075689205 	0.039712933 	 0.0047758702 	-0.00012275358 	0.006536428 	 -56397.498 	51.776432 	4747.6482 	 -0.10968504 	0.19263751 	0.0015861873 	 -1.4962426 	-0.34413675 	-0.026475958 		0.00625 -0.0048130551 -0.052517806 1200000 1
0.005 148.99119 	-2163980.8 	7052.109 	 3663.9077 	-3700977.9 	26591.727 	 -0.0030068161 	0.00080220726 	0.038740031 	 0.0061039715 	-0.00014513231 	0.0061727932 	 -53533.959 	55.935147 	8016.8288 	 -0.10872522 	0.19155171 	0.0017367476 	 -1.4912359 	-0.34424992 	-0.024610836 		0.005 -0.0048148832 -0.052484763 1200000 1
0.00375 677.70473 	-2099468.8 	6038.1139 	 5149.0953 	-3674947.6 	22927.676 	 -0.0022402456 	0.00084790848 	0.037656637 	 0.0075356956 	-0.00016395755 	0.0057124767 	 -50208.564 	52.413336 	11466.555 	 -0.10769649 	0.19037544 	0.0022276591 	 -1.4861068 	-0.34420395 	-0.021457244 		0.00375 -0.004817074 -0.05245473 1200000 1
0.0025 1204.2713 	-2021177.7 	4505.5821 	 6988.7332 	-3656129.8 	17436.232 	 -0.0014314409 	0.00089321785 	0.036454374 	 0.0090983436 	-0.00017923068 	0.0050853235 	 -46314.434 	36.66595 	15150.986 	 -0.10657323 	0.18921087 	0.003083821 	 -1.4808974 	-0.344105 	-0.016757615 		0.0025 -0.004820101 -0.052429478 1200000 1
0.00125 1836.9529 	-1927087.3 	2463.6862 	 9464.5122 	-3645693.5 	9771.9065 	 -0.00044712389 	0.0009398017 	0.034906408 	 0.011106083 	-0.0001888892 	0.0041569698 	 -41375.155 	2.5096833 	19762.475 	 -0.10547553 	0.18826586 	0.0043233151 	 -1.4758412 	-0.3439725 	-0.010232677 		0.00125 -0.0048244108 -0.0524111 1200000 1
0 2964.564 	-1823405 	1081.4692 	 14998.95 	-3630374 	5418.8574 	 5.1474025e-05 	0.00096294156 	0.034094725 	 0.012189652 	-0.00019188412 	0.0036291871 	 -37793.397 	-40.725561 	22130.794 	 -0.10502049 	0.18787866 	0.0050460588 	 -1.4736948 	-0.34388761 	-0.0064763191 		0 -0.0048239675 -0.052311498 1200000 1
