# x y z jRe_x jRe_y jRe_z jIm_x jIm_y jIm_z BRe_x BRe_y BRe_z BIm_x BIm_y BIm_z F_x F_y F_z
# 1e-3 1e-3 1e-3 1e+6 1e+6 1e+6 1e+6 1e+6 1e+6 1 1 1 1 1 1 1e+6 1e+6 1e+6
-35 -74 10 -0.0368571 0.0807724 0.00706283 -0.215381 0.720946 0.103725 0.00597367 0.00265596 0.0424483 -0.000255391 -0.00040197 0.00448912 0.003344 0.00127355 -0.000154849
-34.5 -74 10 -0.0560449 0.0926165 0.00969731 -0.313127 0.623928 0.116223 0.00583715 0.00266639 0.0423576 -0.000258434 -0.000389935 0.00435162 0.00332879 0.00188155 -0.000203355
-34 -74 10 -0.100037 0.104073 0.00857664 -0.532542 0.556486 0.109749 0.00569334 0.00266813 0.0422167 -0.000270418 -0.000392177 0.00418267 0.00337069 0.00323492 -0.000250051
-33.5 -74 10 -0.157708 0.107924 0.0109002 -0.783595 0.475619 0.120252 0.00553122 0.00267847 0.0420525 -0.000273988 -0.000398987 0.00402313 0.00323538 0.00490594 -0.000288207
-33 -74 10 -0.21511 0.114036 0.0118805 -0.997043 0.429399 0.124193 0.00537195 0.00268595 0.0419175 -0.000275244 -0.000404053 0.00390753 0.00323813 0.00647124 -0.000334662
-32.5 -74 10 -0.27079 0.118574 0.0129529 -1.18335 0.387421 0.128402 0.00521613 0.00269311 0.0417745 -0.000272541 -0.000407125 0.0037958 0.00322067 0.00791821 -0.000380203
-32 -74 10 -0.324662 0.120327 0.0146309 -1.34941 0.352823 0.134212 0.00506367 0.00269985 0.0416353 -0.000269517 -0.000414396 0.00373946 0.00317267 0.00930068 -0.000415779
-31.5 -74 10 -0.383106 0.120591 0.0154185 -1.51594 0.323455 0.137428 0.00492121 0.00270712 0.0415047 -0.000256255 -0.000415213 0.00370993 0.0031102 0.0107827 -0.000459119
-31 -74 10 -0.444215 0.121758 0.0158182 -1.67093 0.292447 0.139589 0.00478456 0.00271644 0.0413753 -0.00024259 -0.000409949 0.00366806 0.00306238 0.0122752 -0.00051665
-30.5 -74 10 -0.500912 0.122333 0.0170831 -1.80599 0.271282 0.140905 0.00464115 0.00272588 0.041263 -0.000233786 -0.00040826 0.00366405 0.00302638 0.0136664 -0.000566228
-30 -74 10 -0.558133 0.122011 0.0169063 -1.9325 0.255015 0.137225 0.00451274 0.0027171 0.0411453 -0.000253516 -0.00044 0.00369319 0.00298821 0.0150716 -0.000576076
-29.5 -74 10 -0.614763 0.1193 0.0177041 -2.04923 0.232427 0.137876 0.0043824 0.00272438 0.041044 -0.000248201 -0.00044052 0.00372353 0.00288724 0.016453 -0.000618624
-29 -74 10 -0.669347 0.11573 0.0189204 -2.1603 0.20985 0.13937 0.00425107 0.00273639 0.0409653 -0.000231596 -0.000429173 0.00378968 0.00277211 0.0178275 -0.000673914
-28.5 -74 10 -0.727289 0.115598 0.0198686 -2.26152 0.19889 0.141594 0.00412703 0.00274765 0.0408731 -0.000219968 -0.000433701 0.00382715 0.00274641 0.0192163 -0.000725418
-28 -74 10 -0.782518 0.115163 0.0197611 -2.35469 0.186481 0.139354 0.00400579 0.00275252 0.0407607 -0.000220231 -0.000443867 0.00383707 0.00270857 0.0204898 -0.00076449
-27.5 -74 10 -0.837387 0.11422 0.0177316 -2.44838 0.172116 0.134816 0.00388975 0.00275852 0.0406951 -0.000216588 -0.000441669 0.00391226 0.0026661 0.021848 -0.000817795
-27 -74 10 -0.890318 0.11303 0.0202502 -2.53455 0.162448 0.144037 0.00377981 0.00277423 0.040626 -0.000191731 -0.000438791 0.0039697 0.00262193 0.0231402 -0.000876947
-26.5 -74 10 -0.939379 0.111609 0.0184252 -2.60739 0.148965 0.13962 0.0036741 0.00276851 0.040553 -0.000179441 -0.000463909 0.00403718 0.00257062 0.0243319 -0.000887211
-26 -74 10 -0.991011 0.109716 0.0181496 -2.67656 0.141329 0.13697 0.00356498 0.00277327 0.0404661 -0.000183553 -0.000470098 0.00406813 0.00251439 0.0255152 -0.000927645
-25.5 -74 10 -1.04379 0.10533 0.0192756 -2.75398 0.13226 0.135891 0.00346267 0.00279108 0.0404329 -0.000172765 -0.00044214 0.00421196 0.00241108 0.0269232 -0.00101877
-25 -74 10 -1.09651 0.103271 0.0187068 -2.82074 0.12928 0.128554 0.00334813 0.00278893 0.0403661 -0.000181491 -0.00045524 0.00425337 0.00236245 0.0281495 -0.00104814
-24.5 -74 10 -1.14058 0.101284 0.0196231 -2.87616 0.120185 0.127782 0.00324958 0.00279398 0.0403082 -0.000172241 -0.000464227 0.00433537 0.00230405 0.0292428 -0.00108
-24 -74 10 -1.18902 0.0999808 0.0208054 -2.93447 0.114493 0.126194 0.00315468 0.00279937 0.0402628 -0.000165608 -0.000456079 0.00440564 0.00226462 0.0304231 -0.0011433
-23.5 -74 10 -1.23312 0.0978436 0.0199443 -2.9865 0.107005 0.123897 0.00306353 0.00279999 0.0402093 -0.000158696 -0.000470146 0.00449474 0.00220879 0.0315239 -0.0011657
-23 -74 10 -1.27451 0.0957993 0.0207872 -3.0314 0.102272 0.12335 0.00297429 0.00280949 0.040162 -0.000144968 -0.000462947 0.00457282 0.00215693 0.0325465 -0.00122373
-22.5 -74 10 -1.31879 0.0933461 0.0214336 -3.07878 0.0919909 0.118501 0.00287622 0.00282238 0.0401362 -0.00016055 -0.000446217 0.00466635 0.0020841 0.0336702 -0.00130101
-22 -74 10 -1.36334 0.0905404 0.0206762 -3.12483 0.0876827 0.115714 0.00278381 0.00282582 0.040094 -0.00015322 -0.00045676 0.00474347 0.00202024 0.0347621 -0.00133194
-21.5 -74 10 -1.40699 0.0876323 0.0199806 -3.16629 0.0835812 0.113652 0.00269582 0.00283495 0.0400554 -0.000143764 -0.000454276 0.00481393 0.00195374 0.0358187 -0.0013873
-21 -74 10 -1.44356 0.0852686 0.0203181 -3.20758 0.0800841 0.110612 0.00260668 0.00284797 0.0400533 -0.000144498 -0.000440086 0.00494299 0.00190098 0.0368556 -0.00145514
-20.5 -74 10 -1.48297 0.083206 0.0179195 -3.24556 0.0764771 0.107946 0.00252658 0.0028387 0.0400188 -0.00013289 -0.000468275 0.00501406 0.00185647 0.0378255 -0.00144497
-20 -74 10 -1.52272 0.0806121 0.017495 -3.2799 0.0731306 0.104972 0.00244783 0.00284208 0.0399895 -0.000125954 -0.000472353 0.00508673 0.00179775 0.0388031 -0.00148327
-19.5 -74 10 -1.55767 0.0779831 0.0179917 -3.31289 0.0646573 0.103245 0.00236827 0.00284956 0.0399894 -0.000124676 -0.000470929 0.00521876 0.00172664 0.0398047 -0.00152759
-19 -74 10 -1.59467 0.0774402 0.0178649 -3.3467 0.0592922 0.102628 0.00229359 0.00286982 0.0399536 -0.000115214 -0.000435493 0.00524096 0.00169909 0.0406409 -0.00164487
-18.5 -74 10 -1.62817 0.0747525 0.0180157 -3.37225 0.0572545 0.0988298 0.00221482 0.0028726 0.0399374 -0.000112816 -0.000439615 0.00530859 0.00164053 0.0414778 -0.00167684
-18 -74 10 -1.66016 0.0715292 0.0181258 -3.3968 0.056744 0.0952698 0.00213745 0.00287633 0.0399309 -0.000109079 -0.000442837 0.00539628 0.00157624 0.0423251 -0.00170883
-17.5 -74 10 -1.69332 0.0679483 0.017789 -3.42117 0.0477715 0.0915783 0.0020602 0.00287736 0.0399221 -0.000117331 -0.000453017 0.0054906 0.00148262 0.0432055 -0.00172841
-17 -74 10 -1.7274 0.0669103 0.0167771 -3.44546 0.0499489 0.0888921 0.00199537 0.00288043 0.0398804 -9.89695e-05 -0.000449545 0.00552672 0.00146805 0.0439781 -0.00177767
-16.5 -74 10 -1.75513 0.0630193 0.016562 -3.47185 0.0429248 0.0890846 0.00192874 0.00288166 0.0399175 -8.50918e-05 -0.000455205 0.00567543 0.00137601 0.0448944 -0.00179759
-16 -74 10 -1.78272 0.0620961 0.0146639 -3.49886 0.0356634 0.0879297 0.00186434 0.00288456 0.0399317 -7.26772e-05 -0.000462533 0.00578927 0.00134222 0.0457319 -0.0018186
-15.5 -74 10 -1.81311 0.0585437 0.0152375 -3.51616 0.0356349 0.0817823 0.00178763 0.00289168 0.0399172 -8.7172e-05 -0.000455443 0.00586824 0.0012696 0.0465141 -0.00187154
-15 -74 10 -1.84088 0.0585941 0.0152165 -3.53115 0.0333735 0.0769448 0.00171634 0.00289917 0.0398692 -8.98605e-05 -0.000446452 0.00583127 0.00126047 0.0470024 -0.00192905
-14.5 -74 10 -1.86625 0.0536592 0.0144159 -3.54627 0.0337745 0.0768984 0.00165136 0.00288748 0.0398745 -7.14351e-05 -0.000473631 0.00595702 0.00116781 0.0477797 -0.00189768
-14 -74 10 -1.89155 0.05342 0.0136417 -3.56403 0.0350499 0.0710693 0.00157498 0.00287757 0.0398444 -8.97249e-05 -0.000497472 0.00595665 0.00116668 0.0483063 -0.00187554
-13.5 -74 10 -1.91677 0.0541779 0.0136309 -3.58089 0.0300352 0.0657649 0.00150928 0.00289476 0.0398156 -9.3246e-05 -0.000471344 0.00593978 0.00116353 0.0488007 -0.00196987
-13 -74 10 -1.93906 0.0510332 0.0133586 -3.59805 0.0278994 0.0632926 0.00144864 0.00290805 0.0398545 -8.20655e-05 -0.000454031 0.00607431 0.00109663 0.0495751 -0.00203845
-12.5 -74 10 -1.95976 0.0465089 0.0128079 -3.6138 0.0279661 0.0622563 0.00138718 0.0028998 0.0398932 -6.74703e-05 -0.000469664 0.00622426 0.00101078 0.0503439 -0.00202412
-12 -74 10 -1.98074 0.043991 0.0128278 -3.62453 0.0232843 0.0616464 0.00132882 0.00293004 0.0398991 -6.29648e-05 -0.000438321 0.00628163 0.000945449 0.0509054 -0.00213596
-11.5 -74 10 -2.00101 0.0413718 0.0111112 -3.63521 0.0256451 0.0595273 0.00126955 0.00291973 0.0398964 -5.41003e-05 -0.000452776 0.00633528 0.000903783 0.051437 -0.0021238
-11 -74 10 -2.02243 0.0401288 0.0107628 -3.64383 0.0237417 0.0566751 0.00120988 0.00292491 0.039853 -4.99196e-05 -0.000448351 0.00630503 0.000871439 0.0517923 -0.00216454
-10.5 -74 10 -2.03841 0.0380508 0.011045 -3.65661 0.0199479 0.0556183 0.00115505 0.00294063 0.0398789 -4.3509e-05 -0.000426344 0.00639865 0.000818148 0.0523485 -0.00223916
-10 -74 10 -2.05713 0.036239 0.0110213 -3.66375 0.0198065 0.0520771 0.00109142 0.00294264 0.0398712 -5.05087e-05 -0.000420547 0.00642198 0.000780781 0.052779 -0.00227558
-9.5 -74 10 -2.07294 0.0342238 0.00958188 -3.67355 0.0200228 0.050505 0.00103279 0.00292596 0.0398628 -4.8109e-05 -0.00045818 0.00644481 0.000744202 0.0531579 -0.00220828
-9 -74 10 -2.08735 0.0322112 0.00851936 -3.68391 0.0187575 0.0505499 0.000976729 0.00292157 0.039874 -3.95913e-05 -0.000470924 0.00650702 0.000702679 0.0536043 -0.00219711
-8.5 -74 10 -2.1024 0.0316891 0.00891548 -3.69188 0.01275 0.0431879 0.000910188 0.00293415 0.039871 -5.38093e-05 -0.000450604 0.00652441 0.000669983 0.0539589 -0.00226666
-8 -74 10 -2.11655 0.0288604 0.00898412 -3.69981 0.0134984 0.0391498 0.000853341 0.00294749 0.0398979 -5.33481e-05 -0.000439936 0.00659795 0.000615636 0.0544312 -0.00231736
-7.5 -74 10 -2.13135 0.0270607 0.00810017 -3.70279 0.0132677 0.0377744 0.000801947 0.00294627 0.0398971 -4.06601e-05 -0.000447218 0.00662217 0.000580266 0.0547802 -0.00232237
-7 -74 10 -2.14203 0.0254112 0.00706502 -3.71324 0.0102303 0.0346308 0.000742815 0.00292953 0.0399116 -3.99012e-05 -0.000475311 0.00669944 0.000539251 0.0551861 -0.00226433
-6.5 -74 10 -2.15286 0.0236832 0.00630005 -3.71989 0.00735965 0.033356 0.000696105 0.0029516 0.0399412 -2.48377e-05 -0.000443411 0.00676144 0.000495947 0.0555716 -0.00236062
-6 -74 10 -2.16414 0.020963 0.00620116 -3.72082 0.00867296 0.0304836 0.000637352 0.00295909 0.0399293 -3.28308e-05 -0.000432325 0.00675373 0.000445221 0.0557726 -0.00240418
-5.5 -74 10 -2.17357 0.0192133 0.00602486 -3.72251 0.00876654 0.027677 0.000578432 0.00295124 0.0399036 -3.86573e-05 -0.000441665 0.00674034 0.000410105 0.0559134 -0.00239071
-5 -74 10 -2.18039 0.0178565 0.00523037 -3.73003 0.00624452 0.0256628 0.00053177 0.00294654 0.0399023 -2.34607e-05 -0.000457329 0.00678846 0.000375615 0.0561629 -0.00236405
-4.5 -74 10 -2.18917 0.0161514 0.00502178 -3.73365 0.00535697 0.0209923 0.000475577 0.00295215 0.039915 -2.76744e-05 -0.000451 0.00680371 0.000337887 0.0563926 -0.00239321
-4 -74 10 -2.1967 0.0141013 0.00457821 -3.73599 0.00538261 0.0177859 0.000419147 0.0029518 0.0399105 -2.95015e-05 -0.000448107 0.00680106 0.000296927 0.0565409 -0.00240793
-3.5 -74 10 -2.20121 0.0120894 0.00330898 -3.74391 0.00605267 0.0190011 0.000370083 0.00294902 0.0399244 -1.46385e-05 -0.000451681 0.00686043 0.000261505 0.0567838 -0.00240237
-3 -74 10 -2.20743 0.0109542 0.00290664 -3.74419 0.00194969 0.0162163 0.000316287 0.00293682 0.0399403 -1.68635e-05 -0.00047946 0.00689379 0.000225096 0.0569889 -0.00234554
-2.5 -74 10 -2.21303 0.00961054 0.00232807 -3.74267 -0.000450922 0.0139965 0.000266485 0.00294056 0.0399112 -8.67722e-06 -0.000470349 0.0068361 0.000190112 0.0569553 -0.00237489
-2 -74 10 -2.21664 0.00803187 0.00221568 -3.74329 -0.00365931 0.0101374 0.000219908 0.00294863 0.0398975 3.19436e-06 -0.000459974 0.00681971 0.000146813 0.0569835 -0.002408
-1.5 -74 10 -2.21803 0.0052972 0.00165705 -3.74893 0.00129022 0.00652706 0.000158795 0.00294641 0.0399448 -4.77943e-06 -0.000469081 0.006928 0.000109357 0.0572857 -0.00238875
-1 -74 10 -2.22041 0.00368588 0.00122459 -3.74966 -1.92404e-05 0.00409605 0.000105164 0.00294487 0.039936 -5.76434e-06 -0.000464973 0.00691358 7.26824e-05 0.0572991 -0.00239787
-0.5 -74 10 -2.2213 0.00179535 0.000472412 -3.7509 0.000991526 0.00268526 5.20724e-05 0.00295902 0.0399303 -3.79836e-06 -0.000444537 0.00689868 3.91624e-05 0.0572868 -0.00245277
0 -74 10 -2.22236 -5.23373e-05 -0.000133968 -3.75035 0.00025154 0.000739401 5.59466e-07 0.00295053 0.0399146 1.29792e-07 -0.000462077 0.00685857 1.8656e-07 0.0572132 -0.00241209
0.5 -74 10 -2.22195 -0.00148596 -0.000687141 -3.74979 -0.00283308 -0.00109159 -4.67765e-05 0.00293775 0.0399085 9.79649e-06 -0.000477851 0.00685074 -3.86071e-05 0.0571818 -0.00236787
1 -74 10 -2.22125 -0.00242642 -0.00109642 -3.74801 -0.00752786 -0.00318268 -9.29834e-05 0.00293842 0.0399201 1.9782e-05 -0.000474896 0.0068705 -7.34363e-05 0.0572116 -0.00237357
1.5 -74 10 -2.21793 -0.00511571 -0.00153991 -3.74963 -0.0047002 -0.00692229 -0.000162686 0.00295272 0.0399208 -1.55948e-06 -0.000454273 0.00688695 -0.000117595 0.0571826 -0.0024232
2 -74 10 -2.21525 -0.0068528 -0.00208421 -3.74763 -0.00395993 -0.00946131 -0.000218372 0.00295319 0.0399206 -4.16998e-06 -0.00045716 0.00688148 -0.000149494 0.0571119 -0.00241515
2.5 -74 10 -2.21235 -0.00892794 -0.00228336 -3.74381 -0.00263947 -0.0127372 -0.00027061 0.0029474 0.0399101 -4.57782e-06 -0.000460708 0.00684053 -0.000186754 0.0569526 -0.00239915
3 -74 10 -2.20786 -0.0110464 -0.00294443 -3.74172 -0.00211862 -0.0145615 -0.000311612 0.00294503 0.0399208 1.834e-05 -0.000465814 0.00685429 -0.000226806 0.0568935 -0.00238133
3.5 -74 10 -2.20368 -0.0125351 -0.00383953 -3.73528 -0.0029861 -0.0172787 -0.000352034 0.00294283 0.0398933 4.44986e-05 -0.000458031 0.00678527 -0.00025847 0.0566286 -0.00238923
4 -74 10 -2.19542 -0.0142444 -0.00417427 -3.74174 -0.00601235 -0.0208639 -0.000420945 0.00296144 0.0399438 2.197e-05 -0.000439592 0.00686938 -0.000303544 0.056699 -0.00243131
4.5 -74 10 -2.18896 -0.0155718 -0.00450926 -3.73698 -0.00806521 -0.0236734 -0.000481787 0.00295621 0.0399313 1.08898e-05 -0.000445826 0.00683039 -0.000337057 0.0564676 -0.0024062
5 -74 10 -2.18124 -0.0179744 -0.00503867 -3.73211 -0.00507264 -0.024575 -0.000531947 0.00293088 0.0399292 1.80028e-05 -0.000484635 0.00680054 -0.000374671 0.0562389 -0.00229686
5.5 -74 10 -2.17261 -0.0200132 -0.00520552 -3.72657 -0.00624149 -0.027945 -0.000584095 0.00293383 0.0399101 2.47657e-05 -0.000472691 0.00676501 -0.000419445 0.0559609 -0.00231205
6 -74 10 -2.16283 -0.0219806 -0.00667364 -3.72153 -0.00736967 -0.0279511 -0.000630806 0.00294715 0.0399081 4.39158e-05 -0.000450356 0.00674387 -0.000459912 0.0557075 -0.00235585
6.5 -74 10 -2.15262 -0.0239266 -0.00676504 -3.71601 -0.00952556 -0.0315078 -0.000693168 0.00293206 0.0398898 3.24651e-05 -0.000474917 0.00668246 -0.000506604 0.0553515 -0.00228154
7 -74 10 -2.1424 -0.0258976 -0.00739706 -3.71201 -0.00841058 -0.0294322 -0.000731466 0.0029143 0.039899 5.93674e-05 -0.000511427 0.0066635 -0.000541413 0.0551092 -0.00218181
7.5 -74 10 -2.12922 -0.0272825 -0.00780466 -3.70738 -0.0119108 -0.0345718 -0.000795085 0.0029397 0.039906 5.09473e-05 -0.00045916 0.00665103 -0.000580442 0.0548154 -0.00228903
8 -74 10 -2.11589 -0.0289121 -0.00784476 -3.70225 -0.0133187 -0.0393755 -0.000855686 0.00293414 0.0399121 4.30451e-05 -0.000458095 0.0066475 -0.00061875 0.0545327 -0.00226825
8.5 -74 10 -2.10267 -0.0309676 -0.00807717 -3.69168 -0.015393 -0.0431096 -0.000913303 0.0029155 0.0398678 4.68686e-05 -0.000482755 0.00654207 -0.000666288 0.0539928 -0.00218786
9 -74 10 -2.0881 -0.0334193 -0.00790728 -3.68099 -0.0125594 -0.0476152 -0.00097851 0.00291301 0.0398554 3.91257e-05 -0.000484356 0.00646839 -0.000706605 0.0535191 -0.00216598
9.5 -74 10 -2.07288 -0.0350965 -0.00860914 -3.67312 -0.0108624 -0.0503731 -0.00104122 0.00293193 0.0399105 3.63887e-05 -0.000453545 0.00651676 -0.000734557 0.0533368 -0.00222387
10 -74 10 -2.05589 -0.0367481 -0.00998956 -3.66636 -0.0171463 -0.051835 -0.00109244 0.00293782 0.0398973 4.81285e-05 -0.000443792 0.00647707 -0.000785431 0.0528901 -0.00222603
10.5 -74 10 -2.03685 -0.0389105 -0.00998402 -3.6635 -0.01807 -0.0531568 -0.00114809 0.00293101 0.0399246 5.81444e-05 -0.000449927 0.00647852 -0.000832604 0.0525315 -0.00218268
11 -74 10 -2.01878 -0.039641 -0.010392 -3.65133 -0.0219189 -0.0564214 -0.0012094 0.00291828 0.0399093 5.56361e-05 -0.000464431 0.00641254 -0.000859238 0.0519958 -0.00212115
11.5 -74 10 -2.00028 -0.0422667 -0.0116174 -3.6338 -0.0238686 -0.058704 -0.00127324 0.00291923 0.0398856 5.73011e-05 -0.00045629 0.0063082 -0.000914638 0.0513583 -0.00211683
12 -74 10 -1.9828 -0.0453904 -0.0113056 -3.62347 -0.0254594 -0.0614644 -0.0013335 0.00290502 0.0398695 5.35693e-05 -0.000478912 0.00622049 -0.000982328 0.0508024 -0.00204197
12.5 -74 10 -1.96013 -0.0469865 -0.0127588 -3.61228 -0.02471 -0.0643787 -0.00139308 0.00290031 0.039895 6.12255e-05 -0.000476369 0.00622219 -0.00101097 0.0503448 -0.00201408
13 -74 10 -1.93686 -0.0489766 -0.012524 -3.60038 -0.0244687 -0.0680628 -0.00146356 0.00290427 0.0399055 5.66851e-05 -0.000468404 0.00616588 -0.00105041 0.0497527 -0.00200451
13.5 -74 10 -1.91448 -0.0511281 -0.0133336 -3.58447 -0.0276397 -0.0707637 -0.00152121 0.00290513 0.0398971 6.95814e-05 -0.000462128 0.0060916 -0.0011011 0.0491163 -0.00199059
14 -74 10 -1.89289 -0.0530613 -0.0146136 -3.56477 -0.0307584 -0.0725585 -0.00157393 0.0028957 0.0398744 8.81462e-05 -0.000461544 0.0059792 -0.00114543 0.0484045 -0.00195838
14.5 -74 10 -1.86752 -0.05595 -0.0141277 -3.55021 -0.0344351 -0.0747645 -0.00163938 0.00289518 0.0398634 9.55249e-05 -0.000459463 0.00588251 -0.00121319 0.047673 -0.00193203
15 -74 10 -1.84163 -0.0583785 -0.0135733 -3.53765 -0.0379137 -0.078365 -0.00171398 0.0028954 0.0398759 8.48138e-05 -0.000460449 0.00583462 -0.00127294 0.047047 -0.00190009
15.5 -74 10 -1.81395 -0.0595477 -0.0141178 -3.52227 -0.0398501 -0.0836813 -0.00180047 0.00289346 0.0399203 5.10747e-05 -0.000469947 0.00586937 -0.00130477 0.0465541 -0.00184925
16 -74 10 -1.78425 -0.062792 -0.0167742 -3.4905 -0.0389567 -0.0833399 -0.00185144 0.00289283 0.0398825 9.33621e-05 -0.000442361 0.00570682 -0.00135748 0.0455516 -0.00186503
16.5 -74 10 -1.75527 -0.0654639 -0.0166453 -3.46857 -0.0441217 -0.0864093 -0.00192292 0.00288568 0.0398767 9.5699e-05 -0.000445779 0.00559649 -0.00142395 0.0447149 -0.0018203
17 -74 10 -1.72565 -0.067231 -0.0164741 -3.4493 -0.0489954 -0.0883263 -0.00199261 0.00287421 0.0398954 0.000107349 -0.00045914 0.00554578 -0.00147357 0.043999 -0.00175245
17.5 -74 10 -1.69417 -0.0696048 -0.0178106 -3.42845 -0.0527709 -0.0885392 -0.00205523 0.00287466 0.0399126 0.000129656 -0.000452136 0.00550259 -0.00152866 0.0432546 -0.00172812
18 -74 10 -1.66033 -0.0721549 -0.0179224 -3.40079 -0.0553127 -0.0939666 -0.00213289 0.00287092 0.0399231 0.000118658 -0.000446058 0.00541313 -0.00158526 0.0423608 -0.00169853
18.5 -74 10 -1.62903 -0.0762211 -0.0181082 -3.37254 -0.0613308 -0.0987797 -0.00220505 0.00286682 0.0399124 0.000126394 -0.000439609 0.00527147 -0.00167849 0.0414122 -0.00167393
19 -74 10 -1.59434 -0.077851 -0.0174066 -3.34037 -0.0661898 -0.10226 -0.00229349 0.00285852 0.0399107 0.000115502 -0.000459895 0.00516353 -0.00172307 0.0404537 -0.00159607
19.5 -74 10 -1.55707 -0.0775066 -0.0186506 -3.31362 -0.0629924 -0.105974 -0.00237706 0.00286672 0.0399954 0.000108521 -0.000442698 0.00521231 -0.00171084 0.0397901 -0.00158708
20 -74 10 -1.52131 -0.0816927 -0.0189454 -3.2799 -0.0715603 -0.108548 -0.00245153 0.00285227 0.0399956 0.000116787 -0.000451243 0.00509528 -0.00181346 0.0387958 -0.00152554
20.5 -74 10 -1.48451 -0.0842766 -0.0187211 -3.24582 -0.0747479 -0.107537 -0.00252334 0.00283834 0.0400149 0.000138391 -0.000467662 0.0049988 -0.00187156 0.03783 -0.00144895
21 -74 10 -1.44438 -0.0878291 -0.0191947 -3.20678 -0.0794906 -0.110893 -0.00261506 0.00283311 0.0400308 0.000134178 -0.000467537 0.0049089 -0.00195178 0.0367983 -0.0014059
21.5 -74 10 -1.40203 -0.0887174 -0.0192552 -3.16444 -0.0820629 -0.112597 -0.00270132 0.00282964 0.0400599 0.000138463 -0.00046375 0.00482489 -0.00197384 0.0357349 -0.00136402
22 -74 10 -1.36356 -0.0914828 -0.0181843 -3.12704 -0.0860419 -0.116343 -0.00278771 0.00281248 0.0400936 0.000145206 -0.00048201 0.00474628 -0.00204059 0.0347727 -0.00128512
22.5 -74 10 -1.3206 -0.0928018 -0.0206368 -3.0855 -0.0956327 -0.120978 -0.00287439 0.00281815 0.0401426 0.000145606 -0.000453089 0.00470754 -0.00208608 0.0337896 -0.00128824
23 -74 10 -1.27325 -0.0957238 -0.0198605 -3.03435 -0.0937494 -0.123659 -0.00298026 0.00281985 0.0401939 0.000137975 -0.000451288 0.0046216 -0.0021403 0.0326213 -0.00124668
23.5 -74 10 -1.22882 -0.0974103 -0.0202993 -2.98609 -0.103338 -0.126066 -0.00306189 0.00280206 0.0402283 0.000154113 -0.000466739 0.00455348 -0.00219558 0.0315367 -0.00116592
24 -74 10 -1.18747 -0.100528 -0.0209075 -2.93065 -0.111132 -0.129148 -0.00315645 0.00281051 0.0402665 0.000158492 -0.000444998 0.0044288 -0.0022694 0.03042 -0.00116647
24.5 -74 10 -1.14156 -0.103315 -0.0211651 -2.87547 -0.118786 -0.13048 -0.00325363 0.00280201 0.0403113 0.000170013 -0.000444427 0.0043367 -0.00233928 0.0292672 -0.00111834
25 -74 10 -1.09361 -0.105955 -0.0196972 -2.82072 -0.127914 -0.132099 -0.00335777 0.00278748 0.040376 0.000173676 -0.000449124 0.0042813 -0.00241505 0.0281375 -0.00105756
25.5 -74 10 -1.03992 -0.107319 -0.0186804 -2.74585 -0.136079 -0.136403 -0.00346411 0.0027752 0.0404191 0.000174396 -0.000467294 0.0041898 -0.00245989 0.026789 -0.000975445
26 -74 10 -0.990694 -0.108286 -0.0181807 -2.67819 -0.140622 -0.13724 -0.00356492 0.00277317 0.0404865 0.000185908 -0.000458348 0.00410914 -0.00248723 0.025577 -0.000939853
26.5 -74 10 -0.941065 -0.108871 -0.0186324 -2.60882 -0.149157 -0.138514 -0.00366881 0.00276898 0.0405618 0.000190808 -0.000452944 0.00406315 -0.00251659 0.0244066 -0.000897555
27 -74 10 -0.887489 -0.109674 -0.0198187 -2.52858 -0.159901 -0.139362 -0.00377184 0.00275502 0.0406108 0.000200966 -0.000466767 0.00399748 -0.00255179 0.0230981 -0.000823167
27.5 -74 10 -0.838276 -0.112543 -0.0196606 -2.451 -0.174297 -0.140206 -0.00388457 0.00275602 0.040698 0.000214025 -0.000449762 0.00393766 -0.00263773 0.0219069 -0.000803906
28 -74 10 -0.786143 -0.114977 -0.0193077 -2.36195 -0.185348 -0.140185 -0.00400437 0.00275287 0.0407755 0.00022231 -0.000438329 0.00384121 -0.00270424 0.0205871 -0.000774022
28.5 -74 10 -0.7266 -0.113879 -0.0181476 -2.26274 -0.194063 -0.139512 -0.00412556 0.00274212 0.0408718 0.000222836 -0.000445634 0.00383281 -0.00270533 0.0192069 -0.000705323
29 -74 10 -0.669866 -0.110803 -0.0177488 -2.15978 -0.20457 -0.140131 -0.00424492 0.00272985 0.0409762 0.000227993 -0.000452016 0.00382621 -0.00266894 0.0178779 -0.000638043
29.5 -74 10 -0.614674 -0.114944 -0.0182898 -2.04758 -0.227729 -0.141394 -0.00437575 0.00272416 0.0410546 0.000243324 -0.000444789 0.0037537 -0.00279343 0.0164834 -0.000605641
30 -74 10 -0.553612 -0.119465 -0.0183801 -1.922 -0.248403 -0.141605 -0.00450541 0.00271879 0.0411609 0.00024931 -0.000431534 0.00369476 -0.00292311 0.014968 -0.000576028
30.5 -74 10 -0.496993 -0.119504 -0.0163721 -1.79918 -0.2669 -0.138506 -0.00464176 0.00271958 0.0412795 0.000243543 -0.000420229 0.00370157 -0.00296734 0.0136088 -0.000542625
31 -74 10 -0.445655 -0.118955 -0.0135004 -1.68215 -0.28844 -0.133296 -0.00477709 0.00271439 0.0413879 0.000242861 -0.000420719 0.00371652 -0.00300737 0.0123643 -0.00050009
31.5 -74 10 -0.384173 -0.119461 -0.0130957 -1.52319 -0.31738 -0.132288 -0.00491813 0.00269798 0.0415123 0.000248591 -0.000420797 0.00372293 -0.00308051 0.0108251 -0.000452081
32 -74 10 -0.32479 -0.120076 -0.0132101 -1.35402 -0.355872 -0.132117 -0.00505819 0.00268975 0.0416397 0.000261003 -0.000419303 0.00375881 -0.00317873 0.00932298 -0.000410172
32.5 -74 10 -0.269157 -0.115462 -0.0145947 -1.17652 -0.374174 -0.132563 -0.00520705 0.00269091 0.0417709 0.000266304 -0.000400751 0.00379146 -0.00312773 0.00787217 -0.000377177
33 -74 10 -0.213977 -0.110743 -0.0108021 -0.995732 -0.410013 -0.119806 -0.00536024 0.00268388 0.0419196 0.000264639 -0.000396392 0.00389795 -0.00312949 0.00643866 -0.000332345
33.5 -74 10 -0.158719 -0.109946 -0.0081953 -0.77524 -0.471868 -0.109846 -0.00551923 0.002667 0.0420569 0.000266649 -0.00040783 0.00398609 -0.00326392 0.00489066 -0.000294066
34 -74 10 -0.102385 -0.103022 -0.00826345 -0.546501 -0.544117 -0.109389 -0.00568733 0.0026658 0.0422226 0.000253928 -0.000392004 0.00419773 -0.00332739 0.00331812 -0.000253231
34.5 -74 10 -0.0499148 -0.093136 -0.00726347 -0.293767 -0.632497 -0.104802 -0.0058573 0.00266394 0.0423677 0.00025297 -0.000394474 0.00439431 -0.00337367 0.00171086 -0.000201305
35 -74 10 -0.0302105 -0.0816988 -0.00516629 -0.187631 -0.730353 -0.0912027 -0.00596488 0.00265395 0.042467 0.000239869 -0.000383114 0.00450594 -0.00339083 0.00106867 -0.000160214
