# y jRe_x jRe_y jRe_z jIm_x jIm_y jIm_z BRe_x BRe_y BRe_z BIm_x BIm_y BIm_z F_x F_y F_z VReGrad_x VReGrad_y VReGrad_z VImGrad_x VImGrad_y VImGrad_z s VRe VIm sigma mur
-0.075 -1836185.4 	-795.15828 	65.067373 	 -4213774.6 	-223.86018 	215.33472 	 1.8521463e-06 	0.0094002612 	0.037445037 	 4.4484451e-07 	0.011175715 	0.0030998929 	 -16.711221 	40908.908 	-32174.593 	 0.1466401 	4.4651278e-05 	-3.7683769e-05 	 0.26193096 	-0.00012853849 	-0.00018364715 		-0.075 -2.6500536e-05 -9.1223479e-05 1200000 1
-0.07375 -1939081.2 	-0.0068707244 	-0.074425006 	 -3981441.7 	-0.19203847 	0.15460531 	 1.1445e-08 	0.0093775649 	0.037455587 	 -6.875e-09 	0.011160863 	0.0030914827 	 -0.00094015283 	42469.094 	-31311.149 	 0.14454376 	-5.088e-06 	3.59925e-07 	 0.25786912 	-1.469e-05 	8.345e-08 		-0.07375 -1.7744719e-06 -1.5928261e-06 1200000 1
-0.0725 -1927782 	-0.159235 	-0.05771275 	 -3728363.1 	-0.4015325 	0.14148 	 9.6665e-09 	0.0095289023 	0.036066142 	 -8.05725e-09 	0.010908958 	0.00097061946 	 -0.0027897 	37185.046 	-29522.912 	 0.12431014 	-5.17715e-06 	3.5130825e-07 	 0.17476397 	-1.459125e-05 	1.019275e-07 		-0.0725 -1.7802131e-06 -1.6089383e-06 1200000 1
-0.07125 -1926138 	-0.329235 	-0.02741475 	 -3410329 	-0.7236925 	0.10454 	 8.1345e-09 	0.010029965 	0.034140504 	 -9.70925e-09 	0.011188441 	-0.0019137153 	 -0.0044737 	30235.833 	-28672.873 	 0.097067286 	-5.30215e-06 	3.3251025e-07 	 0.064464403 	-1.442725e-05 	1.421875e-07 		-0.07125 -1.7868331e-06 -1.6272913e-06 1200000 1
-0.07 -1924476.5 	-0.5075 	0.0125025 	 -3103176.3 	-1.06415 	0.02489 	 7.0965e-09 	0.010670275 	0.032202647 	 -1.12185e-08 	0.01178102 	-0.0045842765 	 -0.005773 	24034.378 	-28567.337 	 0.070685468 	-5.4211e-06 	3.06322e-07 	 -0.042551864 	-1.4245e-05 	2.1758e-07 		-0.07 -1.7934992e-06 -1.6454294e-06 1200000 1
-0.06875 -1862770.6 	-0.77735 	0.0166105 	 -2846198.3 	-1.16035 	-0.08848 	 3.562e-09 	0.010343134 	0.030387013 	 -1.1418e-08 	0.010580743 	-0.0065811266 	 -0.00693 	19406.64 	-24790.883 	 0.047904472 	-5.4882e-06 	3.07311e-07 	 -0.14169976 	-1.41605e-05 	3.2166e-07 		-0.06875 -1.8003364e-06 -1.6628881e-06 1200000 1
-0.0675 -1839276.6 	-1.0423 	0.0880465 	 -2571639.8 	-1.45335 	-0.27495 	 2.9485e-09 	0.010990707 	0.028691869 	 -1.29265e-08 	0.011152632 	-0.008303655 	 -0.007593 	15865.928 	-24483.877 	 0.024676276 	-5.5859e-06 	2.53458e-07 	 -0.23992845 	-1.3965e-05 	4.8542e-07 		-0.0675 -1.8072584e-06 -1.6801234e-06 1200000 1
-0.06625 -1773748 	-1.28745 	0.0733815 	 -2345889.1 	-1.761875 	-0.26152275 	 1.4775e-10 	0.010725093 	0.026992982 	 -1.48175e-08 	0.010327238 	-0.0098205837 	 -0.0071245 	12680.466 	-21745.356 	 0.0049381536 	-5.704975e-06 	2.7449875e-07 	 -0.3301366 	-1.3678275e-05 	4.8283625e-07 		-0.06625 -1.8142836e-06 -1.697685e-06 1200000 1
-0.065 -1708196.4 	-1.55385 	0.0744655 	 -2127596.6 	-2.118075 	-0.23609675 	 -1.97625e-09 	0.010625623 	0.02541784 	 -1.79735e-08 	0.0098274505 	-0.011081542 	 -0.0065865 	10158.437 	-19609.303 	 -0.013794436 	-5.834975e-06 	2.8354875e-07 	 -0.41727299 	-1.3342275e-05 	4.6979025e-07 		-0.065 -1.8214194e-06 -1.715163e-06 1200000 1
-0.06375 -1650960.8 	-1.8086 	0.09258765 	 -1914367.7 	-2.5511 	-0.2205135 	 -3.479e-09 	0.010697248 	0.02397702 	 -2.13035e-08 	0.0096599757 	-0.01213019 	 -0.0054195 	8256.7496 	-18128.946 	 -0.03161829 	-5.97285e-06 	2.783615e-07 	 -0.5015013 	-1.295215e-05 	4.639725e-07 		-0.06375 -1.8287301e-06 -1.7319566e-06 1200000 1
-0.0625 -1558149.5 	-1.99905 	0.00811795 	 -1746583.2 	-3.08845 	-0.0254 	 -7.221e-09 	0.0099079898 	0.022372716 	 -2.066e-08 	0.0083687445 	-0.013225593 	 -0.001095 	6094.5156 	-15181.577 	 -0.04637375 	-6.14535e-06 	3.59963e-07 	 -0.57797437 	-1.238515e-05 	3.09678e-07 		-0.0625 -1.8363704e-06 -1.7472984e-06 1200000 1
-0.06125 -1493237.3 	-2.239 	0.03507565 	 -1562023.3 	-3.6587 	0.0111945 	 -8.271e-09 	0.010018546 	0.02127186 	 -2.34915e-08 	0.0083428569 	-0.013803933 	 0.0014965 	5166.7283 	-14061.351 	 -0.061313825 	-6.30365e-06 	3.494535e-07 	 -0.65397961 	-1.184935e-05 	2.854725e-07 		-0.06125 -1.8441161e-06 -1.7624446e-06 1200000 1
-0.06 -1408533 	-2.51595 	0.0269653 	 -1413662.5 	-4.096025 	-0.0249145 	 -1.140375e-08 	0.0094418755 	0.019924556 	 -2.45865e-08 	0.0074879982 	-0.014549367 	 0.00508425 	3869.5027 	-12058.737 	 -0.073612242 	-6.46075e-06 	3.6431325e-07 	 -0.72304461 	-1.1376125e-05 	3.2136775e-07 		-0.06 -1.8521292e-06 -1.7768392e-06 1200000 1
-0.05875 -1324989.8 	-2.85275 	0.0663733 	 -1271929.7 	-4.529625 	-0.1714945 	 -1.391975e-08 	0.0090578652 	0.01879094 	 -2.71725e-08 	0.0069179314 	-0.015076861 	 0.00801225 	2958.4191 	-10494.707 	 -0.085104107 	-6.61555e-06 	3.3882725e-07 	 -0.78963016 	-1.0905725e-05 	4.4832975e-07 		-0.05875 -1.8602988e-06 -1.7908692e-06 1200000 1
-0.0575 -1250213.7 	-3.1943 	0.120177 	 -1131365.1 	-4.9481 	-0.33123 	 -1.59725e-08 	0.0088449883 	0.017866154 	 -3.0964e-08 	0.0066092197 	-0.015412852 	 0.010214 	2484.6877 	-9326.594 	 -0.095911459 	-6.75736e-06 	3.021224e-07 	 -0.85401696 	-1.04568e-05 	5.85611e-07 		-0.0575 -1.8686172e-06 -1.8043992e-06 1200000 1
-0.05625 -1156238.1 	-3.49605 	0.037643 	 -1026054.3 	-5.05355 	-0.2390515 	 -2.036e-08 	0.0079708013 	0.016576396 	 -3.11235e-08 	0.0056113707 	-0.016002969 	 0.0124005 	1469.4369 	-7616.7169 	 -0.10449966 	-6.8642e-06 	3.807746e-07 	 -0.91214155 	-1.01622e-05 	5.14216e-07 		-0.05625 -1.8771987e-06 -1.8170075e-06 1200000 1
-0.055 -1081058.4 	-3.9031 	0.071209 	 -907041.19 	-5.2777 	-0.368962 	 -2.24725e-08 	0.0078154387 	0.015997996 	 -3.6836e-08 	0.0054585765 	-0.016060588 	 0.012066 	1391.8623 	-6768.0014 	 -0.11315969 	-6.96024e-06 	3.621016e-07 	 -0.97012651 	-9.8272e-06 	6.25979e-07 		-0.055 -1.8859372e-06 -1.8289992e-06 1200000 1
-0.05375 -997413.05 	-4.188375 	0.03707025 	 -812334.06 	-5.626925 	-0.24792775 	 -2.515275e-08 	0.0071770451 	0.015006458 	 -3.7558e-08 	0.0048022629 	-0.016406201 	 0.01555865 	878.31752 	-5629.5708 	 -0.12002837 	-7.09065e-06 	4.0235122e-07 	 -1.0228744 	-9.31865e-06 	5.29105e-07 		-0.05375 -1.8946737e-06 -1.8412561e-06 1200000 1
-0.0525 -915253.69 	-4.506775 	0.03863425 	 -723048.15 	-6.010125 	-0.17424575 	 -2.693675e-08 	0.0066985334 	0.014256536 	 -3.9504e-08 	0.00434439 	-0.016584817 	 0.01830265 	568.65768 	-4725.1381 	 -0.12631716 	-7.22263e-06 	4.1405462e-07 	 -1.0738357 	-8.77225e-06 	4.71069e-07 		-0.0525 -1.9034797e-06 -1.8533361e-06 1200000 1
-0.05125 -840146.9 	-4.8276 	0.062580975 	 -632909.82 	-6.4506 	-0.1593575 	 -2.84725e-08 	0.0063503358 	0.013742196 	 -4.33855e-08 	0.0040621915 	-0.016610692 	 0.02062625 	532.49741 	-4017.4415 	 -0.13214623 	-7.36822e-06 	4.060435e-07 	 -1.1233251 	-8.1865e-06 	4.61404e-07 		-0.05125 -1.9124743e-06 -1.864495e-06 1200000 1
-0.05 -755258.52 	-5.03785 	-0.019841025 	 -567443.06 	-7.06205 	0.115101 	 -3.23725e-08 	0.0055480609 	0.012747889 	 -4.44005e-08 	0.0033712593 	-0.016940009 	 0.0279683 	50.858293 	-3161.2831 	 -0.13659859 	-7.58245e-06 	4.85688e-07 	 -1.1684521 	-7.36465e-06 	2.36149e-07 		-0.05 -1.921926e-06 -1.8734299e-06 1200000 1
-0.04875 -682106.96 	-5.3292 	0.021773375 	 -492632.52 	-7.6422 	0.0825745 	 -3.42925e-08 	0.0052292972 	0.012562393 	 -5.09895e-08 	0.0031992124 	-0.016791482 	 0.03056585 	161.11927 	-2641.3691 	 -0.14101462 	-7.78958e-06 	4.635315e-07 	 -1.2135788 	-6.6185e-06 	2.65156e-07 		-0.04875 -1.9314383e-06 -1.882295e-06 1200000 1
-0.0475 -605938.55 	-5.628425 	0.01983845 	 -431752.74 	-8.211875 	0.1284645 	 -3.74735e-08 	0.0046271686 	0.011870525 	 -5.2067e-08 	0.00273824 	-0.016952501 	 0.036171675 	-34.943289 	-2083.5868 	 -0.14446908 	-7.96289e-06 	4.7207287e-07 	 -1.2554075 	-5.850725e-06 	2.2865375e-07 		-0.0475 -1.9413675e-06 -1.8898751e-06 1200000 1
-0.04625 -530821.45 	-5.990225 	0.06576565 	 -375327.71 	-8.793075 	0.0455485 	 -4.01955e-08 	0.0041317549 	0.011427013 	 -5.4099e-08 	0.0023989316 	-0.016983459 	 0.040425875 	-139.01111 	-1632.7476 	 -0.14756914 	-8.12719e-06 	4.4022588e-07 	 -1.2961498 	-5.072325e-06 	2.9855175e-07 		-0.04625 -1.9514895e-06 -1.8970151e-06 1200000 1
-0.045 -460606.13 	-6.37995 	0.1257264 	 -317120.19 	-9.37135 	-0.118477 	 -4.2559e-08 	0.0037117224 	0.011226999 	 -5.8386e-08 	0.0021636873 	-0.016891733 	 0.04327175 	-85.939662 	-1267.3412 	 -0.15043284 	-8.273425e-06 	3.970015e-07 	 -1.3361159 	-4.29935e-06 	4.358045e-07 		-0.045 -1.9617323e-06 -1.9033781e-06 1200000 1
-0.04375 -385537.91 	-6.79725 	0.0485037 	 -273986.16 	-9.7085 	-0.0365265 	 -4.6117e-08 	0.0030373592 	0.010486498 	 -6.07355e-08 	0.0017074561 	-0.017105515 	 0.047728645 	-304.0722 	-918.58783 	 -0.15273365 	-8.35728e-06 	4.66116e-07 	 -1.3736838 	-3.61945e-06 	3.69639e-07 		-0.04375 -1.9721623e-06 -1.9076092e-06 1200000 1
-0.0425 -316884.83 	-7.33035 	0.081196 	 -226237.95 	-10.16215 	-0.311577 	 -4.8431e-08 	0.0026004379 	0.010593895 	 -6.9314e-08 	0.0015286326 	-0.016893787 	 0.04737707 	-226.86402 	-657.03403 	 -0.15490902 	-8.436825e-06 	4.442135e-07 	 -1.4113147 	-2.88215e-06 	5.992805e-07 		-0.0425 -1.9827523e-06 -1.9114581e-06 1200000 1
-0.04125 -247616.71 	-7.69545 	0.049095673 	 -183553.26 	-10.62925 	-0.15747125 	 -5.10355e-08 	0.0020676138 	0.010149092 	 -6.9626e-08 	0.0012084904 	-0.0169861 	 0.051596758 	-289.45994 	-453.40658 	 -0.15692975 	-8.5602625e-06 	4.78094e-07 	 -1.4475688 	-2.07975e-06 	4.7228225e-07 		-0.04125 -1.9933218e-06 -1.9146098e-06 1200000 1
-0.04 -178445.54 	-8.09145 	0.049979333 	 -144711.67 	-11.09565 	-0.05100925 	 -5.32195e-08 	0.0015810981 	0.0099508551 	 -7.0278e-08 	0.00094785634 	-0.016969989 	 0.054060698 	-337.1153 	-294.72869 	 -0.15882326 	-8.6907225e-06 	4.85636e-07 	 -1.4834025 	-1.26255e-06 	3.8454025e-07 		-0.04 -2.0039538e-06 -1.9173498e-06 1200000 1
-0.03875 -112170.25 	-8.5005 	0.07088289 	 -103720.08 	-11.606 	-0.0609935 	 -5.5191e-08 	0.0011100417 	0.0099966853 	 -7.3658e-08 	0.00073320338 	-0.016848381 	 0.0552367 	-311.662 	-172.65014 	 -0.16070767 	-8.838015e-06 	4.75072e-07 	 -1.5191104 	-4.1565e-07 	3.934215e-07 		-0.03875 -2.0147851e-06 -1.9190418e-06 1200000 1
-0.0375 -43390.573 	-8.8 	-0.013480825 	 -69304.847 	-12.2428 	0.1712375 	 -5.7825e-08 	0.00057275358 	0.0094792558 	 -7.6109e-08 	0.00043100668 	-0.017025401 	 0.06265165 	-380.88213 	-121.85797 	 -0.16282949 	-9.058675e-06 	5.485445e-07 	 -1.5543071 	5.994e-07 	2.01554e-07 		-0.0375 -2.0260849e-06 -1.9179755e-06 1200000 1
-0.03625 23212.51 	-9.2165 	0.02161157 	 -35057.021 	-12.8328 	0.0079025 	 -5.9719e-08 	2.8471183e-05 	0.009816844 	 -8.4442e-08 	0.00021750596 	-0.016805305 	 0.0624499 	-407.03835 	-76.084494 	 -0.16475048 	-9.274935e-06 	5.23888e-07 	 -1.5896036 	1.55515e-06 	3.379135e-07 		-0.03625 -2.0374451e-06 -1.9168418e-06 1200000 1
-0.035 89264.762 	-9.53115 	0.018825315 	 2085.3083 	-13.451625 	0.10982425 	 -6.26755e-08 	-0.00043192395 	0.0095903793 	 -8.56115e-08 	-2.2457043e-05 	-0.016882101 	 0.067921 	-407.39366 	-103.2623 	 -0.16732248 	-9.4540125e-06 	5.26395e-07 	 -1.6253566 	2.526e-06 	2.532025e-07 		-0.035 -2.0492461e-06 -1.9140008e-06 1200000 1
-0.03375 156544.31 	-9.88115 	0.064231575 	 35722.593 	-14.087225 	0.11333825 	 -6.57115e-08 	-0.00090811328 	0.0096062976 	 -8.73075e-08 	-0.00025533234 	-0.016857778 	 0.0714396 	-456.763 	-160.21035 	 -0.16999891 	-9.6242725e-06 	4.88003e-07 	 -1.6613172 	3.513e-06 	2.497145e-07 		-0.03375 -2.0612401e-06 -1.9105808e-06 1200000 1
-0.0325 222602.76 	-10.2794 	0.12203447 	 71689.399 	-14.6873 	-0.032392 	 -6.85425e-08 	-0.0014299436 	0.0098648048 	 -9.09425e-08 	-0.00049315315 	-0.016731847 	 0.0723586 	-500.84961 	-248.974 	 -0.17290201 	-9.779435e-06 	4.389505e-07 	 -1.697766 	4.47275e-06 	3.70441e-07 		-0.0325 -2.0733608e-06 -1.9062067e-06 1200000 1
-0.03125 289949.2 	-10.7262 	0.03482753 	 108988.86 	-14.96335 	-0.0853865 	 -7.1239e-08 	-0.0018359519 	0.0095671964 	 -9.1689e-08 	-0.00070855697 	-0.016901717 	 0.075452 	-474.6765 	-397.35844 	 -0.17685988 	-9.877165e-06 	5.06441e-07 	 -1.7354955 	5.241e-06 	4.15538e-07 		-0.03125 -2.0856829e-06 -1.8991952e-06 1200000 1
-0.03 358963.57 	-11.2954 	0.06133355 	 141342.98 	-15.3681 	-0.494476 	 -7.38825e-08 	-0.0024919052 	0.010109965 	 -9.82425e-08 	-0.0010052227 	-0.016673708 	 0.0711102 	-638.70362 	-588.43772 	 -0.18054295 	-9.973315e-06 	4.784745e-07 	 -1.77336 	6.10275e-06 	7.55929e-07 		-0.03 -2.0981448e-06 -1.8917267e-06 1200000 1
-0.02875 426179.28 	-11.6862 	0.026144355 	 184406.2 	-15.57145 	-0.33804925 	 -7.637325e-08 	-0.0028830195 	0.010106135 	 -9.7639e-08 	-0.001217817 	-0.016740769 	 0.071420772 	-616.7276 	-807.71953 	 -0.18571654 	-1.012434e-05 	5.0724625e-07 	 -1.8134352 	6.81495e-06 	6.25731e-07 		-0.02875 -2.1106748e-06 -1.8836686e-06 1200000 1
-0.0275 496227.74 	-12.0998 	0.028096795 	 224230.77 	-15.69385 	-0.16042725 	 -7.894325e-08 	-0.0033513139 	0.010339314 	 -9.7395e-08 	-0.0014732856 	-0.016700793 	 0.068481172 	-709.47182 	-1080.5202 	 -0.19123602 	-1.028846e-05 	5.0593425e-07 	 -1.8543227 	7.48275e-06 	4.77499e-07 		-0.0275 -2.1232768e-06 -1.8751486e-06 1200000 1
-0.02625 566337.37 	-12.5352 	0.05282053 	 266627.17 	-15.8566 	-0.1166175 	 -8.18385e-08 	-0.0039253365 	0.010812287 	 -9.9196e-08 	-0.0017848281 	-0.016549725 	 0.0633043 	-863.00129 	-1418.4681 	 -0.19723232 	-1.0468465e-05 	4.839955e-07 	 -1.8962936 	8.17705e-06 	4.403725e-07 		-0.02625 -2.1361051e-06 -1.865762e-06 1200000 1
-0.025 636397.9 	-12.84485 	-0.03775194 	 318434.77 	-16.1501 	-0.0148605 	 -8.4592e-08 	-0.004198037 	0.01076726 	 -9.9117e-08 	-0.0019598877 	-0.0166953 	 0.065459145 	-793.41591 	-1740.6287 	 -0.20515415 	-1.071006e-05 	5.548605e-07 	 -1.9412598 	8.9971e-06 	3.55698e-07 		-0.025 -2.1495047e-06 -1.8544811e-06 1200000 1
-0.02375 712242.85 	-13.2916 	0.00405965 	 360524.78 	-16.375 	-0.1833215 	 -8.87465e-08 	-0.0049649359 	0.011522122 	 -1.04404e-07 	-0.0024002305 	-0.016415521 	 0.0573027 	-1152.5274 	-2265.4571 	 -0.21271676 	-1.0953385e-05 	5.148795e-07 	 -1.986419 	9.78545e-06 	4.950725e-07 		-0.02375 -2.1629411e-06 -1.842922e-06 1200000 1
-0.0225 783737.54 	-13.5824 	-0.005280475 	 421653.57 	-16.55305 	-0.155731 	 -9.12525e-08 	-0.0052765143 	0.011781596 	 -1.046305e-07 	-0.0026228571 	-0.016428752 	 0.055643775 	-1175.5921 	-2698.3704 	 -0.22268095 	-1.116945e-05 	5.17161e-07 	 -2.035466 	1.0451575e-05 	4.7066775e-07 		-0.0225 -2.1768679e-06 -1.8300082e-06 1200000 1
-0.02125 859827.31 	-13.889 	0.035948525 	 480050.16 	-16.70985 	-0.173491 	 -9.42085e-08 	-0.0057235023 	0.0122683 	 -1.059605e-07 	-0.0029426077 	-0.016316647 	 0.050956175 	-1392.3375 	-3250.7276 	 -0.23325001 	-1.138285e-05 	4.76149e-07 	 -2.0859213 	1.1107175e-05 	4.8327775e-07 		-0.02125 -2.1909859e-06 -1.8164682e-06 1200000 1
-0.02 936800.92 	-14.25935 	0.09708195 	 541448.97 	-16.7753 	-0.29967 	 -9.79405e-08 	-0.0063315344 	0.012986934 	 -1.083085e-07 	-0.0033755439 	-0.016070188 	 0.042129375 	-1749.2396 	-3943.4468 	 -0.24456872 	-1.15905e-05 	4.18614e-07 	 -2.1380394 	1.169445e-05 	5.86057e-07 		-0.02 -2.2052854e-06 -1.802339e-06 1200000 1
-0.01875 1010853.9 	-14.6666 	0.0098041 	 621237.39 	-16.38115 	-0.475813 	 -9.993e-08 	-0.0064401588 	0.013267506 	 -1.048135e-07 	-0.0035249589 	-0.016110262 	 0.033869425 	-1757.9657 	-4445.5952 	 -0.25877218 	-1.17586e-05 	4.84354e-07 	 -2.1947475 	1.192145e-05 	7.31491e-07 		-0.01875 -2.2199751e-06 -1.7872921e-06 1200000 1
-0.0175 1095695.7 	-15.21615 	0.05350395 	 686677.69 	-16.0425 	-0.809582 	 -1.054645e-07 	-0.0072849644 	0.014261518 	 -1.077365e-07 	-0.0041676364 	-0.015683832 	 0.015894175 	-2447.2343 	-5478.8886 	 -0.2725189 	-1.19345e-05 	4.37846e-07 	 -2.2517718 	1.224605e-05 	1.007033e-06 		-0.0175 -2.2347894e-06 -1.771299e-06 1200000 1
-0.01625 1170901.8 	-15.617125 	0.02381835 	 780247 	-15.709375 	-0.66691925 	 -1.071475e-07 	-0.0074709884 	0.014860281 	 -1.05866e-07 	-0.0044049567 	-0.015524693 	 0.0046115 	-2697.9617 	-6165.4977 	 -0.28968331 	-1.2139775e-05 	4.6263551e-07 	 -2.3141895 	1.249615e-05 	8.8601825e-07 		-0.01625 -2.2498476e-06 -1.7562233e-06 1200000 1
-0.015 1252272.1 	-16.054125 	0.03414035 	 872286.32 	-15.297575 	-0.43745325 	 -1.097875e-07 	-0.0078415369 	0.015663346 	 -1.0582e-07 	-0.0048008214 	-0.015212071 	 -0.0104225 	-3242.15 	-7088.8079 	 -0.30774129 	-1.2353775e-05 	4.5555751e-07 	 -2.3786002 	1.271035e-05 	6.9219625e-07 		-0.015 -2.2650396e-06 -1.7409633e-06 1200000 1
-0.01375 1334759.5 	-16.5349 	0.0678548 	 967917.62 	-14.96015 	-0.2904665 	 -1.136065e-07 	-0.0084142319 	0.016676111 	 -1.06936e-07 	-0.0053722578 	-0.014728419 	 -0.0284283 	-4038.3304 	-8272.1931 	 -0.32685351 	-1.25722e-05 	4.273795e-07 	 -2.4452182 	1.29857e-05 	5.668985e-07 		-0.01375 -2.2804813e-06 -1.725052e-06 1200000 1
-0.0125 1407904.8 	-16.8585 	-0.0216216 	 1092259.7 	-15.1022 	-0.205281 	 -1.127355e-07 	-0.0082733944 	0.017398855 	 -1.00618e-07 	-0.0054457842 	-0.014464308 	 -0.0385449 	-4469.0592 	-8895.7964 	 -0.34991688 	-1.28163e-05 	5.0245051e-07 	 -2.5177247 	1.35805e-05 	4.93784e-07 		-0.0125 -2.2965329e-06 -1.7083959e-06 1200000 1
-0.01125 1498110.1 	-17.3869 	0.0217028 	 1198335 	-14.98175 	-0.2177265 	 -1.184185e-07 	-0.0090839724 	0.01865697 	 -1.02024e-07 	-0.0062998426 	-0.013723903 	 -0.0603163 	-5792.2654 	-10625.892 	 -0.37242062 	-1.30498e-05 	4.659755e-07 	 -2.5908429 	1.40673e-05 	5.012865e-07 		-0.01125 -2.3126573e-06 -1.691292e-06 1200000 1
-0.01 1568833.1 	-17.7447 	-0.01247225 	 1341825.6 	-14.966675 	-0.185255 	 -1.190135e-07 	-0.0090202821 	0.019703099 	 -1.00722e-07 	-0.0064607375 	-0.013129917 	 -0.07756945 	-6774.5532 	-11466.749 	 -0.39945917 	-1.33014e-05 	4.950415e-07 	 -2.6704552 	1.44741e-05 	4.7128775e-07 		-0.01 -2.3291843e-06 -1.6731825e-06 1200000 1
-0.00875 1645999.8 	-18.1623 	-0.00515825 	 1486444.5 	-14.850275 	-0.170003 	 -1.217495e-07 	-0.0091615407 	0.020894822 	 -1.02832e-07 	-0.0068329801 	-0.012360654 	 -0.09890345 	-8152.2852 	-12696.084 	 -0.42770191 	-1.35446e-05 	4.902895e-07 	 -2.7526211 	1.48211e-05 	4.5545375e-07 		-0.00875 -2.3458703e-06 -1.6545425e-06 1200000 1
-0.0075 1723811 	-18.6545 	0.0085023 	 1635012.9 	-14.56255 	-0.15455 	 -1.261135e-07 	-0.0095022005 	0.022231591 	 -1.060535e-07 	-0.00741581 	-0.011386427 	 -0.124912 	-9936.6413 	-14287.813 	 -0.45728575 	-1.37772e-05 	4.80668e-07 	 -2.8374616 	1.50405e-05 	4.39485e-07 		-0.0075 -2.3627951e-06 -1.6357206e-06 1200000 1
-0.00625 1778836 	-18.9616 	-0.1543731 	 1824027.2 	-14.11045 	-0.072855 	 -1.21789e-07 	-0.0088759955 	0.023514115 	 -9.802e-08 	-0.0071246164 	-0.010409202 	 -0.150427 	-11673.094 	-14451.067 	 -0.49202117 	-1.40669e-05 	6.1930585e-07 	 -2.9289228 	1.49965e-05 	3.6858e-07 		-0.00625 -2.3804827e-06 -1.6167918e-06 1200000 1
-0.005 1857893.5 	-19.6005 	-0.1902897 	 1992442.8 	-13.28375 	-0.02539 	 -1.281415e-07 	-0.0093531121 	0.025013245 	 -1.010015e-07 	-0.0079711108 	-0.0090764023 	 -0.185816 	-14277.976 	-16653.041 	 -0.52578489 	-1.42548e-05 	6.54652e-07 	 -3.0214673 	1.48045e-05 	3.27365e-07 		-0.005 -2.3980111e-06 -1.5976806e-06 1200000 1
-0.00375 1901666 	-20.03895 	-0.33513665 	 2204445 	-13.0073 	0.2639175 	 -1.252195e-07 	-0.00874018 	0.026627444 	 -9.640925e-08 	-0.007677258 	-0.0074409139 	 -0.21920525 	-17436.431 	-16749.807 	 -0.56487442 	-1.4439875e-05 	7.7838993e-07 	 -3.1204791 	1.48645e-05 	8.135e-08 		-0.00375 -2.4161918e-06 -1.579356e-06 1200000 1
-0.0025 1946866.5 	-20.62695 	-0.43655865 	 2422837.5 	-12.6119 	0.5593175 	 -1.254735e-07 	-0.0083078813 	0.02827928 	 -9.533125e-08 	-0.0075957762 	-0.0056145558 	 -0.25616525 	-21046.137 	-17299.226 	 -0.60501869 	-1.4534275e-05 	8.6818993e-07 	 -3.2224202 	1.48605e-05 	-1.6953e-07 		-0.0025 -2.4343698e-06 -1.561456e-06 1200000 1
-0.00125 1810639.8 	-21.33505 	-0.42829235 	 2339177.9 	-12.00885 	0.6627615 	 -1.2907e-07 	-0.007987803 	0.029672381 	 -9.78965e-08 	-0.0076027767 	-0.0039881309 	 -0.291843 	-21802.289 	-16599.596 	 -0.63355649 	5.33235e-06 	9.17545e-07 	 -3.2911373 	2.5585e-05 	-3.09755e-07 		-0.00125 -2.4205287e-06 -1.526188e-06 1090000 1
5.2475385e-17 1064367.3 	-21.3411 	-0.33138005 	 1411746.2 	-12.16575 	0.48474 	 -1.21821e-07 	-0.0065342041 	0.030555585 	 -9.2528e-08 	-0.0062126318 	-0.0029916948 	 -0.307476 	-13020.429 	-9032.0765 	 -0.62999496 	8.48063e-05 	1.11048e-06 	 -3.2572289 	6.8855e-05 	-4.0851e-07 		5.2475385e-17 -2.3117075e-06 -1.4376389e-06 650000 1
0.00125 330703.08 	-21.65385 	-0.10133235 	 475292.46 	-11.91245 	0.1196095 	 -1.2939e-07 	-0.0058603936 	0.031127091 	 -9.96685e-08 	-0.0057304395 	-0.0021191467 	 -0.324347 	-4244.8719 	-2803.8998 	 -0.62434469 	0.00016439515 	1.050705e-06 	 -3.2256681 	0.000112145 	-2.76995e-07 		0.00125 -2.2018887e-06 -1.350228e-06 210000 1
0.0025 148001.21 	-21.517175 	-0.07595049 	 228555.4 	-11.618375 	0.0339845 	 -1.26272e-07 	-0.0050208721 	0.031189179 	 -9.7156e-08 	-0.0049703994 	-0.002041818 	 -0.323924 	-2077.3178 	-952.47234 	 -0.58652007 	0.00018118152 	1.2295383e-06 	 -3.0917214 	0.0001214515 	-8.60925e-08 		0.0025 -2.0070076e-06 -1.2152779e-06 100000 1
0.00375 139806.41 	-21.160775 	-0.08209441 	 221654.95 	-11.418975 	0.0077345 	 -1.26988e-07 	-0.0044045067 	0.030930669 	 -9.7522e-08 	-0.004440799 	-0.0023038311 	 -0.31442 	-1909.9016 	-811.71103 	 -0.53709774 	0.00017707912 	1.2803862e-06 	 -2.9246161 	0.0001195815 	1.674075e-07 		0.00375 -1.7831516e-06 -1.0647979e-06 100000 1
0.005 132256.3 	-20.81813 	-0.07993574 	 214509.12 	-11.2234 	-0.016741 	 -1.312275e-07 	-0.0039482687 	0.030624489 	 -1.008535e-07 	-0.0040820827 	-0.0025707384 	 -0.30462 	-1749.9882 	-706.91273 	 -0.48872659 	0.0001730849 	1.2498635e-06 	 -2.7606679 	0.0001177855 	4.05095e-07 		0.005 -1.5621306e-06 -9.1572809e-07 100000 1
0.00625 124972.88 	-20.46734 	-0.15211203 	 208140.93 	-11.01075 	-0.0571445 	 -1.2449e-07 	-0.0033705113 	0.030569666 	 -9.46705e-08 	-0.003535098 	-0.0026392812 	 -0.2987655 	-1637.3126 	-588.61495 	 -0.44548402 	0.0001692153 	1.9616265e-06 	 -2.6039413 	0.0001155935 	8.0256e-07 		0.00625 -1.3519648e-06 -7.7082428e-07 100000 1
0.0075 118181.12 	-20.16213 	-0.1260747 	 201428.52 	-10.8114 	-0.053177 	 -1.312875e-07 	-0.0031059875 	0.03031917 	 -1.012415e-07 	-0.0033595736 	-0.0028121944 	 -0.290832 	-1508.8964 	-529.43404 	 -0.40144028 	0.0001655881 	1.6930115e-06 	 -2.4482413 	0.0001137495 	7.59055e-07 		0.0075 -1.1397346e-06 -6.2520809e-07 100000 1
0.00875 111948.37 	-19.845723 	-0.17372195 	 195238.25 	-10.632425 	-0.09428825 	 -1.2751425e-07 	-0.0027556615 	0.030221727 	 -9.79575e-08 	-0.0030349952 	-0.0028945807 	 -0.28497445 	-1409.9431 	-458.36551 	 -0.36231532 	0.00016209098 	2.1616782e-06 	 -2.3004953 	0.00011188975 	1.1655737e-06 		0.00875 -9.373412e-07 -4.859541e-07 100000 1
0.01 105966.12 	-19.548143 	-0.18401835 	 189261.98 	-10.462625 	-0.11991425 	 -1.2655425e-07 	-0.0025047649 	0.030112733 	 -9.80635e-08 	-0.0028186971 	-0.0029700245 	 -0.27927965 	-1315.325 	-406.7081 	 -0.32455112 	0.00015874898 	2.2570962e-06 	 -2.1558352 	0.00011014975 	1.4183797e-06 		0.01 -7.369112e-07 -3.480941e-07 100000 1
0.01125 100396.54 	-19.264625 	-0.16039095 	 183307.5 	-10.3038 	-0.117211 	 -1.28592e-07 	-0.002327003 	0.029991456 	 -1.01574e-07 	-0.002687529 	-0.0030419157 	 -0.27362305 	-1226.8693 	-369.16972 	 -0.28801585 	0.0001555188 	2.0141835e-06 	 -2.0143013 	0.0001085585 	1.3887685e-06 		0.01125 -5.3829121e-07 -2.1065274e-07 100000 1
0.0125 95113.957 	-18.96093 	-0.24954915 	 178192.51 	-10.18495 	-0.14071 	 -1.215205e-07 	-0.0020568727 	0.02993541 	 -9.4522e-08 	-0.0024040758 	-0.0031035438 	 -0.268489 	-1147.6028 	-318.73264 	 -0.25577253 	0.00015233605 	2.900129e-06 	 -1.8810961 	0.0001071545 	1.619716e-06 		0.0125 -3.4969914e-07 -7.7268224e-08 100000 1
0.01375 90208.453 	-18.694585 	-0.18327255 	 172850.53 	-10.0574 	-0.080487 	 -1.26168e-07 	-0.0019553401 	0.029854964 	 -1.01726e-07 	-0.0023596438 	-0.003129353 	 -0.26365625 	-1076.2989 	-297.68425 	 -0.22319059 	0.0001493012 	2.2320515e-06 	 -1.7484097 	0.0001058665 	1.0163965e-06 		0.01375 -1.5767121e-07 5.8107259e-08 100000 1
0.015 85667.109 	-18.402308 	-0.23204955 	 168222.28 	-9.9103 	-0.13022 	 -1.22194e-07 	-0.0017809813 	0.02980632 	 -9.73215e-08 	-0.0021832481 	-0.0031744778 	 -0.2589321 	-1009.9796 	-265.56011 	 -0.19436773 	0.0001462199 	2.7150203e-06 	 -1.6240076 	0.0001041735 	1.5105275e-06 		0.015 2.4690427e-08 1.8812884e-07 100000 1
0.01625 81344.194 	-18.118888 	-0.23709035 	 163821.93 	-9.7517 	-0.17075 	 -1.21034e-07 	-0.0016551516 	0.029764851 	 -9.62695e-08 	-0.0020731591 	-0.0032008075 	 -0.2544965 	-948.64335 	-242.41722 	 -0.1666454 	0.0001431887 	2.7606503e-06 	 -1.5025596 	0.0001023875 	1.9135075e-06 		0.01625 2.0568843e-07 3.1754884e-07 100000 1
0.0175 77312.828 	-17.84006 	-0.20125134 	 159551.52 	-9.5859 	-0.165897 	 -1.224845e-07 	-0.0015694192 	0.029729384 	 -9.89435e-08 	-0.0020211586 	-0.003209511 	 -0.25021075 	-893.20986 	-226.67069 	 -0.13988523 	0.00014017085 	2.397969e-06 	 -1.3840251 	0.0001005705 	1.863469e-06 		0.0175 3.8523789e-07 4.4605427e-07 100000 1
0.01875 73500.498 	-17.522605 	-0.29786997 	 156136.54 	-9.4281 	-0.17163135 	 -1.15181e-07 	-0.0014186318 	0.029697544 	 -9.09715e-08 	-0.0018382392 	-0.0032611293 	 -0.24526675 	-836.88954 	-200.58089 	 -0.11642267 	0.0001370167 	3.3616775e-06 	 -1.2738128 	9.8637e-05 	1.917086e-06 		0.01875 5.5449318e-07 5.6806281e-07 100000 1
0.02 69991.314 	-17.2387 	-0.22147254 	 152568.39 	-9.2427 	-0.0752438 	 -1.186405e-07 	-0.001370309 	0.029690609 	 -9.75715e-08 	-0.0018429409 	-0.0032367422 	 -0.24125235 	-792.16974 	-192.92428 	 -0.092714305 	0.00013396965 	2.594841e-06 	 -1.163801 	9.66145e-05 	9.52821e-07 		0.02 7.2797389e-07 6.9249427e-07 100000 1
0.02125 66728.056 	-16.921655 	-0.26956598 	 149780.15 	-9.102575 	-0.11104858 	 -1.14199e-07 	-0.0012716933 	0.029674818 	 -9.27825e-08 	-0.0017320438 	-0.0032656519 	 -0.23654907 	-745.56915 	-176.48534 	 -0.071875722 	0.00013083692 	3.0728393e-06 	 -1.0619393 	9.48785e-05 	1.3079685e-06 		0.02125 8.9089549e-07 8.1061103e-07 100000 1
0.0225 63649.183 	-16.609235 	-0.27174918 	 147235.92 	-8.967975 	-0.13917118 	 -1.12239e-07 	-0.0012007108 	0.029672 	 -9.15845e-08 	-0.0016720218 	-0.0032714296 	 -0.23209487 	-703.47532 	-165.42386 	 -0.051882482 	0.00012771333 	3.0916232e-06 	 -0.9628675 	9.32165e-05 	1.5872325e-06 		0.0225 1.0525155e-06 9.2769103e-07 100000 1
0.02375 60790.029 	-16.303075 	-0.22970246 	 144880.15 	-8.82825 	-0.1303024 	 -1.126505e-07 	-0.0011539732 	0.029681886 	 -9.41825e-08 	-0.0016588709 	-0.0032541737 	 -0.2278954 	-666.42467 	-159.09723 	 -0.032626497 	0.0001246148 	2.668195e-06 	 -0.86653582 	9.1544e-05 	1.497518e-06 		0.02375 1.212823e-06 1.0442058e-06 100000 1
0.025 58086.332 	-15.970735 	-0.31903751 	 143375.94 	-8.703 	-0.1634563 	 -1.05648e-07 	-0.0010676191 	0.029671213 	 -8.5779e-08 	-0.0015311037 	-0.0032990027 	 -0.2229295 	-625.21181 	-144.59944 	 -0.015882241 	0.0001215292 	3.5596135e-06 	 -0.77826914 	8.98525e-05 	1.825277e-06 		0.025 1.3623596e-06 1.1558915e-06 100000 1
0.02625 55647.456 	-15.665795 	-0.2315555 	 141777.27 	-8.56425 	-0.0989832 	 -1.077745e-07 	-0.0010420479 	0.029707238 	 -9.24025e-08 	-0.0015649687 	-0.0032508414 	 -0.219025 	-596.11463 	-143.47003 	 0.001040248 	0.0001184492 	2.682475e-06 	 -0.69007478 	8.8176e-05 	1.180462e-06 		0.02625 1.5165081e-06 1.2698778e-06 100000 1
0.0275 53364.485 	-15.334272 	-0.27460176 	 140991.31 	-8.445175 	-0.1244606 	 -1.03059e-07 	-0.00098564074 	0.02971687 	 -8.800825e-08 	-0.0014927541 	-0.0032693286 	 -0.21431385 	-562.41723 	-134.97995 	 0.015773805 	0.0001153653 	3.1108655e-06 	 -0.60982027 	8.6563775e-05 	1.4324408e-06 		0.0275 1.6600871e-06 1.3774803e-06 100000 1
0.02875 51241.689 	-15.005092 	-0.27237923 	 140467.28 	-8.324175 	-0.1318286 	 -1.00457e-07 	-0.00094429117 	0.029742639 	 -8.718425e-08 	-0.0014639851 	-0.0032621902 	 -0.20983585 	-532.87048 	-130.32396 	 0.029857988 	0.0001122775 	3.0864235e-06 	 -0.53223654 	8.4951175e-05 	1.5042868e-06 		0.02875 1.8024401e-06 1.4840383e-06 100000 1
0.03 49291.173 	-14.679525 	-0.22654819 	 140176.47 	-8.19695 	-0.1092623 	 -9.9979e-08 	-0.00091708786 	0.029784583 	 -8.98575e-08 	-0.0014768352 	-0.0032291818 	 -0.205605 	-507.70014 	-129.25364 	 0.043373002 	0.00010917555 	2.6258045e-06 	 -0.45730876 	8.331335e-05 	1.277781e-06 		0.03 1.9434849e-06 1.5901676e-06 100000 1
0.03125 47439.625 	-14.328595 	-0.3172537 	 140746.55 	-8.0877 	-0.14109135 	 -9.3257e-08 	-0.00087190394 	0.029794585 	 -8.21305e-08 	-0.0013839008 	-0.0032660486 	 -0.2005342 	-476.82864 	-121.12872 	 0.054964873 	0.00010604105 	3.531532e-06 	 -0.39030389 	8.1695e-05 	1.59237e-06 		0.03125 2.0737519e-06 1.6919912e-06 100000 1
0.0325 45837.442 	-13.998485 	-0.22901832 	 141271.27 	-7.95935 	-0.0754795 	 -9.4531e-08 	-0.00085632414 	0.029862607 	 -8.77575e-08 	-0.0014410496 	-0.0032020062 	 -0.1964802 	-458.22623 	-124.28397 	 0.066684646 	0.00010290795 	2.6470005e-06 	 -0.32331634 	8.003215e-05 	9.36469e-07 		0.0325 2.2085753e-06 1.7956716e-06 100000 1
0.03375 44315.165 	-13.64357 	-0.27458991 	 142655.2 	-7.8343 	-0.10800665 	 -9.0242625e-08 	-0.0008269876 	0.029895697 	 -8.280375e-08 	-0.0013949075 	-0.0032098457 	 -0.19160442 	-433.42762 	-120.58686 	 0.076716236 	9.9754072e-05 	3.1005925e-06 	 -0.26430147 	7.83012e-05 	1.2591045e-06 		0.03375 2.3326354e-06 1.89313e-06 100000 1
0.035 42938.218 	-13.29107 	-0.27507445 	 144327.82 	-7.7065 	-0.12368745 	 -8.7717225e-08 	-0.00080374512 	0.029946953 	 -8.092775e-08 	-0.0013892645 	-0.0031904868 	 -0.18695702 	-412.67153 	-120.20116 	 0.086242853 	9.6596692e-05 	3.1030485e-06 	 -0.20794678 	7.65526e-05 	1.4142605e-06 		0.035 2.4554026e-06 1.989434e-06 100000 1
0.03625 41700.881 	-12.94318 	-0.23069586 	 146281.47 	-7.5782 	-0.10926648 	 -8.67974e-08 	-0.00078725799 	0.030016593 	 -8.254e-08 	-0.0014237395 	-0.0031434706 	 -0.18255585 	-395.93187 	-123.09885 	 0.095321856 	9.344259e-05 	2.656702e-06 	 -0.15430202 	7.483885e-05 	1.2693845e-06 		0.03625 2.5768288e-06 2.0850734e-06 100000 1
0.0375 40509.127 	-12.572805 	-0.3211416 	 149142.7 	-7.4655 	-0.15157761 	 -8.09453e-08 	-0.00077191529 	0.030048552 	 -7.5152e-08 	-0.0013537648 	-0.0031686826 	 -0.1773187 	-372.33688 	-119.06691 	 0.10290216 	9.0291685e-05 	3.559172e-06 	 -0.10879108 	7.31846e-05 	1.688904e-06 		0.0375 2.6873228e-06 2.1758471e-06 100000 1
0.03875 39569.808 	-12.22458 	-0.23188611 	 152002.09 	-7.3458 	-0.09974704 	 -8.08846e-08 	-0.0007603422 	0.030145341 	 -8.042e-08 	-0.0014339033 	-0.0030895414 	 -0.17310025 	-361.62313 	-126.32249 	 0.11057556 	8.713491e-05 	2.663998e-06 	 -0.063273647 	7.154565e-05 	1.1709005e-06 		0.03875 2.8024448e-06 2.2687206e-06 100000 1
0.04 38638.603 	-11.855565 	-0.27504773 	 155806.49 	-7.230775 	-0.12085265 	 -7.6546825e-08 	-0.00075060159 	0.030202858 	 -7.60885e-08 	-0.0014065247 	-0.003083075 	 -0.16809517 	-343.32656 	-126.28939 	 0.116914 	8.397503e-05 	3.0933343e-06 	 -0.026187218 	6.9899e-05 	1.3792823e-06 		0.04 2.9067937e-06 2.3557008e-06 100000 1
0.04125 37845.511 	-11.488085 	-0.27236206 	 159941.55 	-7.113775 	-0.11886377 	 -7.3481025e-08 	-0.00073967167 	0.030280175 	 -7.45045e-08 	-0.001419975 	-0.0030483094 	 -0.16328617 	-329.27468 	-129.75045 	 0.12284996 	8.080767e-05 	3.0639162e-06 	 0.0080946589 	6.82406e-05 	1.3576883e-06 		0.04125 3.0098497e-06 2.4417118e-06 100000 1
0.0425 37169.016 	-11.124 	-0.22561542 	 164417.86 	-6.9868 	-0.09366325 	 -7.17392e-08 	-0.00072946064 	0.030377669 	 -7.5808e-08 	-0.001474973 	-0.0029845626 	 -0.15870965 	-319.23691 	-136.84652 	 0.12842224 	7.7625975e-05 	2.5936645e-06 	 0.039444066 	6.651145e-05 	1.104938e-06 		0.0425 3.1115376e-06 2.5270672e-06 100000 1
0.04375 36481.628 	-10.739895 	-0.31725764 	 169898.81 	-6.8499 	-0.14581785 	 -6.64846e-08 	-0.0007386573 	0.030434538 	 -6.90795e-08 	-0.0014193559 	-0.0029915883 	 -0.15341415 	-301.18571 	-136.08661 	 0.13278717 	7.441829e-05 	3.5078597e-06 	 0.061977636 	6.459625e-05 	1.6227475e-06 		0.04375 3.2022854e-06 2.6075834e-06 100000 1
0.045 36066.727 	-10.37236 	-0.22800243 	 175420.31 	-6.7064 	-0.09428325 	 -6.58048e-08 	-0.00072792233 	0.03056121 	 -7.2712e-08 	-0.0015243616 	-0.0028939723 	 -0.14897645 	-297.35439 	-148.62737 	 0.13722279 	7.1209375e-05 	2.6120605e-06 	 0.084519854 	6.269905e-05 	1.107602e-06 		0.045 3.2975696e-06 2.68999e-06 100000 1
0.04625 35583.549 	-9.98761 	-0.27403568 	 182023.45 	-6.5332 	-0.12758785 	 -6.2112825e-08 	-0.00073429465 	0.030646407 	 -6.8245e-08 	-0.0015102355 	-0.0028660916 	 -0.1438838 	-284.5638 	-152.26415 	 0.14055722 	6.79852e-05 	3.0696806e-06 	 0.097675718 	6.0471727e-05 	1.4377747e-06 		0.04625 3.3819297e-06 2.7654114e-06 100000 1
0.0475 35236.464 	-9.60463 	-0.2745924 	 189018.71 	-6.3522 	-0.13382745 	 -5.9315025e-08 	-0.00073276463 	0.030753062 	 -6.6005e-08 	-0.0015399477 	-0.0028091907 	 -0.1389648 	-276.58143 	-160.25548 	 0.14355761 	6.47585e-05 	3.0722326e-06 	 0.10770531 	5.8167507e-05 	1.4982307e-06 		0.0475 3.4649337e-06 2.8395054e-06 100000 1
0.04875 34989.064 	-9.22628 	-0.22977921 	 196433.09 	-6.16905 	-0.1125105 	 -5.72719e-08 	-0.00072646049 	0.030881726 	 -6.62795e-08 	-0.0016150616 	-0.0027222993 	 -0.13425175 	-273.03757 	-172.90612 	 0.14624772 	6.153554e-05 	2.620913e-06 	 0.11440117 	5.5874305e-05 	1.2840095e-06 		0.04875 3.5465415e-06 2.9123524e-06 100000 1
0.05 34662.853 	-8.833775 	-0.32059194 	 205003.23 	-5.982 	-0.180045 	 -5.29334e-08 	-0.00075874272 	0.030968222 	 -6.01215e-08 	-0.0015655135 	-0.0027004918 	 -0.12894365 	-260.42077 	-175.3337 	 0.14791415 	5.8322255e-05 	3.526394e-06 	 0.11110362 	5.351181e-05 	1.955253e-06 		0.05 3.6170861e-06 2.9781786e-06 100000 1
0.05125 34645.539 	-8.45556 	-0.23052481 	 213660.89 	-5.79465 	-0.1329017 	 -5.08991e-08 	-0.00074690438 	0.031129205 	 -6.27155e-08 	-0.0016970291 	-0.0025775248 	 -0.12434295 	-264.06649 	-195.58244 	 0.14963878 	5.509546e-05 	2.622297e-06 	 0.10778409 	5.1173145e-05 	1.4834855e-06 		0.05125 3.6922335e-06 3.0464684e-06 100000 1
0.0525 34469.851 	-8.065945 	-0.27270139 	 223588.14 	-5.5971 	-0.15042312 	 -4.718725e-08 	-0.00076855183 	0.031247515 	 -5.875725e-08 	-0.0016898277 	-0.002516457 	 -0.11918282 	-257.71741 	-203.50795 	 0.15039817 	5.1872967e-05 	3.041764e-06 	 0.093652138 	4.8737675e-05 	1.655174e-06 		0.0525 3.7564757e-06 3.1072327e-06 100000 1
0.05375 34429.705 	-7.676665 	-0.26861289 	 233990.76 	-5.3935 	-0.13019674 	 -4.389045e-08 	-0.00077533149 	0.031389322 	 -5.662125e-08 	-0.0017316235 	-0.0024262937 	 -0.11412242 	-257.14484 	-217.45397 	 0.15086392 	4.8637155e-05 	2.998484e-06 	 0.075893179 	4.6242275e-05 	1.4501768e-06 		0.05375 3.8193557e-06 3.1666391e-06 100000 1
0.055 34475.592 	-7.289035 	-0.22012876 	 244910.03 	-5.1758 	-0.08665506 	 -4.104255e-08 	-0.0007717807 	0.031555411 	 -5.6375e-08 	-0.0018244106 	-0.002305655 	 -0.1091953 	-261.97985 	-237.86535 	 0.15104678 	4.5376813e-05 	2.511052e-06 	 0.054237119 	4.36295e-05 	1.0128143e-06 		0.055 3.8807979e-06 3.2246109e-06 100000 1
0.05625 34352 	-6.88859 	-0.30861457 	 257181.2 	-4.9361 	-0.15828427 	 -3.71286e-08 	-0.00082906853 	0.031678297 	 -5.087185e-08 	-0.0017696973 	-0.0022376926 	 -0.10379575 	-257.5261 	-243.2919 	 0.15029937 	4.2097937e-05 	3.3939965e-06 	 0.021014997 	4.07701e-05 	1.7240644e-06 		0.05625 3.9312307e-06 3.2751301e-06 100000 1
0.0575 34589.167 	-6.495715 	-0.21802672 	 269601.29 	-4.6906 	-0.10082422 	 -3.449895e-08 	-0.00081475406 	0.031881434 	 -5.1935e-08 	-0.0019255811 	-0.0020787363 	 -0.0988505 	-271.57512 	-274.61668 	 0.1496047 	3.8783957e-05 	2.485308e-06 	 -0.012342394 	3.78895e-05 	1.1479127e-06 		0.0575 3.9860459e-06 3.3275345e-06 100000 1
0.05875 34554.62 	-6.0950175 	-0.26007933 	 283516.02 	-4.427625 	-0.13655012 	 -3.13469e-08 	-0.00085299646 	0.032041094 	 -4.8232425e-08 	-0.0019142926 	-0.001965215 	 -0.0934803 	-276.20109 	-287.06274 	 0.1479953 	3.5465082e-05 	2.9040247e-06 	 -0.058241444 	3.4854e-05 	1.5004362e-06 		0.05875 4.0298306e-06 3.3709742e-06 100000 1
0.06 34650.025 	-5.6929175 	-0.2579431 	 298012.1 	-4.162425 	-0.13798792 	 -2.83069e-08 	-0.00086814516 	0.032227088 	 -4.5919625e-08 	-0.0019582598 	-0.0018240394 	 -0.0881183 	-287.9354 	-308.12854 	 0.14610704 	3.2119683e-05 	2.8808507e-06 	 -0.1084278 	3.17902e-05 	1.5105982e-06 		0.06 4.0721046e-06 3.412442e-06 100000 1
0.06125 34818.933 	-5.288295 	-0.21027975 	 313141.6 	-3.896535 	-0.10893875 	 -2.51773e-08 	-0.00086638532 	0.032440703 	 -4.499845e-08 	-0.0020588733 	-0.0016530742 	 -0.0827342 	-306.76627 	-338.18457 	 0.14393831 	2.871179e-05 	2.402311e-06 	 -0.1631967 	2.874485e-05 	1.2165285e-06 		0.06125 4.1128135e-06 3.4521428e-06 100000 1
0.0625 34688.564 	-4.87092 	-0.28305028 	 329838.26 	-3.62899 	-0.1785872 	 -2.1956e-08 	-0.00095408938 	0.032611229 	 -4.016955e-08 	-0.0019788216 	-0.0015086368 	 -0.0768949 	-319.29024 	-344.09903 	 0.14085161 	2.5247145e-05 	3.1290089e-06 	 -0.23122778 	2.56963e-05 	1.906283e-06 		0.0625 4.1425131e-06 3.4832525e-06 100000 1
0.06375 34982.172 	-4.447295 	-0.19305216 	 346780.57 	-3.359655 	-0.13106395 	 -1.79477e-08 	-0.00093348808 	0.032868951 	 -4.020205e-08 	-0.0021446977 	-0.0012982062 	 -0.0711106 	-350.68919 	-388.78889 	 0.13781467 	2.163531e-05 	2.227559e-06 	 -0.29972446 	2.260365e-05 	1.4271165e-06 		0.06375 4.1762455e-06 3.5167708e-06 100000 1
0.065 34858.032 	-4.014465 	-0.2137995 	 365447.65 	-3.0581125 	-0.13448447 	 -1.425885e-08 	-0.00098752337 	0.033085824 	 -3.7001325e-08 	-0.0021031292 	-0.0010975357 	 -0.06487054 	-378.79691 	-401.81713 	 0.1338322 	1.796881e-05 	2.434541e-06 	 -0.38245303 	1.9269225e-05 	1.454706e-06 		0.065 4.1984485e-06 3.5410925e-06 100000 1
0.06625 34838.217 	-3.569147 	-0.19654182 	 384826.93 	-2.7379525 	-0.10103347 	 -1.010645e-08 	-0.0010049846 	0.033330624 	 -3.4894125e-08 	-0.0021201859 	-0.00087525862 	 -0.05837014 	-415.02886 	-426.3506 	 0.12956038 	1.416759e-05 	2.261797e-06 	 -0.47024358 	1.5744825e-05 	1.11367e-06 		0.06625 4.2186105e-06 3.5633705e-06 100000 1
0.0675 34880.949 	-3.10864 	-0.14133275 	 404966.54 	-2.3903 	-0.0453525 	 -5.7094e-09 	-0.00099151025 	0.033601223 	 -3.369225e-08 	-0.002193218 	-0.00062773347 	 -0.051534365 	-460.61975 	-461.46505 	 0.124989 	1.018094e-05 	1.7092396e-06 	 -0.56331159 	1.19645e-05 	5.5105e-07 		0.0675 4.236568e-06 3.5831055e-06 100000 1
0.06875 34427.614 	-2.6331595 	-0.16657204 	 426892.69 	-2.014685 	-0.061871 	 -2.665e-09 	-0.0010896498 	0.033831333 	 -2.9505e-08 	-0.0020336264 	-0.00035401596 	 -0.044146015 	-511.8186 	-452.85187 	 0.11942005 	6.08235e-06 	1.9618126e-06 	 -0.67115939 	7.932e-06 	7.0793e-07 		0.06875 4.2433696e-06 3.5931169e-06 100000 1
0.07 34453.771 	-2.129092 	-0.089636181 	 449151.29 	-1.59714 	-0.0069725 	 1.9194e-09 	-0.0010393602 	0.034135154 	 -2.855425e-08 	-0.0021544232 	-6.4361332e-05 	 -0.036277285 	-575.36264 	-501.73294 	 0.11394363 	1.64686e-06 	1.1923159e-06 	 -0.77966983 	3.4805e-06 	1.5265e-07 		0.07 4.252484e-06 3.6036535e-06 100000 1
0.07125 33884.951 	-1.6109405 	-0.085098994 	 473232.17 	-1.19837 	0.014637 	 5.00245e-09 	-0.0011372422 	0.034384949 	 -2.5436825e-08 	-0.0020057381 	0.00030408337 	 -0.0277182 	-660.75647 	-492.05004 	 0.10746412 	-2.92952e-06 	1.1460185e-06 	 -0.90274778 	-7.0425e-07 	-7.0485e-08 		0.07125 4.2492704e-06 3.6032234e-06 100000 1
0.0725 33320.282 	-1.0764525 	-0.069781356 	 498071.85 	-0.79027 	0.046023 	 8.29205e-09 	-0.0012007686 	0.034654296 	 -2.3027625e-08 	-0.0019065433 	0.00068376197 	 -0.01872084 	-753.75139 	-493.85808 	 0.10072346 	-7.67552e-06 	9.9191432e-07 	 -1.0310653 	-4.97425e-06 	-3.91225e-07 		0.0725 4.2427624e-06 3.5989834e-06 100000 1
0.07375 32962.227 	-0.66697501 	-0.044918181 	 518398.13 	-0.4774186 	0.076266317 	 1.1097e-08 	-0.0012041576 	0.034875261 	 -2.1889e-08 	-0.0019015868 	0.0009552567 	 -0.011813931 	-822.38624 	-512.75986 	 0.095711311 	-1.12849e-05 	7.4244e-07 	 -1.1275084 	-8.255e-06 	-6.99e-07 		0.07375 4.2353064e-06 3.5934498e-06 100000 1
0.075 31543.148 	-0.63059504 	-0.064239802 	 527766.35 	-0.49570579 	0.068350952 	 1.03616e-08 	-0.0012970956 	0.034840851 	 -2.07111e-08 	-0.0017694501 	0.00099853466 	 -0.011217322 	-813.01751 	-487.32383 	 0.095601926 	-1.125002e-05 	9.3395e-07 	 -1.1269493 	-8.147e-06 	-6.2516e-07 		0.075 4.2181269e-06 3.5816247e-06 100000 1
