# x y z jRe_x jRe_y jRe_z jIm_x jIm_y jIm_z BRe_x BRe_y BRe_z BIm_x BIm_y BIm_z F_x F_y F_z
# 1e-3 1e-3 1e-3 1e+6 1e+6 1e+6 1e+6 1e+6 1e+6 1 1 1 1 1 1 1e+6 1e+6 1e+6
30 -75 10 -0.00864188 -0.000775135 -0.000184372 -0.254795 -0.0119104 -0.0171511 -0.00447063 0.00279034 0.037556 -1.58785e-06 -1.79131e-05 0.00103741 -2.06298e-05 0.000294867 -1.15169e-05
30 -74.5 10 -0.008954 -0.00116174 -0.000180348 -0.242819 -0.018886 -0.0156439 -0.00447488 0.00274399 0.037499 4.93463e-06 -1.81833e-05 0.000976817 -3.09008e-05 0.000286843 -1.263e-05
30 -74 10 -0.00930095 -0.00212845 -0.00020221 -0.231374 -0.0337711 -0.0145823 -0.00448847 0.00268681 0.0374037 1.32753e-05 -1.95314e-05 0.000878181 -5.45053e-05 0.000275896 -1.4788e-05
30 -73.5 10 -0.00958555 -0.00314946 -0.00020878 -0.219885 -0.0502529 -0.0132092 -0.00449003 0.00262424 0.0372999 2.19888e-05 -2.05014e-05 0.000783253 -7.82792e-05 0.000265207 -1.68415e-05
30 -73 10 -0.00984189 -0.00411189 -0.000204746 -0.208546 -0.0654904 -0.0116614 -0.00449113 0.00256307 0.0371911 3.02806e-05 -2.15655e-05 0.000690372 -9.89327e-05 0.000255286 -1.8606e-05
30 -72.5 10 -0.0100563 -0.00527727 -0.00016747 -0.197929 -0.0826965 -0.009957 -0.00451424 0.00249929 0.0370758 3.90282e-05 -2.34068e-05 0.000600003 -0.000122546 0.000245986 -2.05481e-05
30 -72 10 -0.0102754 -0.00634059 -0.000140822 -0.188972 -0.098492 -0.00860965 -0.00452241 0.00244346 0.0369687 4.54637e-05 -2.561e-05 0.000522404 -0.000142866 0.000239416 -2.22324e-05
30 -71.5 10 -0.0104518 -0.00742562 -0.000198921 -0.18085 -0.114808 -0.0084686 -0.00451205 0.00238523 0.036874 5.06554e-05 -2.48674e-05 0.000456047 -0.000162953 0.000234173 -2.40609e-05
30 -71 10 -0.0105138 -0.00840816 -0.000161506 -0.171984 -0.128207 -0.00702269 -0.00452229 0.00232806 0.0367732 5.54548e-05 -2.48869e-05 0.000390871 -0.000179553 0.000227095 -2.55555e-05
30 -70.5 10 -0.0106134 -0.00949576 -0.000149632 -0.164491 -0.14315 -0.00602473 -0.0045279 0.00227226 0.0366804 6.00344e-05 -2.45801e-05 0.000333092 -0.0001979 0.000222205 -2.72375e-05
30 -70 10 -0.010668 -0.0106193 -0.000151097 -0.157179 -0.157944 -0.00530143 -0.00453909 0.00222108 0.0365818 6.53364e-05 -2.42399e-05 0.000276699 -0.000215984 0.000217043 -2.88833e-05
30 -69.5 10 -0.0107576 -0.0116482 -0.000147697 -0.151004 -0.171307 -0.00460832 -0.00453751 0.00216689 0.0364818 7.03911e-05 -2.46948e-05 0.000226476 -0.000231769 0.0002135 -3.01884e-05
30 -69 10 -0.0107842 -0.0127679 -0.000144498 -0.144944 -0.185117 -0.00396181 -0.0045407 0.00211472 0.036383 7.24297e-05 -2.31289e-05 0.000177955 -0.000248632 0.000209262 -3.20103e-05
30 -68.5 10 -0.0107545 -0.0137245 -0.00014456 -0.138616 -0.196809 -0.00338162 -0.00454959 0.00206848 0.0363103 7.53329e-05 -2.26648e-05 0.000142567 -0.000263088 0.000205332 -3.33591e-05
30 -68 10 -0.0108015 -0.0147643 -0.000147086 -0.133651 -0.209237 -0.00293902 -0.00455308 0.00202224 0.0362244 7.73479e-05 -2.13503e-05 0.000106554 -0.000278445 0.00020298 -3.50144e-05
30 -67.5 10 -0.0108271 -0.0159467 -0.000102984 -0.129075 -0.222419 -0.0020282 -0.00455649 0.00196955 0.0361249 8.06913e-05 -2.04005e-05 6.62524e-05 -0.000295324 0.000199992 -3.67026e-05
30 -67 10 -0.0107573 -0.0169415 -0.00011286 -0.123754 -0.23349 -0.00170414 -0.00456537 0.00192768 0.0360462 8.28757e-05 -1.92557e-05 3.97763e-05 -0.000309889 0.000196528 -3.81736e-05
30 -66.5 10 -0.0107354 -0.0180083 -9.19194e-05 -0.119304 -0.245195 -0.00106657 -0.00457391 0.00188433 0.0359627 8.48436e-05 -1.83759e-05 1.55551e-05 -0.000325644 0.00019413 -3.98009e-05
30 -66 10 -0.0107824 -0.0190141 -5.77045e-05 -0.115863 -0.255422 -0.000371121 -0.00457433 0.00183821 0.0358693 8.64933e-05 -1.76278e-05 -1.75363e-05 -0.000338722 0.000192478 -4.13312e-05
30 -65.5 10 -0.0106805 -0.0200174 -7.8892e-05 -0.111363 -0.265927 -0.000324061 -0.0045751 0.00179695 0.0357975 8.74021e-05 -1.60742e-05 -3.64824e-05 -0.000353367 0.000189303 -4.28706e-05
30 -65 10 -0.0105765 -0.021066 -7.62104e-05 -0.107001 -0.276468 -1.36759e-05 -0.00457982 0.00175217 0.0357161 9.03079e-05 -1.54235e-05 -5.48386e-05 -0.00036855 0.000186116 -4.41964e-05
30 -64.5 10 -0.0105398 -0.0221298 -9.52996e-05 -0.103744 -0.286608 1.43262e-05 -0.00457625 0.00170907 0.0356396 8.94082e-05 -1.25596e-05 -7.45304e-05 -0.000383587 0.000184171 -4.61783e-05
30 -64 10 -0.0105159 -0.0231529 -0.000111633 -0.10074 -0.295873 1.28151e-05 -0.00457266 0.00166635 0.0355509 9.12083e-05 -1.19516e-05 -9.7556e-05 -0.000397028 0.000182266 -4.76018e-05
30 -63.5 10 -0.0104839 -0.0241091 -0.000116707 -0.0975296 -0.304729 0.000169239 -0.00457442 0.00162854 0.0354714 9.41578e-05 -1.15798e-05 -0.000114152 -0.000410103 0.000180648 -4.87683e-05
30 -63 10 -0.0103242 -0.0251267 -0.00010664 -0.0935174 -0.314218 0.000449877 -0.00459212 0.001593 0.0354137 9.41162e-05 -1.05055e-05 -0.00011895 -0.00042614 0.000177512 -5.0638e-05
30 -62.5 10 -0.0102281 -0.0261755 -7.00246e-05 -0.0904121 -0.323821 0.00100484 -0.00459879 0.00155699 0.0353431 9.44793e-05 -8.38383e-06 -0.000123308 -0.000442538 0.00017538 -5.24742e-05
30 -62 10 -0.0101919 -0.0271148 -0.000100947 -0.087701 -0.331808 0.000880094 -0.00459151 0.00151739 0.0352635 9.53037e-05 -6.59831e-06 -0.000136214 -0.000455403 0.000174002 -5.38809e-05
30 -61.5 10 -0.0100755 -0.028046 -2.21584e-05 -0.0847498 -0.339353 0.00168562 -0.00460553 0.00148722 0.0352007 9.49096e-05 -5.95869e-06 -0.000146574 -0.000468728 0.000171252 -5.57192e-05
30 -61 10 -0.0100088 -0.0289632 -4.86573e-05 -0.0821319 -0.347204 0.0017218 -0.0046055 0.00145471 0.0351417 9.37873e-05 -3.13268e-06 -0.000152959 -0.000482316 0.000169774 -5.75647e-05
30 -60.5 10 -0.00994381 -0.0300296 -6.34476e-05 -0.0798034 -0.355749 0.00156955 -0.00460904 0.00141483 0.0350517 9.69272e-05 -2.58715e-06 -0.000159562 -0.000497865 0.000168129 -5.88941e-05
30 -60 10 -0.00976263 -0.0309959 -4.42007e-05 -0.0771929 -0.363374 0.00183234 -0.00461401 0.00138621 0.0349909 9.50169e-05 -6.78941e-08 -0.000159726 -0.000513236 0.000164826 -6.10081e-05
30 -59.5 10 -0.00967205 -0.031893 -2.7051e-05 -0.0746976 -0.370361 0.00217716 -0.00462673 0.00135436 0.0349283 9.62021e-05 9.56328e-07 -0.000161326 -0.000527091 0.000163056 -6.25508e-05
30 -59 10 -0.00959154 -0.0327568 4.04616e-06 -0.0723736 -0.377103 0.00227927 -0.00463035 0.00131669 0.0348672 9.5904e-05 1.59789e-06 -0.000163512 -0.000540243 0.000161398 -6.41271e-05
30 -58.5 10 -0.00950035 -0.0337455 -3.14277e-05 -0.0702394 -0.384187 0.0018996 -0.00461898 0.00128568 0.0347898 9.63985e-05 2.37875e-06 -0.000173302 -0.000553691 0.000159335 -6.56081e-05
30 -58 10 -0.00943124 -0.0346852 -4.55606e-05 -0.0685456 -0.390973 0.00183574 -0.0046252 0.00125092 0.0347209 9.9182e-05 3.49168e-06 -0.000173416 -0.000568226 0.000157984 -6.68429e-05
30 -57.5 10 -0.00930985 -0.035548 -5.97755e-05 -0.0663761 -0.3972 0.00195802 -0.00462438 0.00122241 0.0346687 9.87231e-05 5.52561e-06 -0.00017081 -0.000582248 0.000155946 -6.8461e-05
30 -57 10 -0.00920031 -0.0364237 -5.6881e-05 -0.0642524 -0.403336 0.0020686 -0.00462196 0.00119066 0.0346123 9.76651e-05 7.99418e-06 -0.000171277 -0.000595788 0.000153952 -7.02127e-05
30 -56.5 10 -0.00913741 -0.0373051 -5.36746e-05 -0.0624884 -0.409608 0.00203599 -0.00463073 0.00116427 0.0345474 9.81727e-05 7.61725e-06 -0.000170754 -0.000609403 0.000152726 -7.18259e-05
30 -56 10 -0.00903386 -0.0381912 -5.55047e-05 -0.0604966 -0.415759 0.00194674 -0.00463781 0.001137 0.0344874 9.94006e-05 8.12501e-06 -0.000166022 -0.000624021 0.000150981 -7.328e-05
30 -55.5 10 -0.00891283 -0.0390664 -6.84165e-05 -0.0585588 -0.421376 0.00180233 -0.00463239 0.00110597 0.0344287 9.83052e-05 8.95594e-06 -0.000163599 -0.000638005 0.000148886 -7.49644e-05
30 -55 10 -0.00885512 -0.0399606 -5.63673e-05 -0.0572632 -0.427187 0.00207076 -0.00462321 0.00107561 0.0343642 9.83871e-05 1.11227e-05 -0.000167367 -0.00065084 0.00014759 -7.64391e-05
30 -54.5 10 -0.00878415 -0.0408211 -4.93699e-05 -0.0557025 -0.432892 0.00221697 -0.00462396 0.00104781 0.0343035 9.84225e-05 1.33272e-05 -0.000165325 -0.000664358 0.000146282 -7.80477e-05
30 -54 10 -0.00865977 -0.0416488 -5.73237e-05 -0.0539522 -0.437773 0.00210314 -0.0046317 0.00102022 0.0342445 9.70573e-05 1.52179e-05 -0.000160366 -0.000678005 0.000144183 -8.00357e-05
30 -53.5 10 -0.00859728 -0.0424395 -6.2591e-05 -0.0525142 -0.442697 0.00219576 -0.00462705 0.000992204 0.0341932 9.39368e-05 1.9027e-05 -0.000157586 -0.00069068 0.000143094 -8.21569e-05
30 -53 10 -0.00848381 -0.0432846 -5.30303e-05 -0.0508055 -0.447902 0.00205214 -0.0046268 0.000963555 0.0341433 8.97352e-05 2.05999e-05 -0.000151393 -0.000705029 0.000141201 -8.46488e-05
30 -52.5 10 -0.00839144 -0.0441489 -3.55588e-05 -0.0492518 -0.453032 0.00190208 -0.00463243 0.000937435 0.0340815 9.2924e-05 1.78309e-05 -0.00014522 -0.000719435 0.000139591 -8.55818e-05
30 -52 10 -0.00831615 -0.0449205 -3.94426e-05 -0.0478887 -0.457777 0.00213649 -0.00463944 0.000915603 0.0340227 9.6772e-05 2.05776e-05 -0.000136627 -0.000732891 0.000138392 -8.63529e-05
30 -51.5 10 -0.00821246 -0.0457379 -5.46528e-05 -0.0467009 -0.462178 0.0020704 -0.00463952 0.000892475 0.0339659 9.65458e-05 2.27797e-05 -0.000135498 -0.000745453 0.000136535 -8.79869e-05
30 -51 10 -0.00810716 -0.046497 -2.74654e-05 -0.0454185 -0.466556 0.00206151 -0.00463239 0.0008577 0.0339318 9.00183e-05 2.58123e-05 -0.000124285 -0.000759886 0.000134879 -9.076e-05
30 -50.5 10 -0.00805903 -0.0472507 -4.35554e-05 -0.044245 -0.471064 0.00201542 -0.00463545 0.000836822 0.0338698 9.1785e-05 2.51861e-05 -0.000118968 -0.000772172 0.00013404 -9.1825e-05
30 -50 10 -0.00800002 -0.0480271 -7.84568e-05 -0.0433725 -0.475101 0.00185958 -0.00462853 0.000819416 0.0338149 9.12085e-05 2.59328e-05 -0.000115475 -0.000784575 0.000133022 -9.33207e-05
30 -49.5 10 -0.00790309 -0.0488285 -8.75363e-05 -0.0420746 -0.479406 0.00176667 -0.00463122 0.00079694 0.0337615 9.29367e-05 2.7719e-05 -0.000106678 -0.000798679 0.000131451 -9.45227e-05
30 -49 10 -0.00781288 -0.0496306 -7.80192e-05 -0.0408046 -0.483556 0.00167016 -0.0046385 0.00077124 0.0337043 9.49065e-05 2.94235e-05 -9.81584e-05 -0.000812644 0.000129921 -9.57726e-05
30 -48.5 10 -0.00775671 -0.0503378 -6.43804e-05 -0.0398236 -0.487328 0.00183445 -0.00462829 0.000747683 0.0336637 9.08693e-05 3.23295e-05 -9.2694e-05 -0.000824698 0.000128946 -9.78908e-05
30 -48 10 -0.00766458 -0.0510621 -6.00118e-05 -0.0385592 -0.491193 0.00195329 -0.00463424 0.000725772 0.033621 9.06783e-05 3.37836e-05 -8.00675e-05 -0.000838727 0.000127529 -9.94796e-05
30 -47.5 10 -0.00756022 -0.0518198 -5.3977e-05 -0.03714 -0.494987 0.00189751 -0.00464196 0.000702224 0.0335702 9.16438e-05 3.34173e-05 -6.89585e-05 -0.000852746 0.000125831 -0.000100866
30 -47 10 -0.00750068 -0.0525497 -7.42584e-05 -0.0362006 -0.498331 0.00189108 -0.00462846 0.000680502 0.0335168 8.78617e-05 3.63199e-05 -6.51077e-05 -0.000864434 0.000124776 -0.000102929
30 -46.5 10 -0.00745098 -0.0532663 -8.90137e-05 -0.0355571 -0.501876 0.00187896 -0.00463424 0.000660159 0.0334583 9.00183e-05 3.86471e-05 -5.79987e-05 -0.000876553 0.000123908 -0.000103982
30 -46 10 -0.00740342 -0.0539252 -0.00010064 -0.0343928 -0.505343 0.00177598 -0.00462429 0.000639165 0.0334188 8.76265e-05 4.06389e-05 -4.82183e-05 -0.00088888 0.000123188 -0.000105607
30 -45.5 10 -0.0072923 -0.0547063 -0.000104356 -0.0334568 -0.508709 0.00175653 -0.00461981 0.000615996 0.0333683 8.84607e-05 4.23071e-05 -3.75422e-05 -0.000903184 0.000121356 -0.00010682
30 -45 10 -0.00727489 -0.0554356 -0.000105543 -0.0327455 -0.511432 0.00154535 -0.00461594 0.00059112 0.0332989 9.00358e-05 4.25927e-05 -4.12389e-05 -0.00091243 0.000120761 -0.000107768
30 -44.5 10 -0.007233 -0.0561108 -9.89761e-05 -0.0317889 -0.514518 0.00149053 -0.00461315 0.000569953 0.0332514 8.7752e-05 4.37035e-05 -3.29886e-05 -0.0009244 0.000120023 -0.000109605
30 -44 10 -0.00715555 -0.0567534 -0.000102567 -0.030732 -0.517858 0.00156369 -0.00461129 0.000552705 0.0332229 8.51627e-05 4.70339e-05 -1.3976e-05 -0.000939146 0.000118952 -0.000111502
30 -43.5 10 -0.00707253 -0.0574588 -0.000134245 -0.0297395 -0.520631 0.00145842 -0.00461252 0.000534089 0.0331725 8.61454e-05 5.03982e-05 -1.55625e-06 -0.000952622 0.000117656 -0.000112728
30 -43 10 -0.00705983 -0.0582115 -9.17721e-05 -0.0295169 -0.5242 0.0017227 -0.0046123 0.000513635 0.0331227 8.66908e-05 5.23926e-05 6.09187e-06 -0.000965678 0.000117296 -0.000114109
30 -42.5 10 -0.0070146 -0.058869 -0.000111496 -0.0287739 -0.526616 0.00126699 -0.00460637 0.000489175 0.0330732 8.68831e-05 5.03897e-05 7.67873e-06 -0.000975519 0.00011642 -0.00011515
30 -42 10 -0.00694392 -0.0594852 -0.000112633 -0.0276143 -0.528945 0.00134872 -0.00460554 0.000471776 0.0330198 8.67257e-05 5.25169e-05 2.42847e-05 -0.000988526 0.000115297 -0.000116407
30 -41.5 10 -0.00691563 -0.0601922 -0.000137393 -0.026963 -0.531768 0.00137651 -0.00459309 0.000453541 0.0329708 8.26094e-05 5.70453e-05 3.03847e-05 -0.00100038 0.000114789 -0.000118607
30 -41 10 -0.00687706 -0.0608756 -0.000137046 -0.0260601 -0.534608 0.00128671 -0.00459551 0.000430715 0.0329288 8.31167e-05 5.90464e-05 4.29551e-05 -0.00101377 0.000114155 -0.00011991
30 -40.5 10 -0.00685748 -0.0615418 -0.000134096 -0.0254331 -0.537323 0.00122632 -0.00458967 0.000409758 0.0328824 8.23539e-05 5.99671e-05 5.1669e-05 -0.00102571 0.000113761 -0.00012127
30 -40 10 -0.00681825 -0.0622003 -0.000138959 -0.0250477 -0.539613 0.00118271 -0.00458453 0.000390954 0.0328286 8.13222e-05 6.0405e-05 6.01685e-05 -0.00103722 0.000113037 -0.000122728
30 -39.5 10 -0.00679088 -0.0628697 -0.000141749 -0.0244098 -0.541987 0.0011041 -0.00458798 0.000369193 0.0327734 8.31501e-05 6.31052e-05 7.3338e-05 -0.00105011 0.000112546 -0.000123713
30 -39 10 -0.00675701 -0.063487 -0.000152294 -0.02357 -0.544039 0.00112326 -0.00457879 0.000354518 0.0327286 7.97897e-05 6.46437e-05 8.18192e-05 -0.00106119 0.000111932 -0.000125602
30 -38.5 10 -0.00674431 -0.0641574 -0.000163259 -0.0230709 -0.546394 0.00101995 -0.00457173 0.000335976 0.032677 7.85598e-05 6.75288e-05 9.07862e-05 -0.00107305 0.000111653 -0.000127105
30 -38 10 -0.00669899 -0.0648064 -0.000175219 -0.0224916 -0.548693 0.000815872 -0.00457118 0.00031567 0.0326264 7.86333e-05 7.09289e-05 0.000105344 -0.0010861 0.000110899 -0.000128403
30 -37.5 10 -0.00670487 -0.0654279 -0.000165408 -0.0219202 -0.55056 0.000793698 -0.00455632 0.000299085 0.0325796 7.73133e-05 7.14007e-05 0.000107883 -0.00109551 0.000110811 -0.000129558
30 -37 10 -0.00667873 -0.066094 -0.000180273 -0.0212678 -0.552622 0.0007927 -0.00455797 0.000286343 0.0325245 8.1634e-05 7.30651e-05 0.000122607 -0.00110872 0.000110358 -0.000129804
30 -36.5 10 -0.00665562 -0.0667518 -0.000172801 -0.0209559 -0.554955 0.000889377 -0.00455537 0.000263283 0.0324796 7.58067e-05 7.82288e-05 0.000137145 -0.0011221 0.00010995 -0.000132701
30 -36 10 -0.0066615 -0.067407 -0.000159208 -0.0203657 -0.556874 0.00083966 -0.00454918 0.00024119 0.0324231 7.35456e-05 8.02755e-05 0.000144867 -0.00113312 0.000109862 -0.000134466
30 -35.5 10 -0.0066596 -0.0680532 -0.000182186 -0.0199786 -0.558879 0.000750402 -0.00453863 0.000224015 0.0323671 7.27229e-05 8.24489e-05 0.000155602 -0.00114483 0.000109771 -0.000135682
30 -35 10 -0.00662418 -0.0687021 -0.00019907 -0.019573 -0.561168 0.000733058 -0.00453813 0.00020842 0.0323243 7.14092e-05 8.60728e-05 0.000177238 -0.00116011 0.000109273 -0.000137386
30 -34.5 10 -0.00661576 -0.0693107 -0.000198293 -0.0191642 -0.562842 0.000811644 -0.00452838 0.000193871 0.0322688 7.30514e-05 8.93817e-05 0.000185207 -0.00117042 0.000108994 -0.000137872
30 -34 10 -0.00661722 -0.0699405 -0.000231376 -0.0187022 -0.564442 0.000526006 -0.0045224 0.000174474 0.0322085 7.44707e-05 8.92553e-05 0.000196816 -0.00118189 0.000108948 -0.000138544
30 -33.5 10 -0.00661298 -0.0706521 -0.000208344 -0.018049 -0.566467 0.000527819 -0.00451679 0.000152772 0.0321571 7.06098e-05 9.2185e-05 0.000208865 -0.00119515 0.000108701 -0.000140899
30 -33 10 -0.00662314 -0.0712801 -0.000202069 -0.0175339 -0.5681 0.000423388 -0.00450615 0.000132472 0.0321088 6.70018e-05 9.56628e-05 0.000220255 -0.00120693 0.000108731 -0.000142845
30 -32.5 10 -0.00671989 -0.0719013 -0.000206566 -0.0173573 -0.569578 0.000546763 -0.00448884 0.000121707 0.0320358 6.70861e-05 9.91122e-05 0.00022247 -0.00121508 0.000110051 -0.00014354
30 -32 10 -0.00677571 -0.0725506 -0.000268607 -0.0172325 -0.570764 0.000591196 -0.00446756 0.000105908 0.0319565 6.82863e-05 0.000103608 0.000221534 -0.00122247 0.000110793 -0.000143826
30 -31.5 10 -0.00679859 -0.0731953 -0.000265831 -0.0168426 -0.572839 0.000381043 -0.00446707 8.5426e-05 0.0319005 6.98753e-05 0.000105374 0.000240717 -0.00123644 0.000111073 -0.000144648
30 -31 10 -0.00678537 -0.0738861 -0.000252615 -0.016387 -0.574891 0.000219538 -0.00446882 6.80815e-05 0.0318564 6.81159e-05 0.000107797 0.00026301 -0.00125248 0.000110806 -0.000146627
30 -30.5 10 -0.00677638 -0.0745439 -0.000249505 -0.0159606 -0.576391 0.0002973 -0.0044657 5.563e-05 0.0318002 6.75321e-05 0.000111405 0.000281835 -0.00126649 0.000110561 -0.00014806
30 -30 10 -0.00681156 -0.0751866 -0.000255028 -0.0157758 -0.577547 0.000497663 -0.00445641 4.34348e-05 0.0317277 6.9795e-05 0.000115622 0.000291474 -0.00127694 0.000110942 -0.000148436
30 -29.5 10 -0.00683032 -0.075869 -0.000275193 -0.0156183 -0.579294 0.000323418 -0.00444515 2.80724e-05 0.0316581 6.95029e-05 0.00011935 0.000310692 -0.00129094 0.000111167 -0.000149521
30 -29 10 -0.00687398 -0.0765071 -0.000250775 -0.0152652 -0.58074 0.000397485 -0.00443261 9.52357e-06 0.0315958 6.18947e-05 0.000123789 0.000318295 -0.0013011 0.000111592 -0.000152568
30 -28.5 10 -0.00695034 -0.0771997 -0.000266798 -0.0148225 -0.582052 0.000305139 -0.0044155 -6.04786e-06 0.0315275 5.97994e-05 0.000128293 0.000327398 -0.00131226 0.000112588 -0.000153964
30 -28 10 -0.00699973 -0.0779136 -0.000274139 -0.0150217 -0.583516 0.000295654 -0.00440343 -1.88998e-05 0.0314458 5.92649e-05 0.000133264 0.000341233 -0.00132461 0.000113231 -0.000155187
30 -27.5 10 -0.00706431 -0.0785691 -0.00030098 -0.015095 -0.584991 0.000153596 -0.00438982 -3.03204e-05 0.0313675 5.74272e-05 0.000136858 0.000354787 -0.00133605 0.000114138 -0.000156581
30 -27 10 -0.00710432 -0.0792203 -0.000317275 -0.0149167 -0.586473 6.10811e-05 -0.00437679 -4.2008e-05 0.0312993 5.65731e-05 0.000141298 0.000376414 -0.00135016 0.000114684 -0.000157681
30 -26.5 10 -0.00715756 -0.0799316 -0.00031618 -0.0146565 -0.587698 -1.35856e-06 -0.00436191 -5.71257e-05 0.0312099 5.82201e-05 0.000144582 0.000389663 -0.00136184 0.000115239 -0.000158075
30 -26 10 -0.00724161 -0.08065 -0.000316278 -0.0142057 -0.588985 2.8238e-05 -0.00435179 -6.70353e-05 0.0311211 6.33333e-05 0.000148461 0.000399827 -0.00137272 0.000116213 -0.000157646
30 -25.5 10 -0.00732471 -0.081359 -0.000299859 -0.0144074 -0.590722 -0.000162154 -0.00434522 -7.88278e-05 0.0310391 5.97615e-05 0.000152937 0.000417387 -0.00138593 0.00011733 -0.000159923
30 -25 10 -0.00737437 -0.082098 -0.000314853 -0.0143349 -0.592191 -0.000274004 -0.00432875 -9.15732e-05 0.030956 5.55387e-05 0.000158211 0.000433711 -0.00139913 0.000117923 -0.000162043
30 -24.5 10 -0.00742399 -0.0828174 -0.000348108 -0.0145322 -0.59332 -0.000340593 -0.00431039 -9.79539e-05 0.0308654 5.60745e-05 0.000163694 0.000451933 -0.00141215 0.000118597 -0.000162678
30 -24 10 -0.00748867 -0.0835201 -0.00036893 -0.014901 -0.594697 -0.000420878 -0.0042966 -0.000102564 0.0307708 5.71525e-05 0.000169119 0.000474732 -0.00142614 0.000119534 -0.000163308
30 -23.5 10 -0.007605 -0.0842461 -0.000344952 -0.0145546 -0.596167 -0.000301434 -0.00428378 -0.000109334 0.0306722 5.38438e-05 0.000175438 0.000490509 -0.00143821 0.000120931 -0.000165257
30 -23 10 -0.00767816 -0.0849764 -0.000335614 -0.014689 -0.597198 -0.00046879 -0.00427084 -0.000109723 0.0305596 5.59596e-05 0.000178045 0.000510252 -0.00145076 0.000121772 -0.000165637
30 -22.5 10 -0.00776653 -0.085797 -0.000363069 -0.0148396 -0.599015 -0.000552337 -0.00425122 -0.000116856 0.0304517 5.36276e-05 0.000186598 0.00052995 -0.00146502 0.000122941 -0.00016724
30 -22 10 -0.00789427 -0.0865722 -0.000367085 -0.0151562 -0.600247 -0.00060705 -0.00423306 -0.000111589 0.0303317 5.71989e-05 0.000193357 0.000545824 -0.00147671 0.000124619 -0.000167091
30 -21.5 10 -0.00800483 -0.0873329 -0.00036065 -0.0153409 -0.601574 -0.000558476 -0.00421997 -0.000109432 0.0302144 5.51372e-05 0.000199732 0.00056747 -0.00149001 0.000126029 -0.000168781
30 -21 10 -0.00811097 -0.0881087 -0.000360431 -0.0156403 -0.602777 -0.000714491 -0.00419854 -0.000105109 0.030086 5.32392e-05 0.000205614 0.000587429 -0.00150241 0.000127345 -0.0001701
30 -20.5 10 -0.00827218 -0.088926 -0.000348262 -0.0157232 -0.604133 -0.000825692 -0.00417754 -9.70789e-05 0.0299451 5.67357e-05 0.000212309 0.000597344 -0.00151182 0.000129256 -0.000169876
30 -20 10 -0.00833031 -0.0897694 -0.000346731 -0.0160068 -0.605635 -0.000912296 -0.0041646 -8.13196e-05 0.0298083 5.51283e-05 0.000219005 0.000628844 -0.00152828 0.000129886 -0.000171647
30 -19.5 10 -0.00845646 -0.0906261 -0.000342157 -0.0162958 -0.607067 -0.0010004 -0.00414147 -6.39181e-05 0.0296683 5.41058e-05 0.000226817 0.000650042 -0.00154157 0.000131422 -0.000172818
30 -19 10 -0.0085795 -0.0914264 -0.000333381 -0.0166454 -0.608437 -0.00104702 -0.00412411 -3.69468e-05 0.0295272 5.68402e-05 0.000233581 0.000673396 -0.00155452 0.000132926 -0.00017302
30 -18.5 10 -0.00872688 -0.0923245 -0.000345054 -0.017387 -0.610059 -0.00106865 -0.00410917 7.39354e-06 0.0293576 6.42671e-05 0.000238568 0.000699661 -0.0015685 0.000134857 -0.000172191
30 -18 10 -0.00884777 -0.0932302 -0.000362674 -0.0180125 -0.611677 -0.00135213 -0.00408174 4.64218e-05 0.0292 6.50316e-05 0.000245963 0.00072767 -0.00158353 0.000136427 -0.000172802
30 -17.5 10 -0.00898039 -0.0941308 -0.000368143 -0.0182918 -0.613185 -0.00159792 -0.00405917 8.98781e-05 0.0290331 6.51567e-05 0.000251843 0.000752807 -0.00159704 0.000137945 -0.000173777
30 -17 10 -0.00912443 -0.0950365 -0.000355278 -0.0187499 -0.614713 -0.00167377 -0.00404388 0.000139367 0.0288527 7.00308e-05 0.000259939 0.000779603 -0.0016104 0.000139601 -0.000173706
30 -16.5 10 -0.00924606 -0.0960072 -0.000328113 -0.0196866 -0.616555 -0.00172931 -0.00403955 0.000206608 0.0286653 7.50384e-05 0.000270441 0.000815283 -0.0016271 0.000141144 -0.000174397
30 -16 10 -0.00942151 -0.0969721 -0.000290151 -0.0202148 -0.618009 -0.00166868 -0.00401314 0.000274328 0.0284657 6.58644e-05 0.000278572 0.000836033 -0.00163825 0.000143072 -0.000178337
30 -15.5 10 -0.00952399 -0.0979883 -0.000309534 -0.0213994 -0.61999 -0.0019862 -0.003991 0.000378078 0.0282634 7.69825e-05 0.000282437 0.000877144 -0.00165631 0.000144517 -0.000176494
30 -15 10 -0.0096878 -0.098992 -0.000295008 -0.0224187 -0.621847 -0.00226241 -0.00397928 0.000487855 0.0280602 8.28399e-05 0.000286575 0.000911028 -0.00167173 0.000146626 -0.000176777
30 -14.5 10 -0.00986745 -0.100049 -0.000293477 -0.0236714 -0.624195 -0.00270691 -0.00395999 0.000610527 0.0278408 8.61621e-05 0.000292387 0.000943634 -0.00168674 0.000148992 -0.000177678
30 -14 10 -0.0100374 -0.101119 -0.000313533 -0.0248068 -0.626098 -0.00287258 -0.00394211 0.000753265 0.0276151 9.62922e-05 0.000301119 0.000975683 -0.00170109 0.000151173 -0.000176683
30 -13.5 10 -0.0102631 -0.102185 -0.000285864 -0.025904 -0.627152 -0.00280272 -0.00392221 0.000902433 0.0273826 0.00011029 0.000308355 0.000994386 -0.0017103 0.000153801 -0.000174436
30 -13 10 -0.0103333 -0.103297 -0.000366664 -0.0273675 -0.630043 -0.00324387 -0.00392964 0.00111033 0.0271802 0.000127251 0.000309514 0.00105574 -0.00173569 0.000155391 -0.000172845
30 -12.5 10 -0.01049 -0.104549 -0.000378187 -0.0293386 -0.632176 -0.00381935 -0.00390135 0.00132038 0.0269379 0.000134222 0.000314584 0.0010888 -0.00175147 0.000157742 -0.000173055
30 -12 10 -0.0106424 -0.105774 -0.00043171 -0.0310531 -0.634461 -0.00423104 -0.00388768 0.00156184 0.026713 0.000152811 0.000316283 0.00112655 -0.00176914 0.000160152 -0.000170353
30 -11.5 10 -0.0108001 -0.107065 -0.000444836 -0.0330242 -0.63664 -0.00476549 -0.00387857 0.00181877 0.0264801 0.000171126 0.000315921 0.00116528 -0.00178732 0.00016269 -0.000168194
30 -11 10 -0.0108723 -0.108321 -0.000471816 -0.0347942 -0.639382 -0.00514503 -0.00386328 0.00209119 0.0262662 0.00017858 0.000321102 0.0012144 -0.00180951 0.000164366 -0.000169101
30 -10.5 10 -0.0109661 -0.109632 -0.000501073 -0.0365649 -0.642028 -0.00565076 -0.00383612 0.00237542 0.0260508 0.000192143 0.000325164 0.00125647 -0.00182983 0.000166228 -0.00016757
30 -10 10 -0.0110416 -0.111135 -0.000585966 -0.0393512 -0.644958 -0.0063646 -0.00383808 0.00273494 0.0258463 0.000217408 0.000322174 0.00131203 -0.00185749 0.000168939 -0.000164601
30 -9.5 10 -0.011212 -0.112542 -0.000738311 -0.0422856 -0.647767 -0.00694075 -0.00383048 0.0031249 0.0256502 0.000247908 0.000317626 0.00134838 -0.00187782 0.000172857 -0.000159485
30 -9 10 -0.0112968 -0.114047 -0.000919613 -0.0448159 -0.650561 -0.00746106 -0.00382413 0.00352808 0.0254762 0.000282828 0.000311537 0.00138802 -0.00190145 0.000175705 -0.000152976
30 -8.5 10 -0.0113401 -0.115602 -0.00117191 -0.0478469 -0.653521 -0.00864839 -0.00379898 0.00395831 0.0253124 0.000315001 0.000303535 0.00143089 -0.00192701 0.000178618 -0.00014636
30 -8 10 -0.0113267 -0.117226 -0.00140863 -0.051097 -0.657195 -0.00963359 -0.00377559 0.00440861 0.0251713 0.000352464 0.000300864 0.00147393 -0.00195515 0.000181171 -0.000138135
30 -7.5 10 -0.0112938 -0.118782 -0.00169695 -0.0548986 -0.660551 -0.0109773 -0.00375715 0.00490293 0.0250695 0.000388856 0.000291087 0.00152811 -0.00198785 0.000184565 -0.000130388
30 -7 10 -0.0112133 -0.12055 -0.00205418 -0.0581514 -0.663991 -0.0120335 -0.00372773 0.00540454 0.0249622 0.000430898 0.000283115 0.00157295 -0.00201956 0.000186925 -0.000120167
30 -6.5 10 -0.011095 -0.122363 -0.00240668 -0.0620176 -0.66762 -0.01298 -0.00369782 0.00594843 0.0248887 0.000479337 0.000272807 0.00161584 -0.00205319 0.000189514 -0.000107689
30 -6 10 -0.0108855 -0.124157 -0.00289351 -0.0663991 -0.671165 -0.0144036 -0.00362572 0.00650365 0.0248198 0.00052782 0.000266267 0.00166168 -0.00208708 0.0001917 -9.21897e-05
30 -5.5 10 -0.0106577 -0.125943 -0.00346225 -0.07064 -0.674923 -0.0158837 -0.00358284 0.00705923 0.0248018 0.000581571 0.000253088 0.00170745 -0.00212378 0.000194056 -7.59153e-05
30 -5 10 -0.0102858 -0.127957 -0.00412372 -0.0757067 -0.678069 -0.0175567 -0.0034673 0.0076757 0.0247574 0.000639705 0.000240666 0.00173682 -0.00215485 0.000194603 -5.35362e-05
30 -4.5 10 -0.0098859 -0.130022 -0.00493237 -0.0809025 -0.681845 -0.0192751 -0.00335831 0.00829517 0.0247731 0.000712584 0.000224605 0.00177281 -0.00219229 0.000195579 -2.54788e-05
30 -4 10 -0.00938636 -0.132091 -0.00584805 -0.0863484 -0.686271 -0.0208828 -0.00325855 0.00892074 0.0248373 0.000792151 0.000209228 0.00181554 -0.00223509 0.000196207 5.70283e-06
30 -3.5 10 -0.00869777 -0.134053 -0.00676687 -0.091709 -0.689946 -0.0228495 -0.00311235 0.00957157 0.0248826 0.000867217 0.000193933 0.00185754 -0.00227399 0.000194011 4.00389e-05
30 -3 10 -0.00807437 -0.136365 -0.00777006 -0.098426 -0.694199 -0.0254647 -0.00294454 0.0102081 0.0249199 0.000947158 0.000171504 0.0018872 -0.0023123 0.000192861 7.83399e-05
30 -2.5 10 -0.00717977 -0.138713 -0.00901263 -0.105355 -0.697858 -0.0278802 -0.00269724 0.0108529 0.0249879 0.00104665 0.000150876 0.00191114 -0.00234892 0.000187942 0.000131228
30 -2 10 -0.00616603 -0.140992 -0.0105875 -0.111946 -0.701818 -0.0299112 -0.00246979 0.0115119 0.025088 0.00114449 0.000127971 0.00194212 -0.00238726 0.000182011 0.000184846
30 -1.5 10 -0.00517097 -0.143257 -0.0121237 -0.119063 -0.706215 -0.03245 -0.0022034 0.0121596 0.025183 0.00124176 0.000106559 0.00197355 -0.00242526 0.000175807 0.000242869
30 -1 10 -0.00384196 -0.146018 -0.0141742 -0.127353 -0.708689 -0.0341667 -0.00186405 0.0128075 0.0252402 0.00135583 7.38787e-05 0.00196064 -0.00244547 0.000163381 0.000315031
30 -0.5 10 -0.00278333 -0.147846 -0.0156364 -0.133679 -0.711579 -0.0361528 -0.0016505 0.0133448 0.0253548 0.00145392 4.08297e-05 0.0019728 -0.00247113 0.000153768 0.00037398
30 0 10 -0.0019087 -0.149369 -0.016748 -0.139085 -0.713152 -0.0379432 -0.00150155 0.0138059 0.0255324 0.00155126 6.04267e-06 0.00197505 -0.0024954 0.000144861 0.000427405
30 0.5 10 -0.00251422 -0.15853 -0.0185291 -0.134551 -0.723505 -0.0415912 -0.0120611 -0.0352736 0.0769061 0.0139197 -0.00818492 0.0109231 -0.0105444 0.000653808 0.00467445
30 1 10 -0.00401923 -0.161883 -0.0176253 -0.124583 -0.72661 -0.0409982 -0.0124557 -0.034411 0.0772705 0.013801 -0.00805481 0.0110268 -0.0107289 0.000669021 0.00457667
30 1.5 10 -0.00528405 -0.166491 -0.0169504 -0.116052 -0.731315 -0.0412115 -0.0126773 -0.0331398 0.0776703 0.0130277 -0.00762523 0.0111362 -0.0109757 0.000690391 0.00423836
30 2 10 -0.00677776 -0.171103 -0.0163282 -0.107805 -0.73576 -0.0416918 -0.0128833 -0.0318621 0.0779936 0.0122886 -0.00717986 0.0111421 -0.0111812 0.00071391 0.00391354
30 2.5 10 -0.0079926 -0.175394 -0.0157766 -0.099943 -0.740794 -0.0418422 -0.012941 -0.0306325 0.0782446 0.0115365 -0.00674951 0.0111335 -0.0113685 0.000729776 0.00359789
30 3 10 -0.00884608 -0.1793 -0.0153347 -0.0927108 -0.746215 -0.0419085 -0.0130055 -0.0293594 0.0786165 0.0107743 -0.00632685 0.0113784 -0.011651 0.000749126 0.00327718
30 3.5 10 -0.00950022 -0.18338 -0.0147484 -0.0862441 -0.751106 -0.0418108 -0.012951 -0.0280755 0.0788699 0.010036 -0.00588349 0.0115417 -0.0118961 0.000758037 0.00296867
30 4 10 -0.0103254 -0.187141 -0.0141067 -0.0796885 -0.755414 -0.0416116 -0.0129167 -0.0268863 0.0789773 0.00949416 -0.00548962 0.0115974 -0.0120742 0.000763398 0.00273492
30 4.5 10 -0.0109438 -0.190028 -0.0133951 -0.0727791 -0.759803 -0.0413712 -0.0129112 -0.0257906 0.0791868 0.00899265 -0.00519309 0.0118277 -0.0122974 0.00076416 0.00251967
30 5 10 -0.0113258 -0.193253 -0.0126571 -0.0667535 -0.764398 -0.0407556 -0.0128308 -0.0246399 0.0794327 0.00851806 -0.00483242 0.0120713 -0.0125433 0.000760343 0.00231662
30 5.5 10 -0.0113625 -0.196578 -0.0118846 -0.0611989 -0.767463 -0.0401892 -0.0126104 -0.0234926 0.0794184 0.00795576 -0.0044951 0.0121982 -0.0127167 0.000739521 0.00208443
30 6 10 -0.0117622 -0.199187 -0.0112528 -0.0559865 -0.771287 -0.0397179 -0.0124555 -0.0224236 0.0794497 0.00748625 -0.00417282 0.012388 -0.0128991 0.000735441 0.00189522
30 6.5 10 -0.0120133 -0.201796 -0.0107243 -0.0510306 -0.775017 -0.0391214 -0.0122839 -0.0214059 0.0793979 0.00706128 -0.00383716 0.0124975 -0.0130438 0.000723535 0.00172336
30 7 10 -0.0120211 -0.204398 -0.0100793 -0.0464296 -0.777803 -0.0386959 -0.0121422 -0.0204295 0.0793559 0.0067063 -0.00355643 0.0126416 -0.0131982 0.000701884 0.00157252
30 7.5 10 -0.0119701 -0.206809 -0.00950169 -0.0423259 -0.780956 -0.0377245 -0.0120186 -0.0194603 0.0792668 0.00638961 -0.00328728 0.0127912 -0.0133457 0.000681691 0.00143826
30 8 10 -0.0117935 -0.209087 -0.00890351 -0.0386204 -0.782901 -0.0368292 -0.011815 -0.018508 0.0790443 0.00605466 -0.00301868 0.0128357 -0.0134261 0.00065507 0.00130235
30 8.5 10 -0.0113758 -0.210653 -0.00836336 -0.0360624 -0.787718 -0.0357797 -0.0116712 -0.0175516 0.0790677 0.00572353 -0.00273614 0.0132069 -0.0136519 0.000634278 0.00117415
30 9 10 -0.0113464 -0.212939 -0.00782461 -0.031862 -0.788719 -0.0353551 -0.0114413 -0.0167673 0.0786601 0.00542753 -0.00250284 0.0131583 -0.0136739 0.000604698 0.00105724
30 9.5 10 -0.011184 -0.2148 -0.00729391 -0.0281319 -0.789873 -0.0344369 -0.0113199 -0.0160045 0.0784145 0.00517435 -0.00230742 0.0132483 -0.0137521 0.000577035 0.000949729
30 10 10 -0.0110225 -0.21644 -0.00683444 -0.0247166 -0.791661 -0.0333411 -0.0112002 -0.015213 0.0781372 0.00495224 -0.00206625 0.0133428 -0.0138239 0.000551246 0.000857537
30 10.5 10 -0.0107551 -0.218124 -0.00635383 -0.0216989 -0.793635 -0.0324189 -0.0110515 -0.0145108 0.0778611 0.00466906 -0.00187589 0.0134607 -0.0139096 0.000524171 0.000745854
30 11 10 -0.0102687 -0.219459 -0.00579163 -0.0192359 -0.794546 -0.0319052 -0.0109454 -0.0138486 0.0775382 0.00444999 -0.00171751 0.0135972 -0.0139775 0.000489591 0.000654448
30 11.5 10 -0.00978461 -0.22067 -0.00540208 -0.0171276 -0.795951 -0.031301 -0.0107647 -0.0132072 0.0772689 0.00429417 -0.00155333 0.013789 -0.0140731 0.000457979 0.000599173
30 12 10 -0.00941999 -0.222029 -0.00515179 -0.0144236 -0.797024 -0.0301409 -0.0107084 -0.0125772 0.0769667 0.00408266 -0.00140075 0.0138757 -0.0141276 0.000428638 0.00050754
30 12.5 10 -0.00900622 -0.223241 -0.00492433 -0.0120408 -0.797497 -0.0290245 -0.0105612 -0.0120239 0.0766124 0.00391836 -0.00123935 0.0139498 -0.0141616 0.000398116 0.000445201
30 13 10 -0.00853958 -0.224065 -0.00452515 -0.0104245 -0.798839 -0.028549 -0.010492 -0.0115051 0.0763483 0.00379716 -0.00111973 0.0141019 -0.0142281 0.00036903 0.000396182
30 13.5 10 -0.00796789 -0.225312 -0.00423023 -0.00893752 -0.798209 -0.0278016 -0.0103787 -0.0110452 0.0758607 0.00362686 -0.000989738 0.0140337 -0.0141842 0.000336474 0.000326699
30 14 10 -0.00752478 -0.226357 -0.00387454 -0.00730916 -0.798579 -0.0273161 -0.0102725 -0.0106354 0.0755419 0.00347046 -0.000879623 0.0141536 -0.0142337 0.000308445 0.000266321
30 14.5 10 -0.00713254 -0.227018 -0.0036596 -0.00545399 -0.799128 -0.0265977 -0.0101836 -0.0102139 0.0752223 0.00334132 -0.000768974 0.0142542 -0.0142628 0.000281333 0.000217662
30 15 10 -0.00669096 -0.227709 -0.00349463 -0.00380808 -0.799394 -0.0259138 -0.0100935 -0.00984475 0.074939 0.00322802 -0.000675766 0.0143967 -0.0143124 0.00025393 0.000175266
30 15.5 10 -0.00622718 -0.228416 -0.00338097 -0.00240095 -0.799361 -0.0251297 -0.0100236 -0.00949673 0.0746556 0.0031365 -0.000584173 0.0144986 -0.0143445 0.000227388 0.000139093
30 16 10 -0.00563628 -0.22918 -0.00318913 -0.00149894 -0.798785 -0.0246189 -0.00995757 -0.00917521 0.0742939 0.00307577 -0.000487183 0.014489 -0.0143208 0.000198247 0.000113621
30 16.5 10 -0.00524573 -0.229787 -0.0031407 -0.000142509 -0.798704 -0.0239168 -0.00985123 -0.00889964 0.074002 0.00293597 -0.000396781 0.0145584 -0.014335 0.000175495 6.40123e-05
30 17 10 -0.00478799 -0.230393 -0.00306644 0.000739882 -0.798163 -0.0232799 -0.00978862 -0.00865778 0.0736717 0.00285507 -0.000321311 0.0145613 -0.0143149 0.000152758 3.24006e-05
30 17.5 10 -0.00439139 -0.231 -0.00296239 0.00177273 -0.797187 -0.022957 -0.00972513 -0.00843154 0.0733738 0.00280783 -0.000254826 0.0145786 -0.014301 0.00013036 1.42151e-05
30 18 10 -0.00403454 -0.231561 -0.00287747 0.00332403 -0.796654 -0.0223115 -0.0097024 -0.00818878 0.0731981 0.00274463 -0.000165375 0.014714 -0.0143495 0.000106546 -1.38435e-05
30 18.5 10 -0.0035675 -0.231788 -0.00281896 0.00392804 -0.796747 -0.0219871 -0.0096289 -0.00798809 0.0729599 0.00264288 -9.72937e-05 0.0148233 -0.0143731 8.55459e-05 -4.90209e-05
30 19 10 -0.00305815 -0.232001 -0.00277953 0.00440406 -0.796571 -0.0216257 -0.00956217 -0.00778672 0.0727111 0.00255575 -3.58883e-05 0.0148929 -0.0143774 6.40404e-05 -7.94734e-05
30 19.5 10 -0.00269354 -0.232171 -0.00271116 0.00545081 -0.795813 -0.0211255 -0.00948415 -0.00763038 0.0725059 0.00253479 1.5752e-05 0.0149312 -0.0143683 4.30376e-05 -8.20447e-05
30 20 10 -0.00232616 -0.232462 -0.00265645 0.00646316 -0.794591 -0.0209023 -0.00946874 -0.00748602 0.0722635 0.0024454 6.68977e-05 0.0149501 -0.0143481 2.27552e-05 -0.000120093
30 20.5 10 -0.00191939 -0.232714 -0.00272328 0.00693727 -0.793523 -0.0202985 -0.00942078 -0.00734542 0.072058 0.00241237 0.000122211 0.0149689 -0.0143323 5.57605e-06 -0.000131565
30 21 10 -0.00146266 -0.232972 -0.00272598 0.00728052 -0.793048 -0.0198404 -0.00937047 -0.00720524 0.0719009 0.00232089 0.000175428 0.0150071 -0.0143342 -1.22982e-05 -0.00016533
30 21.5 10 -0.00117318 -0.233303 -0.00271654 0.00823297 -0.792065 -0.0194018 -0.00934332 -0.00707938 0.0716801 0.00228818 0.000237599 0.0149869 -0.0143042 -2.91532e-05 -0.000178586
30 22 10 -0.000747903 -0.233226 -0.00268179 0.00871057 -0.791278 -0.0193521 -0.0093215 -0.00699395 0.0715409 0.0022757 0.000261194 0.0150145 -0.0142898 -4.81604e-05 -0.000182901
30 22.5 10 -0.000326364 -0.233389 -0.00270387 0.00923103 -0.789889 -0.0192536 -0.00929721 -0.00690319 0.0713285 0.00224471 0.000299929 0.0149442 -0.0142322 -6.63758e-05 -0.000195887
30 23 10 0.000161042 -0.233602 -0.0027583 0.0094317 -0.788164 -0.018931 -0.00928965 -0.00679542 0.0710903 0.00216339 0.000362823 0.0148634 -0.0141668 -8.34837e-05 -0.000231326
30 23.5 10 0.000287889 -0.233565 -0.00281755 0.0107339 -0.787443 -0.018344 -0.00925317 -0.0067103 0.0710494 0.00213851 0.000410198 0.0149813 -0.0142015 -9.72102e-05 -0.000237397
30 24 10 0.000703009 -0.233356 -0.00280813 0.0108937 -0.786575 -0.0183074 -0.009212 -0.00664291 0.0709647 0.00208963 0.000430127 0.0150861 -0.0142186 -0.000113309 -0.000253007
30 24.5 10 0.000952526 -0.23345 -0.00286756 0.0116015 -0.785605 -0.0179031 -0.00911754 -0.00657776 0.070805 0.00202616 0.000462076 0.0149816 -0.0141548 -0.000125691 -0.000268817
30 25 10 0.00145611 -0.233413 -0.00288024 0.0116639 -0.784526 -0.0177053 -0.00917434 -0.00649475 0.070713 0.0020507 0.000488136 0.015013 -0.0141467 -0.00014398 -0.000268172
30 25.5 10 0.00161806 -0.233504 -0.00291817 0.0126365 -0.782074 -0.0175629 -0.00910395 -0.00645301 0.0704639 0.0019838 0.000536542 0.0148264 -0.0140292 -0.000154822 -0.000288997
30 26 10 0.00194138 -0.233046 -0.00290238 0.0130683 -0.781608 -0.0174855 -0.00910857 -0.00639993 0.0704417 0.00200084 0.000580784 0.0149361 -0.0140494 -0.000170247 -0.000281839
30 26.5 10 0.00249133 -0.232859 -0.00288427 0.0125198 -0.780881 -0.017395 -0.00907366 -0.00633717 0.0704364 0.00201084 0.000599451 0.0150127 -0.0140664 -0.000186122 -0.00027547
30 27 10 0.00261057 -0.232778 -0.00288292 0.0135732 -0.779188 -0.0174745 -0.00904615 -0.00633183 0.070321 0.00197758 0.000607573 0.0149199 -0.0140011 -0.000197284 -0.000286564
30 27.5 10 0.00288863 -0.232626 -0.00298891 0.0140801 -0.777261 -0.0172442 -0.0089874 -0.00629992 0.0702005 0.00193017 0.00063425 0.01483 -0.0139325 -0.000209006 -0.000299862
30 28 10 0.00347361 -0.232484 -0.00305107 0.0137711 -0.775752 -0.0169353 -0.00894191 -0.00624859 0.0700704 0.00192701 0.000669968 0.0147199 -0.0138585 -0.00022573 -0.000298222
30 28.5 10 0.00371441 -0.232307 -0.00313592 0.0145059 -0.77375 -0.0169082 -0.00898647 -0.00622042 0.0700154 0.00187769 0.000661222 0.0146836 -0.0138174 -0.000238316 -0.000324135
30 29 10 0.00408884 -0.231778 -0.00314365 0.0147182 -0.772914 -0.0169797 -0.00900453 -0.00619985 0.0700071 0.00180847 0.00069471 0.0147056 -0.0138 -0.000252544 -0.00035219
30 29.5 10 0.00446405 -0.231122 -0.00314472 0.0147432 -0.772604 -0.0170032 -0.00902439 -0.00617813 0.0700826 0.00177646 0.000723216 0.0148578 -0.013842 -0.000266865 -0.000365077
30 30 10 0.00476383 -0.231254 -0.00323241 0.014956 -0.770026 -0.0164061 -0.00895667 -0.00613797 0.070039 0.00178514 0.000752286 0.0147964 -0.013799 -0.000277643 -0.000357327
30 30.5 10 0.00508089 -0.230463 -0.00331596 0.0157963 -0.768779 -0.0163924 -0.00884153 -0.00611898 0.0699016 0.00177617 0.000760689 0.0146707 -0.013698 -0.000293351 -0.000345618
30 31 10 0.00528285 -0.230015 -0.00335765 0.0166439 -0.767103 -0.0163535 -0.00889659 -0.00610038 0.0698271 0.00176487 0.000768145 0.0145971 -0.0136333 -0.000305415 -0.000355975
30 31.5 10 0.00573042 -0.229653 -0.00328109 0.0163987 -0.765529 -0.0167833 -0.00884131 -0.00611174 0.0698497 0.00178317 0.000764152 0.0145813 -0.0136054 -0.00032015 -0.000343925
30 32 10 0.00600414 -0.22931 -0.00326017 0.0169468 -0.763353 -0.0168983 -0.00884911 -0.00611303 0.069775 0.00175761 0.000779744 0.0144624 -0.0135234 -0.000332441 -0.000355502
30 32.5 10 0.00628461 -0.228828 -0.00331226 0.0177102 -0.761582 -0.0167106 -0.00884846 -0.00610327 0.0696875 0.00171998 0.000799522 0.0143392 -0.0134369 -0.000345671 -0.000369534
30 33 10 0.00664672 -0.228391 -0.00341404 0.0181202 -0.760181 -0.016428 -0.00879532 -0.00607788 0.0696717 0.00168071 0.000818995 0.0142585 -0.0133794 -0.000359519 -0.000378343
30 33.5 10 0.0069884 -0.227508 -0.00346296 0.0184089 -0.758187 -0.0164768 -0.00883658 -0.00604991 0.0696366 0.00171237 0.000847487 0.0142427 -0.0133243 -0.000373228 -0.000369385
30 34 10 0.00729511 -0.226932 -0.00353674 0.0190417 -0.756387 -0.0163153 -0.00880715 -0.00603914 0.0696034 0.00168878 0.000864354 0.014141 -0.0132493 -0.000386718 -0.000374427
30 34.5 10 0.00777373 -0.226233 -0.00350199 0.0191572 -0.754635 -0.0163586 -0.0088089 -0.00605217 0.0695697 0.0016783 0.000877743 0.0140554 -0.0131762 -0.000403342 -0.000378299
30 35 10 0.00804143 -0.225731 -0.00356245 0.0198391 -0.752265 -0.0163443 -0.00882212 -0.00605077 0.0695384 0.00168778 0.000881635 0.0139221 -0.0130886 -0.000415774 -0.000376466
30 35.5 10 0.00851109 -0.225003 -0.00366965 0.0201253 -0.750666 -0.0159385 -0.00879307 -0.00603534 0.0695572 0.00170099 0.000886837 0.0138876 -0.0130418 -0.000433171 -0.000367552
30 36 10 0.00875399 -0.22439 -0.00366343 0.0210974 -0.748277 -0.015903 -0.00877879 -0.00603987 0.0694966 0.0016648 0.000886924 0.0137571 -0.0129482 -0.000446463 -0.000379151
30 36.5 10 0.00907494 -0.223596 -0.00369958 0.0215377 -0.746056 -0.0159302 -0.00876489 -0.00605246 0.069473 0.0016263 0.00088712 0.0136616 -0.0128672 -0.000459092 -0.000391152
30 37 10 0.00945906 -0.222694 -0.00379694 0.022007 -0.744629 -0.0157585 -0.00876777 -0.00604526 0.0695313 0.00160236 0.000926913 0.0135818 -0.012803 -0.000474278 -0.000398076
30 37.5 10 0.00996299 -0.221843 -0.00376412 0.0213642 -0.742575 -0.016444 -0.00876941 -0.00606957 0.0696234 0.00161658 0.000931235 0.0135579 -0.0127604 -0.000488443 -0.000392789
30 38 10 0.0103616 -0.221111 -0.00378828 0.0222464 -0.739705 -0.0164962 -0.00878971 -0.00607763 0.0695494 0.00159567 0.000931517 0.0133821 -0.0126423 -0.000505684 -0.000402715
30 38.5 10 0.0107426 -0.220356 -0.00376046 0.0230402 -0.737187 -0.0166611 -0.00878165 -0.00609759 0.0695217 0.001617 0.000930175 0.0132229 -0.0125374 -0.000522709 -0.000393564
30 39 10 0.011097 -0.219132 -0.00398816 0.0239488 -0.735607 -0.0158803 -0.00875253 -0.00608145 0.0695508 0.00159355 0.000963171 0.0131604 -0.0124653 -0.000538689 -0.000395077
30 39.5 10 0.0114963 -0.218191 -0.00409835 0.0248424 -0.733042 -0.0157184 -0.00875082 -0.00608734 0.0695118 0.00155165 0.000973753 0.0129993 -0.0123528 -0.000555294 -0.000408856
30 40 10 0.0118637 -0.217272 -0.00393384 0.0255569 -0.729615 -0.0164784 -0.00877168 -0.00611861 0.0694668 0.00160555 0.000959308 0.012807 -0.0122228 -0.000571695 -0.00039124
30 40.5 10 0.0124021 -0.216342 -0.00399149 0.0259477 -0.727495 -0.0163096 -0.00874893 -0.0061291 0.0695022 0.00158043 0.000964601 0.0126817 -0.0121354 -0.000590946 -0.000396994
30 41 10 0.0128849 -0.215231 -0.00409949 0.0264915 -0.725558 -0.0163516 -0.00874551 -0.00614235 0.0695397 0.00157925 0.000983345 0.012584 -0.0120533 -0.000609677 -0.000394781
30 41.5 10 0.0131919 -0.21401 -0.00413422 0.0273306 -0.723652 -0.0165756 -0.00880824 -0.00616894 0.0696246 0.00163572 0.00103226 0.0125411 -0.0119921 -0.000625966 -0.000377264
30 42 10 0.0138814 -0.212685 -0.00413717 0.0271738 -0.720356 -0.0164307 -0.00877636 -0.0061731 0.0696016 0.0015888 0.0010046 0.0123866 -0.0118675 -0.000646279 -0.000390246
30 42.5 10 0.0145124 -0.211556 -0.00406889 0.0275695 -0.716813 -0.0165477 -0.00876763 -0.00619208 0.0695705 0.00156852 0.000992405 0.0121763 -0.0117275 -0.000667806 -0.000396507
30 43 10 0.0148377 -0.210232 -0.00403838 0.0289675 -0.714505 -0.0165377 -0.00876123 -0.006228 0.069645 0.00159628 0.00101906 0.0121052 -0.0116496 -0.000687523 -0.000382113
30 43.5 10 0.0150799 -0.209123 -0.00403913 0.0302492 -0.711585 -0.0163155 -0.00874541 -0.00623739 0.0697038 0.00161917 0.00102849 0.0119894 -0.0115583 -0.000702447 -0.00036982
30 44 10 0.0155944 -0.20766 -0.00402004 0.0311074 -0.70879 -0.016648 -0.00872325 -0.00627069 0.0697513 0.0015866 0.00101632 0.0117855 -0.0114231 -0.000722846 -0.000376536
30 44.5 10 0.0162066 -0.206317 -0.00416006 0.0317658 -0.705091 -0.0167282 -0.00869957 -0.00629106 0.0697624 0.00156988 0.00101323 0.0115693 -0.0112799 -0.000744095 -0.000378864
30 45 10 0.0169032 -0.204897 -0.00420571 0.032083 -0.70217 -0.0168182 -0.00872456 -0.00632181 0.0698162 0.00157705 0.00102634 0.0114108 -0.0111634 -0.000768019 -0.000377103
30 45.5 10 0.0173925 -0.203365 -0.00413925 0.0330913 -0.699325 -0.0167217 -0.00874259 -0.00635945 0.069896 0.00158121 0.00103835 0.0112996 -0.0110627 -0.000789919 -0.000374205
30 46 10 0.0178283 -0.201895 -0.00417683 0.0342105 -0.695732 -0.0166116 -0.00872577 -0.00636877 0.0699731 0.00156339 0.00103929 0.0111424 -0.0109444 -0.000809108 -0.000375991
30 46.5 10 0.0184103 -0.200444 -0.00427765 0.0355484 -0.6922 -0.0165246 -0.00876907 -0.00639232 0.0699873 0.00157088 0.00104237 0.0109381 -0.010805 -0.000832884 -0.000375486
30 47 10 0.0190573 -0.198702 -0.0043618 0.0362938 -0.688906 -0.0163987 -0.00875911 -0.00639094 0.070102 0.0015866 0.00107158 0.0107657 -0.0106781 -0.000857248 -0.000365168
30 47.5 10 0.0197774 -0.19695 -0.00429409 0.036817 -0.685429 -0.0170069 -0.00876954 -0.0064634 0.070196 0.00154627 0.00105587 0.010607 -0.0105526 -0.000883727 -0.00037813
30 48 10 0.0203252 -0.195463 -0.00424933 0.0381866 -0.680671 -0.0176005 -0.00876854 -0.00649741 0.0701704 0.0015082 0.00103881 0.0103281 -0.0103775 -0.000904954 -0.000389866
30 48.5 10 0.0210705 -0.19348 -0.00421684 0.0395332 -0.677621 -0.0179014 -0.00881625 -0.00654863 0.0702793 0.00156941 0.00103763 0.0101474 -0.0102414 -0.00093645 -0.000369632
30 49 10 0.0215598 -0.191671 -0.00415901 0.0410102 -0.673753 -0.0173 -0.00879128 -0.00657623 0.0703911 0.00155958 0.0010726 0.00995129 -0.0101027 -0.00095807 -0.000366025
30 49.5 10 0.0222944 -0.189985 -0.00409487 0.0425877 -0.669647 -0.0168813 -0.00878072 -0.00658102 0.0704519 0.00156737 0.0010985 0.00970936 -0.00994754 -0.000987342 -0.000359281
30 50 10 0.0229509 -0.18761 -0.00421217 0.0440556 -0.665831 -0.0166941 -0.00877536 -0.00659083 0.0706525 0.00157437 0.00110308 0.00962776 -0.00983747 -0.00101751 -0.000350373
30 50.5 10 0.0236249 -0.185615 -0.00427598 0.045259 -0.661374 -0.0168971 -0.00884226 -0.00664533 0.0708015 0.00157513 0.00109618 0.0094395 -0.00969739 -0.00104435 -0.000353446
30 51 10 0.0244093 -0.18369 -0.00419956 0.0472926 -0.657042 -0.0174692 -0.00887681 -0.00672321 0.0708635 0.00158787 0.0010874 0.0091416 -0.00951628 -0.00107626 -0.000349983
30 51.5 10 0.025161 -0.181512 -0.00413318 0.0486514 -0.652815 -0.0176704 -0.00886554 -0.00676496 0.0710559 0.00155724 0.00108742 0.00897528 -0.00938272 -0.00110768 -0.00035496
30 52 10 0.0259319 -0.179317 -0.00416095 0.0499395 -0.647943 -0.0175675 -0.00886889 -0.00679053 0.0712309 0.00153244 0.00109638 0.00878466 -0.00923693 -0.00113794 -0.000359374
30 52.5 10 0.0266823 -0.177253 -0.00422405 0.0510966 -0.642252 -0.0175341 -0.00891519 -0.00682451 0.0713516 0.00163471 0.00113974 0.00850843 -0.00906035 -0.00116479 -0.000327105
30 53 10 0.0274572 -0.17464 -0.00415926 0.0532974 -0.637939 -0.0171667 -0.0089274 -0.00685378 0.071563 0.00162783 0.00115914 0.00832856 -0.00890974 -0.00119981 -0.000323514
30 53.5 10 0.0282875 -0.172293 -0.00416076 0.0551681 -0.632192 -0.0170484 -0.00894328 -0.00688561 0.0717471 0.00166289 0.00116813 0.00809638 -0.00874435 -0.00123367 -0.000309965
30 54 10 0.0291585 -0.169718 -0.00408732 0.0567419 -0.626981 -0.0174692 -0.008998 -0.00698956 0.0719623 0.00161269 0.00114206 0.00789239 -0.00858516 -0.00126877 -0.000327501
30 54.5 10 0.0300088 -0.167032 -0.0040642 0.0586442 -0.622278 -0.0175467 -0.00901147 -0.00701577 0.0722512 0.00159465 0.00113806 0.00775523 -0.00845136 -0.00130716 -0.00032834
30 55 10 0.0308979 -0.164506 -0.00409169 0.060555 -0.61596 -0.0172916 -0.00902707 -0.0070359 0.0724697 0.00164546 0.00115604 0.00746756 -0.0082651 -0.00134144 -0.000309431
30 55.5 10 0.0317791 -0.161794 -0.00414987 0.0630055 -0.609433 -0.0170848 -0.00907046 -0.00705768 0.0727217 0.00166439 0.0011855 0.0072244 -0.00808889 -0.0013785 -0.000301405
30 56 10 0.0324954 -0.159297 -0.00407765 0.0665502 -0.603289 -0.0171321 -0.00917378 -0.00709381 0.0729474 0.00163845 0.00122088 0.00693855 -0.00790714 -0.00141144 -0.000311085
30 56.5 10 0.0334171 -0.155808 -0.00379233 0.0686247 -0.598264 -0.0169421 -0.00908662 -0.00719066 0.073411 0.00166388 0.00120825 0.00689599 -0.00778521 -0.00146007 -0.00028885
30 57 10 0.0345373 -0.153163 -0.00379982 0.0711481 -0.591269 -0.0165813 -0.00917522 -0.00723364 0.0736531 0.00169878 0.00122991 0.00653847 -0.007577 -0.00150114 -0.000281595
30 57.5 10 0.0356161 -0.150191 -0.00380323 0.0738165 -0.584183 -0.0163597 -0.00923845 -0.00729134 0.0739936 0.00171399 0.0012531 0.00629964 -0.00740026 -0.00154664 -0.000276718
30 58 10 0.0364158 -0.146856 -0.00367125 0.0767688 -0.577341 -0.0166907 -0.0092534 -0.00735531 0.0744413 0.00170115 0.00122369 0.00616063 -0.00724775 -0.0015891 -0.00027534
30 58.5 10 0.0373133 -0.143494 -0.00364436 0.0800868 -0.570019 -0.0164291 -0.00931312 -0.00739684 0.0748467 0.00173015 0.00125624 0.00595313 -0.00706988 -0.00163201 -0.000262772
30 59 10 0.0383656 -0.140417 -0.00382316 0.083439 -0.562098 -0.0157832 -0.00937845 -0.00741678 0.0752424 0.00172234 0.00132172 0.00568719 -0.00688479 -0.00167629 -0.000261519
30 59.5 10 0.0394279 -0.136959 -0.00359102 0.0875219 -0.553837 -0.0154223 -0.00940601 -0.00748881 0.0756797 0.00173427 0.0013253 0.00546028 -0.00669777 -0.00172738 -0.000253503
30 60 10 0.0402786 -0.133444 -0.00324363 0.0912543 -0.545782 -0.0150923 -0.00943785 -0.00757566 0.0762309 0.00178051 0.00131821 0.00529793 -0.0065344 -0.0017751 -0.000236251
30 60.5 10 0.0410963 -0.130031 -0.0029916 0.094763 -0.537832 -0.0147473 -0.00946496 -0.00763909 0.0768393 0.00181998 0.00132073 0.00517641 -0.00638944 -0.00182344 -0.000220336
30 61 10 0.0422445 -0.126448 -0.00302231 0.0992176 -0.529114 -0.0146178 -0.00951574 -0.00765884 0.0773793 0.00175479 0.00131749 0.00501907 -0.006222 -0.00188186 -0.000233795
30 61.5 10 0.0432511 -0.122353 -0.00299739 0.103388 -0.519204 -0.0145222 -0.00963231 -0.00773641 0.0780754 0.00175816 0.00132476 0.00488187 -0.00604568 -0.00193912 -0.000231669
30 62 10 0.0443568 -0.118525 -0.00288596 0.109171 -0.509604 -0.0138284 -0.00972583 -0.0077825 0.0787062 0.00175129 0.00135257 0.00471703 -0.00586812 -0.00200113 -0.000228917
30 62.5 10 0.0453547 -0.114693 -0.00275245 0.114798 -0.499944 -0.0132403 -0.00984319 -0.00785057 0.079372 0.0017993 0.00140457 0.00459744 -0.00570243 -0.0020622 -0.000212103
30 63 10 0.0461609 -0.110757 -0.00269447 0.120277 -0.489128 -0.012726 -0.00991469 -0.00792513 0.080196 0.00181038 0.00140299 0.00453627 -0.00555228 -0.00212193 -0.000204846
30 63.5 10 0.046911 -0.106365 -0.00251996 0.126703 -0.477487 -0.0121794 -0.0100401 -0.00798577 0.0809769 0.00180323 0.00141328 0.00445565 -0.00537177 -0.00217996 -0.000201224
30 64 10 0.0477688 -0.102261 -0.0023075 0.133695 -0.466573 -0.0113913 -0.0100852 -0.00802717 0.0818305 0.00176647 0.00138457 0.00445174 -0.00522395 -0.00225049 -0.000202739
30 64.5 10 0.0484163 -0.0978596 -0.00213787 0.140394 -0.454399 -0.0104426 -0.0102301 -0.00810466 0.0828107 0.00177512 0.0014232 0.00449333 -0.00507403 -0.00231844 -0.000193543
30 65 10 0.0491937 -0.0934889 -0.00205165 0.148398 -0.441069 -0.0100026 -0.0104131 -0.00817701 0.0837491 0.00181311 0.00146161 0.00448623 -0.00490525 -0.00239122 -0.00017958
30 65.5 10 0.0499285 -0.0893534 -0.00188428 0.156977 -0.427199 -0.00923174 -0.0105459 -0.00825544 0.0847247 0.00179035 0.00145852 0.00452316 -0.00475241 -0.00246843 -0.000180351
30 66 10 0.0503788 -0.0846695 -0.00159438 0.165859 -0.413435 -0.00771277 -0.0106601 -0.00831806 0.0858855 0.00175578 0.0014513 0.00471433 -0.00461151 -0.00255263 -0.000177516
30 66.5 10 0.0505782 -0.0799107 -0.00126192 0.174924 -0.399191 -0.00581875 -0.0107655 -0.00835378 0.0871459 0.0017451 0.00144819 0.00497842 -0.00447667 -0.00263755 -0.000166421
30 67 10 0.0506959 -0.0755154 -0.00102613 0.18513 -0.384475 -0.00444964 -0.0109682 -0.00844887 0.0883554 0.00174093 0.00145736 0.00527523 -0.00435129 -0.00272617 -0.000158723
30 67.5 10 0.0508872 -0.0703387 -0.000897946 0.19649 -0.365517 -0.00322365 -0.0112133 -0.00846371 0.0897184 0.00172853 0.0014815 0.00556487 -0.00417378 -0.00282723 -0.00014826
30 68 10 0.0508267 -0.0655218 -0.000489977 0.210122 -0.348356 -0.00113196 -0.0113989 -0.00853352 0.0911231 0.00169231 0.00147127 0.00605722 -0.00404156 -0.00295029 -0.000140968
30 68.5 10 0.0502191 -0.0611489 -0.000183712 0.222528 -0.33188 0.000897267 -0.0116232 -0.00863045 0.0925748 0.00166993 0.00146885 0.00658215 -0.00392412 -0.00305505 -0.000131541
30 69 10 0.0495956 -0.0565702 -1.50341e-05 0.237665 -0.313557 0.00263426 -0.0117762 -0.00862151 0.093976 0.00160043 0.00143119 0.00716224 -0.00378296 -0.00317931 -0.000125901
30 69.5 10 0.0484548 -0.051462 0.000235338 0.253418 -0.292036 0.00506386 -0.0121331 -0.00870567 0.0956372 0.00155353 0.00143849 0.00796636 -0.00362669 -0.00332395 -0.000113999
30 70 10 0.0469663 -0.0467355 0.000614585 0.270843 -0.270954 0.00808397 -0.0124128 -0.00875759 0.0972797 0.00149864 0.00140226 0.00885071 -0.00347525 -0.00348077 -0.000102788
30 70.5 10 0.0450944 -0.0419821 0.000944082 0.289599 -0.250164 0.0110196 -0.0126395 -0.00872766 0.0988352 0.00142785 0.00135154 0.00986181 -0.00331152 -0.00365454 -8.77987e-05
30 71 10 0.0425717 -0.0369063 0.00116336 0.310156 -0.22405 0.013818 -0.0129875 -0.00871032 0.100735 0.00134925 0.00133396 0.0111198 -0.00310873 -0.00386691 -6.70508e-05
30 71.5 10 0.0393865 -0.0320079 0.00145602 0.331309 -0.198677 0.0174677 -0.0134243 -0.00876537 0.102551 0.00125382 0.00126483 0.0124906 -0.00288669 -0.00408751 -5.33822e-05
30 72 10 0.0356123 -0.0277525 0.00188489 0.357349 -0.175123 0.0218739 -0.0137332 -0.00870464 0.104188 0.00113232 0.00117722 0.0140365 -0.00267947 -0.00436371 -3.60736e-05
30 72.5 10 0.0313623 -0.0230431 0.00223082 0.38578 -0.148125 0.0267458 -0.014103 -0.00863388 0.105929 0.000979868 0.00107773 0.0157933 -0.00239495 -0.0047101 -1.74222e-05
30 73 10 0.0259062 -0.0180249 0.00237778 0.416615 -0.119415 0.0311876 -0.0145341 -0.00846971 0.107787 0.000786055 0.000951248 0.0179511 -0.00204801 -0.00514055 4.38847e-06
30 73.5 10 0.0193881 -0.0135913 0.00229857 0.447243 -0.0911129 0.0353545 -0.0147048 -0.00816322 0.109493 0.000575668 0.000867175 0.0201675 -0.00166879 -0.00557805 4.10809e-05
30 74 10 0.0119454 -0.00911892 0.00242877 0.481473 -0.061031 0.0414368 -0.0151198 -0.00801404 0.111189 0.000328025 0.000718583 0.0227218 -0.00120549 -0.00614565 6.61957e-05
30 74.5 10 0.0037045 -0.00521831 0.00258284 0.518353 -0.0345917 0.0471823 -0.0155342 -0.00786232 0.112545 0.000132179 0.000562849 0.0251679 -0.000732074 -0.00674834 9.30691e-05
30 75 10 -0.00451279 -0.00292126 0.00235077 0.554753 -0.0210789 0.0528785 -0.0157622 -0.00770034 0.113397 -7.91484e-05 0.000461548 0.0269697 -0.00045303 -0.00724551 0.000121541
