# y jRe_x jRe_y jRe_z jIm_x jIm_y jIm_z BRe_x BRe_y BRe_z BIm_x BIm_y BIm_z F_x F_y F_z VReGrad_x VReGrad_y VReGrad_z VImGrad_x VImGrad_y VImGrad_z s VRe VIm sigma mur
-0.075 -6866366 	-163457.37 	-614309.02 	 -10387491 	-446797.5 	-909174.9 	 -0.0041049536 	0.0011535056 	0.050669074 	 0.00032307458 	-0.0012476172 	0.0001333591 	 -4384.3014 	175772.81 	2254.5133 	 -3.8299915 	-4.8218123 	0.10503438 	 -7.1450417 	-21.650359 	1.2440294 		-0.075 -0.069155872 0.030441347 1200000 1
-0.07375 -6837680.7 	-1139549.8 	-591946.05 	 -6485203.8 	-159835.05 	-627702.34 	 -0.0034573628 	0.00084791581 	0.044370999 	 0.0010719942 	-0.0013186685 	-0.0081366711 	 -24321.561 	127846.76 	-497.68306 	 -4.0840137 	-4.4254765 	0.06033546 	 -8.1354993 	-20.491489 	1.0622321 		-0.07375 -0.075032992 0.0037993074 1200000 1
-0.0725 -6018130.9 	-2196590.9 	-493890.96 	 -3335261.1 	-241993.54 	-364081.36 	 -0.0026230618 	0.00053504032 	0.035878004 	 0.0017556402 	-0.0013277711 	-0.015439066 	 -36577.543 	86013.128 	-1990.2387 	 -4.3287505 	-3.9348388 	0.011753159 	 -9.1617913 	-18.905718 	0.84544359 		-0.0725 -0.080282784 -0.0209291 1200000 1
-0.07125 -4953050.5 	-3123903.2 	-378566.54 	 -1270106.5 	-190318.01 	-185374.98 	 -0.0017873536 	0.00028379022 	0.027246248 	 0.0022563146 	-0.0012701842 	-0.020615216 	 -40538.337 	55596.368 	-2444.21 	 -4.464937 	-3.4901622 	-0.02361643 	 -9.8348465 	-17.368166 	0.6633073 		-0.07125 -0.084907004 -0.043572356 1200000 1
-0.07 -3858229.7 	-3889943.5 	-264952.86 	 8945.57 	-33835.808 	-71464.726 	 -0.0012095347 	0.00014097873 	0.021412451 	 0.0024482014 	-0.0011750998 	-0.022347383 	 -41687.188 	41835.649 	-2585.6781 	 -4.532191 	-3.0989202 	-0.049203019 	 -10.290342 	-15.936426 	0.5104779 		-0.07 -0.089008189 -0.064349515 1200000 1
-0.06875 -2866625.2 	-4492135.2 	-164670.88 	 725218.94 	193627.2 	-4924.0994 	 -0.00077796422 	6.0961284e-05 	0.017131727 	 0.0025045464 	-0.0010702371 	-0.022574247 	 -41437.299 	32830.247 	-2484.1728 	 -4.5487007 	-2.7617334 	-0.066794996 	 -10.595653 	-14.630101 	0.38335821 		-0.06875 -0.092654304 -0.083413422 1200000 1
-0.0675 -2037114.6 	-4944511.7 	-82494.775 	 1060766.9 	455489.25 	29048.893 	 -0.00047000755 	2.4162288e-05 	0.014179651 	 0.0024863724 	-0.00096963843 	-0.022003631 	 -41089.421 	26078.875 	-2302.3822 	 -4.5298946 	-2.4768608 	-0.077980107 	 -10.800061 	-13.448804 	0.27810172 		-0.0675 -0.095912522 -0.10092477 1200000 1
-0.06625 -1383247.5 	-5270175.1 	-18996.427 	 1154210 	721416.09 	42051.242 	 -0.00026005176 	1.482584e-05 	0.012284608 	 0.0024336189 	-0.000880127 	-0.021096663 	 -41172.347 	20609.244 	-2128.4282 	 -4.4883396 	-2.240687 	-0.084142464 	 -10.937317 	-12.382893 	0.19107412 		-0.06625 -0.098846456 -0.11703543 1200000 1
-0.065 -893255.97 	-5495204.6 	27544.073 	 1105665.1 	970385.8 	42599.559 	 -0.00012386103 	2.1250744e-05 	0.011181375 	 0.0023706818 	-0.00080388409 	-0.020132446 	 -41792.24 	16070.684 	-2000.0012 	 -4.4337961 	-2.0484259 	-0.086461654 	 -11.029618 	-11.419656 	0.11906871 		-0.065 -0.10151424 -0.131882 1200000 1
-0.06375 -543249.56 	-5644615.4 	59863.64 	 983949.11 	1190309.2 	36588.236 	 -4.0656514e-05 	3.533617e-05 	0.010638355 	 0.0023111365 	-0.00074044385 	-0.019263012 	 -42861.275 	12331.747 	-1925.3729 	 -4.3734851 	-1.8947819 	-0.085919238 	 -11.091205 	-10.546401 	0.059371051 		-0.06375 -0.10396752 -0.14558457 1200000 1
-0.0625 -305453.42 	-5740134.9 	80931.893 	 833852.99 	1376181.7 	27852.752 	 6.2097437e-06 	5.18623e-05 	0.010468037 	 0.0022614403 	-0.00068806956 	-0.018556533 	 -44227.652 	9316.9623 	-1898.1504 	 -4.3124784 	-1.7744654 	-0.083312943 	 -11.131081 	-9.7517682 	0.0097404803 		-0.0625 -0.1062512 -0.158248 1200000 1
-0.06125 -152984.9 	-5799314.1 	93515.817 	 682571.46 	1527917.4 	18710.827 	 2.9378771e-05 	6.7747166e-05 	0.010527503 	 0.0022236608 	-0.00064461251 	-0.018029397 	 -45740.985 	6950.7719 	-1906.4113 	 -4.2541297 	-1.6825385 	-0.079276436 	 -11.154915 	-9.0261182 	-0.031645743 		-0.06125 -0.10840369 -0.16996399 1200000 1
-0.06 -62303.78 	-5835499.5 	99975.508 	 544986.86 	1648420.6 	10423.072 	 3.8003255e-05 	8.1395241e-05 	0.010713677 	 0.0021973844 	-0.00060799314 	-0.017668874 	 -47279.807 	5146.0246 	-1937.7455 	 -4.2004856 	-1.6146086 	-0.074301538 	 -11.166314 	-8.3614867 	-0.066259912 		-0.06 -0.11045754 -0.1808133 1200000 1
-0.05875 -14169.535 	-5858282.5 	102202.91 	 427787.94 	1742090.1 	3555.2429 	 3.8409189e-05 	9.2178939e-05 	0.01095634 	 0.0021809791 	-0.00057643037 	-0.017448315 	 -48758.611 	3808.3775 	-1981.6234 	 -4.1526463 	-1.566911 	-0.068760852 	 -11.167648 	-7.7513659 	-0.095289269 		-0.05875 -0.11244021 -0.19086771 1200000 1
-0.0575 6298.9399 	-5874157.7 	101641.87 	 332538.07 	1813775.6 	-1753.7827 	 3.4756069e-05 	0.00010005446 	0.011210736 	 0.0021723819 	-0.00054851634 	-0.017336736 	 -50124.997 	2844.2184 	-2030.1747 	 -4.1110611 	-1.5363152 	-0.062929688 	 -11.16056 	-7.1904384 	-0.11969343 		-0.0575 -0.11437482 -0.20019171 1200000 1
-0.05625 10051.492 	-5887224.5 	99347.94 	 257862.05 	1868123.7 	-5603.9568 	 2.9621274e-05 	0.00010529403 	0.011450804 	 0.0021695524 	-0.00052320483 	-0.01730438 	 -51352.953 	2167.3577 	-2078.1226 	 -4.0757578 	-1.5202822 	-0.057006056 	 -11.146277 	-6.6743294 	-0.14025235 		-0.05625 -0.116281 -0.2088438 1200000 1
-0.055 4753.1862 	-5899835.2 	96061.909 	 200933.77 	1909221.4 	-8208.9586 	 2.4478931e-05 	0.00010831015 	0.011663471 	 0.0021707023 	-0.00049975831 	-0.017325531 	 -52435.415 	1703.1813 	-2122.3379 	 -4.0465129 	-1.5167945 	-0.051127906 	 -11.125792 	-6.1993955 	-0.15760504 		-0.055 -0.11817553 -0.21687753 1200000 1
-0.05375 -4518.9356 	-5913140.9 	92282.062 	 158432.79 	1940445.7 	-9818.3553 	 2.0070608e-05 	0.00010954779 	0.011844165 	 0.0021743839 	-0.00047768251 	-0.017379561 	 -53377.582 	1390.384 	-2161.2845 	 -4.0229724 	-1.5242764 	-0.045387414 	 -11.099962 	-5.7625542 	-0.17227989 		-0.05375 -0.12007298 -0.22434229 1200000 1
-0.0525 -14625.406 	-5927520.3 	88327.885 	 127114.13 	1964450 	-10673.241 	 1.667878e-05 	0.00010942417 	0.011993453 	 0.0021794964 	-0.00045666387 	-0.017450918 	 -54191.607 	1180.8844 	-2194.4997 	 -4.0047322 	-1.5415167 	-0.039842523 	 -11.069563 	-5.3611552 	-0.18471798 		-0.0525 -0.12198621 -0.23128392 1200000 1
-0.05125 -23807.356 	-5942897.9 	84392.436 	 104108.59 	1983227.9 	-10983.84 	 1.4319246e-05 	0.00010830014 	0.012114666 	 0.0021852488 	-0.00043651543 	-0.017528552 	 -54892.735 	1038.582 	-2222.1713 	 -3.9913889 	-1.5675986 	-0.03452612 	 -11.035316 	-4.9928841 	-0.19529128 		-0.05125 -0.12392677 -0.23774518 1200000 1
-0.05 -31238.556 	-5958966.1 	80583.138 	 87045.973 	1998215.6 	-10921.073 	 1.2870114e-05 	0.00010647126 	0.012212308 	 0.0021911046 	-0.00041713351 	-0.017605107 	 -55496.714 	937.52435 	-2244.8241 	 -3.9825686 	-1.6018387 	-0.029453204 	 -10.997895 	-4.655693 	-0.20431672 		-0.05 -0.12590521 -0.24376613 1200000 1
-0.04875 -36683.802 	-5975333 	76952.084 	 74069.953 	2010403.7 	-10616.672 	 1.2153698e-05 	0.00010417011 	0.012291064 	 0.002196724 	-0.00039846558 	-0.017676068 	 -56018.232 	859.8995 	-2263.1091 	 -3.9779408 	-1.6437364 	-0.024626326 	 -10.957931 	-4.3477508 	-0.21206698 		-0.04875 -0.12793137 -0.24938441 1200000 1
-0.0475 -40251.111 	-5991610.5 	73517.64 	 63792.555 	2020445.4 	-10167.607 	 1.1984745e-05 	0.00010157393 	0.012355242 	 0.0022019112 	-0.00038048805 	-0.017738991 	 -56470.12 	794.1178 	-2277.6741 	 -3.9772222 	-1.6929343 	-0.020039657 	 -10.916017 	-4.067409 	-0.21877881 		-0.0475 -0.13001455 -0.25463551 1200000 1
-0.04625 -42220.89 	-6007462.7 	70279.203 	 55220.498 	2028749.4 	-9642.0879 	 1.2195815e-05 	9.8814323e-05 	0.012408501 	 0.0022065706 	-0.00036319171 	-0.01779285 	 -56863.067 	733.12918 	-2289.0958 	 -3.9801758 	-1.7491864 	-0.015681932 	 -10.872707 	-3.8131765 	-0.22465977 		-0.04625 -0.1321637 -0.25955294 1200000 1
-0.045 -42934.919 	-6022625.7 	67226.818 	 47674.046 	2035555.1 	-9085.7818 	 1.264816e-05 	9.5987079e-05 	0.012453779 	 0.0022106717 	-0.00034657287 	-0.017837524 	 -57205.655 	673.03751 	-2297.8505 	 -3.9866055 	-1.8123351 	-0.011538563 	 -10.828522 	-3.583702 	-0.22989368 		-0.045 -0.13438752 -0.26416845 1200000 1
-0.04375 -42729.635 	-6036909.5 	64347.119 	 40710.394 	2040990.3 	-8527.4143 	 1.3234036e-05 	9.3160956e-05 	0.012493329 	 0.0022142237 	-0.00033062837 	-0.017873419 	 -57504.575 	612.02079 	-2304.3089 	 -3.9963506 	-1.8822945 	-0.00759312 	 -10.783949 	-3.3777596 	-0.23464517 		-0.04375 -0.13669454 -0.26851219 1200000 1
-0.0425 -41900.639 	-6050190.8 	61626.696 	 34057.781 	2045113.4 	-7983.5201 	 1.3874226e-05 	9.0385037e-05 	0.012528806 	 0.0022172558 	-0.00031535324 	-0.017901199 	 -57764.918 	549.53208 	-2308.7456 	 -4.0092788 	-1.9590379 	-0.0038283609 	 -10.739454 	-3.1942386 	-0.23906341 		-0.0425 -0.13909326 -0.27261285 1200000 1
-0.04125 -40688.062 	-6062400.6 	59053.776 	 27562.405 	2047943.4 	-7462.3473 	 1.4513385e-05 	8.7694528e-05 	0.012561385 	 0.0022198057 	-0.00030074008 	-0.017921601 	 -57990.494 	485.73792 	-2311.3552 	 -4.0252813 	-2.0425906 	-0.00022693743 	 -10.695478 	-3.0321351 	-0.24328515 		-0.04125 -0.14159214 -0.27649779 1200000 1
-0.04 -39275.153 	-6073511.2 	56618.849 	 21147.899 	2049479.8 	-6966.7488 	 1.5114985e-05 	8.5115132e-05 	0.012591873 	 0.002221911 	-0.00028677971 	-0.017935326 	 -58184.123 	421.1477 	-2312.2697 	 -4.0442668 	-2.1330242 	0.003228119 	 -10.652451 	-2.8905454 	-0.24743751 		-0.04 -0.14419973 -0.28019319 1200000 1
-0.03875 -37794.63 	-6083523.6 	54314.669 	 14785.929 	2049715.9 	-6496.2159 	 1.5656821e-05 	8.2666288e-05 	0.012620808 	 0.0022236043 	-0.0002734622 	-0.017942972 	 -58347.89 	356.38911 	-2311.5739 	 -4.0661575 	-2.2304537 	0.0065530568 	 -10.610794 	-2.7686606 	-0.25164042 		-0.03875 -0.1469247 -0.28372415 1200000 1
-0.0375 -36339.104 	-6092457.3 	52135.892 	 8475.9677 	2048645.9 	-6048.3507 	 1.6127625e-05 	8.036359e-05 	0.012648542 	 0.0022249104 	-0.00026077834 	-0.017945002 	 -58483.338 	292.09034 	-2309.3162 	 -4.090885 	-2.3350363 	0.0097631656 	 -10.570926 	-2.6657612 	-0.25600895 		-0.0375 -0.14977586 -0.28711484 1200000 1
-0.03625 -34973.231 	-6100342.7 	50078.525 	 2232.0007 	2046269.1 	-5619.9619 	 1.6525026e-05 	7.8220592e-05 	0.0126753 	 0.0022258448 	-0.00024872131 	-0.017941726 	 -58591.617 	228.83515 	-2305.5161 	 -4.1183876 	-2.4469714 	0.012872586 	 -10.533272 	-2.5812135 	-0.26065537 		-0.03625 -0.15276229 -0.29038855 1200000 1
-0.035 -33746.411 	-6107215.7 	48139.296 	 -3926.003 	2042591.9 	-5207.9597 	 1.6854901e-05 	7.6250239e-05 	0.012701216 	 0.0022264134 	-0.00023728855 	-0.017933301 	 -58673.57 	167.16426 	-2300.1663 	 -4.1486073 	-2.5665014 	0.01589413 	 -10.498268 	-2.5144648 	-0.26569116 		-0.035 -0.15589329 -0.29356787 1200000 1
-0.03375 -32705.471 	-6113115.8 	46315.027 	 -9977.9503 	2037628.1 	-4810.2082 	 1.7132209e-05 	7.4466191e-05 	0.012726354 	 0.0022266126 	-0.00022648395 	-0.017919731 	 -58729.772 	107.6011 	-2293.2313 	 -4.1814871 	-2.6939139 	0.018839083 	 -10.466369 	-2.4650399 	-0.27122904 		-0.03375 -0.15917854 -0.29667472 1200000 1
-0.0325 -31907.158 	-6118086.5 	44602.063 	 -15908.926 	2031398.2 	-4426.5078 	 1.7383374e-05 	7.2884347e-05 	0.012750701 	 0.0022264317 	-0.00021632013 	-0.017900869 	 -58760.528 	50.681733 	-2284.6407 	 -4.216969 	-2.8295442 	0.021716955 	 -10.438058 	-2.432538 	-0.27738498 		-0.0325 -0.16262808 -0.29973047 1200000 1
-0.03125 -31430.301 	-6122178.9 	42995.853 	 -21715.994 	2023929 	-4059.9446 	 1.7650146e-05 	7.1524867e-05 	0.012774146 	 0.0022258552 	-0.00020682119 	-0.01787643 	 -58765.817 	-3.0305054 	-2274.2796 	 -4.2549908 	-2.9737799 	0.02453515 	 -10.413851 	-2.4166299 	-0.28428038 		-0.03125 -0.1662524 -0.30275606 1200000 1
-0.03 -31387.37 	-6125458.2 	41490.841 	 -27418.705 	2015250.9 	-3718.8532 	 1.79948e-05 	7.0415024e-05 	0.012796434 	 0.0022248677 	-0.00019802566 	-0.017845999 	 -58745.209 	-52.967112 	-2261.9747 	 -4.2954837 	-3.1270658 	0.027298491 	 -10.394309 	-2.4170566 	-0.29204419 		-0.03 -0.17006253 -0.30577205 1200000 1
-0.02875 -31934.621 	-6128012.5 	40080.893 	 -33075.857 	2005394.1 	-3419.6396 	 1.8506309e-05 	6.9593267e-05 	0.012817105 	 0.0022234628 	-0.00018998959 	-0.017809065 	 -58697.726 	-98.640781 	-2247.4785 	 -4.3383683 	-3.2899109 	0.030008552 	 -10.380047 	-2.4336273 	-0.30081534 		-0.02875 -0.17407007 -0.3087987 1200000 1
-0.0275 -33278.918 	-6129965.5 	38760.665 	 -38811.019 	1994380.7 	-3190.6752 	 1.9306717e-05 	6.9115008e-05 	0.012835416 	 0.0022216553 	-0.00018278961 	-0.017765072 	 -58621.676 	-139.83025 	-2230.4524 	 -4.3835503 	-3.4628979 	0.032662738 	 -10.371745 	-2.4662194 	-0.31074524 		-0.0275 -0.17828731 -0.31185611 1200000 1
-0.02625 -35677.72 	-6131489.8 	37528.53 	 -44848.934 	1982210.1 	-3077.3341 	 2.0556282e-05 	6.9060565e-05 	0.012850245 	 0.0022195019 	-0.00017652552 	-0.017713517 	 -58514.429 	-176.90402 	-2210.4518 	 -4.4309158 	-3.6466959 	0.035253001 	 -10.370157 	-2.5147766 	-0.32200063 		-0.02625 -0.18272731 -0.31496425 1200000 1
-0.025 -39426.785 	-6132822.8 	36391.968 	 -51564.256 	1968834.8 	-3148.0162 	 2.2454845e-05 	6.9545679e-05 	0.012860001 	 0.0022171298 	-0.00017132207 	-0.017654108 	 -58372.2 	-211.32909 	-2186.919 	 -4.4803256 	-3.8420763 	0.03776404 	 -10.376125 	-2.5793079 	-0.33476715 		-0.025 -0.18740405 -0.31814306 1200000 1
-0.02375 -44827.735 	-6134280.5 	35376.571 	 -59542.919 	1954125.8 	-3500.8949 	 2.5235426e-05 	7.0734877e-05 	0.012862552 	 0.0022147751 	-0.00016732869 	-0.017587001 	 -58189.845 	-246.41605 	-2159.194 	 -4.5316097 	-4.049935 	0.0401708 	 -10.390594 	-2.6598876 	-0.34925366 		-0.02375 -0.1923325 -0.32141252 1200000 1
-0.0225 -52124.673 	-6136266.7 	34540.136 	 -69654.457 	1937823.5 	-4270.9365 	 2.9144122e-05 	7.28578e-05 	0.012855212 	 0.0022128347 	-0.00016471573 	-0.017513141 	 -57960.782 	-288.35426 	-2126.558 	 -4.5845618 	-4.2713207 	0.042435062 	 -10.414623 	-2.7566567 	-0.36569752 		-0.0225 -0.19752888 -0.32479277 1200000 1
-0.02125 -61395.879 	-6139271.6 	33993.666 	 -83129.473 	1919471.7 	-5636.0054 	 3.4397751e-05 	7.6228195e-05 	0.012834843 	 0.0022119298 	-0.00016366475 	-0.01743472 	 -57677.125 	-347.5765 	-2088.3294 	 -4.6389366 	-4.5074724 	0.044500809 	 -10.449408 	-2.8698287 	-0.38437102 		-0.02125 -0.2030108 -0.32830416 1200000 1
-0.02 -72383.445 	-6143851.9 	33931.435 	 -101629.26 	1898330.5 	-7819.659 	 4.1107284e-05 	8.1264447e-05 	0.012798138 	 0.0022129812 	-0.00016435061 	-0.017355763 	 -57330.172 	-440.45506 	-2044.0355 	 -4.69445 	-4.7598679 	0.046288014 	 -10.496304 	-2.9996969 	-0.40558951 		-0.02 -0.20879756 -0.33196735 1200000 1
-0.01875 -84241.072 	-6150579.7 	34672.253 	 -127285.29 	1873266.5 	-11086.636 	 4.9151206e-05 	8.8508975e-05 	0.012742224 	 0.0022172901 	-0.0001669133 	-0.017282817 	 -56911.443 	-591.27854 	-1993.6924 	 -4.7507868 	-5.0302868 	0.047684489 	 -10.556852 	-3.1466462 	-0.42972197 		-0.01875 -0.21491047 -0.33580341 1200000 1
-0.0175 -95179.673 	-6159948.7 	36713.672 	 -162673.49 	1842621.6 	-15725.486 	 5.7979415e-05 	9.8641791e-05 	0.012665704 	 0.0022266115 	-0.00017141733 	-0.01722569 	 -56414.554 	-834.3762 	-1938.2256 	 -4.8076198 	-5.3208881 	0.048535372 	 -10.632822 	-3.3111705 	-0.45720486 		-0.0175 -0.22137328 -0.33983396 1200000 1
-0.01625 -101993.81 	-6172220.5 	40799.83 	 -210668.41 	1804068.4 	-22010.345 	 6.63251e-05 	0.00011248127 	0.012570334 	 0.002243198 	-0.00017779609 	-0.017198111 	 -55838.201 	-1216.1154 	-1880.0639 	 -4.8646464 	-5.6343062 	0.048629763 	 -10.726272 	-3.4938969 	-0.48855986 		-0.01625 -0.22821269 -0.34408133 1200000 1
-0.015 -99461.725 	-6187193.6 	48001.5 	 -274093.31 	1754462.9 	-30130.309 	 7.1799509e-05 	0.00013096228 	0.012463536 	 0.0022697759 	-0.00018577987 	-0.017218076 	 -55190.548 	-1796.2854 	-1823.924 	 -4.9216499 	-5.9737645 	0.047683851 	 -10.839646 	-3.6956178 	-0.524417 		-0.015 -0.23545905 -0.3485687 1200000 1
-0.01375 -79632.574 	-6203878.9 	59802.661 	 -355047.55 	1689712.7 	-40071.707 	 7.0345909e-05 	0.00015507761 	0.012361963 	 0.0023093955 	-0.00019481191 	-0.017307477 	 -54495.15 	-2648.1558 	-1777.7747 	 -4.9785983 	-6.3432066 	0.045319965 	 -10.975924 	-3.9173252 	-0.56554413 		-0.01375 -0.24314711 -0.35332038 1200000 1
-0.0125 -31053.621 	-6220065.5 	78180.846 	 -453757.88 	1604684.3 	-51436.129 	 5.5538345e-05 	0.00018576513 	0.012296284 	 0.0023650714 	-0.00020396423 	-0.017490428 	 -53798.183 	-3856.3543 	-1753.8989 	 -5.0357884 	-6.7474456 	0.041041302 	 -11.138882 	-4.1602353 	-0.61288292 		-0.0125 -0.25131706 -0.35836202 1200000 1
-0.01125 61945.597 	-6231776.2 	105657.96 	 -566755.96 	1493165.1 	-63173.585 	 1.7731406e-05 	0.00022372165 	0.012317252 	 0.0024390918 	-0.00021186942 	-0.017789371 	 -53176.059 	-5511.7469 	-1769.8529 	 -5.0940491 	-7.1923248 	0.03420234 	 -11.333497 	-4.4257684 	-0.66759161 		-0.01125 -0.26001572 -0.36372096 1200000 1
-0.01 219694.95 	-6232628.8 	145283.27 	 -684131.86 	1347890.3 	-73210.734 	 -5.6895634e-05 	0.00026912709 	0.012502827 	 0.0025318358 	-0.00021669587 	-0.018217707 	 -52741.264 	-7703.0904 	-1848.9535 	 -5.1550127 	-7.6848814 	0.023974792 	 -11.566594 	-4.7154232 	-0.73109278 		-0.01 -0.26929788 -0.36942644 1200000 1
-0.00875 466982.26 	-6213141.9 	200489.46 	 -785580.13 	1160599.3 	-77963.635 	 -0.00018729389 	0.00032127268 	0.012965704 	 0.0026398976 	-0.00021621402 	-0.018767272 	 -52642.173 	-10507.484 	-2019.6744 	 -5.2214596 	-8.2335014 	0.0093089988 	 -11.847869 	-5.0304234 	-0.80511859 		-0.00875 -0.27922792 -0.37550952 1200000 1
-0.0075 831613.14 	-6160045.6 	274735.07 	 -834972.2 	921971.01 	-71738.877 	 -0.00039828932 	0.00037811035 	0.013859764 	 0.0027532823 	-0.00020800629 	-0.019388503 	 -53049.32 	-13987.75 	-2312.999 	 -5.2977314 	-8.8480567 	-0.011108773 	 -12.191448 	-5.3708945 	-0.89174061 		-0.0075 -0.28988163 -0.3820025 1200000 1
-0.00625 1340810.4 	-6055655 	370816.84 	 -773294.14 	621063.8 	-46059.76 	 -0.00072074737 	0.00043579307 	0.015382749 	 0.0028514399 	-0.00018985738 	-0.019960827 	 -54116.845 	-18219.491 	-2756.4678 	 -5.3901866 	-9.5400221 	-0.038903299 	 -12.618159 	-5.7341237 	-0.99336176 		-0.00625 -0.30134807 -0.38893676 1200000 1
-0.005 2014102.5 	-5877275.1 	489707.42 	 -510165.13 	243521.19 	10981.757 	 -0.0011905631 	0.00048836251 	0.017770629 	 0.0028979756 	-0.00016031633 	-0.020250821 	 -55906.924 	-23404.665 	-3363.7936 	 -5.5076663 	-10.322611 	-0.076063313 	 -13.158622 	-6.1111325 	-1.1126271 		-0.005 -0.31373169 -0.3963378 1200000 1
-0.00375 2850857.1 	-5596276.9 	628763.56 	 84827.91 	-232704.81 	115158.47 	 -0.0018455666 	0.00052786509 	0.021276612 	 0.0028341094 	-0.00011927923 	-0.019856856 	 -58279.023 	-30203.281 	-4120.6198 	 -5.6619785 	-11.211054 	-0.12500388 	 -13.856773 	-6.4803521 	-1.2521931 		-0.00375 -0.32715459 -0.40421459 1200000 1
-0.0025 3810360 	-5175719.1 	779188.11 	 1187431.5 	-845525.87 	286008.06 	 -0.0028524946 	0.00054309474 	0.026881747 	 0.0025024526 	-6.495142e-05 	-0.017777582 	 -62890.335 	-42624.752 	-5346.5178 	 -5.8686703 	-12.22329 	-0.18864652 	 -14.772163 	-6.7970032 	-1.4142776 		-0.0025 -0.34175932 -0.41253869 1200000 1
-0.00125 4811006.5 	-4591712.4 	927087.08 	 3060702.4 	-1605145.2 	546054.36 	 -0.0038910361 	0.00052645597 	0.032729864 	 0.0019878896 	-1.6532403e-05 	-0.014425485 	 -64047.436 	-58589.397 	-6113.6622 	 -6.1667364 	-13.36755 	-0.27342043 	 -16.025445 	-6.9923014 	-1.602541 		-0.00125 -0.35780318 -0.42120395 1200000 1
5.2475385e-17 2961684 	-3860318.1 	550180.19 	 2737112.5 	-2551165 	440684.87 	 -0.0049167532 	0.00048278259 	0.038626262 	 0.0012115711 	4.756053e-05 	-0.0087825479 	 -63596.961 	-43517.85 	-7178.7921 	 -6.4222776 	2.5045018 	-0.35013927 	 -17.091291 	5.4071209 	-1.7538669 		5.2475385e-17 -0.36997924 -0.4260979 650000 1
0.00125 403659.29 	-3667017.6 	70439.719 	 361382.3 	-2773779.2 	65972.687 	 -0.0050692838 	0.00042017262 	0.039758542 	 0.0010321195 	0.00010410314 	-0.0067387859 	 -63692.373 	-6934.8641 	-7772.5635 	 -5.8880706 	18.374029 	-0.27313523 	 -15.389976 	17.786643 	-1.5781157 		0.00125 -0.35154241 -0.40769025 100000 1
0.0025 352268.9 	-3591279.9 	57089.537 	 262548.26 	-2820760.1 	55672.33 	 -0.005032622 	0.00034978691 	0.039730849 	 0.001010485 	0.00013023402 	-0.0058278487 	 -63343.359 	-6316.2173 	-7553.6256 	 -5.3096396 	17.220851 	-0.18790828 	 -13.508722 	17.532815 	-1.3660053 		0.0025 -0.32924387 -0.38555793 100000 1
0.00375 312591.41 	-3522404.7 	46436.552 	 192668.61 	-2843228.4 	46222.078 	 -0.0049929412 	0.00027293686 	0.039577081 	 0.00099739362 	0.00013665618 	-0.0051380144 	 -62594.761 	-5754.2152 	-7337.8658 	 -4.820708 	16.191561 	-0.12348876 	 -11.982852 	17.12877 	-1.1813334 		0.00375 -0.30839972 -0.3638597 100000 1
0.005 280151.81 	-3459486.5 	37706.96 	 141646.44 	-2852605.6 	37833.512 	 -0.0049701976 	0.00020614001 	0.03940805 	 0.00098637617 	0.00013239476 	-0.0046641388 	 -61691.251 	-5237.4809 	-7168.3977 	 -4.3845208 	15.2751 	-0.073418529 	 -10.695359 	16.646947 	-1.0208282 		0.005 -0.28876497 -0.34273601 100000 1
0.00625 253376.55 	-3401703.4 	30553.574 	 104383.09 	-2854999.2 	30581.71 	 -0.0049524884 	0.00014588881 	0.03922711 	 0.00097682401 	0.00012483935 	-0.0042992664 	 -60746.767 	-4780.7858 	-7019.1664 	 -3.9884731 	14.452326 	-0.034815877 	 -9.587976 	16.139044 	-0.88254452 		0.00625 -0.27021197 -0.32224233 100000 1
0.0075 231107.7 	-3348336.2 	24689.018 	 76985.129 	-2853917.5 	24416.623 	 -0.0049379365 	9.1925451e-05 	0.039044971 	 0.00096873277 	0.00011650179 	-0.0040146644 	 -59793.393 	-4383.3419 	-6883.6839 	 -3.623663 	13.708079 	-0.0053622591 	 -8.6156643 	15.632644 	-0.76393712 		0.0075 -0.25263415 -0.3023884 100000 1
0.00875 212466.62 	-3298761.9 	19877.594 	 56653.175 	-2851317.8 	19227.981 	 -0.0049253208 	4.3543274e-05 	0.03886761 	 0.00096209112 	0.00010859932 	-0.0037897407 	 -58851.171 	-4040.2834 	-6757.8768 	 -3.2835439 	13.030254 	0.016808348 	 -7.7452618 	15.141312 	-0.66233924 		0.00875 -0.23594177 -0.28316072 100000 1
0.01 196779.07 	-3252445.3 	15926.591 	 41422.877 	-2848263.9 	14884.109 	 -0.0049138908 	-7.4105e-08 	0.038698015 	 0.00095680424 	0.0001016657 	-0.0036098704 	 -57931.222 	-3745.3625 	-6639.2418 	 -2.9632106 	12.409116 	0.033198087 	 -6.9527312 	14.670842 	-0.57522233 		0.01 -0.22005852 -0.26453512 100000 1
0.01125 183524.75 	-3208928.8 	12678.545 	 29923.689 	-2845310.5 	11253.168 	 -0.0049032041 	-3.9707823e-05 	0.038537373 	 0.00095271433 	9.5885155e-05 	-0.0034646569 	 -57038.71 	-3492.3345 	-6526.2421 	 -2.6589413 	11.836785 	0.045016047 	 -6.2206269 	14.222846 	-0.50031522 		0.01125 -0.20491897 -0.24648362 100000 1
0.0125 172300.4 	-3167820.8 	10004.794 	 21195.242 	-2842722.5 	8214.0322 	 -0.0048930102 	-7.6051834e-05 	0.038385844 	 0.00094963607 	9.1270001e-05 	-0.0033466544 	 -56175.086 	-3275.5566 	-6417.9112 	 -2.3678806 	11.306829 	0.053234583 	 -5.5361588 	13.796749 	-0.43564622 		0.0125 -0.19046655 -0.22897801 100000 1
0.01375 162792.08 	-3128782.4 	7800.2004 	 14558.262 	-2840600.6 	5660.7029 	 -0.0048831732 	-0.00010970254 	0.038243048 	 0.00094738384 	8.7753832e-05 	-0.0032504684 	 -55339.6 	-3090.1766 	-6313.6082 	 -2.0878113 	10.813934 	0.05863463 	 -4.8898126 	13.390881 	-0.37953976 		0.01375 -0.1766519 -0.21199174 100000 1
0.015 154754.37 	-3091518.5 	5978.7722 	 9526.9943 	-2838952.6 	3503.1201 	 -0.0048736229 	-0.00014116538 	0.038108355 	 0.00094578737 	8.5239361e-05 	-0.0031721378 	 -54530.266 	-2932.1329 	-6212.8715 	 -1.816992 	10.353666 	0.061843036 	 -4.2743989 	13.003072 	-0.3305905 		0.015 -0.16343172 -0.1955008 100000 1
0.01625 147994.76 	-3055767.7 	4470.1 	 5750.2616 	-2837735.8 	1666.0944 	 -0.0048643253 	-0.00017086713 	0.037981053 	 0.00094469877 	8.3622187e-05 	-0.0031087141 	 -53744.446 	-2798.0777 	-6115.3335 	 -1.5540394 	9.9222742 	0.063362754 	 -3.6843971 	12.630982 	-0.2876279 		0.01625 -0.15076774 -0.17948406 100000 1
0.0175 142361.89 	-3021295.7 	3216.5252 	 2971.7074 	-2836881.9 	87.461734 	 -0.0048552642 	-0.0001991689 	0.03786044 	 0.0009439942 	8.280198e-05 	-0.0030579738 	 -52979.188 	-2685.2764 	-6020.6713 	 -1.2978423 	9.5165407 	0.063596606 	 -3.1155023 	12.272276 	-0.24967957 		0.0175 -0.13862603 -0.16392335 100000 1
0.01875 137736.47 	-2987888.9 	2170.8601 	 1002.6685 	-2836310 	-1283.7695 	 -0.0048464314 	-0.00022637785 	0.03774587 	 0.00094357277 	8.2687527e-05 	-0.0030182206 	 -52231.421 	-2591.5073 	-5928.5806 	 -1.0474983 	9.1336713 	0.062866244 	 -2.5643061 	11.9247 	-0.21593922 		0.01875 -0.12697639 -0.14880337 100000 1
0.02 134024.54 	-2955350.9 	1294.5022 	 -296.46438 	-2835934.1 	-2489.1162 	 -0.0048378195 	-0.00025275715 	0.037636773 	 0.00094335505 	8.3198845e-05 	-0.0029881465 	 -51498.072 	-2514.9726 	-5838.7599 	 -0.80226709 	8.771211 	0.06142778 	 -2.0280696 	11.58611 	-0.18573938 		0.02 -0.11579185 -0.1341116 100000 1
0.02125 131152.33 	-2923498.2 	555.8658 	 -1028.8807 	-2835667.8 	-3562.347 	 -0.0048294215 	-0.00027853425 	0.037532663 	 0.0009432779 	8.4267315e-05 	-0.0029667363 	 -50776.123 	-2454.2239 	-5750.9108 	 -0.56153673 	8.426979 	0.059484718 	 -1.5045641 	11.25449 	-0.15852622 		0.02125 -0.10504836 -0.1198381 100000 1
0.0225 129062.3 	-2892158.1 	-70.903853 	 -1270.0695 	-2835426.4 	-4530.9343 	 -0.0048212275 	-0.00030390765 	0.037433134 	 0.00094329329 	8.5834816e-05 	-0.0029531954 	 -50062.632 	-2408.1008 	-5664.7296 	 -0.32479851 	8.0990165 	0.057198487 	 -0.99195427 	10.927939 	-0.13383887 		0.0225 -0.094724406 -0.10597538 100000 1
0.02375 127710.09 	-2861165.2 	-606.9732 	 -1074.1027 	-2835126.6 	-5417.182 	 -0.0048132238 	-0.00032905237 	0.037337865 	 0.00094336579 	8.7852814e-05 	-0.0029468969 	 -49354.751 	-2375.6798 	-5579.9064 	 -0.091627937 	7.785544 	0.054696889 	 -0.48871194 	10.604662 	-0.11129321 		0.02375 -0.084800818 -0.092518249 100000 1
0.025 127062.17 	-2830360.3 	-1069.662 	 -478.20342 	-2834687.1 	-6239.2031 	 -0.0048053954 	-0.0003541245 	0.037246604 	 0.00094346813 	9.0281379e-05 	-0.0029473452 	 -48649.716 	-2356.2332 	-5496.1312 	 0.13832977 	7.4849283 	0.052080832 	 0.0064506639 	10.282944 	-0.090568214 		0.025 -0.075260546 -0.079463722 100000 1
0.02625 127093.87 	-2799588.1 	-1473.1271 	 494.0572 	-2834027.5 	-7011.7286 	 -0.0047977242 	-0.00037926485 	0.037159173 	 0.00094358102 	9.3088181e-05 	-0.0029541448 	 -47944.847 	-2349.1952 	-5413.089 	 0.36537041 	7.1956562 	0.049429738 	 0.49463026 	9.9611378 	-0.071394653 		0.02625 -0.066088497 -0.06681089 100000 1
0.0275 127787.96 	-2768696 	-1828.9197 	 1830.4771 	-2833067.1 	-7746.8149 	 -0.0047901897 	-0.000404602 	0.037075456 	 0.00094369093 	9.6247574e-05 	-0.0029669812 	 -47237.533 	-2354.1349 	-5330.4632 	 0.58973882 	6.9163139 	0.046805907 	 0.97677076 	9.6376404 	-0.053545467 		0.0275 -0.057271405 -0.054560877 100000 1
0.02875 129133.43 	-2737533.3 	-2146.4399 	 3528.5756 	-2831723.5 	-8454.3401 	 -0.0047827701 	-0.00043025483 	0.036995397 	 0.00094378904 	9.9739833e-05 	-0.0029855937 	 -46525.249 	-2370.7345 	-5247.9363 	 0.81163459 	6.6455699 	0.044258057 	 1.4536929 	9.310871 	-0.036828632 		0.02875 -0.048797712 -0.04271679 100000 1
0.03 131124.61 	-2705949.6 	-2433.3067 	 5594.5818 	-2829911.6 	-9142.3493 	 -0.0047754423 	-0.00045633468 	0.036919005 	 0.00094387011 	0.00010355048 	-0.0030097671 	 -45805.535 	-2398.7707 	-5165.191 	 1.0312162 	6.3821609 	0.041824197 	 1.9261163 	8.979256 	-0.02108195 		0.03 -0.040657481 -0.0312837 100000 1
0.03125 133760.3 	-2673794.4 	-2695.6584 	 8042.8626 	-2827542.5 	-9817.3216 	 -0.0047681823 	-0.00048294719 	0.036846339 	 0.0009439314 	0.00010766966 	-0.0030393215 	 -45075.986 	-2438.0994 	-5081.9111 	 1.2486037 	6.1248801 	0.039533937 	 2.3946752 	8.6412138 	-0.0061688747 		0.03125 -0.03284231 -0.02026865 100000 1
0.0325 137043.24 	-2640916.2 	-2938.3956 	 10895.574 	-2824521.7 	-10484.437 	 -0.0047609661 	-0.00051019382 	0.03677752 	 0.00094397201 	0.0001120917 	-0.0030740925 	 -44334.268 	-2488.6433 	-4997.7822 	 1.4638805 	5.8725665 	0.037410353 	 2.8599319 	8.2951391 	0.0080253968 		0.0325 -0.02534528 -0.0096806656 100000 1
0.03375 140979.49 	-2607161.6 	-3165.3729 	 14182.505 	-2820748.4 	-11147.805 	 -0.0047537692 	-0.00053817328 	0.036712722 	 0.00094399223 	0.00011681473 	-0.0031139248 	 -43578.103 	-2550.3809 	-4912.4924 	 1.6770942 	5.6240972 	0.03547145 	 3.3223865 	7.939386 	0.021597284 		0.03375 -0.018160894 0.00046919805 100000 1
0.035 145577.96 	-2572375 	-3379.5507 	 17941.144 	-2816112.7 	-11810.603 	 -0.0047465671 	-0.00056698273 	0.036652178 	 0.00094399308 	0.00012184047 	-0.0031586608 	 -42805.285 	-2623.3372 	-4825.7333 	 1.8882565 	5.37838 	0.033731323 	 3.7824845 	7.5722506 	0.034627058 		0.035 -0.011285037 0.010167799 100000 1
0.03625 150849.97 	-2536398 	-3583.1047 	 22216.859 	-2810494.6 	-12475.151 	 -0.0047393359 	-0.00059671886 	0.036596184 	 0.00094397586 	0.0001271739 	-0.0032081291 	 -42013.673 	-2707.5743 	-4737.2013 	 2.097343 	5.1343475 	0.032201008 	 4.2406227 	7.1919534 	0.047180416 		0.03625 -0.0047149441 0.019399824 100000 1
0.0375 156808.8 	-2499068.9 	-3777.5125 	 27063.275 	-2803762.2 	-13142.926 	 -0.0047320522 	-0.00062747899 	0.036545093 	 0.00094394166 	0.00013282319 	-0.003262134 	 -41201.207 	-2803.1833 	-4646.5982 	 2.3042924 	4.8909525 	0.030889187 	 4.697152 	6.7966246 	0.059309237 		0.0375 0.0015508315 0.028147683 100000 1
0.03875 163469.27 	-2460222.7 	-3963.6089 	 32542.859 	-2795769.4 	-13814.521 	 -0.0047246934 	-0.00065936194 	0.036499327 	 0.00094389086 	0.00013879956 	-0.003320443 	 -40365.915 	-2910.277 	-4553.6334 	 2.5090049 	4.6471635 	0.029802657 	 5.1523791 	6.3842878 	0.071051727 		0.03875 0.0075124372 0.036391386 100000 1
0.04 170847.3 	-2419690.5 	-4141.6176 	 38727.686 	-2786354.5 	-14489.579 	 -0.0047172379 	-0.00069246901 	0.036459375 	 0.00094382248 	0.00014511724 	-0.0033827739 	 -39505.924 	-3028.982 	-4458.025 	 2.7113403 	4.4019617 	0.028946644 	 5.6065653 	5.9528434 	0.082432278 		0.04 0.01316874 0.044108402 100000 1
0.04125 178959.43 	-2377299.5 	-4311.1636 	 45700.42 	-2775337.3 	-15166.696 	 -0.0047096654 	-0.00072690488 	0.036425802 	 0.00094373349 	0.00015179342 	-0.0034487791 	 -38619.475 	-3159.4311 	-4359.5028 	 2.9111159 	4.1543387 	0.02832498 	 6.0599229 	5.5000498 	0.093460866 		0.04125 0.018517342 0.051273494 100000 1
0.0425 187822.34 	-2332873.1 	-4471.2693 	 53555.498 	-2762517.3 	-15843.247 	 -0.0047019575 	-0.00076277853 	0.036399249 	 0.00094361797 	0.00015884829 	-0.0035180289 	 -37704.946 	-3301.756 	-4257.8107 	 3.1081039 	3.9032944 	0.027940186 	 6.5126105 	5.0235035 	0.10413174 		0.0425 0.023554587 0.057858527 100000 1
0.04375 197452.22 	-2286230.8 	-4620.331 	 62400.539 	-2747670.2 	-16515.156 	 -0.0046940975 	-0.00080020416 	0.036380443 	 0.00094346597 	0.00016630503 	-0.0035899906 	 -36760.865 	-3456.0795 	-4152.7103 	 3.3020283 	3.6478363 	0.027793408 	 6.9647246 	4.520616 	0.11442141 		0.04375 0.028275578 0.063832253 100000 1
0.045 207864.1 	-2237188.9 	-4756.0722 	 72358.019 	-2730545.1 	-17176.601 	 -0.0046860713 	-0.0008393022 	0.036370199 	 0.00094326225 	0.00017418982 	-0.0036640056 	 -35785.946 	-3622.5074 	-4043.9846 	 3.492562 	3.3869797 	0.027884176 	 7.4162903 	3.9885893 	0.12428606 		0.045 0.032674178 0.069160067 100000 1
0.04625 219071.06 	-2185560.5 	-4875.4866 	 83567.268 	-2710861.2 	-17819.624 	 -0.004677868 	-0.00088020036 	0.036369428 	 0.00094298446 	0.00018253176 	-0.003739261 	 -34779.105 	-3801.1199 	-3931.4431 	 3.6793234 	3.1197475 	0.028210093 	 7.8672464 	3.4243889 	0.13365785 		0.04625 0.036743027 0.073803726 100000 1
0.0475 231083.23 	-2131156.2 	-4974.7691 	 96186.886 	-2688303.3 	-18433.617 	 -0.00466948 	-0.00092303478 	0.036379143 	 0.00094260087 	0.00019136273 	-0.003814757 	 -33739.499 	-3991.9639 	-3814.927 	 3.8618727 	2.8451724 	0.028766419 	 8.3174289 	2.8247135 	0.14244016 		0.0475 0.040473547 0.077721039 100000 1
0.04875 243906.68 	-2073785.3 	-5049.2273 	 110397.62 	-2662518 	-19004.686 	 -0.004660904 	-0.00096795126 	0.036400467 	 0.00094206759 	0.00020071713 	-0.0038892671 	 -32666.55 	-4195.0446 	-3694.3158 	 4.0397085 	2.5622987 	0.029545472 	 8.7665477 	2.1859599 	0.15050145 		0.04875 0.043855958 0.08086551 100000 1
0.05 257542 	-2013256.7 	-5093.1847 	 126405.89 	-2633108.5 	-19514.847 	 -0.004652142 	-0.0010151067 	0.036434637 	 0.00094132482 	0.00021063133 	-0.0039612909 	 -31559.985 	-4410.318 	-3569.5342 	 4.2122642 	2.2701863 	0.030535896 	 9.2141582 	1.5041852 	0.15766761 		0.05 0.046879294 0.083185939 100000 1
0.05125 271982.62 	-1949380.6 	-5099.8799 	 144447.99 	-2599628.8 	-19941.027 	 -0.0046432021 	-0.0010646708 	0.03648301 	 0.00094029217 	0.00022114288 	-0.0040289971 	 -30419.863 	-4637.6852 	-3440.5602 	 4.3789044 	1.9679147 	0.031721819 	 9.6596248 	0.77506126 	0.16371221 		0.05125 0.049531424 0.084625973 100000 1
0.0525 287212.73 	-1881970.4 	-5061.3641 	 164795.39 	-2561577.4 	-20253.808 	 -0.0046340994 	-0.0011168277 	0.036547072 	 0.00093886254 	0.00023228921 	-0.0040901542 	 -29246.609 	-4876.989 	-3307.4337 	 4.538922 	1.6545888 	0.033081841 	 10.102075 	-0.0061763113 	0.16834453 		0.0525 0.05179908 0.085123592 100000 1
0.05375 303204.72 	-1810845.1 	-4968.4051 	 187761.22 	-2518389.6 	-20415.87 	 -0.0046248576 	-0.0011717782 	0.036628437 	 0.00093689448 	0.00024410562 	-0.0041420461 	 -28041.034 	-5128.0151 	-3170.2655 	 4.691536 	1.329346 	0.034587844 	 10.540338 	-0.84478766 	0.17119431 		0.05375 0.053667895 0.084610532 100000 1
0.055 319916.04 	-1735832.5 	-4810.4098 	 213708.4 	-2469429.4 	-20380.055 	 -0.0046155103 	-0.0012297423 	0.036728856 	 0.00093420226 	0.00025662232 	-0.004181369 	 -26804.349 	-5390.5016 	-3029.2461 	 4.8358899 	0.99136418 	0.036203618 	 10.972871 	-1.7465974 	0.17179308 		0.055 0.055122445 0.083011623 100000 1
0.05625 337285.17 	-1656772.7 	-4575.3885 	 243059.99 	-2413979.2 	-20086.976 	 -0.0046061022 	-0.0012909616 	0.03685021 	 0.00093054315 	0.00026986011 	-0.0042041044 	 -25538.152 	-5664.1599 	-2884.6538 	 4.9710528 	0.63987072 	0.037883325 	 11.39766 	-2.7180744 	0.16955093 		0.05625 0.056146306 0.080244038 100000 1
0.0575 355226.71 	-1573523 	-4249.9864 	 276312.44 	-2351229.2 	-19462.06 	 -0.0045966905 	-0.0013557032 	0.036994511 	 0.0009256013 	0.0002838241 	-0.0042053623 	 -24244.388 	-5948.7159 	-2736.8602 	 5.096022 	0.27415321 	0.039569815 	 11.812087 	-3.7664235 	0.16372783 		0.0575 0.056722122 0.076216437 100000 1
0.05875 373625.02 	-1485963.6 	-3819.623 	 314052.94 	-2280264.1 	-18411.927 	 -0.0045873468 	-0.0014242628 	0.037163889 	 0.00091896706 	0.00029849462 	-0.0041791857 	 -22925.247 	-6243.9823 	-2586.3314 	 5.2097302 	-0.10643002 	0.0411928 	 12.212765 	-4.8996918 	0.1533985 		0.05875 0.056831689 0.07082798 100000 1
0.06 392326.11 	-1394003.8 	-3268.7901 	 356982.19 	-2200048.7 	-16819.992 	 -0.0045781576 	-0.0014969698 	0.037360578 	 0.00091011042 	0.00031381448 	-0.0041183078 	 -21582.988 	-6549.9792 	-2433.6218 	 5.3110587 	-0.50243909 	0.042666864 	 12.595304 	-6.1268887 	0.13740965 		0.06 0.056456047 0.063967208 100000 1
0.06125 411127.27 	-1297591.1 	-2581.5871 	 405945.01 	-2109412.7 	-14541.17 	 -0.0045692256 	-0.0015741917 	0.037586879 	 0.00089834717 	0.00032967084 	-0.0040138461 	 -20219.63 	-6867.1341 	-2279.3556 	 5.3988577 	-0.91434397 	0.043889358 	 12.954006 	-7.4581177 	0.11432866 		0.06125 0.055575591 0.055510758 100000 1
0.0625 429763.36 	-1196720.5 	-1742.6022 	 461972.01 	-2007033.7 	-11395.637 	 -0.0045606691 	-0.0016563398 	0.037845118 	 0.00088279565 	0.00034586991 	-0.0038549186 	 -18836.45 	-7196.6041 	-2124.1879 	 5.4719804 	-1.3425207 	0.044738198 	 13.281442 	-8.9047128 	0.08238292 		0.0625 0.054170187 0.045321913 100000 1
0.06375 447888.83 	-1091446.5 	-738.29367 	 526336.9 	-1891422.3 	-7161.6416 	 -0.0045526209 	-0.0017438759 	0.038137572 	 0.00086232144 	0.00036210189 	-0.0036281587 	 -17433.185 	-7540.799 	-1968.7357 	 5.5293343 	-1.7872571 	0.045069642 	 13.567867 	-10.479359 	0.039390127 		0.06375 0.05221929 0.033248976 100000 1
0.065 465053.6 	-981896.17 	440.92219 	 600636.58 	-1760912.5 	-1567.6154 	 -0.0045452247 	-0.0018373183 	0.038466357 	 0.00083546689 	0.00037789311 	-0.003317101 	 -16006.796 	-7904.2286 	-1813.4613 	 5.5699596 	-2.248777 	0.044716096 	 13.800397 	-12.196156 	-0.017318267 		0.065 0.049702044 0.019123515 100000 1
0.06625 480670.4 	-868284.67 	1797.6128 	 686903.28 	-1613667.5 	5715.852 	 -0.0045386291 	-0.0019372492 	0.038833277 	 0.00080036161 	0.00039254181 	-0.002901404 	 -14549.573 	-8294.8871 	-1658.4846 	 5.5931462 	-2.7272957 	0.043483779 	 13.961863 	-14.070527 	-0.090974652 		0.06625 0.046597347 0.0027585855 100000 1
0.0675 493969.91 	-750930.67 	3322.9558 	 787761.19 	-1447718.3 	15082.96 	 -0.0045329773 	-0.00204432 	0.039239587 	 0.00075460987 	0.00040503478 	-0.0023558654 	 -13046.288 	-8726.5347 	-1503.2917 	 5.5986078 	-3.2231336 	0.041150013 	 14.029199 	-16.11879 	-0.18544204 		0.0675 0.042883805 -0.016052802 100000 1
0.06875 503938.47 	-630269.99 	4990.6112 	 906639.31 	-1261073.3 	26996.393 	 -0.00452839 	-0.0021592565 	0.039685677 	 0.00069515045 	0.00041394427 	-0.0016491797 	 -11470.027 	-9222.4956 	-1346.2955 	 5.5867355 	-3.7369318 	0.037459778 	 13.971243 	-18.357034 	-0.30524847 		0.06875 0.038539513 -0.03753839 100000 1
0.07 509231.49 	-506860.42 	6748.3918 	 1048040.7 	-1051959.4 	41984.075 	 -0.0045249408 	-0.0022828591 	0.040170633 	 0.00061808725 	0.00041731178 	-0.00074238316 	 -9776.2827 	-9822.0224 	-1184.2049 	 5.5589533 	-4.2700531 	0.032120325 	 13.745953 	-20.798652 	-0.45555264 		0.07 0.033541476 -0.061945386 100000 1
0.07125 508055.73 	-381362.98 	8507.3663 	 1217825.6 	-819287.39 	60623.531 	 -0.0045226185 	-0.0024159977 	0.040691685 	 0.0005184965 	0.0004125396 	0.00041304667 	 -7895.1184 	-10590.932 	-1011.1832 	 5.5181689 	-4.8253243 	0.0247916 	 13.297433 	-23.449647 	-0.64198697 		0.07125 0.02786438 -0.08953502 100000 1
0.0725 498023.66 	-254471.41 	10128.362 	 1423363.5 	-563423.15 	83506.867 	 -0.0045223133 	-0.0025697089 	0.041336092 	 0.00037241008 	0.00039390751 	0.0021259486 	 -5783.5032 	-11855.268 	-826.16388 	 5.4691757 	-5.4083672 	0.015068676 	 12.554212 	-26.300847 	-0.87030937 		0.0725 0.021478165 -0.1205695 100000 1
0.07375 476387.38 	-127598.36 	11467.597 	 1680177.2 	-288257.19 	111673.09 	 -0.0045227837 	-0.0027209475 	0.041901886 	 0.00021941576 	0.00036496073 	0.0038665936 	 -3209.0637 	-13266.593 	-597.47875 	 5.4176784 	-6.0258412 	0.0020520539 	 11.362912 	-29.30386 	-1.1507598 		0.07375 0.014297189 -0.15550212 100000 1
0.075 437957.31 	-17299.275 	11714.879 	 1941147.5 	-77601.7 	135966.21 	 -0.0045218914 	-0.0028402389 	0.042256099 	 8.6512967e-05 	0.00033162855 	0.0053010065 	 -577.12083 	-14421.191 	-336.21196 	 5.3801842 	-6.5235544 	-0.0098124651 	 10.194632 	-31.619096 	-1.3915648 		0.075 0.0063321997 -0.19416346 100000 1
