# z jRe_x jRe_y jRe_z jIm_x jIm_y jIm_z BRe_x BRe_y BRe_z BIm_x BIm_y BIm_z F_x F_y F_z VReGrad_x VReGrad_y VReGrad_z VImGrad_x VImGrad_y VImGrad_z s VRe VIm sigma mur
0.02 10441.657 	-1883240.2 	6374.3522 	 -46990.172 	-3550467.1 	29396.983 	 -0.0098806803 	-0.00058084588 	0.035323768 	 -0.0074686324 	0.00020610176 	-0.0011396278 	 -31230.258 	-355.23421 	-22588.555 	 -0.13833927 	0.071969987 	0.02494621 	 -1.4978587 	-0.56464853 	-0.047315536 		0.02 -0.0059041757 -0.050063637 1200000 1
0.01875 7094.8923 	-1923054.7 	5784.3304 	 -31154.595 	-3633233.8 	26502.363 	 -0.0099081625 	-0.0005073905 	0.035328538 	 -0.0074632456 	0.00024630336 	-0.0011471288 	 -31880.24 	-273.00135 	-23105.786 	 -0.14651017 	0.080665343 	0.024661729 	 -1.5046342 	-0.54805846 	-0.044316776 		0.01875 -0.006040016 -0.050506531 1200000 1
0.0175 7804.5583 	-1909738.6 	4399.7461 	 -12278.119 	-3858219.4 	24034.231 	 -0.0098794072 	-0.0004230941 	0.035308738 	 -0.0073386975 	0.0002613853 	-0.0011401544 	 -31517.377 	-254.52488 	-23590.549 	 -0.15171118 	0.091921223 	0.024402165 	 -1.5076267 	-0.5236951 	-0.041280017 		0.0175 -0.0061789087 -0.051552253 1200000 1
0.01625 8931.2767 	-1910229 	6919.7006 	 -8717.3404 	-3850916.8 	28388.415 	 -0.0090249288 	-5.5211707e-05 	0.035221309 	 -0.0059857589 	0.00019265437 	-0.0011476783 	 -31429.353 	-267.61877 	-20052.751 	 -0.15377463 	0.082623876 	0.022927406 	 -1.5082654 	-0.5190408 	-0.04544388 		0.01625 -0.0062895129 -0.051749923 1200000 1
0.015 11226.633 	-1924196 	10151.996 	 -6852.7678 	-3798254.8 	32944.347 	 -0.0080002975 	0.00040955521 	0.035112696 	 -0.0043592491 	0.00012564311 	-0.0011496199 	 -31577.685 	-298.47958 	-16047.149 	 -0.15474887 	0.072574742 	0.021238172 	 -1.5080704 	-0.50940068 	-0.050122047 		0.015 -0.0063815776 -0.051739244 1200000 1
0.01375 13932.699 	-1960181.1 	11961.714 	 -4717.9303 	-3759229.9 	33684.101 	 -0.0070028061 	0.00087674785 	0.034961355 	 -0.0027329934 	6.3784715e-05 	-0.0011292128 	 -32106.664 	-319.21786 	-12294.079 	 -0.15405615 	0.073646588 	0.020111596 	 -1.5048038 	-0.47690297 	-0.051238008 		0.01375 -0.0064161465 -0.051676675 1200000 1
0.0125 14704.119 	-1964111.8 	12822.283 	 -2725.7355 	-3706144.4 	32961.408 	 -0.006108237 	0.0010348123 	0.03467181 	 -0.0014101195 	-2.6053835e-05 	-0.0011462801 	 -31907.205 	-310.82316 	-8827.1394 	 -0.15393215 	0.07143652 	0.019348802 	 -1.5015 	-0.46846608 	-0.050752397 		0.0125 -0.0064499935 -0.051617349 1200000 1
0.01125 13211.702 	-1970661.1 	13725.794 	 2192.3022 	-3654249.1 	32990.125 	 -0.0051944928 	0.0012263223 	0.034404218 	 -3.6215894e-05 	-0.00012290968 	-0.001159539 	 -31795.574 	-262.32571 	-5232.7892 	 -0.15387709 	0.069009761 	0.018499347 	 -1.4980901 	-0.4584582 	-0.050818459 		0.01125 -0.0064471144 -0.051517035 1200000 1
0.01 14595.224 	-1891434.4 	13215.617 	 11758.559 	-3670328.9 	31325.686 	 -0.0042062921 	0.001357221 	0.033193814 	 0.0012244971 	-0.00022020271 	-0.001927232 	 -28915.457 	-277.28907 	-1845.497 	 -0.15528952 	0.061949128 	0.017800646 	 -1.4959618 	-0.45283678 	-0.048891729 		0.01 -0.0064376281 -0.051415838 1200000 1
0.00875 13126.545 	-1950881.1 	13450.418 	 15790.469 	-3559396.3 	28394.524 	 -0.0034726744 	0.0012881541 	0.033650258 	 0.0023891988 	-0.00025145312 	-0.0012191478 	 -30685.6 	-211.41259 	539.48027 	 -0.15290315 	0.065526269 	0.017727863 	 -1.4914113 	-0.45326555 	-0.04663308 		0.00875 -0.0064548117 -0.051352727 1200000 1
0.0075 11950.618 	-1927517 	12266.997 	 20928.756 	-3502888.5 	24808.386 	 -0.0026281694 	0.0011673595 	0.033172748 	 0.0035393869 	-0.00027868707 	-0.0012630102 	 -29837.111 	-166.95181 	3417.9133 	 -0.15227347 	0.063821931 	0.017925844 	 -1.4880019 	-0.45820999 	-0.043163645 		0.0075 -0.0064431239 -0.051250843 1200000 1
0.00625 13228.791 	-1907713.4 	11525.305 	 23067.438 	-3446171.8 	21168.456 	 -0.0017827047 	0.0010755687 	0.032712763 	 0.0046912663 	-0.00031516514 	-0.001304308 	 -29049.464 	-164.79407 	6329.6183 	 -0.15156814 	0.062224705 	0.01797716 	 -1.4845567 	-0.46151884 	-0.03985488 		0.00625 -0.0064723756 -0.051194089 1200000 1
0.005 16725.04 	-1856874 	10230.338 	 24997.262 	-3397754.6 	17650.37 	 -0.00095814123 	0.00080991185 	0.032169717 	 0.0058263973 	-0.00036422934 	-0.0013558222 	 -27639.211 	-216.72188 	8857.4117 	 -0.1503167 	0.055657719 	0.018479623 	 -1.4827627 	-0.48078117 	-0.036677346 		0.005 -0.0065143659 -0.051155951 1200000 1
0.00375 21111.092 	-1824219.7 	8315.4139 	 29731.962 	-3365020.2 	13512.289 	 -4.141326e-05 	0.00047487045 	0.031562618 	 0.0070217497 	-0.00039684252 	-0.0013931665 	 -26470.953 	-280.5173 	11513.753 	 -0.14792237 	0.060132083 	0.019066264 	 -1.4776482 	-0.47837809 	-0.032603892 		0.00375 -0.0065383759 -0.051151454 1200000 1
0.0025 22325.593 	-1812194.7 	6699.7415 	 33529.327 	-3267116.4 	9957.6699 	 0.00066097153 	0.00022891794 	0.031098526 	 0.0079419579 	-0.00040425485 	-0.0014286831 	 -25855.572 	-287.58769 	13476.847 	 -0.14767556 	0.063646229 	0.019570153 	 -1.4745695 	-0.47752472 	-0.029081664 		0.0025 -0.0065470657 -0.050770256 1200000 1
0.00125 19773.839 	-1809759 	6188.4533 	 38311.809 	-3061025.8 	8463.9508 	 0.00085586842 	0.00014317604 	0.030940257 	 0.0082598215 	-0.00042306786 	-0.0014638063 	 -25759.325 	-241.54263 	13438.592 	 -0.15116423 	0.05584539 	0.019800806 	 -1.478173 	-0.49790125 	-0.027789747 		0.00125 -0.0065165287 -0.04962725 1200000 1
0 17197.034 	-1769690.4 	5773.0636 	 47048.243 	-2917438.1 	8728.591 	 0.00077949187 	0.00013435663 	0.030965987 	 0.0082135209 	-0.00046223306 	-0.0014886385 	 -25231.105 	-195.37052 	12705.181 	 -0.15752533 	0.048442839 	0.019543179 	 -1.4853828 	-0.51590814 	-0.027592075 		0 -0.0065106934 -0.048614378 1200000 1
