# x jRe_x jRe_y jRe_z jIm_x jIm_y jIm_z BRe_x BRe_y BRe_z BIm_x BIm_y BIm_z F_x F_y F_z VReGrad_x VReGrad_y VReGrad_z VImGrad_x VImGrad_y VImGrad_z s VRe VIm sigma mur
-0.035 -28546.679 	62924.19 	7663.9871 	 -389539.38 	603448.7 	116389.08 	 0.0057757808 	0.0026839532 	0.042291269 	 -0.00021994827 	-0.00038646857 	0.0044856124 	 2698.1407 	1485.4091 	-80.058657 	 -0.66119006 	0.61248096 	0.00079744092 	 -2.9669068 	3.6609774 	-0.09792884 		-0.035 0.0040486049 0.018152133 1200000 1
-0.03375 -123067.51 	110840.3 	9308.0493 	 -607735.59 	546615.52 	109501.31 	 0.0056000194 	0.0026411861 	0.042108265 	 -0.00026998061 	-0.0003920052 	0.0042265925 	 3466.9834 	3855.123 	-265.98325 	 -0.64153657 	0.59756074 	0.0008541504 	 -2.7668522 	3.4719442 	-0.092406322 		-0.03375 0.0031908678 0.014176693 1200000 1
-0.0325 -259536.3 	115508 	12517.154 	 -1134736.3 	389898.47 	127026.51 	 0.0052051554 	0.0026728368 	0.04179247 	 -0.0002568363 	-0.00040022293 	0.0039584514 	 3132.5429 	7686.3594 	-359.50919 	 -0.5899495 	0.6036214 	-0.00033019738 	 -2.3142134 	3.3939536 	-0.10725762 		-0.0325 0.0024230135 0.011097548 1200000 1
-0.03125 -403422.33 	117561.91 	15077.064 	 -1563832 	309917.44 	137047.93 	 0.0048393478 	0.0026979589 	0.041446137 	 -0.00024163184 	-0.00041224096 	0.0038781008 	 2983.7576 	11430.908 	-462.32485 	 -0.53363883 	0.60504275 	-0.0012526773 	 -1.9404856 	3.2591712 	-0.11584286 		-0.03125 0.0017220295 0.0084856274 1200000 1
-0.03 -548317.67 	118032.95 	16931.759 	 -1912481.2 	258956.51 	140858.73 	 0.0044993899 	0.0027155782 	0.041112261 	 -0.00023117981 	-0.00042444728 	0.0038413105 	 2861.9088 	15027.531 	-571.58703 	 -0.47557137 	0.60184679 	-0.0018898756 	 -1.6317553 	3.1073904 	-0.11922809 		-0.03 0.0010918969 0.0062880527 1200000 1
-0.02875 -688962.76 	119713.51 	18121.924 	 -2193196.2 	233106.61 	140075.35 	 0.0041825203 	0.0027251587 	0.040833056 	 -0.00022705804 	-0.00043653211 	0.0037830616 	 2799.3303 	18351.97 	-683.12784 	 -0.41909065 	0.59245192 	-0.002258534 	 -1.3776683 	2.941251 	-0.11875587 		-0.02875 0.00053097455 0.0044186755 1200000 1
-0.0275 -821607.89 	122215.61 	18715.461 	 -2417745.8 	212918.09 	135907.86 	 0.0038856783 	0.0027270732 	0.040493862 	 -0.00023084152 	-0.00044865175 	0.0035955351 	 2751.2858 	21154.368 	-789.73852 	 -0.36609916 	0.57789704 	-0.0024008299 	 -1.1692921 	2.7768062 	-0.11542849 		-0.0275 3.6607733e-05 0.0028367959 1200000 1
-0.02625 -947231.86 	123701.82 	18962.52 	 -2605164.4 	198720.64 	130484.48 	 0.0036070286 	0.0027283845 	0.040176119 	 -0.00023222576 	-0.00045911051 	0.0034200255 	 2706.1239 	23696.402 	-893.38633 	 -0.31631188 	0.56027492 	-0.0024247025 	 -0.99098148 	2.6135431 	-0.11102634 		-0.02625 -0.0003933437 0.0015073214 1200000 1
-0.025 -1076111.6 	110990.57 	19561.767 	 -2789745.6 	152613.53 	128736.61 	 0.0033472899 	0.0027591943 	0.040100117 	 -0.00019819703 	-0.00045917311 	0.003832779 	 2426.5031 	27091.418 	-1014.7129 	 -0.26691168 	0.55018716 	-0.0026163029 	 -0.81202635 	2.4837783 	-0.10969488 		-0.025 -0.00074613241 0.00044256293 1200000 1
-0.02375 -1199358.4 	98697.887 	19853.496 	 -2948807.4 	113385.59 	125627.17 	 0.003102803 	0.0027898568 	0.040061317 	 -0.00016666604 	-0.00045766219 	0.004295339 	 2153.6395 	30490.064 	-1142.9937 	 -0.21983088 	0.53715233 	-0.0027187098 	 -0.65378843 	2.353785 	-0.1071986 		-0.02375 -0.0010423776 -0.00043870875 1200000 1
-0.0225 -1313419.3 	90617 	19722.178 	 -3079479 	95487.671 	120493.33 	 0.0028721947 	0.0028128858 	0.040047826 	 -0.00014472065 	-0.00045694894 	0.0046766915 	 1985.8759 	33622.399 	-1269.7361 	 -0.17599344 	0.51863591 	-0.0026869055 	 -0.51975151 	2.2111503 	-0.10297498 		-0.0225 -0.0012854288 -0.0011546874 1200000 1
-0.02125 -1416979 	84652.697 	19214.42 	 -3185149 	78100.296 	113689.95 	 0.0026537062 	0.0028274787 	0.039950644 	 -0.0001332415 	-0.00045774938 	0.0048768463 	 1827.3765 	36216.929 	-1386.2278 	 -0.13597699 	0.49683737 	-0.0025400318 	 -0.40774772 	2.0728339 	-0.097319996 		-0.02125 -0.0014768524 -0.0017130188 1200000 1
-0.02 -1510103.2 	82286.749 	18406.944 	 -3268786.1 	76607.633 	105854.3 	 0.0024462927 	0.002833315 	0.039822025 	 -0.00012875645 	-0.00046053812 	0.0049166671 	 1766.382 	38289.119 	-1488.3644 	 -0.099966228 	0.47038243 	-0.0023107993 	 -0.31507827 	1.9257635 	-0.090768184 		-0.02 -0.0016244448 -0.0021594472 1200000 1
-0.01875 -1592543.2 	79913.429 	17362.837 	 -3334091.9 	71165.267 	97322.465 	 0.0022487007 	0.0028309557 	0.039586497 	 -0.00012993246 	-0.00046504785 	0.0047582199 	 1681.3849 	39681.312 	-1570.2776 	 -0.068058084 	0.44258949 	-0.0020243243 	 -0.23912355 	1.7861514 	-0.083602468 		-0.01875 -0.0017297259 -0.0024961465 1200000 1
-0.0175 -1667863.4 	77709.034 	16253.799 	 -3389400 	68958.559 	89042.373 	 0.0020602787 	0.0028277079 	0.039356006 	 -0.00012964359 	-0.00046963782 	0.0045846829 	 1617.0844 	40856.729 	-1643.7446 	 -0.038973643 	0.41353359 	-0.0017460984 	 -0.1724658 	1.6477588 	-0.076624428 		-0.0175 -0.001794815 -0.0027325344 1200000 1
-0.01625 -1750724.6 	67352.337 	15523.516 	 -3458618.1 	53500.613 	83596.446 	 0.0018824005 	0.0028547191 	0.039496438 	 -0.00010643556 	-0.00046435967 	0.005112695 	 1413.7477 	43624.275 	-1762.0708 	 -0.0078754015 	0.38986757 	-0.0016574097 	 -0.091771564 	1.524742 	-0.072015701 		-0.01625 -0.0018130781 -0.0028602775 1200000 1
-0.015 -1827550 	57331.335 	14681.895 	 -3519073.4 	37046.674 	77873.344 	 0.0017117888 	0.0028810238 	0.039645624 	 -8.6197599e-05 	-0.00045919663 	0.0056318851 	 1202.2701 	46291.542 	-1877.5212 	 0.020924396 	0.36531621 	-0.0015552764 	 -0.01938641 	1.4057435 	-0.067153191 		-0.015 -0.0017981966 -0.0029093137 1200000 1
-0.01375 -1894569.9 	51361.264 	13661.121 	 -3566360.9 	33469.745 	71432.736 	 0.0015474721 	0.0028991042 	0.039751321 	 -7.2935831e-05 	-0.00045608464 	0.0059886022 	 1092.3544 	48465.647 	-1977.4806 	 0.04622051 	0.33706988 	-0.0014075021 	 0.039880938 	1.2788755 	-0.061666032 		-0.01375 -0.0017528513 -0.0028871367 1200000 1
-0.0125 -1951292.7 	45605.8 	12490.192 	 -3601719.5 	24121.864 	64388.853 	 0.0013887774 	0.0029082372 	0.039737611 	 -6.5898917e-05 	-0.00045549035 	0.0061309429 	 950.16186 	49952.851 	-2054.8504 	 0.06779703 	0.30846853 	-0.001221887 	 0.086697074 	1.1593181 	-0.05565279 		-0.0125 -0.0016773652 -0.0027913163 1200000 1
-0.01125 -1998004.5 	43003.704 	11215.274 	 -3626024.6 	26531.334 	57098.462 	 0.0012350969 	0.0029083025 	0.039640688 	 -6.2490847e-05 	-0.00045752324 	0.0060766747 	 902.99389 	50794.752 	-2109.091 	 0.085671119 	0.27677971 	-0.0010208217 	 0.12200542 	1.0324532 	-0.04941305 		-0.01125 -0.0015806168 -0.0026562471 1200000 1
-0.01 -2034980.6 	39189.699 	9872.9796 	 -3640965.7 	22872.714 	49704.293 	 0.0010859865 	0.0028999634 	0.039425156 	 -6.1128744e-05 	-0.0004617293 	0.005821126 	 805.60029 	50938.382 	-2138.393 	 0.099952392 	0.24574816 	-0.0008156832 	 0.14702707 	0.91281732 	-0.043069854 		-0.01 -0.0014627368 -0.0024777203 1200000 1
-0.00875 -2066289 	35819.529 	8554.5292 	 -3652260.8 	22341.762 	42652.636 	 0.00094100917 	0.0028906793 	0.039206406 	 -5.8104329e-05 	-0.00046628716 	0.0055496316 	 733.64477 	50911.673 	-2158.7936 	 0.11207493 	0.21410722 	-0.00063909769 	 0.16738871 	0.79252296 	-0.037003384 		-0.00875 -0.0013254634 -0.0022601261 1200000 1
-0.0075 -2107806.3 	28839.951 	7451.2293 	 -3679750 	16877.413 	36986.002 	 0.00080075525 	0.0029120272 	0.039424669 	 -4.4070312e-05 	-0.00046098681 	0.0060139493 	 598.08523 	52831.115 	-2239.3416 	 0.12742175 	0.1851119 	-0.00056904668 	 0.20369812 	0.67836201 	-0.032096901 		-0.0075 -0.0011668604 -0.0020009596 1200000 1
-0.00625 -2144145.6 	21746.897 	6299.1065 	 -3703692.1 	8848.6419 	31159.738 	 0.00066325776 	0.0029325231 	0.039639523 	 -3.2224715e-05 	-0.0004559905 	0.0064622947 	 444.91245 	54623.415 	-2313.4382 	 0.14081848 	0.15615349 	-0.0004923135 	 0.23544838 	0.56764666 	-0.027046626 		-0.00625 -0.00099420111 -0.0017120979 1200000 1
-0.005 -2171351.4 	17810.223 	5076.6113 	 -3719721.5 	10073.392 	25012.846 	 0.00052780786 	0.0029446422 	0.039767382 	 -2.413377e-05 	-0.00045318362 	0.0067241813 	 379.32503 	55811.661 	-2365.5986 	 0.15093332 	0.124652 	-0.0003954781 	 0.25786766 	0.45026807 	-0.021718422 		-0.005 -0.00080947934 -0.001397581 1200000 1
-0.00375 -2189096 	12619.093 	3805.0974 	 -3728041 	3348.5853 	18618.793 	 0.00039416381 	0.002947684 	0.039769248 	 -1.8608891e-05 	-0.00045299924 	0.0067719723 	 252.65614 	56286.75 	-2391.6306 	 0.15764011 	0.094313518 	-0.0002836908 	 0.27095507 	0.34024889 	-0.016177049 		-0.00375 -0.00061229851 -0.0010522287 1200000 1
-0.0025 -2197496.4 	9754.0238 	2518.1663 	 -3728862.6 	6154.7657 	12255.065 	 0.00026182367 	0.0029416148 	0.039657742 	 -1.3602843e-05 	-0.00045545192 	0.0066115466 	 207.36724 	56066.396 	-2391.6355 	 0.16096004 	0.061871886 	-0.0001759604 	 0.274969 	0.22310941 	-0.010654636 		-0.0025 -0.00041160361 -0.00070612168 1200000 1
-0.00125 -2196895.1 	4680.3052 	1239.8353 	 -3722834.1 	1580.1404 	6008.7924 	 0.00013060648 	0.002927126 	0.039435332 	 -7.7065744e-06 	-0.00046009501 	0.0062555838 	 91.886499 	55182.229 	-2366.989 	 0.16102379 	0.031129635 	-7.8724876e-05 	 0.2704554 	0.11264304 	-0.0052275019 		-0.00125 -0.0002069154 -0.00035361052 1200000 1
1.0842022e-17 -2191370.3 	0.3481492 	-0.1477467 	 -3714617 	0.513188 	-0.512387 	 -1.4555e-09 	0.0029117408 	0.039206853 	 -7.67635e-10 	-0.00046504989 	0.0058840568 	 0.008051548 	54157.544 	-2334.5111 	 0.15923708 	1.444073e-05 	5.165217e-08 	 0.26235604 	-2.038931e-05 	8.24495e-07 		1.0842022e-17 1.0488806e-07 2.1060047e-06 1200000 1
0.00125 -2196895.2 	-4679.6203 	-1240.1188 	 -3722834.4 	-1579.2113 	-6009.6443 	 -0.00013060938 	0.0029271258 	0.039435329 	 7.7050775e-06 	-0.0004600945 	0.0062555815 	 -91.870693 	55182.223 	-2366.9896 	 0.16102385 	-0.031100752 	7.8818884e-05 	 0.27045564 	-0.11268373 	0.0052290069 		0.00125 0.00020712528 0.00035782314 1200000 1
0.0025 -2197496.3 	-9753.3679 	-2518.4353 	 -3728862.2 	-6153.98 	-12255.727 	 -0.00026182651 	0.0029416145 	0.039657739 	 1.3601312e-05 	-0.0004554513 	0.0066115421 	 -207.35205 	56066.381 	-2391.6362 	 0.16096008 	-0.061843001 	0.000176044 	 0.27496875 	-0.22314994 	0.010655982 		0.0025 0.00041181366 0.00071033506 1200000 1
0.00375 -2189096 	-12618.506 	-3805.3703 	 -3728039.9 	-3348.1897 	-18619.418 	 -0.00039416672 	0.0029476836 	0.039769243 	 1.8607041e-05 	-0.0004529988 	0.0067719682 	 -252.64333 	56286.731 	-2391.631 	 0.15764015 	-0.094284589 	0.00028377946 	 0.27095428 	-0.34028905 	0.016178364 		0.00375 0.00061250848 0.0010564409 1200000 1
0.005 -2171351.6 	-17809.597 	-5076.848 	 -3719720.6 	-10072.846 	-25013.353 	 -0.00052781099 	0.0029446419 	0.039767375 	 2.4131202e-05 	-0.00045318344 	0.0067241765 	 -379.31078 	55811.643 	-2365.5988 	 0.15093351 	-0.12462312 	0.00039553951 	 0.25786698 	-0.45030829 	0.021719637 		0.005 0.00080968949 0.0014017925 1200000 1
0.00625 -2144145.7 	-21746.266 	-6299.3632 	 -3703690.9 	-8848.0375 	-31160.303 	 -0.00066326091 	0.0029325228 	0.039639512 	 3.2222153e-05 	-0.00045599055 	0.0064622893 	 -444.89812 	54623.393 	-2313.4381 	 0.14081872 	-0.15612465 	0.00049239445 	 0.23544753 	-0.56768686 	0.027047887 		0.00625 0.00099441156 0.0017163082 1200000 1
0.0075 -2107806.5 	-28839.336 	-7451.4797 	 -3679748.6 	-16876.677 	-36986.522 	 -0.00080075812 	0.0029120268 	0.039424657 	 4.4068203e-05 	-0.00046098694 	0.0060139435 	 -598.07107 	52831.091 	-2239.3414 	 0.12742201 	-0.18508309 	0.00056912606 	 0.20369716 	-0.67840221 	0.032098123 		0.0075 0.0011670712 0.0020051686 1200000 1
0.00875 -2066289.2 	-35818.936 	-8554.7723 	 -3652259.3 	-22340.886 	-42653.108 	 -0.0009410118 	0.0028906788 	0.039206392 	 5.8102556e-05 	-0.00046628729 	0.0055496251 	 -733.63081 	50911.646 	-2158.7933 	 0.1120752 	-0.21407844 	0.00063917517 	 0.16738766 	-0.79256316 	0.037004563 		0.00875 0.0013256744 0.0022643336 1200000 1
0.01 -2034980.8 	-39189.12 	-9873.2365 	 -3640964.2 	-22871.995 	-49704.77 	 -0.0010859892 	0.0028999629 	0.03942514 	 6.1126884e-05 	-0.00046172947 	0.0058211186 	 -805.58671 	50938.354 	-2138.3927 	 0.099952714 	-0.2457194 	0.00081577601 	 0.14702602 	-0.91285724 	0.043071033 		0.01 0.0014629482 0.0024819266 1200000 1
0.01125 -1998005 	-43003.101 	-11215.555 	 -3626023.3 	-26530.712 	-57098.958 	 -0.0012350999 	0.0029083019 	0.03964067 	 6.248871e-05 	-0.00045752345 	0.0060766669 	 -902.97977 	50794.725 	-2109.0908 	 0.085671573 	-0.27675101 	0.0010209379 	 0.12200447 	-1.0324929 	0.049414243 		0.01125 0.0015808287 0.0026604523 1200000 1
0.0125 -1951293.4 	-45605.202 	-12490.479 	 -3601718.2 	-24121.319 	-64389.33 	 -0.0013887804 	0.0029082366 	0.039737592 	 6.5896859e-05 	-0.00045549057 	0.0061309341 	 -950.14792 	49952.826 	-2054.8503 	 0.067797634 	-0.30843988 	0.0012220133 	 0.08669622 	-1.1593576 	0.055653962 		0.0125 0.0016775777 0.0027955205 1200000 1
0.01375 -1894570.7 	-51360.667 	-13661.402 	 -3566359.5 	-33469.211 	-71433.149 	 -0.0015474748 	0.0028991036 	0.039751299 	 7.2934179e-05 	-0.00045608489 	0.0059885919 	 -1092.3404 	48465.62 	-1977.4807 	 0.046221244 	-0.3370413 	0.0014076288 	 0.03988001 	-1.2789148 	0.061667147 		0.01375 0.0017530648 0.0028913399 1200000 1
0.015 -1827550.9 	-57330.728 	-14682.166 	 -3519071.8 	-37046.034 	-77873.725 	 -0.0017117913 	0.0028810232 	0.0396456 	 8.6196171e-05 	-0.00045919692 	0.0056318735 	 -1202.2557 	46291.515 	-1877.5214 	 0.020925205 	-0.36528771 	0.0015553995 	 -0.019387489 	-1.4057826 	0.067154273 		0.015 0.0017984109 0.0029135156 1200000 1
0.01625 -1750725.5 	-67351.699 	-15523.786 	 -3458616.4 	-53499.689 	-83596.868 	 -0.0018824031 	0.0028547185 	0.039496412 	 0.00010643403 	-0.00046435997 	0.0051126824 	 -1413.7319 	43624.246 	-1762.0711 	 -0.0078745536 	-0.3898392 	0.0016575373 	 -0.09177272 	-1.5247812 	0.072016812 		0.01625 0.0018132935 0.0028644776 1200000 1
0.0175 -1667864.4 	-77708.374 	-16254.059 	 -3389398.3 	-68957.364 	-89042.815 	 -0.0020602813 	0.0028277072 	0.039355977 	 0.00012964211 	-0.0004696381 	0.0045846696 	 -1617.0675 	40856.7 	-1643.745 	 -0.038972774 	-0.41350535 	0.0017462231 	 -0.17246697 	-1.647798 	0.076625549 		0.0175 0.0017950315 0.0027367328 1200000 1
0.01875 -1592544.3 	-79912.774 	-17363.067 	 -3334090.1 	-71164.239 	-97322.874 	 -0.0022487032 	0.0028309549 	0.039586465 	 0.00012993131 	-0.0004650481 	0.004758205 	 -1681.3682 	39681.279 	-1570.2779 	 -0.068057221 	-0.44256134 	0.0020244295 	 -0.2391248 	-1.7861902 	0.083603556 		0.01875 0.0017299436 0.0025003436 1200000 1
0.02 -1510104.2 	-82286.128 	-18407.134 	 -3268784 	-76606.821 	-105854.66 	 -0.0024462948 	0.0028333141 	0.039821991 	 0.00012875571 	-0.00046053839 	0.0049166499 	 -1766.3661 	38289.08 	-1488.3646 	 -0.099965424 	-0.47035437 	0.002310877 	 -0.31507972 	-1.9258018 	0.09076922 		0.02 0.0016246636 0.0021636429 1200000 1
0.02125 -1416980 	-84652.112 	-19214.593 	 -3185146.9 	-78099.62 	-113690.27 	 -0.0026537082 	0.0028274778 	0.039950608 	 0.00013324084 	-0.00045774985 	0.0048768276 	 -1827.3613 	36216.889 	-1386.2278 	 -0.13597622 	-0.49680943 	0.0025401016 	 -0.40774929 	-2.0728717 	0.097320987 		0.02125 0.0014770722 0.0017172127 1200000 1
0.0225 -1313420.4 	-90616.4 	-19722.36 	 -3079476.9 	-95486.866 	-120493.7 	 -0.0028721968 	0.0028128851 	0.040047788 	 0.00014471983 	-0.00045694975 	0.0046766722 	 -1985.8597 	33622.362 	-1269.7357 	 -0.17599263 	-0.51860813 	0.0026869892 	 -0.51975297 	-2.211188 	0.10297602 		0.0225 0.0012856495 0.0011588792 1200000 1
0.02375 -1199359.5 	-98697.306 	-19853.68 	 -2948805.5 	-113384.67 	-125627.54 	 -0.003102805 	0.0027898564 	0.040061276 	 0.00016666546 	-0.00045766332 	0.0042953186 	 -2153.6232 	30490.03 	-1142.9931 	 -0.21983002 	-0.53712471 	0.0027188009 	 -0.65378972 	-2.3538224 	0.10719963 		0.02375 0.0010425994 0.00044289879 1200000 1
0.025 -1076112.8 	-110990.03 	-19561.947 	 -2789743.7 	-152612.37 	-128736.91 	 -0.0033472916 	0.0027591937 	0.040100074 	 0.00019819659 	-0.00045917418 	0.0038327571 	 -2426.4865 	27091.385 	-1014.7126 	 -0.26691082 	-0.5501597 	0.0026163981 	 -0.81202761 	-2.4838156 	0.10969584 		0.025 0.00074635526 -0.00043837473 1200000 1
0.02625 -947233.11 	-123701.32 	-18962.698 	 -2605162.7 	-198719.35 	-130484.7 	 -0.0036070302 	0.0027283836 	0.040176073 	 0.00023222513 	-0.00045911144 	0.003420002 	 -2706.107 	23696.372 	-893.38618 	 -0.31631103 	-0.56024763 	0.0024248036 	 -0.99098264 	-2.6135801 	0.11102722 		0.02625 0.00039356766 -0.0015031351 1200000 1
0.0275 -821609.21 	-122215.14 	-18715.646 	 -2417744.3 	-212917.03 	-135908.1 	 -0.00388568 	0.0027270719 	0.040493814 	 0.00023084049 	-0.00044865249 	0.0035955097 	 -2751.269 	21154.342 	-789.73863 	 -0.36609827 	-0.57786994 	0.0024009436 	 -1.1692931 	-2.7768426 	0.11542937 		0.0275 -3.6382658e-05 -0.0028326108 1200000 1
0.02875 -688964.16 	-119713.02 	-18122.119 	 -2193195.1 	-233105.64 	-140075.71 	 -0.0041825221 	0.0027251572 	0.040833006 	 0.00022705687 	-0.00043653264 	0.0037830343 	 -2799.3127 	18351.95 	-683.12824 	 -0.41908973 	-0.59242507 	0.0022586618 	 -1.377669 	-2.9412869 	0.11875685 		0.02875 -0.00053074832 -0.0044144913 1200000 1
0.03 -548319.04 	-118032.46 	-16931.949 	 -1912480.4 	-258955.58 	-140859.03 	 -0.0044993918 	0.0027155768 	0.041112209 	 0.00023117884 	-0.00042444776 	0.00384128 	 -2861.8898 	15027.515 	-571.58745 	 -0.47557049 	-0.6018202 	0.0018900065 	 -1.6317557 	-3.1074259 	0.11922901 		0.03 -0.0010916695 -0.0062838691 1200000 1
0.03125 -403423.52 	-117561.5 	-15077.258 	 -1563831.6 	-309916.59 	-137048.27 	 -0.0048393496 	0.0026979576 	0.041446081 	 0.00024163104 	-0.00041224169 	0.0038780669 	 -2983.7392 	11430.895 	-462.32509 	 -0.53363812 	-0.60501638 	0.0012528193 	 -1.9404858 	-3.2592062 	0.1158438 		0.03125 -0.0017218011 -0.0084814443 1200000 1
0.0325 -259537.17 	-115507.7 	-12517.314 	 -1134736 	-389897.52 	-127026.91 	 -0.005205157 	0.0026728352 	0.041792411 	 0.00025683568 	-0.00040022408 	0.0039584137 	 -3132.5244 	7686.3486 	-359.50916 	 -0.58994908 	-0.60359525 	0.00033031888 	 -2.3142134 	-3.3939882 	0.10725861 		0.0325 -0.0024227843 -0.011093365 1200000 1
0.03375 -123067.95 	-110840.15 	-9308.244 	 -607735.44 	-546614.51 	-109502.22 	 -0.0056000207 	0.0026411843 	0.042108204 	 0.00026998009 	-0.00039200656 	0.0042265486 	 -3466.9629 	3855.1159 	-265.98327 	 -0.64153652 	-0.59753483 	-0.00085399371 	 -2.7668522 	-3.4719783 	0.092407714 		0.03375 -0.0031906382 -0.01417251 1200000 1
0.035 -37614.728 	-104601.58 	-6905.9424 	 -380478.59 	-788290.34 	-99503.527 	 -0.0057684903 	0.0026202878 	0.042249343 	 0.00027959955 	-0.00038790219 	0.0044187954 	 -3947.1872 	1644.5214 	-151.89335 	 -0.66323947 	-0.59208491 	-0.0014482126 	 -2.9525588 	-3.4621566 	0.083865754 		0.035 -0.0040165443 -0.01793768 1200000 1
