# y jRe_x jRe_y jRe_z jIm_x jIm_y jIm_z BRe_x BRe_y BRe_z BIm_x BIm_y BIm_z F_x F_y F_z VReGrad_x VReGrad_y VReGrad_z VImGrad_x VImGrad_y VImGrad_z s VRe VIm sigma mur
-0.075 -516743.54 	-19558.427 	-16935.818 	 -2171879.6 	-83660.126 	-162105.44 	 -0.0045076357 	0.0028116173 	0.041548903 	 0.00010745544 	-0.00039623556 	0.0051581988 	 -630.42715 	16368.593 	-336.18507 	 -0.46703914 	-0.63390918 	0.0028938392 	 -1.5300549 	-3.2734757 	0.13676066 		-0.075 -0.00044468482 -0.0031239373 1200000 1
-0.07375 -561286.59 	-148835.04 	-16532.01 	 -1865945.7 	-311324.26 	-133050.28 	 -0.0045021414 	0.0026897417 	0.04111172 	 0.00026577283 	-0.00043564459 	0.0035234732 	 -3581.8144 	14875.828 	-640.8379 	 -0.47065443 	-0.5872433 	0.0015098749 	 -1.650402 	-3.0654954 	0.1127276 		-0.07375 -0.0012192494 -0.0071382804 1200000 1
-0.0725 -584005.99 	-296420.02 	-14582.095 	 -1563500.9 	-607443.31 	-99389.863 	 -0.0044929527 	0.0025357558 	0.040413548 	 0.00044787309 	-0.00046974048 	0.0015538952 	 -6369.887 	13083.054 	-898.02672 	 -0.47519016 	-0.52992835 	4.8808775e-06 	 -1.7754825 	-2.7962431 	0.084718451 		-0.0725 -0.0019205626 -0.01081776 1200000 1
-0.07125 -591871.41 	-443430.97 	-12236.243 	 -1322075.9 	-881050.87 	-72074.258 	 -0.0044838034 	0.0023796456 	0.039616277 	 0.00062156346 	-0.00049150868 	-0.00037271865 	 -8579.5823 	11484.606 	-1097.8359 	 -0.47893217 	-0.47640407 	-0.0010989342 	 -1.8573866 	-2.5418016 	0.061888321 		-0.07125 -0.0025484116 -0.014148204 1200000 1
-0.07 -588435.9 	-587887.93 	-9699.9255 	 -1123442.1 	-1127682 	-49856.943 	 -0.0044784867 	0.0022450044 	0.038964771 	 0.00073975414 	-0.00049683098 	-0.0016637943 	 -10500.127 	10511.997 	-1280.6532 	 -0.48147894 	-0.42607227 	-0.001909466 	 -1.9110945 	-2.3070016 	0.04322013 		-0.07 -0.0031115728 -0.017172264 1200000 1
-0.06875 -576828.58 	-728797.52 	-7171.9274 	 -958839.17 	-1347009.3 	-32022.446 	 -0.0044751683 	0.0021204834 	0.03835474 	 0.00083107017 	-0.00049250677 	-0.0026687993 	 -12185.248 	9749.8838 	-1447.8698 	 -0.48243019 	-0.37840033 	-0.0024750679 	 -1.9436474 	-2.0928027 	0.028140723 		-0.06875 -0.0036135923 -0.019915708 1200000 1
-0.0675 -559386.33 	-865261.13 	-4778.7744 	 -821285.71 	-1540424.1 	-17873.432 	 -0.004473834 	0.0020051005 	0.037789858 	 0.00090142383 	-0.00048163415 	-0.0034447734 	 -13720.596 	9113.3796 	-1606.9684 	 -0.4815642 	-0.33312969 	-0.0028363736 	 -1.9605439 	-1.898657 	0.016089024 		-0.0675 -0.0040575737 -0.02240427 1200000 1
-0.06625 -537850.83 	-996545.44 	-2594.2328 	 -705402.05 	-1710115.3 	-6772.9789 	 -0.0044743488 	0.0018979514 	0.037271302 	 0.00095548994 	-0.00046654476 	-0.0040374191 	 -15159.539 	8552.6986 	-1762.1479 	 -0.47879886 	-0.29014513 	-0.003028334 	 -1.9659133 	-1.723284 	0.006550995 		-0.06625 -0.0044464165 -0.024662351 1200000 1
-0.065 -513524.9 	-1122093.4 	-655.03575 	 -607076.96 	-1858517.2 	1836.6864 	 -0.0044765108 	0.00179822 	0.036798521 	 0.00099693805 	-0.00044893466 	-0.0044833666 	 -16533.317 	8038.8237 	-1915.397 	 -0.47414771 	-0.24940179 	-0.0030813232 	 -1.9628113 	-1.5651375 	-0.00092465324 		-0.065 -0.0047829365 -0.026712481 1200000 1
-0.06375 -487387.11 	-1241509.3 	1027.1241 	 -523151.15 	-1988023 	8430.3323 	 -0.004480088 	0.0017051791 	0.03636982 	 0.0010286365 	-0.00043000409 	-0.0048120254 	 -17858.65 	7555.0143 	-2067.311 	 -0.46768528 	-0.21088593 	-0.0030217719 	 -1.9534955 	-1.4226488 	-0.0067229648 		-0.06375 -0.005069921 -0.028575194 1200000 1
-0.0625 -460174.13 	-1354535.2 	2456.7834 	 -451167.45 	-2100856.5 	13404.281 	 -0.0044848421 	0.0016181854 	0.035982794 	 0.0010528213 	-0.00041058128 	-0.0050470627 	 -19143.066 	7091.7929 	-2217.6624 	 -0.45952253 	-0.17459404 	-0.0028725769 	 -1.9396426 	-1.2943393 	-0.011166168 		-0.0625 -0.0053101513 -0.030269103 1200000 1
-0.06125 -432440.17 	-1461026.6 	3648.4175 	 -389186.71 	-2199027.4 	17084.944 	 -0.004490543 	0.0015366723 	0.03563463 	 0.0010712325 	-0.00039122247 	-0.0052075746 	 -20388.485 	6643.9682 	-2365.7794 	 -0.44979004 	-0.14052215 	-0.0026534174 	 -1.9225066 	-1.178862 	-0.014520395 		-0.06125 -0.0055064061 -0.031811043 1200000 1
-0.06 -404600.31 	-1560930.2 	4622.0622 	 -335655.5 	-2284325.1 	19738.522 	 -0.0044969781 	0.001460141 	0.035322313 	 0.0010852215 	-0.00037228875 	-0.0053090093 	 -21593.582 	6208.8529 	-2510.789 	 -0.43862692 	-0.10866081 	-0.0023810396 	 -1.903033 	-1.0750119 	-0.017003393 		-0.06 -0.0056614567 -0.033216257 1200000 1
-0.05875 -376962.55 	-1654264.1 	5400.3378 	 -289311.75 	-2358330.4 	21580.585 	 -0.0045039567 	0.0013881525 	0.035042774 	 0.0010958368 	-0.0003540033 	-0.0053638945 	 -22755.3 	5785.1888 	-2651.7665 	 -0.42617358 	-0.078993165 	-0.0020695304 	 -1.8819398 	-0.9817196 	-0.018792167 		-0.05875 -0.0057780581 -0.034498572 1200000 1
-0.0575 -349751.72 	-1741101.6 	6006.4829 	 -249116.79 	-2422434.7 	22784.808 	 -0.0045113115 	0.0013203192 	0.034792983 	 0.0011038902 	-0.00033649327 	-0.0053824121 	 -23869.81 	5372.4964 	-2787.8235 	 -0.4125671 	-0.051494821 	-0.001730586 	 -1.8597751 	-0.89803991 	-0.020029954 		-0.0575 -0.0058589396 -0.035670557 1200000 1
-0.05625 -323127.69 	-1821557.4 	6463.1052 	 -214205.92 	-2477860.1 	23490.532 	 -0.0045188989 	0.0012562983 	0.034570016 	 0.0011100092 	-0.00031982 	-0.0053728522 	 -24933.096 	4970.6822 	-2918.1562 	 -0.39793838 	-0.026134595 	-0.0013737752 	 -1.8369591 	-0.82313873 	-0.020832281 		-0.05625 -0.0059067952 -0.036743672 1200000 1
-0.055 -297199.31 	-1895775.9 	6791.4354 	 -183852.04 	-2525678.8 	23809.222 	 -0.0045265977 	0.0011957857 	0.034371093 	 0.0011146779 	-0.0003040005 	-0.0053419748 	 -25941.306 	4579.8043 	-3042.0668 	 -0.38241048 	-0.0028757426 	-0.001006796 	 -1.8138144 	-0.75628017 	-0.021292129 		-0.055 -0.0059242761 -0.037728403 1200000 1
-0.05375 -272035.19 	-1963921.8 	7010.9231 	 -157438.17 	-2566830.8 	23829.807 	 -0.0045343071 	0.0011385098 	0.034193601 	 0.0011182686 	-0.00028902261 	-0.0052952979 	 -26890.937 	4199.9354 	-3158.97 	 -0.36609777 	0.01832265 	-0.00063571724 	 -1.7905887 	-0.69681476 	-0.02148421 		-0.05375 -0.0059139845 -0.038634373 1200000 1
-0.0525 -247672.06 	-2026172.4 	7139.061 	 -134436.54 	-2602140.1 	23623.031 	 -0.0045419449 	0.001084228 	0.034035113 	 0.001121067 	-0.00027485559 	-0.0052373268 	 -27778.929 	3831.0859 	-3268.3887 	 -0.34910563 	0.037504262 	-0.00026520156 	 -1.7674718 	-0.64416935 	-0.021468452 		-0.0525 -0.0058784694 -0.03947044 1200000 1
-0.05125 -224121.35 	-2082711.6 	7191.3619 	 -114392.37 	-2632327.8 	23245.047 	 -0.004549445 	0.0010327219 	0.033893388 	 0.0011232914 	-0.00026145749 	-0.0051717397 	 -28602.694 	3473.1638 	-3369.9451 	 -0.33153055 	0.054714217 	0.00010129097 	 -1.7446084 	-0.59783824 	-0.021292886 		-0.05125 -0.0058202239 -0.040244796 1200000 1
-0.05 -201374.4 	-2133723.9 	7181.4338 	 -96911.167 	-2658024.3 	22740.352 	 -0.0045567554 	0.00098379465 	0.033766377 	 0.0011251082 	-0.00024878021 	-0.0051015361 	 -29360.108 	3125.9582 	-3463.3492 	 -0.31346046 	0.069997889 	0.00046131802 	 -1.7221077 	-0.55737563 	-0.020995999 		-0.05 -0.0057416839 -0.040965036 1200000 1
-0.04875 -179406.57 	-2179391.3 	7121.1148 	 -81648.496 	-2679779.9 	22144.121 	 -0.0045638361 	0.00093726795 	0.033652216 	 0.0011266432 	-0.00023677285 	-0.0050291589 	 -30049.474 	2789.136 	-3548.3856 	 -0.29497518 	0.083399842 	0.00081328894 	 -1.7000511 	-0.52238908 	-0.020608619 		-0.04875 -0.0056452291 -0.041638235 1200000 1
-0.0475 -158180.53 	-2219888.7 	7020.6414 	 -68301.69 	-2698073 	21484.11 	 -0.0045706576 	0.00089297973 	0.033549225 	 0.0011279913 	-0.00022538387 	-0.0049565922 	 -30669.487 	2462.2474 	-3624.9006 	 -0.27614699 	0.094962895 	0.0011563174 	 -1.6784987 	-0.49253408 	-0.020155446 		-0.0475 -0.0055331843 -0.042271009 1200000 1
-0.04625 -137648.91 	-2255382.4 	6888.829 	 -56603.046 	-2713318.6 	20782.206 	 -0.0045771988 	0.00085078226 	0.033455899 	 0.0011292232 	-0.00021456246 	-0.0048854408 	 -31219.178 	2144.735 	-3692.7905 	 -0.25704128 	0.10472733 	0.0014900939 	 -1.6574928 	-0.46750925 	-0.019656309 		-0.04625 -0.0054078219 -0.04286957 1200000 1
-0.045 -117756.41 	-2286026.7 	6733.2534 	 -46314.166 	-2725874 	20055.677 	 -0.0045834458 	0.00081054043 	0.033370906 	 0.0011303913 	-0.00020425934 	-0.0048169957 	 -31697.869 	1835.9458 	-3751.9901 	 -0.23771719 	0.11273019 	0.0018147768 	 -1.6370628 	-0.44705244 	-0.01912718 		-0.045 -0.005271366 -0.043439782 1200000 1
-0.04375 -98441.479 	-2311963.3 	6560.4285 	 -37221.149 	-2736045.3 	19318.172 	 -0.0045893908 	0.00077213042 	0.033293074 	 0.0011315339 	-0.00019442718 	-0.0047522868 	 -32105.124 	1535.1434 	-3802.4629 	 -0.2182283 	0.1190047 	0.0021308989 	 -1.6172274 	-0.43093729 	-0.018580992 		-0.04375 -0.0051259964 -0.043987201 1200000 1
-0.0425 -79637.69 	-2333318.8 	6375.9783 	 -29130.421 	-2744091.3 	18580.536 	 -0.0045950312 	0.00073543849 	0.033221391 	 0.0011326781 	-0.00018502066 	-0.0046921262 	 -32440.706 	1241.5205 	-3844.1923 	 -0.19862327 	0.12357975 	0.0024392847 	 -1.5979972 	-0.4189705 	-0.018028306 		-0.0425 -0.0049738542 -0.044517125 1200000 1
-0.04125 -61274.844 	-2350204.4 	6184.802 	 -21865.093 	-2750228.1 	17851.476 	 -0.0046003684 	0.00070035995 	0.033154993 	 0.0011338428 	-0.00017599642 	-0.0046371423 	 -32704.537 	954.21063 	-3877.1745 	 -0.17894657 	0.12647952 	0.0027409768 	 -1.5793767 	-0.41098946 	-0.017477861 		-0.04125 -0.004817047 -0.045034628 1200000 1
-0.04 -43279.867 	-2362714.6 	5991.2283 	 -15261.749 	-2754631.8 	17138.125 	 -0.0046054076 	0.00066679832 	0.033093166 	 0.0011350401 	-0.00016731277 	-0.0045878074 	 -32896.667 	672.29976 	-3901.4125 	 -0.15923912 	0.12772311 	0.0030371732 	 -1.5613661 	-0.40686038 	-0.016937042 		-0.04 -0.0046576554 -0.045544599 1200000 1
-0.03875 -25577.545 	-2370926.6 	5799.1585 	 -9167.5589 	-2757441.7 	16446.54 	 -0.0046101571 	0.00063466463 	0.033035332 	 0.0011362767 	-0.00015892943 	-0.0045444587 	 -33017.246 	394.8365 	-3916.9108 	 -0.13953892 	0.12732431 	0.0033291726 	 -1.5439622 	-0.40647666 	-0.016412299 		-0.03875 -0.0044977393 -0.046051778 1200000 1
-0.0375 -8091.1481 	-2374900.2 	5612.2015 	 -3437.6143 	-2758762 	15782.123 	 -0.004614628 	0.00060387674 	0.032981053 	 0.0011375548 	-0.00015080716 	-0.0045073147 	 -33066.499 	120.84202 	-3923.6715 	 -0.11988174 	0.12529137 	0.0036183262 	 -1.5271599 	-0.40975775 	-0.015909495 		-0.0375 -0.0043393447 -0.04656079 1200000 1
-0.03625 9257.0426 	-2374676.8 	5433.8031 	 2067.5996 	-2758663.2 	15149.976 	 -0.0046188343 	0.00057435885 	0.032930026 	 0.0011388724 	-0.00014290729 	-0.0044764859 	 -33044.717 	-150.68066 	-3921.692 	 -0.10030169 	0.12162684 	0.0039059923 	 -1.5109532 	-0.4166482 	-0.015434211 		-0.03625 -0.0041845108 -0.047076173 1200000 1
-0.035 26545.257 	-2370279.8 	5267.3718 	 7484.6197 	-2757183.6 	14555.242 	 -0.0046227925 	0.00054604096 	0.032882079 	 0.0011402236 	-0.00013519131 	-0.0044519821 	 -32952.24 	-420.73792 	-3910.963 	 -0.080831895 	0.11632744 	0.0041934921 	 -1.4953363 	-0.42711717 	-0.014992032 		-0.035 -0.0040352775 -0.047602411 1200000 1
-0.03375 43851.797 	-2361714.3 	5116.4028 	 12949.383 	-2754328.9 	14003.458 	 -0.0046265222 	0.00051885848 	0.032837173 	 0.0011415981 	-0.00012762036 	-0.0044337145 	 -32789.458 	-690.33706 	-3891.468 	 -0.06150508 	0.109384 	0.0044820659 	 -1.4803039 	-0.44115817 	-0.014588847 		-0.03375 -0.0038936922 -0.048143966 1200000 1
-0.0325 61254.591 	-2348967.1 	4984.6015 	 18599.624 	-2750072.9 	13500.927 	 -0.0046300459 	0.0004927518 	0.032795402 	 0.0011429807 	-0.00012015477 	-0.0044214939 	 -32556.81 	-960.47798 	-3863.1834 	 -0.042354188 	0.10078143 	0.0047728269 	 -1.465853 	-0.45878909 	-0.014231158 		-0.0325 -0.0037618176 -0.048705306 1200000 1
-0.03125 78830.738 	-2332006.6 	4876.0071 	 24577.363 	-2744356.3 	13055.107 	 -0.0046333897 	0.00046766593 	0.032756994 	 0.0011443504 	-0.00011275356 	-0.0044150249 	 -32254.794 	-1232.1448 	-3826.0802 	 -0.023412982 	0.090498723 	0.0050667133 	 -1.4519836 	-0.4800525 	-0.013926412 		-0.03125 -0.0036417387 -0.049290938 1200000 1
-0.03 96655.976 	-2310783.7 	4795.1192 	 31031.515 	-2737086 	12675.05 	 -0.004636584 	0.00044355015 	0.032722312 	 0.0011456785 	-0.00010537391 	-0.004413895 	 -31883.981 	-1506.2972 	-3780.1268 	 -0.0047166497 	0.078509031 	0.0053644359 	 -1.4386993 	-0.50501624 	-0.013683357 		-0.03 -0.0035355708 -0.049905438 1200000 1
-0.02875 114804.07 	-2285231.5 	4747.0278 	 38120.701 	-2728133.1 	12371.907 	 -0.0046396637 	0.00042035758 	0.032691859 	 0.0011469271 	-9.797066e-05 	-0.004417559 	 -31445.032 	-1783.8611 	-3725.2922 	 0.013697598 	0.064779743 	0.0056664169 	 -1.4260095 	-0.53377443 	-0.013512463 		-0.02875 -0.0034454661 -0.050553479 1200000 1
-0.0275 133346.08 	-2255266.5 	4737.5488 	 46016.307 	-2717330.6 	12159.535 	 -0.00464267 	0.00039804488 	0.032666285 	 0.0011480462 	-9.0495888e-05 	-0.0044253172 	 -30938.729 	-2065.7197 	-3661.552 	 0.031789936 	0.049272636 	0.0059727211 	 -1.4139302 	-0.56644878 	-0.013426421 		-0.0275 -0.0033736214 -0.051239873 1200000 1
-0.02625 152349.44 	-2220788.8 	4773.3611 	 54905.947 	-2704470.5 	12055.232 	 -0.0046456507 	0.0003765717 	0.032646386 	 0.0011489703 	-8.2898457e-05 	-0.0044362878 	 -30366.005 	-2352.7026 	-3588.8941 	 0.04951733 	0.031944067 	0.0062829759 	 -1.402486 	-0.60319035 	-0.013440732 		-0.02625 -0.0033222845 -0.051969601 1200000 1
-0.025 171876.84 	-2181683.4 	4862.1437 	 64997.454 	-2689300.2 	12080.626 	 -0.0046486617 	0.00035590025 	0.032633114 	 0.0011496137 	-7.512375e-05 	-0.0044493717 	 -29727.982 	-2645.5753 	-3507.3274 	 0.066832965 	0.012745206 	0.0065962803 	 -1.3917125 	-0.64418169 	-0.01357443 		-0.025 -0.0032937612 -0.052747849 1200000 1
-0.02375 191984.78 	-2137821.3 	5012.7074 	 76523.559 	-2671517.5 	12262.769 	 -0.004651769 	0.00033599464 	0.032627585 	 0.0011498651 	-6.7113553e-05 	-0.0044632072 	 -29026.014 	-2945.0277 	-3416.8915 	 0.08368568 	-0.0083776784 	0.006911101 	 -1.3816591 	-0.68963945 	-0.013850966 		-0.02375 -0.0032904215 -0.053580055 1200000 1
-0.0225 212721.8 	-2089061.1 	5235.1144 	 89747.421 	-2650765.9 	12635.493 	 -0.0046550498 	0.0003168202 	0.032631083 	 0.00114958 	-5.8806189e-05 	-0.0044761147 	 -28261.733 	-3251.6625 	-3317.6677 	 0.10001945 	-0.031482879 	0.0072251517 	 -1.3723923 	-0.73981759 	-0.014299284 		-0.0225 -0.0033147054 -0.054471948 1200000 1
-0.02125 234126.15 	-2035250.7 	5540.7765 	 104969.25 	-2626627.6 	13241.063 	 -0.0046585948 	0.00029834254 	0.032645066 	 0.0011485711 	-5.0137051e-05 	-0.0044860267 	 -27437.107 	-3565.9836 	-3209.7933 	 0.11577294 	-0.056632874 	0.0075352548 	 -1.3640004 	-0.79501111 	-0.014955154 		-0.02125 -0.0033691287 -0.055429599 1200000 1
-0.02 256222.88 	-1976229.8 	5942.5101 	 122534.44 	-2598616.5 	14132.222 	 -0.0046625103 	0.00028052648 	0.032671177 	 0.0011465965 	-4.1039714e-05 	-0.0044904016 	 -26554.484 	-3888.3867 	-3093.4761 	 0.13087915 	-0.083893932 	0.0078371831 	 -1.3565993 	-0.85556071 	-0.015862792 		-0.02 -0.0034562876 -0.056459476 1200000 1
-0.01875 279020.04 	-1911832.9 	6454.5226 	 142843.71 	-2566168.9 	15374.682 	 -0.0046669204 	0.00026333469 	0.032711241 	 0.0011433434 	-3.1447916e-05 	-0.0044861159 	 -25616.642 	-4219.1525 	-2969.0116 	 0.14526523 	-0.11333575 	0.0081254838 	 -1.3503398 	-0.92185822 	-0.017076849 		-0.01875 -0.0035788635 -0.057568501 1200000 1
-0.0175 302503.81 	-1841892.5 	7092.2899 	 166365.89 	-2528633.5 	17050.204 	 -0.0046719696 	0.00024672601 	0.032767274 	 0.0011384091 	-2.1298766e-05 	-0.0044693294 	 -24626.826 	-4558.4474 	-2836.7996 	 0.15885255 	-0.14503121 	0.008393282 	 -1.3454174 	-0.99435285 	-0.018664855 		-0.0175 -0.003739627 -0.058764121 1200000 1
-0.01625 326632.21 	-1766243 	7872.2741 	 193654.39 	-2485259.5 	19260.357 	 -0.004677825 	0.00023065342 	0.032841476 	 0.0011312743 	-1.0537676e-05 	-0.0044353163 	 -23588.758 	-4906.3366 	-2697.3622 	 0.17155712 	-0.17905631 	0.0086320647 	 -1.342085 	-1.0735585 	-0.020710209 		-0.01625 -0.0039414415 -0.060054383 1200000 1
-0.015 351326.85 	-1684725.9 	8811.4063 	 225368.67 	-2435183.4 	22131.066 	 -0.0046846787 	0.00021506156 	0.03293622 	 0.0011212709 	8.7429e-07 	-0.0043782547 	 -22506.61 	-5262.8195 	-2551.3576 	 0.18329052 	-0.2154906 	0.0088314407 	 -1.3406703 	-1.1600622 	-0.023315787 		-0.015 -0.0041872677 -0.061448018 1200000 1
-0.01375 376462.05 	-1597194.9 	9926.2286 	 262302.78 	-2377414.5 	25818.019 	 -0.0046927494 	0.00019988382 	0.033054034 	 0.0011075385 	1.294978e-05 	-0.0042909588 	 -21384.902 	-5627.9036 	-2399.5894 	 0.19396171 	-0.25441816 	0.008978877 	 -1.3415992 	-1.2545327 	-0.026608231 		-0.01375 -0.004480168 -0.062954539 1200000 1
-0.0125 401850.43 	-1503521.9 	11231.547 	 305423.77 	-2310819.6 	30513.036 	 -0.0047022831 	0.00018503895 	0.03319756 	 0.0010889705 	2.5660088e-05 	-0.0041645423 	 -20228.288 	-6001.7426 	-2243.0031 	 0.20348007 	-0.29592993 	0.0090594108 	 -1.3454273 	-1.3577301 	-0.030742999 		-0.0125 -0.0048233132 -0.064584349 1200000 1
-0.01125 427223.33 	-1403603.8 	12738.392 	 355924.42 	-2234108.9 	36451.354 	 -0.004713553 	0.00017042727 	0.033369495 	 0.0010641424 	3.8914346e-05 	-0.0039879891 	 -19041.154 	-6384.8825 	-2082.6621 	 0.21176026 	-0.34012784 	0.00905533 	 -1.3528843 	-1.4705132 	-0.035910134 		-0.01125 -0.0052199928 -0.066348864 1200000 1
-0.01 452204.27 	-1297368.1 	14451.027 	 415296.14 	-2145827.6 	43919.484 	 -0.0047268558 	0.00015592667 	0.033572486 	 0.0010312206 	5.2531765e-05 	-0.003747608 	 -17826.928 	-6778.6954 	-1919.6864 	 0.21873006 	-0.38713229 	0.008945808 	 -1.3649358 	-1.5938425 	-0.042340468 		-0.01 -0.0056736328 -0.068260632 1200000 1
-0.00875 476272.11 	-1184777.8 	16362.635 	 485430.72 	-2044360.1 	53263.021 	 -0.0047425056 	0.00014138884 	0.033808982 	 0.00098784478 	6.6206283e-05 	-0.0034263376 	 -16586.937 	-7186.1336 	-1755.1318 	 0.22434227 	-0.43709465 	0.0087064553 	 -1.3828702 	-1.7287712 	-0.050311739 		-0.00875 -0.0061878236 -0.07033347 1200000 1
-0.0075 498709.81 	-1065832.4 	18449.263 	 568761.95 	-1927965.5 	64893.194 	 -0.0047608219 	0.00012663656 	0.034080995 	 0.00093097784 	7.9464957e-05 	-0.003002858 	 -15318.582 	-7613.0434 	-1589.77 	 0.22859292 	-0.49021814 	0.0083087335 	 -1.4084198 	-1.87641 	-0.060153655 		-0.0075 -0.0067663694 -0.07258256 1200000 1
-0.00625 518532.19 	-940560.15 	20661.456 	 668457.58 	-1794876.1 	79289.856 	 -0.0047821093 	0.00011146378 	0.034389754 	 0.00085671733 	9.1626338e-05 	-0.00245046 	 -14012.528 	-8070.4669 	-1423.7139 	 0.23154835 	-0.54679251 	0.0077191257 	 -1.4439273 	-2.0378378 	-0.072249975 		-0.00625 -0.0074133689 -0.075024495 1200000 1
-0.005 534384.83 	-808991.68 	22913.063 	 788660.65 	-1643515.1 	96997.05 	 -0.004806626 	9.564095e-05 	0.034735211 	 0.00076006838 	0.00010177585 	-0.0017356149 	 -12648.538 	-8578.6945 	-1255.8108 	 0.23338355 	-0.60725217 	0.0068978664 	 -1.4925558 	-2.2139115 	-0.087034479 		-0.005 -0.0081333507 -0.077677155 1200000 1
-0.00375 544407.52 	-671095.37 	25066.827 	 934740.68 	-1472915.5 	118605.96 	 -0.0048345329 	7.8930255e-05 	0.035115348 	 0.00063469321 	0.00010879516 	-0.00081621881 	 -11189.646 	-9174.3919 	-1082.709 	 0.23443054 	-0.67227515 	0.0057969219 	 -1.5585132 	-2.4049058 	-0.10497656 		-0.00375 -0.0089314993 -0.080559274 1200000 1
-0.0025 546072.69 	-526637.96 	26916.941 	 1113421.3 	-1283412.9 	144718.55 	 -0.0048701205 	5.9883639e-05 	0.035599414 	 0.00044820653 	0.00011110447 	0.00055647698 	 -9707.096 	-10065.144 	-913.58673 	 0.23521854 	-0.74294974 	0.0043567472 	 -1.6471806 	-2.6099191 	-0.12655105 		-0.0025 -0.0098140385 -0.08368942 1200000 1
-0.00125 536368.33 	-376845.51 	28308.935 	 1338593.6 	-1078127.8 	176548.53 	 -0.0049043158 	4.1417614e-05 	0.036017744 	 0.00025523108 	0.00010789969 	0.0019525599 	 -7837.9482 	-11014.828 	-702.50297 	 0.23642802 	-0.82031455 	0.0024298294 	 -1.7700979 	-2.8251863 	-0.15274852 		-0.00125 -0.010794873 -0.087099407 1200000 1
5.2475385e-17 280956.74 	-236610.31 	15510.348 	 832669.64 	-887998.91 	110313.85 	 -0.0049334324 	2.1798045e-05 	0.036300158 	 5.4124235e-05 	0.00010058295 	0.0033500325 	 -5785.3593 	-6442.8129 	-513.12399 	 0.2379096 	0.092282979 	0.00061826655 	 -1.8711599 	0.91007471 	-0.17485745 		5.2475385e-17 -0.011563581 -0.089539788 650000 1
0.00125 40154.05 	-205291.86 	1922.4401 	 115921.92 	-844610.29 	14727.938 	 -0.0049355105 	1.8024928e-06 	0.036121125 	 2.2485761e-05 	9.0574527e-05 	0.0034546222 	 -5169.0609 	-929.40733 	-492.17308 	 0.23778458 	1.0057163 	0.0019155358 	 -1.6732679 	4.6438681 	-0.15181988 		0.00125 -0.010563992 -0.08482452 100000 1
0.0025 37797.608 	-193958.8 	1543.5871 	 100961.11 	-826017.04 	12064.426 	 -0.0049310956 	-1.7823944e-05 	0.035863182 	 2.9096391e-05 	7.9204679e-05 	0.0032602288 	 -4829.0845 	-844.55437 	-463.16363 	 0.23826453 	0.93080948 	0.0033414516 	 -1.4536664 	4.4241381 	-0.12469939 		0.0025 -0.0093503213 -0.079143101 100000 1
0.00375 35533.489 	-183832.58 	1247.6778 	 89355.01 	-807823.41 	9855.8083 	 -0.0049278807 	-3.8851721e-05 	0.035606456 	 3.7175149e-05 	6.676167e-05 	0.0030390275 	 -4504.2873 	-769.7555 	-436.17932 	 0.23995022 	0.86383211 	0.0043117653 	 -1.2688033 	4.2120779 	-0.10220467 		0.00375 -0.0082310391 -0.073748717 100000 1
0.005 33368.948 	-174668.39 	1009.1188 	 79993.538 	-790471.45 	8005.4213 	 -0.0049257323 	-5.8199771e-05 	0.035398493 	 4.2169299e-05 	5.621807e-05 	0.0028479856 	 -4220.7172 	-705.32989 	-412.71212 	 0.24236374 	0.80363317 	0.0049835145 	 -1.1073802 	4.0113259 	-0.083348562 		0.005 -0.007190741 -0.068612906 100000 1
0.00625 31323.996 	-166291.64 	816.22889 	 72366.453 	-774100.15 	6466.9452 	 -0.0049237562 	-7.7230684e-05 	0.035214378 	 4.6257116e-05 	4.7095454e-05 	0.0026699632 	 -3964.6265 	-648.53571 	-391.41312 	 0.24512822 	0.74886398 	0.0054239209 	 -0.96419864 	3.8229336 	-0.067657439 		0.00625 -0.0062219561 -0.063720402 100000 1
0.0075 29408.559 	-158576.21 	659.89951 	 66074.653 	-758725.63 	5194.2853 	 -0.0049218726 	-9.6039261e-05 	0.035051492 	 4.9745319e-05 	3.9363164e-05 	0.0025054843 	 -3732.7013 	-598.27195 	-371.8679 	 0.24798614 	0.69859142 	0.005685339 	 -0.83517567 	3.6467825 	-0.054662337 		0.0075 -0.0053185811 -0.059055572 100000 1
0.00875 27624.402 	-151428 	532.97462 	 60818.668 	-744300.4 	4144.6566 	 -0.0049200273 	-0.00011471517 	0.034907473 	 5.2837012e-05 	3.2885867e-05 	0.0023542084 	 -3521.9582 	-553.59775 	-353.78557 	 0.25077915 	0.65214764 	0.0058088964 	 -0.71722969 	3.4821637 	-0.043929189 		0.00875 -0.0044754776 -0.054603445 100000 1
0.01 25968.132 	-144774.7 	429.78586 	 56377.166 	-730749.79 	3280.0845 	 -0.0049181842 	-0.00013333969 	0.034780228 	 5.5656658e-05 	2.7498293e-05 	0.0022153102 	 -3329.7661 	-513.7213 	-336.9581 	 0.25341717 	0.60903787 	0.0058270978 	 -0.60806545 	3.3281332 	-0.035073347 		0.01 -0.003688212 -0.050350163 100000 1
0.01125 24433.532 	-138559.16 	345.80996 	 52586.58 	-717991.28 	2567.844 	 -0.0049163183 	-0.00015198557 	0.034667925 	 5.8276416e-05 	2.3038922e-05 	0.0020877359 	 -3153.8391 	-477.98159 	-321.23202 	 0.25585374 	0.56888338 	0.0057657198 	 -0.50597024 	3.1836987 	-0.027763643 		0.01125 -0.0029528829 -0.046283113 100000 1
0.0125 23013.084 	-132735.15 	277.41517 	 49325.09 	-705943.85 	1980.2925 	 -0.0049144121 	-0.0001707182 	0.034568977 	 6.0736264e-05 	1.9363058e-05 	0.0019703659 	 -2992.2088 	-445.82833 	-306.48973 	 0.25806924 	0.53138512 	0.0056452252 	 -0.40965348 	3.0479067 	-0.021720472 		0.0125 -0.0022660035 -0.042390916 100000 1
0.01375 21698.887 	-127264.32 	221.6719 	 46500.956 	-694531.81 	1494.3962 	 -0.0049124523 	-0.00018959707 	0.034482016 	 6.3057506e-05 	1.6346264e-05 	0.0018621073 	 -2843.1881 	-416.8031 	-292.63751 	 0.26006012 	0.49629987 	0.0054818387 	 -0.31812973 	2.919877 	-0.016710884 		0.01375 -0.0016244201 -0.038663346 100000 1
0.015 20483.174 	-122114.25 	176.20849 	 44044.255 	-683685.96 	1091.132 	 -0.0049104284 	-0.00020867711 	0.034405868 	 6.5251238e-05 	1.388366e-05 	0.001761943 	 -2705.3314 	-390.52298 	-279.59786 	 0.26183214 	0.46342422 	0.0052883883 	 -0.23063552 	2.7988109 	-0.012542476 		0.015 -0.0010252539 -0.035091224 100000 1
0.01625 19358.585 	-117256.99 	139.09998 	 41901.069 	-673343.57 	754.88399 	 -0.0049083313 	-0.00022800992 	0.034339528 	 6.7323383e-05 	1.1887686e-05 	0.0016689525 	 -2577.3978 	-366.66681 	-267.30454 	 0.26339613 	0.43258382 	0.0050749714 	 -0.14657081 	2.6839879 	-0.0090572634 		0.01625 -0.00046585954 -0.031666319 100000 1
0.0175 18318.295 	-112668.06 	108.78116 	 40029.373 	-663447.83 	472.88392 	 -0.0049061528 	-0.00024764475 	0.034282137 	 6.9277576e-05 	1.0285534e-05 	0.001582316 	 -2458.3183 	-344.96392 	-255.69954 	 0.26476546 	0.40362602 	0.0048494874 	 -0.065457528 	2.5747584 	-0.0061260188 		0.0175 5.6205697e-05 -0.028381254 100000 1
0.01875 17356.053 	-108325.7 	83.977876 	 38396.111 	-653947.1 	234.71666 	 -0.0049038853 	-0.00026762937 	0.034232962 	 7.1116724e-05 	9.0167139e-06 	0.0015013113 	 -2347.1672 	-325.18502 	-244.731 	 0.26595444 	0.37641477 	0.004618067 	 0.013090222 	2.4705345 	-0.0036432698 		0.01875 0.0005432055 -0.025229423 100000 1
0.02 16466.171 	-104210.39 	63.652252 	 36975.073 	-644794.21 	31.903189 	 -0.0049015213 	-0.00028801069 	0.034191378 	 7.2843811e-05 	8.030929e-06 	0.0014253053 	 -2243.1388 	-307.13463 	-234.35189 	 0.26697745 	0.35082715 	0.0043854197 	 0.089387651 	2.3707814 	-0.0015230905 		0.02 0.00099724261 -0.022204918 100000 1
0.02125 15643.489 	-100304.36 	46.958644 	 35745.362 	-635945.78 	-142.45505 	 -0.0048990533 	-0.00030883543 	0.034156848 	 7.446219e-05 	7.2863046e-06 	0.0013537449 	 -2145.528 	-290.64512 	-224.5191 	 0.26784843 	0.32675079 	0.0041551165 	 0.16369501 	2.2750094 	0.00030448664 		0.02125 0.0014202734 -0.019302469 100000 1
0.0225 14883.335 	-96591.406 	33.207552 	 34690.264 	-627361.61 	-293.97583 	 -0.0048964739 	-0.00033015053 	0.034128918 	 7.5975715e-05 	6.7479314e-06 	0.0012861474 	 -2053.7138 	-275.57191 	-215.19282 	 0.26858057 	0.30408204 	0.0039298254 	 0.23622917 	2.1827666 	0.0018964932 		0.0225 0.0018141196 -0.016517395 100000 1
0.02375 14181.488 	-93056.561 	21.836827 	 33796.399 	-619004.09 	-427.23001 	 -0.0048937754 	-0.00035200361 	0.034107199 	 7.7388727e-05 	6.3866652e-06 	0.0012220919 	 -1967.1465 	-261.78969 	-206.33605 	 0.26918605 	0.28272465 	0.0037114973 	 0.30717235 	2.0936329 	0.0032993833 		0.02375 0.0021804785 -0.013845553 100000 1
0.025 13534.132 	-89685.976 	12.388531 	 33053.084 	-610837.78 	-545.93432 	 -0.00489095 	-0.00037444339 	0.034091361 	 7.8705911e-05 	6.1781455e-06 	0.0011612112 	 -1885.3373 	-249.18936 	-197.91434 	 0.26967597 	0.26258881 	0.0035015155 	 0.37667882 	2.0072148 	0.0045509773 		0.025 0.0025209312 -0.011283312 100000 1
0.02625 12937.809 	-86466.765 	4.4898147 	 32451.842 	-602829 	-653.11495 	 -0.0048879897 	-0.00039752001 	0.034081123 	 7.9932229e-05 	6.102003e-06 	0.0011031848 	 -1807.8488 	-237.67532 	-189.89548 	 0.27006034 	0.24359041 	0.0033008185 	 0.44487992 	1.9231403 	0.0056821119 		0.02625 0.0028369505 -0.008827516 100000 1
0.0275 12389.382 	-83386.891 	-2.162442 	 31986.047 	-594945.48 	-751.23726 	 -0.0048848862 	-0.00042128535 	0.034076252 	 8.1072788e-05 	6.1412093e-06 	0.0010477326 	 -1734.2882 	-227.16343 	-182.24934 	 0.2703481 	0.22565047 	0.0031099982 	 0.51188788 	1.8410557 	0.0067179477 		0.0275 0.0031299072 -0.0064754612 100000 1
0.02875 11885.995 	-80435.074 	-7.8141463 	 31650.636 	-587156.02 	-842.30762 	 -0.0048816308 	-0.00044579338 	0.034076551 	 8.213275e-05 	6.2815534e-06 	0.00099461084 	 -1664.3013 	-217.57924 	-174.94768 	 0.27054715 	0.20869461 	0.0029293782 	 0.57779888 	1.7606212 	0.0076789969 		0.02875 0.0034010767 -0.0042248767 100000 1
0.03 11425.045 	-77600.71 	-12.664469 	 31441.885 	-579430.26 	-927.95552 	 -0.0048782147 	-0.00047110046 	0.034081858 	 8.311726e-05 	6.5112155e-06 	0.00094360697 	 -1597.5675 	-208.8566 	-167.964 	 0.27066436 	0.19265264 	0.0027590795 	 0.64269538 	1.6815085 	0.0085819522 		0.03 0.0036516438 -0.0020739082 100000 1
0.03125 11004.152 	-74873.806 	-16.874384 	 31357.25 	-571738.39 	-1009.501 	 -0.0048746285 	-0.00049726568 	0.034092044 	 8.403135e-05 	6.8204032e-06 	0.00089453648 	 -1533.7954 	-200.93648 	-161.27341 	 0.2707056 	0.17745825 	0.0025990736 	 0.706648 	1.6033976 	0.0094403676 		0.03125 0.0038827083 -2.1105581e-05 100000 1
0.0325 10621.134 	-72244.923 	-20.57331 	 31395.24 	-564050.95 	-1088.0072 	 -0.0048708625 	-0.00052435119 	0.034107005 	 8.4879893e-05 	7.2010603e-06 	0.00084724015 	 -1472.7198 	-193.76595 	-154.85256 	 0.27067578 	0.16304868 	0.0024492218 	 0.76971682 	1.5259749 	0.010265189 		0.0325 0.0040952894 0.0019345859 100000 1
0.03375 10273.985 	-69705.13 	-23.86436 	 31555.327 	-556338.63 	-1164.3218 	 -0.0048669066 	-0.00055242253 	0.034126665 	 8.5667557e-05 	7.6466274e-06 	0.00080158156 	 -1414.0983 	-187.29737 	-148.6795 	 0.27057885 	0.14936448 	0.0023093038 	 0.83195245 	1.44893 	0.011065174 		0.03375 0.00429033 0.0037938316 100000 1
0.035 9960.8491 	-67245.967 	-26.82876 	 31837.884 	-548572.05 	-1239.1088 	 -0.0048627503 	-0.00058154901 	0.034150969 	 8.6398755e-05 	8.1518456e-06 	0.00075744547 	 -1357.709 	-181.48768 	-142.73365 	 0.27041787 	0.13634932 	0.0021790441 	 0.89339683 	1.3719544 	0.011847214 		0.035 0.0044687006 0.0055569108 100000 1
0.03625 9680.0077 	-64859.402 	-29.529572 	 32244.148 	-540721.56 	-1312.8688 	 -0.0048583824 	-0.00061180408 	0.034179887 	 8.7077608e-05 	8.7125898e-06 	0.00071473643 	 -1303.3488 	-176.29776 	-136.9957 	 0.270195 	0.12394975 	0.0020581318 	 0.95408368 	1.2947388 	0.012616539 		0.03625 0.0046312033 0.0072237174 100000 1
0.0375 9429.8565 	-62537.806 	-32.014521 	 32776.193 	-532757.12 	-1385.9534 	 -0.0048537914 	-0.00064326573 	0.034213405 	 8.7707911e-05 	9.3257326e-06 	0.00067337784 	 -1250.8314 	-171.69195 	-131.44755 	 0.26991153 	0.11211504 	0.0019462364 	 1.0140389 	1.2169718 	0.013376866 		0.0375 0.004778575 0.0087937578 100000 1
0.03875 9208.8916 	-60273.925 	-34.31815 	 33436.934 	-524648.06 	-1458.5763 	 -0.004848965 	-0.00067601694 	0.03425153 	 8.8293083e-05 	9.9890361e-06 	0.00063331144 	 -1199.9857 	-167.63754 	-126.07227 	 0.26956793 	0.10079702 	0.0018430182 	 1.0732807 	1.1383375 	0.014130511 		0.03875 0.0049114909 0.010266147 100000 1
0.04 9015.6925 	-58060.86 	-36.463321 	 34230.144 	-516362.88 	-1530.8153 	 -0.0048438906 	-0.00071014612 	0.034294289 	 8.883612e-05 	1.0701059e-05 	0.00059449712 	 -1150.6549 	-164.10444 	-120.85408 	 0.26916381 	0.089949931 	0.0017481341 	 1.1318194 	1.0585133 	0.014878414 		0.04 0.0050305675 0.011639601 100000 1
0.04125 8848.9076 	-55892.046 	-38.462341 	 35160.487 	-507869.13 	-1602.6063 	 -0.0048385547 	-0.00074574766 	0.034341723 	 8.9339534e-05 	1.1461083e-05 	0.0005569131 	 -1102.6953 	-161.0648 	-115.77829 	 0.26869799 	0.079530316 	0.0016612421 	 1.1896575 	0.9771686 	0.01562008 		0.04125 0.0051363657 0.01291243 100000 1
0.0425 8707.2393 	-53761.241 	-40.317793 	 36233.578 	-499133.12 	-1673.7307 	 -0.0048329432 	-0.00078292242 	0.034393894 	 8.9805275e-05 	1.2269046e-05 	0.00052055657 	 -1055.9755 	-158.49274 	-110.83131 	 0.2681685 	0.069496905 	0.0015820037 	 1.246789 	0.893962 	0.016353452 		0.0425 0.0052293933 0.014082523 100000 1
0.04375 8589.4287 	-51662.51 	-42.023054 	 37456.064 	-490119.78 	-1743.7959 	 -0.0048270411 	-0.00082177837 	0.034450878 	 9.0234622e-05 	1.3125495e-05 	0.00048544465 	 -1010.3758 	-156.36406 	-106.00063 	 0.26757253 	0.059810523 	0.001510085 	 1.3031987 	0.8085395 	0.017074721 		0.04375 0.005310108 0.015147335 100000 1
0.045 8494.2403 	-49590.226 	-43.562492 	 38835.727 	-480792.4 	-1812.2095 	 -0.004820833 	-0.00086243123 	0.034512769 	 9.0628054e-05 	1.4031529e-05 	0.00045161579 	 -965.78738 	-154.65606 	-101.27485 	 0.26690655 	0.050434024 	0.0014451558 	 1.3588613 	0.72053204 	0.017778069 		0.045 0.0053789196 0.016103872 100000 1
0.04625 8420.4456 	-47539.059 	-44.911354 	 40381.619 	-471112.34 	-1878.1423 	 -0.0048143022 	-0.00090500516 	0.034579677 	 9.0985082e-05 	1.4988757e-05 	0.00041913176 	 -922.11218 	-153.3473 	-96.64364 	 0.26616626 	0.041332226 	0.0013868857 	 1.4137404 	0.62955287 	0.018455296 		0.04625 0.005436193 0.016948666 100000 1
0.0475 8366.805 	-45503.977 	-46.03535 	 42104.222 	-461038.81 	-1940.4786 	 -0.0048074316 	-0.00094963356 	0.034651731 	 9.1304027e-05 	1.5999244e-05 	0.00038808012 	 -879.26228 	-152.41749 	-92.097843 	 0.2653466 	0.032471872 	0.0013349391 	 1.4677868 	0.53519462 	0.019095331 		0.0475 0.0054822502 0.017677754 100000 1
0.04875 8332.0486 	-43480.256 	-46.890165 	 44015.661 	-450528.49 	-1997.7547 	 -0.0048002028 	-0.00099645992 	0.034729073 	 9.1581728e-05 	1.7065444e-05 	0.00035857736 	 -837.15963 	-151.84732 	-87.62946 	 0.26444184 	0.023821597 	0.0012889688 	 1.5209365 	0.437026 	0.019683613 		0.04875 0.0055173727 0.018286652 100000 1
0.05 8314.8539 	-41463.482 	-47.420936 	 46129.972 	-439535.2 	-2048.0831 	 -0.0047925967 	-0.0010456387 	0.034811867 	 9.181318e-05 	1.8190122e-05 	0.0003307729 	 -795.7358 	-151.61844 	-83.231716 	 0.26344556 	0.015351924 	0.0012486096 	 1.5731083 	0.33458828 	0.020201335 		0.05 0.0055418042 0.018770319 100000 1
0.05125 8313.8212 	-39449.567 	-47.561483 	 48463.433 	-428009.47 	-2089.0537 	 -0.0047845928 	-0.0010973365 	0.034900291 	 9.1991061e-05 	1.9376239e-05 	0.00030485395 	 -754.93165 	-151.7134 	-78.89912 	 0.26235071 	0.0070352751 	0.0012134692 	 1.6242007 	0.22739107 	0.020624458 		0.05125 0.0055557525 0.019123123 100000 1
0.0525 8327.4439 	-37434.771 	-47.233453 	 51034.986 	-415898.1 	-2117.6103 	 -0.0047761701 	-0.001151733 	0.034994545 	 9.2105135e-05 	2.0626789e-05 	0.00028105163 	 -714.69705 	-152.11575 	-74.627522 	 0.26114969 	-0.0011539951 	0.001183116 	 1.6740876 	0.11490761 	0.020922476 		0.0525 0.0055593924 0.019338797 100000 1
0.05375 8354.0723 	-35415.724 	-46.345554 	 53866.773 	-403143.55 	-2129.8969 	 -0.0047673058 	-0.0012090224 	0.035094844 	 9.214148e-05 	2.1944572e-05 	0.00025964843 	 -674.9904 	-152.81014 	-70.414191 	 0.25983443 	-0.0092395454 	0.0011570669 	 1.7226131 	-0.0034308129 	0.021056882 		0.05375 0.0055528675 0.019410392 100000 1
0.055 8391.8711 	-33389.463 	-44.793073 	 56984.822 	-389683.36 	-2121.0698 	 -0.0047579764 	-0.0012694143 	0.035201426 	 9.2081501e-05 	2.3331874e-05 	0.00024098754 	 -635.77803 	-153.78263 	-66.257863 	 0.25839652 	-0.017242981 	0.0011347733 	 1.7695853 	-0.12824133 	0.020979285 		0.055 0.0055362935 0.01933022 100000 1
0.05625 8438.7667 	-31353.468 	-42.457815 	 60419.93 	-375449.34 	-2085.0635 	 -0.0047481569 	-0.0013331361 	0.035314547 	 9.1900684e-05 	2.4789998e-05 	0.00022548436 	 -597.03321 	-155.02118 	-62.158787 	 0.25682738 	-0.025183766 	0.0011156056 	 1.8147668 	-0.26019705 	0.020629076 		0.05625 0.0055097601 0.019089788 100000 1
0.0575 8492.3819 	-29305.714 	-39.208726 	 64208.826 	-360366.72 	-2014.303 	 -0.0047378211 	-0.0014004338 	0.035434484 	 9.1566992e-05 	2.6318606e-05 	0.0002136409 	 -558.73477 	-156.51641 	-58.118738 	 0.25511852 	-0.033079127 	0.0010988373 	 1.8578641 	-0.4000359 	0.019930549 		0.0575 0.0054733341 0.018679727 100000 1
0.05875 8549.9531 	-27244.732 	-34.903524 	 68395.701 	-344353.1 	-1899.3505 	 -0.0047269412 	-0.001471574 	0.035561534 	 9.1038822e-05 	2.7914791e-05 	0.00020606363 	 -520.86488 	-158.26281 	-54.140955 	 0.25326184 	-0.04094395 	0.001083626 	 1.8985121 	-0.54857095 	0.01878937 		0.05875 0.0054270622 0.018089698 100000 1
0.06 8608.2242 	-25169.68 	-29.391942 	 73034.259 	-327317.26 	-1728.4772 	 -0.0047154882 	-0.0015468463 	0.03569602 	 9.0262404e-05 	2.9571766e-05 	0.00020348594 	 -483.40578 	-160.2605 	-50.229986 	 0.25125011 	-0.048790693 	0.0010689937 	 1.9362535 	-0.70670231 	0.017088295 		0.06 0.0053709742 0.0173083 100000 1
0.06125 8663.309 	-23080.422 	-22.521379 	 78190.498 	-309157.83 	-1487.1483 	 -0.004703431 	-0.0016265649 	0.035838283 	 8.9168464e-05 	3.1277029e-05 	0.00020679625 	 -446.33484 	-162.518 	-46.391363 	 0.24907758 	-0.056629335 	0.0010538067 	 1.9705117 	-0.87543068 	0.014682027 		0.06125 0.0053050855 0.016322943 100000 1
0.0625 8710.5098 	-20977.63 	-14.146082 	 83946.517 	-289761.82 	-1157.4166 	 -0.0046907373 	-0.0017110713 	0.035988689 	 8.7667977e-05 	3.3009812e-05 	0.00021707349 	 -409.61717 	-165.05633 	-42.631015 	 0.24674096 	-0.064467433 	0.0010367543 	 2.0005529 	-1.0558717 	0.011391146 		0.0625 0.0052294009 0.015119723 100000 1
0.06375 8744.0751 	-18862.88 	-4.1412821 	 90405.811 	-269003.26 	-717.22481 	 -0.0046773725 	-0.0018007367 	0.036147628 	 8.5646729e-05 	3.4737557e-05 	0.00023563182 	 -373.19464 	-167.91542 	-38.954284 	 0.24424062 	-0.072310357 	0.0010163285 	 2.0254328 	-1.2492701 	0.0069951398 		0.06375 0.0051439169 0.013683264 100000 1
0.065 8756.8714 	-16738.76 	7.5756974 	 97700.702 	-246742.19 	-139.63927 	 -0.0046633005 	-0.0018959644 	0.036315514 	 8.2958401e-05 	3.6411127e-05 	0.00026407706 	 -336.96972 	-171.16376 	-35.364312 	 0.24158251 	-0.080161884 	0.00099080266 	 2.0439232 	-1.4570092 	0.0012247449 		0.065 0.005048625 0.011996548 100000 1
0.06625 8739.9332 	-14608.962 	21.014706 	 106002.8 	-222824.97 	607.9272 	 -0.0046484827 	-0.0019971932 	0.036492787 	 7.9415779e-05 	3.7958394e-05 	0.00030437792 	 -300.78159 	-174.91379 	-31.859505 	 0.2387808 	-0.08802541 	0.0009582083 	 2.0544072 	-1.6806083 	-0.0062458271 		0.06625 0.0049435122 0.010040741 100000 1
0.0675 8681.8397 	-12478.323 	36.068932 	 115537.64 	-197087.48 	1564.3861 	 -0.0046328791 	-0.0021048999 	0.03667992 	 7.4779663e-05 	3.9275944e-05 	0.00035895579 	 -264.37181 	-179.34594 	-28.429588 	 0.23586164 	-0.095906279 	0.00091630914 	 2.0547329 	-1.9216908 	-0.015805592 		0.0675 0.0048285615 0.007795027 100000 1
0.06875 8567.8476 	-10352.749 	52.45382 	 126604.6 	-169364.58 	2775.3215 	 -0.0046164484 	-0.0022196036 	0.036877436 	 6.8745056e-05 	4.0218836e-05 	0.00043079775 	 -227.33519 	-184.74743 	-25.049611 	 0.23286859 	-0.10381615 	0.00086256523 	 2.0420148 	-2.1818895 	-0.027910273 		0.06875 0.0047037465 0.0052365137 100000 1
0.07 8378.7012 	-8238.8709 	69.624379 	 139602.05 	-139511.49 	4292.6567 	 -0.0045991494 	-0.0023418699 	0.037085946 	 6.0924453e-05 	4.05891e-05 	0.0005235979 	 -189.05207 	-191.57464 	-21.671091 	 0.22986996 	-0.11178105 	0.0007940748 	 2.0123822 	-2.4626333 	-0.043078966 		0.07 0.0045690211 0.0023403033 100000 1
0.07125 8089.079 	-6143.1614 	86.667344 	 155053.72 	-107445.18 	6173.1059 	 -0.0045809422 	-0.0024723171 	0.037306236 	 5.0828768e-05 	4.012509e-05 	0.00064193142 	 -148.5989 	-200.55368 	-18.209607 	 0.22696783 	-0.11985596 	0.00070747005 	 1.9607159 	-2.764733 	-0.061878657 		0.07125 0.0044242939 -0.00092006953 100000 1
0.0725 7665.864 	-4070.0382 	102.16807 	 173623 	-73212.433 	8474.7293 	 -0.0045608044 	-0.0026213209 	0.037572089 	 3.6051381e-05 	3.8251074e-05 	0.00081826714 	 -105.42659 	-215.45675 	-14.635941 	 0.22430582 	-0.12815042 	0.00059872669 	 1.8805061 	-3.0877002 	-0.084889776 		0.0725 0.0042693812 -0.0045715291 100000 1
0.07375 7064.9967 	-2030.3397 	114.66702 	 196766.16 	-37228.807 	11301.03 	 -0.0045429346 	-0.0027669864 	0.037817195 	 2.0599351e-05 	3.5330988e-05 	0.00099534609 	 -56.631491 	-231.8952 	-10.51257 	 0.22212929 	-0.136821 	0.00045894724 	 1.7574812 	-3.4273068 	-0.11314721 		0.07375 0.0041032704 -0.0086637232 100000 1
0.075 6211.2566 	-242.58168 	115.8763 	 219723.86 	-8842.7487 	13727.86 	 -0.0045284516 	-0.0028808969 	0.037976116 	 7.1898467e-06 	3.1963835e-05 	0.0011393712 	 -9.696583 	-243.36855 	-5.9593745 	 0.22083066 	-0.14378916 	0.00033414604 	 1.639138 	-3.6901117 	-0.13740922 		0.075 0.0039261875 -0.013178243 100000 1
