# y jRe_x jRe_y jRe_z jIm_x jIm_y jIm_z BRe_x BRe_y BRe_z BIm_x BIm_y BIm_z F_x F_y F_z VReGrad_x VReGrad_y VReGrad_z VImGrad_x VImGrad_y VImGrad_z s VRe VIm sigma mur
-0.075 -1847846.6 	-0.02882665 	0.0603433 	 -4453717.6 	0.132752 	-0.3358 	 2.0211e-09 	0.0082630731 	0.039615344 	 8.169e-10 	0.010392315 	0.0068788767 	 0.001411624 	51918.231 	-30783.807 	 0.16776171 	1.47324e-06 	-1.50112e-07 	 0.40020602 	-2.71475e-06 	3.94962e-07 		-0.075 8.8757516e-08 4.4071052e-07 1200000 1
-0.07375 -1912560.2 	0.17080567 	0.078084837 	 -4120634.6 	-0.59371457 	-0.4415562 	 2.0702603e-09 	0.009248871 	0.038007068 	 1.2745303e-09 	0.011699384 	0.003743389 	 0.0043851768 	44082.64 	-32941.252 	 0.14441277 	1.3338319e-06 	-1.7028363e-07 	 0.30622724 	-2.1770101e-06 	4.8602904e-07 		-0.07375 9.0429322e-08 4.3802238e-07 1200000 1
-0.0725 -1937545 	-0.062975384 	-0.1147827 	 -3779819.8 	0.4497114 	0.49602313 	 2.2106343e-09 	0.01014832 	0.035989211 	 3.754785e-10 	0.012610898 	0.00041042377 	 -0.0035827024 	35650.644 	-33665.344 	 0.11583147 	1.5518445e-06 	-1.3594982e-08 	 0.19020354 	-3.1148047e-06 	-2.9225969e-07 		-0.0725 9.2414711e-08 4.3394732e-07 1200000 1
-0.07125 -1936317 	0.096740632 	0.082869611 	 -3463668 	0.23924824 	-0.24903197 	 2.3707673e-09 	0.010718711 	0.034127122 	 6.7017963e-10 	0.013040965 	-0.0022222388 	 0.0024422412 	29205.151 	-32969.465 	 0.08893916 	1.4403073e-06 	-1.836177e-07 	 0.079326629 	-3.0083086e-06 	3.3127452e-07 		-0.07125 9.4075951e-08 4.3088173e-07 1200000 1
-0.07 -1918903.2 	0.21322168 	-0.0049498323 	 -3167105 	-0.28240172 	0.074726988 	 2.5895424e-09 	0.011091234 	0.032336961 	 1.5504104e-11 	0.013074461 	-0.0044472446 	 0.003616854 	23996.661 	-31358.26 	 0.063749547 	1.3637411e-06 	-1.147918e-07 	 -0.026723682 	-2.6439352e-06 	6.4281948e-08 		-0.07 9.6032093e-08 4.2667614e-07 1200000 1
-0.06875 -1891130 	-0.004639509 	-0.044845608 	 -2887150.3 	0.72346247 	0.22179229 	 2.7312831e-09 	0.011356112 	0.030618908 	 4.0815741e-10 	0.012740279 	-0.0063751046 	 -0.003560181 	19754.068 	-29132.462 	 0.040283352 	1.561981e-06 	-8.5833096e-08 	 -0.12801482 	-3.5547372e-06 	-5.537358e-08 		-0.06875 9.768637e-08 4.2331809e-07 1200000 1
-0.0675 -1849056.8 	0.36637562 	0.070094795 	 -2627870.4 	-0.60370474 	-0.31865934 	 2.9767625e-09 	0.011457134 	0.028927203 	 -1.8126495e-10 	0.012320429 	-0.0080881441 	 0.0092630875 	16127.56 	-26789.073 	 0.018514728 	1.2717562e-06 	-1.8642138e-07 	 -0.22461809 	-2.5215703e-06 	3.976514e-07 		-0.0675 9.9599667e-08 4.1917163e-07 1200000 1
-0.06625 -1794108.5 	0.059029313 	-0.084014819 	 -2389783 	0.54044053 	0.28389158 	 3.1970996e-09 	0.011358007 	0.02730465 	 3.2820924e-10 	0.011846153 	-0.0095812464 	 -0.0030063817 	13065.242 	-24363.933 	 -0.0016008628 	1.5420592e-06 	-6.1240888e-08 	 -0.31659375 	-3.5491553e-06 	-1.0165188e-07 		-0.06625 1.0133353e-07 4.1529579e-07 1200000 1
-0.065 -1732131.5 	0.37779254 	0.11824401 	 -2169231.2 	-0.40165221 	-0.4952316 	 3.3543309e-09 	0.011261961 	0.025748161 	 3.3561336e-10 	0.011220556 	-0.010888923 	 0.009108248 	10504.14 	-21939.662 	 -0.020096813 	1.2920151e-06 	-2.3391999e-07 	 -0.4040048 	-2.8382701e-06 	5.501263e-07 		-0.065 1.0303887e-07 4.1165932e-07 1200000 1
-0.06375 -1664062.8 	0.096122804 	-0.10511131 	 -1965329.5 	0.46041876 	0.41367206 	 3.5584195e-09 	0.011145708 	0.02426877 	 -5.8753323e-11 	0.010526853 	-0.0120117 	 -0.0031975887 	8393.195 	-19622.69 	 -0.037063878 	1.5399767e-06 	-5.0352641e-08 	 -0.48707512 	-3.6319626e-06 	-2.0456785e-07 		-0.06375 1.0491062e-07 4.0717542e-07 1200000 1
-0.0625 -1588329.7 	0.35072685 	0.10335579 	 -1780534.7 	-0.13447596 	-0.39994735 	 3.730988e-09 	0.01083489 	0.022936228 	 2.6996731e-10 	0.0099293467 	-0.012879784 	 0.0063084762 	6753.572 	-17454.734 	 -0.052528703 	1.3403168e-06 	-2.2762943e-07 	 -0.56575168 	-3.2113024e-06 	4.7579629e-07 		-0.0625 1.0650946e-07 4.0362817e-07 1200000 1
-0.06125 -1508942.4 	0.3425408 	0.0091630323 	 -1610792.6 	-0.25619852 	-0.00908167 	 4.0242591e-09 	0.010394979 	0.021702182 	 -3.2950938e-10 	0.0093472879 	-0.013586473 	 0.0053947133 	5438.6743 	-15389.269 	 -0.066607049 	1.359939e-06 	-1.5163577e-07 	 -0.64037717 	-3.1852571e-06 	1.5268172e-07 		-0.06125 1.0841154e-07 3.9883142e-07 1200000 1
-0.06 -1431757.5 	0.19796966 	-0.033690299 	 -1449532.3 	0.49003612 	0.19435427 	 4.16218e-09 	0.01015494 	0.02050453 	 1.967646e-11 	0.0086227859 	-0.014236832 	 -0.0021187317 	4363.9313 	-13528.789 	 -0.079381929 	1.491222e-06 	-1.1851327e-07 	 -0.71120173 	-3.8856138e-06 	-1.4200158e-08 		-0.06 1.1001391e-07 3.9504685e-07 1200000 1
-0.05875 -1352088.2 	0.50469636 	0.11236806 	 -1301910.8 	-0.70217579 	-0.42372942 	 4.3669115e-09 	0.009808078 	0.019366274 	 -7.8679669e-10 	0.0079304146 	-0.014798433 	 0.011200842 	3462.6424 	-11800.969 	 -0.09091438 	1.2480753e-06 	-2.4341772e-07 	 -0.77828582 	-2.9702247e-06 	5.0333572e-07 		-0.05875 1.1191863e-07 3.9012366e-07 1200000 1
-0.0575 -1269340 	0.19858286 	-0.079673381 	 -1169149.7 	0.57403482 	0.38693038 	 4.6234844e-09 	0.0091885712 	0.018321495 	 -5.5386495e-10 	0.0073043545 	-0.015272786 	 -0.003632655 	2708.027 	-10118.365 	 -0.10125734 	1.513526e-06 	-8.5022724e-08 	 -0.84169102 	-4.1122165e-06 	-1.6949285e-07 		-0.0575 1.1355103e-07 3.8595258e-07 1200000 1
-0.05625 -1186277.7 	0.50499674 	0.12360702 	 -1048098.7 	-0.55785045 	-0.52954572 	 4.8300777e-09 	0.0086140576 	0.017343222 	 -8.5057323e-10 	0.0066895026 	-0.01567265 	 0.0099589868 	2081.8363 	-8632.9303 	 -0.11049681 	1.270045e-06 	-2.5730115e-07 	 -0.90165875 	-3.247313e-06 	5.9659477e-07 		-0.05625 1.1526775e-07 3.8149564e-07 1200000 1
-0.055 -1104194.3 	0.20017281 	-0.10496073 	 -936425.9 	0.69012305 	0.51329554 	 5.0418001e-09 	0.0082770018 	0.016417988 	 -1.4459538e-09 	0.0060544574 	-0.016018679 	 -0.0049844722 	1566.7042 	-7414.6224 	 -0.1187324 	1.5346346e-06 	-6.8151782e-08 	 -0.95851662 	-4.3668797e-06 	-2.6967287e-07 		-0.055 1.1706546e-07 3.7650735e-07 1200000 1
-0.05375 -1021273.3 	0.55841968 	0.12421382 	 -836817.4 	-0.58351189 	-0.52929601 	 5.182573e-09 	0.0077607123 	0.015625807 	 -1.1320182e-09 	0.0055096727 	-0.016245933 	 0.010049307 	1183.6099 	-6279.064 	 -0.12599713 	1.2476911e-06 	-2.6171968e-07 	 -1.0122279 	-3.38362e-06 	6.0142134e-07 		-0.05375 1.186311e-07 3.7241056e-07 1200000 1
-0.0525 -938969.03 	0.4004222 	-0.0088237369 	 -746349.48 	-0.023580409 	0.11465754 	 5.4422019e-09 	0.0070438754 	0.014940675 	 -1.7951583e-09 	0.0050268508 	-0.016387547 	 0.0029271847 	902.92309 	-5197.9576 	 -0.13240731 	1.3907639e-06 	-1.523382e-07 	 -1.0631972 	-3.9280267e-06 	6.7286746e-08 		-0.0525 1.2049769e-07 3.6683512e-07 1200000 1
-0.05125 -859444.75 	0.36318581 	-0.040742233 	 -661027.43 	0.37076978 	0.29958233 	 5.5612275e-09 	0.0065790124 	0.014273973 	 -1.3618503e-09 	0.0045108222 	-0.016528319 	 -0.0010404739 	673.98499 	-4331.2066 	 -0.13807066 	1.4311392e-06 	-1.276913e-07 	 -1.11177 	-4.3358201e-06 	-8.4271908e-08 		-0.05125 1.220551e-07 3.6255859e-07 1200000 1
-0.05 -781613.76 	0.61460947 	0.1179727 	 -581830.62 	-0.83273905 	-0.44230832 	 5.6385168e-09 	0.006220093 	0.013634039 	 -2.2236938e-09 	0.0040019511 	-0.016654426 	 0.011692374 	484.14148 	-3607.1125 	 -0.14305485 	1.2329e-06 	-2.6291313e-07 	 -1.1581339 	-3.4139003e-06 	5.3640219e-07 		-0.05 1.2394318e-07 3.5679106e-07 1200000 1
-0.04875 -704192.2 	0.32584661 	-0.1101466 	 -510861.03 	0.61910599 	0.69044142 	 5.8584328e-09 	0.005530716 	0.013071175 	 -1.8423925e-09 	0.0035575557 	-0.016753623 	 -0.004020929 	326.44409 	-2871.6474 	 -0.14739916 	1.482287e-06 	-7.4427118e-08 	 -1.2022884 	-4.7018693e-06 	-4.0483136e-07 		-0.04875 1.2547954e-07 3.5235433e-07 1200000 1
-0.0475 -627823.83 	0.61043076 	0.10613968 	 -446777.92 	-0.70729352 	-0.44416128 	 6.0673664e-09 	0.0046946771 	0.012578 	 -2.14496e-09 	0.0031541809 	-0.01681699 	 0.010218585 	197.16637 	-2194.6858 	 -0.15118459 	1.2571873e-06 	-2.5806231e-07 	 -1.244469 	-3.6771993e-06 	5.4302773e-07 		-0.0475 1.2720842e-07 3.4707744e-07 1200000 1
-0.04625 -553403.42 	0.30818233 	-0.13130696 	 -386955.51 	0.71559562 	0.78685852 	 6.1974905e-09 	0.0043689131 	0.012104897 	 -2.757603e-09 	0.0027316168 	-0.016881418 	 -0.004893162 	85.655869 	-1752.3752 	 -0.15451227 	1.5174449e-06 	-6.2003413e-08 	 -1.2850646 	-4.9414713e-06 	-4.8007561e-07 		-0.04625 1.2892432e-07 3.4163843e-07 1200000 1
-0.045 -480091.68 	0.76812771 	0.11080697 	 -332760.35 	-1.10878 	-0.52013139 	 6.3208553e-09 	0.0039277518 	0.011718946 	 -2.4860619e-09 	0.002348571 	-0.016903843 	 0.014182585 	1.6375485 	-1349.2629 	 -0.15743206 	1.1456747e-06 	-2.6723289e-07 	 -1.3240778 	-3.4976929e-06 	6.1150571e-07 		-0.045 1.3045297e-07 3.3710055e-07 1200000 1
-0.04375 -407833.01 	0.44703982 	-0.063776254 	 -283232.33 	0.13203774 	0.38881917 	 6.5025196e-09 	0.0031662322 	0.011436547 	 -3.3239563e-09 	0.0020128192 	-0.016877311 	 0.0012741025 	-55.655706 	-946.83172 	 -0.16003069 	1.4226357e-06 	-1.2395497e-07 	 -1.3618031 	-4.61051e-06 	-1.4331573e-07 		-0.04375 1.3227919e-07 3.3089225e-07 1200000 1
-0.0425 -337102.96 	0.5047343 	-0.077352426 	 -236279.08 	0.1829115 	0.370837 	 6.6780066e-09 	0.0025270565 	0.011180084 	 -2.7840598e-09 	0.0016790166 	-0.016857211 	 0.00095485661 	-104.06438 	-639.01804 	 -0.16242061 	1.3841941e-06 	-1.1557213e-07 	 -1.3985782 	-4.7330531e-06 	-1.2568181e-07 		-0.0425 1.337832e-07 3.2617625e-07 1200000 1
-0.04125 -267625.02 	0.71388878 	0.087657962 	 -190878.95 	-0.9605184 	-0.45079954 	 6.6207188e-09 	0.0022654909 	0.010910588 	 -3.6356545e-09 	0.0013349083 	-0.016859681 	 0.012411588 	-148.38572 	-448.45917 	 -0.16470855 	1.2202735e-06 	-2.5693599e-07 	 -1.4347736 	-3.8588971e-06 	5.6176877e-07 		-0.04125 1.356517e-07 3.1981208e-07 1200000 1
-0.04 -198737.48 	0.41704444 	-0.19336379 	 -148688.07 	0.59170045 	0.88650021 	 6.8793022e-09 	0.0017123579 	0.010696862 	 -2.9152764e-09 	0.0010226071 	-0.016858296 	 -0.0032446694 	-188.61048 	-265.97651 	 -0.16692881 	1.4758316e-06 	-2.5257474e-08 	 -1.4703089 	-5.2379517e-06 	-5.4955954e-07 		-0.04 1.3710162e-07 3.1505468e-07 1200000 1
-0.03875 -130643.71 	0.74329693 	0.08231213 	 -109185.93 	-0.85562241 	-0.51821801 	 7.1601378e-09 	0.00083148279 	0.010560245 	 -2.95027e-09 	0.00073029702 	-0.016828996 	 0.01133017 	-225.38113 	-110.68462 	 -0.16912835 	1.2174705e-06 	-2.5921568e-07 	 -1.5052865 	-4.1063009e-06 	6.2367228e-07 		-0.03875 1.388746e-07 3.0893672e-07 1200000 1
-0.0375 -63212.685 	0.3830404 	-0.20092284 	 -70702.901 	0.72253694 	0.83788601 	 7.3026168e-09 	0.00036769718 	0.010440913 	 -3.0159745e-09 	0.00043217614 	-0.016813648 	 -0.0040998771 	-261.88249 	-43.703363 	 -0.17143189 	1.5280667e-06 	-2.5579713e-08 	 -1.5401522 	-5.4955467e-06 	-5.0330903e-07 		-0.0375 1.4052614e-07 3.0300672e-07 1200000 1
-0.03625 3566.9507 	0.96735816 	0.088702131 	 -33248.395 	-1.2799355 	-0.53548739 	 7.5706276e-09 	5.6026332e-05 	0.010369503 	 -2.5525545e-09 	0.00013426593 	-0.016790007 	 0.015607782 	-297.01567 	-23.639659 	 -0.17389651 	1.0547334e-06 	-2.707842e-07 	 -1.5749296 	-3.9078327e-06 	6.4391551e-07 		-0.03625 1.420288e-07 2.9776919e-07 1200000 1
-0.035 69888.454 	0.45259934 	-0.15789101 	 3462.8654 	0.46014293 	0.60466621 	 7.7154871e-09 	-0.00063850133 	0.010392801 	 -3.3294057e-09 	-0.00014208666 	-0.016733204 	 -0.0012672997 	-332.74823 	-42.976602 	 -0.17659148 	1.4940148e-06 	-6.763204e-08 	 -1.6097876 	-5.4295543e-06 	-3.0309293e-07 		-0.035 1.4385488e-07 2.9091309e-07 1200000 1
-0.03375 135888.8 	0.61469195 	-0.11013351 	 40369.89 	0.22880085 	0.31310041 	 8.3095955e-09 	-0.0015074692 	0.010469862 	 -2.6083679e-09 	-0.00041707715 	-0.016667721 	 0.0010758635 	-371.53939 	-124.70191 	 -0.17962042 	1.37325e-06 	-1.1069002e-07 	 -1.64498 	-5.3122341e-06 	-5.7156067e-08 		-0.03375 1.4532529e-07 2.8545096e-07 1200000 1
-0.0325 203005.52 	0.77982113 	0.05000162 	 78016.107 	-0.70009327 	-0.42093213 	 8.1650188e-09 	-0.0017032489 	0.010506918 	 -3.5054954e-09 	-0.0006989005 	-0.016643382 	 0.010142586 	-415.92852 	-220.96447 	 -0.18321123 	1.2493586e-06 	-2.4828291e-07 	 -1.6812166 	-4.6147477e-06 	5.5787026e-07 		-0.0325 1.4721355e-07 2.7844086e-07 1200000 1
-0.03125 270584.92 	0.47913866 	-0.2735889 	 116236.2 	0.61273985 	0.90899676 	 8.5679517e-09 	-0.0020676461 	0.010589046 	 -2.7687997e-09 	-0.00097925226 	-0.016619525 	 -0.0027502259 	-465.75308 	-362.84275 	 -0.18735495 	1.5135648e-06 	1.8370405e-08 	 -1.718238 	-5.7861379e-06 	-5.467027e-07 		-0.03125 1.486133e-07 2.7296895e-07 1200000 1
-0.03 338110.62 	0.8873305 	0.083639135 	 155827.94 	-0.73138764 	-0.60347073 	 9.0429803e-09 	-0.0029221756 	0.010761844 	 -3.2123122e-09 	-0.001282107 	-0.016555453 	 0.010721739 	-527.19425 	-614.02284 	 -0.19208391 	1.1919601e-06 	-2.8387774e-07 	 -1.7560541 	-4.7392565e-06 	7.168519e-07 		-0.03 1.5048879e-07 2.6595074e-07 1200000 1
-0.02875 406242.33 	0.42584158 	-0.28588583 	 197457.3 	0.80798491 	0.75241595 	 9.6272776e-09 	-0.0035997476 	0.010968374 	 -3.0512345e-09 	-0.001594264 	-0.016495455 	 -0.0041662953 	-596.68096 	-903.82468 	 -0.19754368 	1.5933711e-06 	2.1249898e-08 	 -1.7950858 	-6.0922178e-06 	-4.0946232e-07 		-0.02875 1.5210964e-07 2.5936458e-07 1200000 1
-0.0275 474881.46 	1.1718007 	0.071446748 	 241514.48 	-1.1352082 	-0.53964132 	 1.0105379e-08 	-0.0038112669 	0.011212058 	 -2.7277129e-09 	-0.0019202184 	-0.016430675 	 0.015247701 	-677.37808 	-1162.0903 	 -0.20381109 	9.9450257e-07 	-2.8072078e-07 	 -1.8353995 	-4.546498e-06 	6.7044333e-07 		-0.0275 1.536504e-07 2.5325572e-07 1200000 1
-0.02625 543669.68 	0.40326941 	-0.31774114 	 288959.6 	0.68881713 	0.64592823 	 1.051934e-08 	-0.0043488744 	0.011537899 	 -3.5864953e-09 	-0.0022463315 	-0.016332482 	 -0.0028518212 	-776.07043 	-1533.7091 	 -0.21096594 	1.6535207e-06 	4.0946354e-08 	 -1.8771111 	-6.1293232e-06 	-3.1424904e-07 		-0.02625 1.5551119e-07 2.4585e-07 1200000 1
-0.025 612818.42 	0.84368415 	-0.12799117 	 340224.02 	0.18045697 	0.098025446 	 1.1135624e-08 	-0.0052660366 	0.011936932 	 -2.5987667e-09 	-0.0025871182 	-0.016201955 	 0.0030635729 	-899.16555 	-2070.1095 	 -0.21912465 	1.3114083e-06 	-1.2058128e-07 	 -1.9204014 	-5.7721128e-06 	1.451369e-07 		-0.025 1.5697457e-07 2.3965383e-07 1200000 1
-0.02375 684695.94 	0.82406566 	-0.0098491003 	 394688.98 	-0.21156981 	-0.46155144 	 1.1306829e-08 	-0.0056573523 	0.01234047 	 -3.5005677e-09 	-0.0029249543 	-0.016081823 	 0.0065416488 	-1049.6153 	-2533.5605 	 -0.22865153 	1.3505553e-06 	-2.22707e-07 	 -1.9661207 	-5.510949e-06 	6.1444556e-07 		-0.02375 1.5894341e-07 2.3196972e-07 1200000 1
-0.0225 758643.29 	0.60453139 	-0.38410103 	 453201.99 	0.75596356 	0.744904 	 1.1630908e-08 	-0.0058408594 	0.012772622 	 -2.5008464e-09 	-0.003266074 	-0.015963619 	 -0.0025214036 	-1227.1418 	-2988.0213 	 -0.23962191 	1.558084e-06 	8.6500433e-08 	 -2.0142207 	-6.3852461e-06 	-3.8774794e-07 		-0.0225 1.6031418e-07 2.255355e-07 1200000 1
-0.02125 833103.3 	1.0608117 	0.086690908 	 517491.4 	-0.51575374 	-0.81065005 	 1.1943669e-08 	-0.006573028 	0.013314837 	 -3.4106316e-09 	-0.0036723433 	-0.015771835 	 0.010266955 	-1465.176 	-3714.4935 	 -0.25205688 	1.2058687e-06 	-3.0956069e-07 	 -2.0645451 	-5.3878995e-06 	9.1086751e-07 		-0.02125 1.6237372e-07 2.1765084e-07 1200000 1
-0.02 907950.63 	0.52148565 	-0.39576529 	 588371.86 	1.0983023 	0.48709738 	 1.2747029e-08 	-0.007505007 	0.013929939 	 -2.6443224e-09 	-0.0041115322 	-0.015539975 	 -0.0052776125 	-1751.3325 	-4624.7929 	 -0.26606991 	1.6815846e-06 	9.0766234e-08 	 -2.1172974 	-6.789797e-06 	-1.6841084e-07 		-0.02 1.6398301e-07 2.1029683e-07 1200000 1
-0.01875 983581.74 	1.3683086 	0.046495064 	 665710.12 	-0.62272893 	-0.56059629 	 1.3240701e-08 	-0.0076225599 	0.014599034 	 -2.5595057e-09 	-0.0045504301 	-0.015272335 	 0.013422594 	-2096.4291 	-5287.255 	 -0.28183629 	1.0088513e-06 	-2.8008808e-07 	 -2.1726695 	-5.4175229e-06 	7.0581601e-07 		-0.01875 1.6563271e-07 2.0333809e-07 1200000 1
-0.0175 1059273.6 	0.38444488 	-0.5545221 	 751255.75 	0.7945588 	0.52823972 	 1.4233801e-08 	-0.0078981457 	0.015350241 	 -2.9992985e-09 	-0.0049949346 	-0.014941384 	 -0.0033695448 	-2518.3744 	-6093.8343 	 -0.29955788 	1.8566902e-06 	2.2009575e-07 	 -2.2309048 	-6.648123e-06 	-2.0075779e-07 		-0.0175 1.6752604e-07 1.9533306e-07 1200000 1
-0.01625 1133860.7 	1.1799167 	-0.16103419 	 846099.39 	0.00095017344 	-0.12514498 	 1.4754798e-08 	-0.0087153133 	0.016206884 	 -1.8213513e-09 	-0.0054689932 	-0.014512891 	 0.0080467491 	-3049.5511 	-7275.7017 	 -0.31932897 	1.231067e-06 	-1.0832363e-07 	 -2.2919144 	-6.0383429e-06 	3.4282793e-07 		-0.01625 1.6900794e-07 1.8848507e-07 1200000 1
-0.015 1210078.4 	0.83192241 	-0.12196075 	 949829.53 	0.049929025 	-0.45568871 	 1.5490046e-08 	-0.0092819419 	0.017133509 	 -2.3606255e-09 	-0.0059335552 	-0.014011764 	 0.0054837087 	-3714.0711 	-8446.7929 	 -0.34179679 	1.5536297e-06 	-1.4064898e-07 	 -2.3568213 	-6.1282263e-06 	6.1666335e-07 		-0.015 1.7107579e-07 1.8043946e-07 1200000 1
-0.01375 1289383.6 	0.83959707 	-0.48516165 	 1062825.2 	0.9093406 	0.53817131 	 1.5535238e-08 	-0.0091943954 	0.018126847 	 -1.0608219e-09 	-0.0063507081 	-0.013451226 	 0.00010478701 	-4538.9419 	-9337.735 	 -0.36757536 	1.5853404e-06 	1.6365456e-07 	 -2.4264246 	-6.8951883e-06 	-2.1376026e-07 		-0.01375 1.7252886e-07 1.7335822e-07 1200000 1
-0.0125 1367445.9 	1.1382498 	0.034251406 	 1189005.3 	-0.34982311 	-1.1127105 	 1.5949363e-08 	-0.0095297613 	0.019295608 	 -2.294447e-09 	-0.0068183858 	-0.012696201 	 0.01009292 	-5650.7391 	-10605.769 	 -0.39670063 	1.3754955e-06 	-2.675214e-07 	 -2.5003402 	-5.8927506e-06 	1.1576999e-06 		-0.0125 1.7480607e-07 1.6470578e-07 1200000 1
-0.01125 1441388.1 	0.63795084 	-0.31668117 	 1330706.8 	1.6664352 	-0.046718556 	 1.7407552e-08 	-0.010275995 	0.020668947 	 -8.0167009e-10 	-0.0073208484 	-0.011710674 	 -0.0050048447 	-7121.8498 	-12288.206 	 -0.4292796 	1.8324949e-06 	3.1287879e-08 	 -2.5784948 	-7.612225e-06 	2.6302798e-07 		-0.01125 1.765328e-07 1.5705251e-07 1200000 1
-0.01 1512672.8 	0.63694419 	-0.19572522 	 1487927.7 	0.72617777 	-0.83677547 	 1.7892141e-08 	-0.010296535 	0.022169618 	 -4.059308e-10 	-0.0077716073 	-0.010408495 	 -0.0010990885 	-9025.6932 	-13557.147 	 -0.46629497 	1.8741768e-06 	-6.0667287e-08 	 -2.6620433 	-6.8668213e-06 	9.1422811e-07 		-0.01 1.7863382e-07 1.4859426e-07 1200000 1
-0.00875 343000.56 	0.58185857 	-0.0035178852 	 356495.13 	-0.70970744 	0.48068958 	 1.8550371e-08 	-0.010025009 	0.023801569 	 1.5974777e-09 	-0.0081365278 	-0.0090659639 	 0.012006137 	-2392.1867 	-3179.7448 	 -0.52794548 	-2.6578743e-06 	-1.2140519e-07 	 -2.7944813 	4.0154945e-06 	-7.1574276e-06 		-0.00875 1.8128768e-07 1.3305911e-07 259530.47 1
-0.0075 135598.02 	0.41621155 	0.1478502 	 153992.31 	0.29567117 	0.017455901 	 1.8877536e-08 	-0.009789733 	0.024686866 	 2.3419039e-09 	-0.0077370254 	-0.008576718 	 0.0046096751 	-1014.4861 	-1259.6711 	 -0.54291533 	-1.6762343e-06 	-1.6666294e-06 	 -2.8373373 	-9.276652e-06 	1.5192946e-08 		-0.0075 1.8012063e-07 1.2048483e-07 100000 1
-0.00625 136622.11 	0.46682464 	0.12277386 	 162993.01 	0.32938565 	0.081857878 	 1.883096e-08 	-0.0093076289 	0.025204218 	 2.9571844e-09 	-0.0074803392 	-0.0080489101 	 0.00540166 	-1066.3077 	-1246.5391 	 -0.54892743 	-2.147216e-06 	-1.3979721e-06 	 -2.8592792 	-9.636885e-06 	-6.4475879e-07 		-0.00625 1.7793866e-07 1.0921425e-07 100000 1
-0.005 136923.68 	0.54556323 	0.14586246 	 170790.25 	0.20468207 	-0.020817784 	 1.8534251e-08 	-0.0084232191 	0.025791699 	 3.2424796e-09 	-0.0072010358 	-0.0075437815 	 0.0068465756 	-1121.7562 	-1194.3246 	 -0.55007339 	-2.9029197e-06 	-1.6118877e-06 	 -2.8671645 	-8.4113077e-06 	3.6566416e-07 		-0.005 1.7482856e-07 9.8161643e-08 100000 1
-0.00375 136527.88 	0.58176729 	0.11030637 	 177563.85 	0.27171981 	0.078076188 	 1.8466972e-08 	-0.0077285151 	0.026306533 	 3.4621319e-09 	-0.0069141981 	-0.0070854467 	 0.0073247244 	-1166.7826 	-1144.7506 	 -0.54712408 	-3.2332967e-06 	-1.2401352e-06 	 -2.8624591 	-9.0938284e-06 	-6.3987914e-07 		-0.00375 1.7086908e-07 8.7886178e-08 100000 1
-0.0025 135518.86 	0.66644956 	0.1302008 	 183384.73 	0.24306519 	-0.0026218712 	 1.8530407e-08 	-0.0073800442 	0.026764703 	 3.5534755e-09 	-0.0066101178 	-0.006665677 	 0.0086403261 	-1202.4188 	-1108.9029 	 -0.54069628 	-4.0510454e-06 	-1.423705e-06 	 -2.8460802 	-8.822925e-06 	1.5035304e-07 		-0.0025 1.6645627e-07 7.6300721e-08 100000 1
-0.00125 134043.48 	0.74271111 	0.10328293 	 188266.94 	0.32948192 	0.052468737 	 1.8800192e-08 	-0.0072073755 	0.02716645 	 3.6911448e-09 	-0.0063108207 	-0.0062689045 	 0.0095234897 	-1230.7312 	-1078.9287 	 -0.53139692 	-4.7868523e-06 	-1.1401851e-06 	 -2.8190543 	-9.7018741e-06 	-4.1679808e-07 		-0.00125 1.6100494e-07 6.5737304e-08 100000 1
5.2475385e-17 132293.94 	0.80182789 	0.098979012 	 192150.23 	0.30552806 	0.040324298 	 1.8722069e-08 	-0.0066163359 	0.027527618 	 3.6605438e-09 	-0.0060128163 	-0.0059084828 	 0.010619371 	-1253.25 	-1017.1973 	 -0.51968709 	-5.3515636e-06 	-1.0838359e-06 	 -2.7821424 	-9.4745477e-06 	-3.1103134e-07 		5.2475385e-17 1.5503836e-07 5.4060782e-08 100000 1
0.00125 130236.38 	0.85806261 	0.098995035 	 195130.81 	0.23217051 	-0.0057084277 	 1.8650962e-08 	-0.0058328345 	0.027840902 	 3.643602e-09 	-0.0057146208 	-0.0055795425 	 0.011519373 	-1268.5847 	-939.70618 	 -0.50574718 	-5.8878712e-06 	-1.0716238e-06 	 -2.7358295 	-8.7555287e-06 	1.3441358e-07 		0.00125 1.480866e-07 4.3356841e-08 100000 1
0.0025 127846.72 	0.89721786 	0.080001571 	 197309.35 	0.3200124 	0.074469407 	 1.8491559e-08 	-0.0053554554 	0.028109049 	 3.659472e-09 	-0.0054308152 	-0.0052827738 	 0.01222622 	-1275.6434 	-880.37484 	 -0.48984966 	-6.2554074e-06 	-8.7027186e-07 	 -2.6809661 	-9.6367426e-06 	-6.8121234e-07 		0.0025 1.4063404e-07 3.141928e-08 100000 1
0.00375 125088.73 	0.99721632 	0.090958751 	 198751.3 	0.28110236 	-0.025245993 	 1.8360573e-08 	-0.0052266081 	0.028326364 	 3.8185589e-09 	-0.0051608175 	-0.0050238062 	 0.013564665 	-1272.4006 	-841.59344 	 -0.47209919 	-7.2326458e-06 	-9.6943824e-07 	 -2.6178406 	-9.2538168e-06 	3.0337026e-07 		0.00375 1.3223824e-07 2.0226529e-08 100000 1
0.005 122078.22 	1.0715507 	0.07125645 	 199480.42 	0.38670517 	0.051642558 	 1.8167738e-08 	-0.0051660118 	0.028508841 	 3.9751765e-09 	-0.0048993084 	-0.0047912546 	 0.014646821 	-1262.2413 	-805.35677 	 -0.45286412 	-7.9552167e-06 	-7.6299811e-07 	 -2.5475643 	-1.0312787e-05 	-4.7667729e-07 		0.005 1.23267e-07 8.2609671e-09 100000 1
0.00625 118886.63 	1.107879 	0.083492963 	 199487.48 	0.3160381 	-0.03777295 	 1.7693036e-08 	-0.0044934398 	0.028664131 	 3.9176325e-09 	-0.0046269744 	-0.0045931188 	 0.015258617 	-1245.7124 	-730.38499 	 -0.43221144 	-8.2983141e-06 	-8.7677346e-07 	 -2.4702353 	-9.6081901e-06 	4.0767793e-07 		0.00625 1.1354086e-07 -3.6388717e-09 100000 1
0.0075 115524.22 	1.1238016 	0.064121681 	 198897.74 	0.35443641 	0.051412655 	 1.732467e-08 	-0.0039075154 	0.02879039 	 3.9691476e-09 	-0.0043644214 	-0.0044160783 	 0.015621614 	-1223.7955 	-661.79681 	 -0.41049966 	-8.4396303e-06 	-6.7532484e-07 	 -2.387182 	-9.9897996e-06 	-4.9241579e-07 		0.0075 1.0315582e-07 -1.5346502e-08 100000 1
0.00875 111982.21 	1.1830237 	0.074943936 	 197797.06 	0.32718832 	-0.045606048 	 1.6931759e-08 	-0.0036529042 	0.028905979 	 4.0752611e-09 	-0.0041186463 	-0.0042563061 	 0.01646228 	-1197.5204 	-613.73421 	 -0.38787842 	-9.0161902e-06 	-7.7678266e-07 	 -2.2989805 	-9.7061642e-06 	4.7108399e-07 		0.00875 9.2363909e-08 -2.805374e-08 100000 1
0.01 108341.97 	1.2486634 	0.056492982 	 196203.96 	0.41471145 	0.011241858 	 1.6897391e-08 	-0.0036591532 	0.029002438 	 4.474769e-09 	-0.0038947741 	-0.0041071896 	 0.017365278 	-1168.1536 	-581.84656 	 -0.36452765 	-9.6599063e-06 	-5.8630001e-07 	 -2.2061324 	-1.0573621e-05 	-1.0261099e-07 		0.01 8.0851324e-08 -4.0031996e-08 100000 1
0.01125 104685.25 	1.2970716 	0.054838221 	 194165.77 	0.41386327 	-0.016094413 	 1.662782e-08 	-0.0034892646 	0.029089575 	 4.6044442e-09 	-0.003679607 	-0.0039798988 	 0.018112495 	-1136.2274 	-541.13922 	 -0.34066434 	-1.0132097e-05 	-5.6454573e-07 	 -2.1095185 	-1.0548656e-05 	1.6674591e-07 		0.01125 6.9010775e-08 -5.3045207e-08 100000 1
0.0125 101064.69 	1.3015061 	0.054173412 	 191719.7 	0.38483066 	-0.043767877 	 1.6322814e-08 	-0.0029592719 	0.029160078 	 4.7221481e-09 	-0.0034665991 	-0.0038735745 	 0.01822609 	-1102.2065 	-483.14548 	 -0.31640762 	-1.0165939e-05 	-5.5330007e-07 	 -2.0095576 	-1.0243484e-05 	4.4048061e-07 		0.0125 5.6594585e-08 -6.5370323e-08 100000 1
0.01375 97437.572 	1.303497 	0.046666465 	 189029.82 	0.42418415 	0.01714222 	 1.594865e-08 	-0.0025984143 	0.02922048 	 4.6656782e-09 	-0.0032719725 	-0.0037827412 	 0.018340444 	-1066.0607 	-437.10646 	 -0.29205112 	-1.0177994e-05 	-4.7423814e-07 	 -1.9075967 	-1.062545e-05 	-1.704395e-07 		0.01375 4.3993888e-08 -7.8666846e-08 100000 1
0.015 93803.495 	1.3452217 	0.05042312 	 186175.58 	0.3918152 	-0.063333168 	 1.5794627e-08 	-0.0025381448 	0.029267048 	 4.7934015e-09 	-0.0030986688 	-0.0037073217 	 0.018921489 	-1027.5664 	-408.66478 	 -0.26773397 	-1.0589627e-05 	-5.0839717e-07 	 -1.8042065 	-1.0276309e-05 	6.335529e-07 		0.015 3.1012768e-08 -9.1275367e-08 100000 1
0.01625 90197.673 	1.3780129 	0.036396932 	 183240.37 	0.46929153 	0.014680313 	 1.5610182e-08 	-0.0026280409 	0.029305063 	 4.8164332e-09 	-0.0029418388 	-0.0036423432 	 0.019406024 	-987.90151 	-389.08105 	 -0.24369495 	-1.0914802e-05 	-3.65156e-07 	 -1.7004516 	-1.1023796e-05 	-1.4633688e-07 		0.01625 1.7983887e-08 -1.04547e-07 100000 1
0.0175 86667.763 	1.3799311 	0.042109514 	 180232.82 	0.4240119 	-0.056251814 	 1.5247575e-08 	-0.0023625957 	0.029339473 	 4.7539885e-09 	-0.0027859117 	-0.0035916481 	 0.019453473 	-947.71655 	-354.39422 	 -0.21993282 	-1.0932272e-05 	-4.1969739e-07 	 -1.5963495 	-1.0542419e-05 	5.6379712e-07 		0.0175 4.7531864e-09 -1.1747902e-07 100000 1
0.01875 83230.14 	1.3509002 	0.034338324 	 177249.49 	0.43565692 	0.027545876 	 1.4874337e-08 	-0.0019541728 	0.02936723 	 4.6522439e-09 	-0.0026380406 	-0.0035491075 	 0.019133992 	-907.57622 	-316.12429 	 -0.19669781 	-1.0642778e-05 	-3.3963278e-07 	 -1.4930369 	-1.0623388e-05 	-2.7272618e-07 		0.01875 -8.5223183e-09 -1.3029309e-07 100000 1
0.02 79864.87 	1.3490832 	0.041255773 	 174364.83 	0.39578934 	-0.048926289 	 1.4582739e-08 	-0.0017739359 	0.029401824 	 4.5286062e-09 	-0.0025127813 	-0.0035062522 	 0.019116901 	-868.40377 	-290.8468 	 -0.17406187 	-1.0626314e-05 	-4.0687108e-07 	 -1.3908899 	-1.019184e-05 	4.9387437e-07 		0.02 -2.1739851e-08 -1.4359341e-07 100000 1
0.02125 76607.254 	1.3570875 	0.03179527 	 171624.89 	0.44293989 	0.0069175345 	 1.4619281e-08 	-0.001863979 	0.02943467 	 4.6586163e-09 	-0.0024116882 	-0.0034582604 	 0.019244408 	-830.70452 	-279.19454 	 -0.15214298 	-1.0712424e-05 	-3.105375e-07 	 -1.2904297 	-1.0616694e-05 	-6.224267e-08 		0.02125 -3.4976593e-08 -1.5612901e-07 100000 1
0.0225 73475.57 	1.3705264 	0.032518319 	 169064.95 	0.43464564 	-0.017250883 	 1.4568715e-08 	-0.0019976696 	0.029473086 	 4.6712934e-09 	-0.002323155 	-0.0034137479 	 0.019466942 	-794.21851 	-270.44214 	 -0.13099177 	-1.0853637e-05 	-3.1630584e-07 	 -1.1920558 	-1.048883e-05 	1.820287e-07 		0.0225 -4.8029803e-08 -1.6924687e-07 100000 1
0.02375 70539.742 	1.3322572 	0.037035386 	 166669.25 	0.41597566 	-0.03298479 	 1.4317115e-08 	-0.0016458374 	0.029506299 	 4.6496418e-09 	-0.0022274617 	-0.0033818129 	 0.018944764 	-758.87556 	-244.26253 	 -0.1105943 	-1.0477894e-05 	-3.6014937e-07 	 -1.095754 	-1.0258088e-05 	3.4187938e-07 		0.02375 -6.1069841e-08 -1.8168567e-07 100000 1
0.025 67738.41 	1.296085 	0.037145252 	 164543.19 	0.42557894 	0.022115742 	 1.4024187e-08 	-0.0013523832 	0.029543143 	 4.4904364e-09 	-0.0021422851 	-0.0033527309 	 0.018483484 	-724.77819 	-222.62826 	 -0.091081306 	-1.0125331e-05 	-3.6004478e-07 	 -1.0023219 	-1.0306158e-05 	-2.0643524e-07 		0.025 -7.3836952e-08 -1.9461324e-07 100000 1
0.02625 65067.019 	1.2826781 	0.04117621 	 162719.96 	0.38113575 	-0.056486598 	 1.376364e-08 	-0.0013116937 	0.029578494 	 4.4560081e-09 	-0.0020691683 	-0.0033255942 	 0.01830574 	-691.72979 	-211.55071 	 -0.072461315 	-1.0001158e-05 	-3.993502e-07 	 -0.91190588 	-9.8139325e-06 	5.823063e-07 		0.02625 -8.6455195e-08 -2.0688011e-07 100000 1
0.0275 62516.989 	1.2744765 	0.034316078 	 161257.17 	0.43023618 	0.021834453 	 1.3637037e-08 	-0.0014745629 	0.029616064 	 4.3909498e-09 	-0.0020070859 	-0.0032985138 	 0.018209595 	-659.8045 	-208.40318 	 -0.054825823 	-9.932006e-06 	-3.2975017e-07 	 -0.82511305 	-1.0246475e-05 	-1.9809559e-07 		0.0275 -9.8716513e-08 -2.194935e-07 100000 1
0.02875 60112.91 	1.2563378 	0.036923744 	 160136.29 	0.39071923 	-0.046313243 	 1.3329849e-08 	-0.0014750081 	0.029656134 	 4.2983422e-09 	-0.0019480912 	-0.0032751091 	 0.017969812 	-629.13043 	-200.71427 	 -0.038072703 	-9.7645197e-06 	-3.5501305e-07 	 -0.7416319 	-9.7938505e-06 	4.8609589e-07 		0.02875 -1.107735e-07 -2.3159853e-07 100000 1
0.03 57858.293 	1.2132215 	0.034642029 	 159392.92 	0.40218056 	0.034067871 	 1.2968293e-08 	-0.0011939856 	0.029697162 	 4.1478973e-09 	-0.0018895885 	-0.0032553761 	 0.017413184 	-599.67274 	-185.53313 	 -0.02227628 	-9.3483868e-06 	-3.3130225e-07 	 -0.66200228 	-9.84865e-06 	-3.1509627e-07 		0.03 -1.2253551e-07 -2.4357894e-07 100000 1
0.03125 55732.153 	1.1864854 	0.041978771 	 159054.11 	0.32386441 	-0.033250628 	 1.2646994e-08 	-0.0010285571 	0.029745846 	 3.9826365e-09 	-0.0018438558 	-0.003232334 	 0.017114999 	-571.84293 	-175.69633 	 -0.0073857778 	-9.0974761e-06 	-4.0397012e-07 	 -0.58614986 	-9.0042535e-06 	3.6062381e-07 		0.03125 -1.3399808e-07 -2.557351e-07 100000 1
0.0325 53733.561 	1.1598887 	0.03447899 	 159152.71 	0.39695026 	0.017699534 	 1.2537705e-08 	-0.0010908364 	0.029797036 	 3.9752559e-09 	-0.0018159636 	-0.0031992357 	 0.016680443 	-545.96968 	-174.16464 	 0.0065662619 	-8.8507321e-06 	-3.2830378e-07 	 -0.51441524 	-9.6683607e-06 	-1.464126e-07 		0.0325 -1.4518918e-07 -2.6710939e-07 100000 1
0.03375 51872.046 	1.1457195 	0.034812082 	 159697.45 	0.34276862 	0.011313226 	 1.2434794e-08 	-0.0012566253 	0.02985642 	 3.9621342e-09 	-0.0017992391 	-0.003162776 	 0.016591237 	-521.81523 	-176.52302 	 0.01961327 	-8.7288345e-06 	-3.3102042e-07 	 -0.44685073 	-9.0572165e-06 	-8.021455e-08 		0.03375 -1.5599703e-07 -2.7878792e-07 100000 1
0.035 50179.559 	1.1115918 	0.036977427 	 160679.58 	0.36351853 	0.0062164896 	 1.2224306e-08 	-0.0011407296 	0.029914574 	 3.8986395e-09 	-0.0017791189 	-0.0031313281 	 0.016082182 	-498.98177 	-171.76124 	 0.031801377 	-8.4077606e-06 	-3.5211473e-07 	 -0.38342227 	-9.1977636e-06 	-2.7069365e-08 		0.035 -1.6655392e-07 -2.8975828e-07 100000 1
0.03625 48634.202 	1.0717769 	0.040837957 	 162128.16 	0.32875532 	0.00075604167 	 1.1824356e-08 	-0.0009011618 	0.029978769 	 3.7271146e-09 	-0.0017603267 	-0.0031024095 	 0.01557391 	-477.50513 	-164.83023 	 0.043132256 	-8.0309149e-06 	-3.9022739e-07 	 -0.32434579 	-8.7814671e-06 	2.9566166e-08 		0.03625 -1.7674198e-07 -3.0123542e-07 100000 1
0.0375 47211.576 	1.0416984 	0.043002822 	 164069.05 	0.31795688 	0.012846832 	 1.1616701e-08 	-0.00083401289 	0.030044217 	 3.6636373e-09 	-0.0017473968 	-0.0030712408 	 0.015190165 	-457.27413 	-163.2504 	 0.053638541 	-7.7520271e-06 	-4.1137683e-07 	 -0.26967122 	-8.6035644e-06 	-8.9416619e-08 		0.0375 -1.8662665e-07 -3.11629e-07 100000 1
0.03875 45891.086 	1.0156799 	0.041422986 	 166539.08 	0.32720716 	-0.0018592923 	 1.1311766e-08 	-0.00097841777 	0.03011647 	 3.5494763e-09 	-0.0017412203 	-0.0030364805 	 0.014814241 	-438.19467 	-167.62312 	 0.063305442 	-7.5166706e-06 	-3.9520654e-07 	 -0.21972095 	-8.6217142e-06 	5.9499125e-08 		0.03875 -1.9607729e-07 -3.2269681e-07 100000 1
0.04 44685.887 	0.99314026 	0.0393394 	 169533.53 	0.2964091 	0.019370908 	 1.1123878e-08 	-0.001141325 	0.030192144 	 3.5168905e-09 	-0.001739642 	-0.002999742 	 0.014584098 	-420.30337 	-173.08122 	 0.072207103 	-7.3161565e-06 	-3.7394067e-07 	 -0.17432412 	-8.2389428e-06 	-1.5109731e-07 		0.04 -2.0521873e-07 -3.3296672e-07 100000 1
0.04125 43600.565 	0.95196882 	0.042698313 	 173063.82 	0.32227432 	0.0041224836 	 1.0712847e-08 	-0.0009346515 	0.030272854 	 3.3298764e-09 	-0.0017344782 	-0.0029661278 	 0.01395314 	-403.29469 	-170.59776 	 0.080333807 	-6.9306383e-06 	-4.0717572e-07 	 -0.13376085 	-8.4207859e-06 	2.9463452e-09 		0.04125 -2.1403195e-07 -3.432854e-07 100000 1
0.0425 42621.409 	0.91919324 	0.044225864 	 177153.48 	0.24358538 	0.027978237 	 1.0374919e-08 	-0.00076260452 	0.03035967 	 3.2137187e-09 	-0.0017354347 	-0.0029295457 	 0.013637984 	-387.498 	-170.13704 	 0.087740312 	-6.6293597e-06 	-4.2204066e-07 	 -0.097969111 	-7.5573777e-06 	-2.3416041e-07 		0.0425 -2.2249847e-07 -3.5323636e-07 100000 1
0.04375 41724.298 	0.88440457 	0.044853878 	 181831.96 	0.30195876 	0.0084764927 	 1.0118641e-08 	-0.00078037499 	0.03045168 	 3.1345999e-09 	-0.0017521644 	-0.0028794663 	 0.013055696 	-373.497 	-175.72035 	 0.094423798 	-6.3106244e-06 	-4.2801826e-07 	 -0.06721594 	-8.0603598e-06 	-3.7798705e-08 		0.04375 -2.3059112e-07 -3.6304608e-07 100000 1
0.045 40924.617 	0.85918582 	0.041982254 	 187123.8 	0.25068783 	0.018083963 	 9.9414509e-09 	-0.00094123572 	0.030551361 	 3.1483803e-09 	-0.0017813967 	-0.0028208285 	 0.012804728 	-361.22362 	-186.00388 	 0.10040203 	-6.0883185e-06 	-3.9896465e-07 	 -0.041674806 	-7.4660756e-06 	-1.3261892e-07 		0.045 -2.3827829e-07 -3.7272084e-07 100000 1
0.04625 40235.384 	0.82622223 	0.042095933 	 193024.27 	0.26983921 	0.011444908 	 9.7146057e-09 	-0.0009803881 	0.030653503 	 3.1088558e-09 	-0.001810447 	-0.0027599915 	 0.012318975 	-350.30029 	-194.48398 	 0.10571641 	-5.789319e-06 	-3.9980287e-07 	 -0.021322644 	-7.5761986e-06 	-6.5068157e-08 		0.04625 -2.4564326e-07 -3.8194652e-07 100000 1
0.0475 39669.444 	0.79022341 	0.045149684 	 199552.02 	0.24683775 	0.0067483307 	 9.3194306e-09 	-0.0008026121 	0.030762572 	 2.9667557e-09 	-0.0018346305 	-0.0027019565 	 0.011844373 	-340.57583 	-199.03583 	 0.11037574 	-5.4602725e-06 	-4.3005724e-07 	 -0.0063566651 	-7.2655471e-06 	-1.7041656e-08 		0.0475 -2.5263024e-07 -3.9135033e-07 100000 1
0.04875 39184.622 	0.75646351 	0.046248247 	 206739.89 	0.23961141 	0.016508758 	 9.0387691e-09 	-0.00071242237 	0.030875171 	 2.8971564e-09 	-0.0018620984 	-0.0026379972 	 0.011394058 	-332.2333 	-206.53958 	 0.11440855 	-5.1539705e-06 	-4.4072691e-07 	 0.0031310653 	-7.1123506e-06 	-1.1365493e-07 		0.04875 -2.5927725e-07 -4.0001515e-07 100000 1
0.05 38760.722 	0.72359954 	0.045368155 	 214621.99 	0.23924085 	0.0053568918 	 8.6957882e-09 	-0.00079616225 	0.030998263 	 2.7879231e-09 	-0.00189373 	-0.0025682078 	 0.010929779 	-325.18135 	-218.73018 	 0.1178177 	-4.8588212e-06 	-4.3168101e-07 	 0.0068845994 	-7.0248243e-06 	-1.2361198e-09 		0.05 -2.6548703e-07 -4.0909851e-07 100000 1
0.05125 38397.81 	0.69384937 	0.041288209 	 223222.52 	0.21692786 	0.0234267 	 8.4777422e-09 	-0.00094485138 	0.031126665 	 2.7766495e-09 	-0.0019288938 	-0.0024922235 	 0.010567762 	-319.4723 	-233.45626 	 0.12063001 	-4.5948492e-06 	-3.9057154e-07 	 0.00480512 	-6.717587e-06 	-1.8111282e-07 		0.05125 -2.7134746e-07 -4.1751069e-07 100000 1
0.0525 38102.191 	0.65815812 	0.04244677 	 232545.01 	0.23192318 	0.011801304 	 8.1236901e-09 	-0.0008973241 	0.031264659 	 2.6506757e-09 	-0.0019616749 	-0.0024133206 	 0.010036852 	-315.06557 	-245.22422 	 0.12285617 	-4.2726201e-06 	-4.0190132e-07 	 -0.0032386002 	-6.7829611e-06 	-6.4152823e-08 		0.0525 -2.7686178e-07 -4.2595695e-07 100000 1
0.05375 37872.958 	0.62614839 	0.043181153 	 242626.33 	0.18169809 	0.03459918 	 7.8000862e-09 	-0.00075605433 	0.031408884 	 2.5722893e-09 	-0.0019934245 	-0.0023308105 	 0.0096723199 	-312.04587 	-256.22567 	 0.12451558 	-3.986782e-06 	-4.0893119e-07 	 -0.017399615 	-6.1964713e-06 	-2.9150662e-07 		0.05375 -2.820373e-07 -4.3406894e-07 100000 1
0.055 37668.525 	0.59129731 	0.044502784 	 253496.75 	0.21753557 	0.019146376 	 7.4843544e-09 	-0.00073662553 	0.031562077 	 2.4719177e-09 	-0.0020378 	-0.0022310752 	 0.0091245113 	-311.67508 	-272.24201 	 0.12561232 	-3.6743881e-06 	-4.2192685e-07 	 -0.037895275 	-6.4689785e-06 	-1.3645086e-07 		0.055 -2.868436e-07 -4.4198459e-07 100000 1
0.05625 37498.894 	0.56199233 	0.040929309 	 265201.05 	0.17229236 	0.03147557 	 7.2568459e-09 	-0.00085338455 	0.031722366 	 2.4848715e-09 	-0.0020946691 	-0.0021151219 	 0.0087806987 	-314.32558 	-293.773 	 0.12614435 	-3.4177867e-06 	-3.8595836e-07 	 -0.065053132 	-5.9299832e-06 	-2.5929184e-07 		0.05625 -2.9125841e-07 -4.4974208e-07 100000 1
0.0575 37362.856 	0.52953694 	0.038729936 	 277741.06 	0.18553253 	0.022010416 	 7.0119161e-09 	-0.00097693899 	0.03189022 	 2.4536972e-09 	-0.0021540442 	-0.0019863825 	 0.0082991326 	-319.92876 	-317.34033 	 0.12613478 	-3.1303443e-06 	-3.6379608e-07 	 -0.098872283 	-5.9758416e-06 	-1.6426378e-07 		0.0575 -2.9532962e-07 -4.5711056e-07 100000 1
0.05875 37315.522 	0.4970755 	0.041264483 	 291137.98 	0.16726032 	0.020934549 	 6.6389824e-09 	-0.00086040265 	0.032066462 	 2.3510734e-09 	-0.0021973833 	-0.0018567759 	 0.0078537711 	-328.03051 	-335.92721 	 0.12557655 	-2.8423752e-06 	-3.8898911e-07 	 -0.13964148 	-5.7084008e-06 	-1.5317832e-07 		0.05875 -2.9905349e-07 -4.6452378e-07 100000 1
0.06 37286.617 	0.46456588 	0.04326661 	 305426.53 	0.15914141 	0.027127688 	 6.3223215e-09 	-0.00077339178 	0.032249946 	 2.2689876e-09 	-0.0022388735 	-0.0017140298 	 0.0074019902 	-339.51481 	-356.36336 	 0.1244875 	-2.5538589e-06 	-4.0885948e-07 	 -0.18742949 	-5.5430775e-06 	-2.1491956e-07 		0.06 -3.0244721e-07 -4.7130745e-07 100000 1
0.06125 37252.724 	0.43223092 	0.043896677 	 320649.37 	0.15518033 	0.016338639 	 5.9801528e-09 	-0.0008123768 	0.03244866 	 2.1737607e-09 	-0.0022796863 	-0.0015611642 	 0.006927447 	-354.18482 	-380.69211 	 0.12286085 	-2.2682627e-06 	-4.1509636e-07 	 -0.24252541 	-5.4182161e-06 	-1.0688037e-07 		0.06125 -3.0542925e-07 -4.7838895e-07 100000 1
0.0625 37191.283 	0.40079216 	0.040739064 	 336847.67 	0.13369252 	0.030492933 	 5.7573531e-09 	-0.00092461772 	0.03265797 	 2.1542297e-09 	-0.0023206888 	-0.0013956078 	 0.006503918 	-372.41083 	-408.0813 	 0.12069763 	-1.9914044e-06 	-3.8343084e-07 	 -0.30514324 	-5.118567e-06 	-2.4834791e-07 		0.0625 -3.0806607e-07 -4.8480705e-07 100000 1
0.06375 37114.236 	0.36729619 	0.041250476 	 354017.24 	0.14242269 	0.017343878 	 5.4577303e-09 	-0.0009673503 	0.032882346 	 2.0681714e-09 	-0.0023549459 	-0.0012171718 	 0.0059900095 	-394.96815 	-434.80425 	 0.11800656 	-1.6945268e-06 	-3.8853262e-07 	 -0.37527945 	-5.1212241e-06 	-1.168338e-07 		0.06375 -3.1035417e-07 -4.9126368e-07 100000 1
0.065 37027.428 	0.33606325 	0.043325233 	 372203.22 	0.10394116 	0.038568685 	 5.1734622e-09 	-0.00089441384 	0.033115441 	 2.0112098e-09 	-0.0023744285 	-0.0010266888 	 0.005575733 	-422.19931 	-458.46531 	 0.1147804 	-1.4195577e-06 	-4.0922722e-07 	 -0.45319648 	-4.6530585e-06 	-3.2915369e-07 		0.065 -3.1233034e-07 -4.9739178e-07 100000 1
0.06625 36878.228 	0.30139838 	0.046401698 	 391427.52 	0.12947463 	0.021006894 	 4.8626685e-09 	-0.00087282758 	0.033363647 	 1.9002974e-09 	-0.0023917771 	-0.00081240087 	 0.0050204814 	-456.28543 	-484.22683 	 0.11101927 	-1.1109488e-06 	-4.4004465e-07 	 -0.53898928 	-4.8243654e-06 	-1.5367183e-07 		0.06625 -3.1393553e-07 -5.0329033e-07 100000 1
0.0675 36648.321 	0.27060453 	0.043044664 	 411739.95 	0.088962016 	0.035087365 	 4.633867e-09 	-0.00092851016 	0.033620181 	 1.8941963e-09 	-0.0024058827 	-0.00057002509 	 0.0045849419 	-498.79596 	-512.32772 	 0.10670889 	-8.4090063e-07 	-4.0652939e-07 	 -0.63295274 	-4.3366651e-06 	-2.9465245e-07 		0.0675 -3.1515244e-07 -5.0905306e-07 100000 1
0.06875 36337.167 	0.23414484 	0.040840242 	 433150.1 	0.095298559 	0.021104439 	 4.3880659e-09 	-0.00099870995 	0.033890558 	 1.833934e-09 	-0.0024046333 	-0.00029974176 	 0.0039980261 	-550.97928 	-538.89845 	 0.10184921 	-5.1437549e-07 	-3.846323e-07 	 -0.73513322 	-4.3173833e-06 	-1.5494203e-07 		0.06875 -3.1598165e-07 -5.1440153e-07 100000 1
0.07 35978.535 	0.20102445 	0.040706366 	 455668.24 	0.080401468 	0.021405233 	 4.1164797e-09 	-0.00099737682 	0.034172831 	 1.7890112e-09 	-0.0023624205 	-7.9215389e-06 	 0.0034786831 	-613.11417 	-556.15769 	 0.096435134 	-2.2064392e-07 	-3.8347079e-07 	 -0.84562101 	-4.0873918e-06 	-1.5809861e-07 		0.07 -3.1643749e-07 -5.1975465e-07 100000 1
0.07125 35525.787 	0.16369581 	0.042405629 	 479323.39 	0.058840619 	0.025177365 	 3.8726042e-09 	-0.00098310335 	0.034468321 	 1.7342192e-09 	-0.0022756174 	0.00031550823 	 0.0028799225 	-687.98969 	-562.80849 	 0.090467139 	1.1576066e-07 	-4.006821e-07 	 -0.96450183 	-3.7928338e-06 	-1.9603883e-07 		0.07125 -3.165506e-07 -5.2454331e-07 100000 1
0.0725 34916.296 	0.12529449 	0.038074495 	 504157.7 	0.069442471 	0.018445881 	 3.6475054e-09 	-0.0010208049 	0.03479164 	 1.6959254e-09 	-0.0021483596 	0.0006746019 	 0.0022419018 	-777.66957 	-559.33486 	 0.083942498 	4.6257274e-07 	-3.5767028e-07 	 -1.0919419 	-3.8210063e-06 	-1.2880656e-07 		0.0725 -3.1616428e-07 -5.2939133e-07 100000 1
0.07375 34092.125 	0.074336025 	0.024172711 	 530238.85 	0.020646202 	0.017614535 	 3.5856932e-09 	-0.0010463014 	0.035137216 	 1.7424774e-09 	-0.0019724105 	0.0010760737 	 0.0013454849 	-884.60967 	-540.55407 	 0.0768587 	9.3533518e-07 	-2.1897424e-07 	 -1.2282932 	-3.2557759e-06 	-1.2061219e-07 		0.07375 -3.1531355e-07 -5.3383671e-07 100000 1
0.075 32788.584 	0.02004779 	0.01717237 	 553333.11 	0.0013014 	0.00356812 	 3.483305e-09 	-0.0010720978 	0.035369593 	 1.73056e-09 	-0.0017851358 	0.001413454 	 0.0003684568 	-970.89624 	-511.5015 	 0.071454966 	1.4404e-06 	-1.493779e-07 	 -1.3313757 	-2.985e-06 	1.96735e-08 		0.075 -3.1370437e-07 -5.3761142e-07 100000 1
