# y jRe_x jRe_y jRe_z jIm_x jIm_y jIm_z BRe_x BRe_y BRe_z BIm_x BIm_y BIm_z F_x F_y F_z VReGrad_x VReGrad_y VReGrad_z VImGrad_x VImGrad_y VImGrad_z s VRe VIm sigma mur
-0.075 -1844097.1 	-669.51468 	77.603783 	 -4234666.9 	-231.72031 	180.09334 	 3.9222662e-06 	0.0090942778 	0.037494193 	 -2.8919551e-07 	0.010996575 	0.0035788504 	 -14.275936 	42148.892 	-31667.229 	 0.1409578 	6.6809868e-05 	-4.2217267e-05 	 0.28297121 	-0.00019352952 	-0.00015848624 		-0.075 -2.2556644e-05 -7.8401337e-05 1200000 1
-0.07375 -1934815 	0.23357878 	0.12094914 	 -4006501.2 	-0.25373376 	0.52509493 	 2.9577434e-08 	0.009101712 	0.037377647 	 1.2300396e-08 	0.011006237 	0.0033710938 	 0.00039343451 	42979.806 	-30845.398 	 0.13705396 	2.07068e-05 	-9.6028921e-07 	 0.27168636 	-3.0648364e-05 	-6.2822171e-07 		-0.07375 5.2543652e-07 4.8146905e-06 1200000 1
-0.0725 -1921651.4 	0.59395131 	0.14059429 	 -3729316.9 	-0.054074966 	0.32640371 	 2.9698668e-08 	0.0092029065 	0.035833969 	 1.0298293e-08 	0.010628669 	0.00086867476 	 0.0073664703 	36644.728 	-28665.485 	 0.11377194 	2.0757639e-05 	-1.0109751e-06 	 0.17674277 	-3.1541128e-05 	-4.6212148e-07 		-0.0725 5.4977983e-07 4.7786429e-06 1200000 1
-0.07125 -1941246.4 	1.0611416 	0.11840099 	 -3404018.7 	0.005328376 	0.14934025 	 3.2629822e-08 	0.0099138046 	0.033815515 	 9.5585188e-09 	0.011628844 	-0.0022389083 	 0.016192706 	29301.769 	-29382.796 	 0.085962065 	2.0787177e-05 	-1.0307634e-06 	 0.066729169 	-3.2443885e-05 	-3.1473854e-07 		-0.07125 5.7553796e-07 4.7400866e-06 1200000 1
-0.07 -1908222 	1.5378414 	0.18670286 	 -3113578.8 	0.37720299 	-0.089749448 	 3.3321441e-08 	0.0099986736 	0.031908156 	 7.5316003e-09 	0.011170756 	-0.0047047385 	 0.022174188 	23476.031 	-27025.882 	 0.060157895 	2.0775876e-05 	-1.1268076e-06 	 -0.040510641 	-3.3600172e-05 	-1.1330697e-07 		-0.07 6.0212401e-07 4.6973517e-06 1200000 1
-0.06875 -1878522 	2.0688124 	0.25480861 	 -2837271.8 	0.70474043 	-0.23442031 	 3.5575016e-08 	0.010246835 	0.030125263 	 6.7793868e-09 	0.011151609 	-0.006715432 	 0.028156613 	19037.763 	-25476.389 	 0.036143064 	2.0735001e-05 	-1.2245995e-06 	 -0.14116131 	-3.4748296e-05 	9.5721418e-09 		-0.06875 6.2765862e-07 4.6548924e-06 1200000 1
-0.0675 -1833837.5 	2.5079784 	0.29767009 	 -2580560.5 	0.89467138 	-0.39264063 	 3.7367463e-08 	0.01029814 	0.028345057 	 5.8939551e-09 	0.010848988 	-0.0085025513 	 0.032046164 	15220.532 	-23530.835 	 0.013626313 	2.0729524e-05 	-1.2989614e-06 	 -0.23859118 	-3.5784596e-05 	1.4641676e-07 		-0.0675 6.5375668e-07 4.6102901e-06 1200000 1
-0.06625 -1770515.3 	2.8435377 	0.30903665 	 -2347383.6 	0.93537854 	-0.54532597 	 3.8950244e-08 	0.010139399 	0.026639871 	 5.1068461e-09 	0.010241799 	-0.010006548 	 0.034121605 	12059.067 	-21077.707 	 -0.0068969556 	2.07668e-05 	-1.3478963e-06 	 -0.33075768 	-3.6712004e-05 	2.8097912e-07 		-0.06625 6.7982937e-07 4.5647165e-06 1200000 1
-0.065 -1719972 	3.1422727 	0.29513725 	 -2124301.9 	0.87158292 	-0.55395908 	 4.2446728e-08 	0.010114973 	0.025101043 	 5.1056594e-09 	0.010109256 	-0.011227464 	 0.035908376 	9759.1758 	-19502.291 	 -0.02588101 	2.08468e-05 	-1.3740104e-06 	 -0.41757658 	-3.7564791e-05 	2.9587963e-07 		-0.065 7.0515102e-07 4.5196142e-06 1200000 1
-0.06375 -1633037.1 	3.2674393 	0.3128951 	 -1928770.2 	0.62989801 	-0.65673465 	 4.2248511e-08 	0.0095650604 	0.023445889 	 1.2241994e-09 	0.0089837488 	-0.012427106 	 0.035822308 	7347.8407 	-16616.677 	 -0.043287707 	2.097127e-05 	-1.4227163e-06 	 -0.50221304 	-3.8269276e-05 	3.9315669e-07 		-0.06375 7.3222956e-07 4.469794e-06 1200000 1
-0.0625 -1575330.8 	3.3881968 	0.26681893 	 -1741989 	0.47093301 	-0.50632068 	 4.6975932e-08 	0.0094167077 	0.022240131 	 3.7399639e-10 	0.0088968958 	-0.01316679 	 0.035499476 	6111.7602 	-15218.921 	 -0.058727072 	2.1157838e-05 	-1.4191264e-06 	 -0.57811096 	-3.9060022e-05 	2.7838085e-07 		-0.0625 7.5669857e-07 4.4246348e-06 1200000 1
-0.06125 -1476345.4 	3.7287002 	0.27998108 	 -1575373.2 	0.25692481 	-0.75958188 	 4.558293e-08 	0.0088115514 	0.020609595 	 -3.4297223e-09 	0.0076912972 	-0.014181282 	 0.038046477 	4177.2411 	-12716.215 	 -0.073580745 	2.1168307e-05 	-1.4609336e-06 	 -0.65647665 	-3.9823711e-05 	5.0557234e-07 		-0.06125 7.8527645e-07 4.3717688e-06 1200000 1
-0.06 -1415909.6 	3.9429351 	0.21232706 	 -1420062 	0.27205097 	-0.60309453 	 5.1749283e-08 	0.0086276032 	0.019732973 	 -3.3339002e-09 	0.0077172529 	-0.014551193 	 0.038322006 	3686.1746 	-11646.584 	 -0.085792007 	2.1341016e-05 	-1.4382138e-06 	 -0.72217484 	-4.0807634e-05 	3.8911686e-07 		-0.06 8.0921493e-07 4.3275201e-06 1200000 1
-0.05875 -1320575.4 	4.3251237 	0.23507479 	 -1278200.6 	0.2753857 	-0.73047624 	 5.129997e-08 	0.0079950479 	0.018319306 	 -6.5748106e-09 	0.0067090472 	-0.015265796 	 0.038911373 	2447.6919 	-9712.5149 	 -0.097864883 	2.1302576e-05 	-1.4857203e-06 	 -0.7920894 	-4.1761852e-05 	5.1376768e-07 		-0.05875 8.3734486e-07 4.2722787e-06 1200000 1
-0.0575 -1249747.5 	4.5914294 	0.21159883 	 -1151301.8 	0.58218633 	-0.5125546 	 5.7237417e-08 	0.007560801 	0.017535521 	 -5.9429041e-09 	0.0064722973 	-0.015531026 	 0.036749792 	2054.7671 	-8519.3134 	 -0.10773206 	2.1423254e-05 	-1.4962098e-06 	 -0.85127424 	-4.2984718e-05 	3.4903051e-07 		-0.0575 8.6121596e-07 4.2249513e-06 1200000 1
-0.05625 -1160643.2 	4.8094533 	0.2204489 	 -1031015.9 	0.6314303 	-0.60361517 	 5.7892926e-08 	0.0070088767 	0.016377314 	 -8.4614061e-09 	0.0057242687 	-0.015998149 	 0.035460161 	1326.5582 	-7131.558 	 -0.11733001 	2.1475039e-05 	-1.5314793e-06 	 -0.91317275 	-4.3986218e-05 	4.4629698e-07 		-0.05625 8.8884103e-07 4.1686085e-06 1200000 1
-0.055 -1081449.5 	4.8730431 	0.19747859 	 -925223.51 	0.88965514 	-0.55268077 	 6.201802e-08 	0.0065333208 	0.015595343 	 -8.5997159e-09 	0.0053252674 	-0.016217023 	 0.03176148 	967.65261 	-6080.9467 	 -0.12539564 	2.1673227e-05 	-1.5410416e-06 	 -0.96811088 	-4.5175182e-05 	4.2541485e-07 		-0.055 9.140422e-07 4.116766e-06 1200000 1
-0.05375 -1001520.3 	4.9099353 	0.19329918 	 -824381.35 	0.89756652 	-0.5322905 	 6.4736115e-08 	0.0060024329 	0.014772897 	 -1.0542651e-08 	0.0048413476 	-0.016432225 	 0.029755276 	668.90268 	-5095.0278 	 -0.132773 	2.1860269e-05 	-1.5651466e-06 	 -1.0219792 	-4.6149812e-05 	4.3173922e-07 		-0.05375 9.4047636e-07 4.0611335e-06 1200000 1
-0.0525 -916286.38 	4.8646686 	0.20658151 	 -736460.76 	0.69959175 	-0.53939349 	 6.6361807e-08 	0.0054021108 	0.01393848 	 -1.4204598e-08 	0.004267524 	-0.016646625 	 0.028810763 	294.38218 	-4150.6541 	 -0.13933105 	2.2060058e-05 	-1.6026199e-06 	 -1.0735782 	-4.6957021e-05 	4.6359241e-07 		-0.0525 9.6737956e-07 4.0034375e-06 1200000 1
-0.05125 -845232.29 	4.7521941 	0.18216912 	 -654140.98 	0.85611001 	-0.41016264 	 7.1812682e-08 	0.0048282031 	0.013455832 	 -1.56527e-08 	0.0039855485 	-0.016670837 	 0.025171952 	252.00392 	-3411.7157 	 -0.1447635 	2.2393024e-05 	-1.6091822e-06 	 -1.1197725 	-4.8054121e-05 	3.8042535e-07 		-0.05125 9.9214534e-07 3.9502847e-06 1200000 1
-0.05 -755977 	5.0386805 	0.16558788 	 -579065.37 	0.30786085 	-0.56367914 	 7.048161e-08 	0.0043225135 	0.012558183 	 -2.0213737e-08 	0.0033541816 	-0.01691431 	 0.029776495 	-118.38451 	-2712.308 	 -0.15017952 	2.2391144e-05 	-1.6218545e-06 	 -1.1691021 	-4.8599218e-05 	5.4059711e-07 		-0.05 1.021447e-06 3.8875429e-06 1200000 1
-0.04875 -691364.55 	4.9344398 	0.11312521 	 -512720.94 	0.76251333 	-0.41023664 	 7.8021351e-08 	0.0037262794 	0.012356197 	 -2.0364727e-08 	0.0031921916 	-0.016812621 	 0.024637561 	-28.293597 	-2174.2822 	 -0.15403231 	2.2795493e-05 	-1.6055475e-06 	 -1.2089207 	-4.996837e-05 	4.3939705e-07 		-0.04875 1.044995e-06 3.8368682e-06 1200000 1
-0.0475 -601849.23 	5.346565 	0.10790011 	 -445812.9 	0.24278419 	-0.58539352 	 7.4927527e-08 	0.0032497569 	0.011440502 	 -2.4948797e-08 	0.0025542554 	-0.017055187 	 0.02952029 	-324.78252 	-1658.7476 	 -0.15860722 	2.2645238e-05 	-1.6287786e-06 	 -1.256496 	-5.0523944e-05 	6.2264809e-07 		-0.0475 1.0758756e-06 3.7678782e-06 1200000 1
-0.04625 -542090.81 	5.1262961 	0.085442629 	 -395043.04 	1.3303568 	-0.34176231 	 8.5053944e-08 	0.002523079 	0.011446023 	 -2.2407771e-08 	0.0024516206 	-0.016887234 	 0.018743196 	-225.69736 	-1238.718 	 -0.16121885 	2.3164024e-05 	-1.6371287e-06 	 -1.2910167 	-5.2398874e-05 	4.4764939e-07 		-0.04625 1.0978307e-06 3.7187257e-06 1200000 1
-0.045 -459762.34 	5.3917918 	0.056166103 	 -336618.67 	0.98532825 	-0.39518019 	 8.306407e-08 	0.0021116519 	0.010743564 	 -2.6816116e-08 	0.001961948 	-0.017049353 	 0.021409866 	-373.60169 	-913.52203 	 -0.16486228 	2.3100175e-05 	-1.6415295e-06 	 -1.3346091 	-5.3089049e-05 	5.3174467e-07 		-0.045 1.1283438e-06 3.6489009e-06 1200000 1
-0.04375 -397482.46 	5.0722571 	0.029401834 	 -293681.75 	2.1929983 	-0.1126132 	 9.1355034e-08 	0.0014303749 	0.010735115 	 -2.5168669e-08 	0.0017902088 	-0.016911845 	 0.0089340072 	-344.55006 	-620.91547 	 -0.16704645 	2.3638001e-05 	-1.6459967e-06 	 -1.3682166 	-5.5061379e-05 	3.2897284e-07 		-0.04375 1.1515589e-06 3.5957407e-06 1200000 1
-0.0425 -321962.03 	5.1337081 	0.033523754 	 -242843.48 	1.7860607 	-0.21169357 	 9.1158885e-08 	0.00098610359 	0.010273278 	 -2.9814606e-08 	0.0014047571 	-0.016979408 	 0.011598529 	-388.29057 	-419.96813 	 -0.1700826 	2.3751006e-05 	-1.6815477e-06 	 -1.4083448 	-5.5687965e-05 	4.5164809e-07 		-0.0425 1.1811151e-06 3.5260659e-06 1200000 1
-0.04125 -255225.83 	4.7514221 	0.06704593 	 -203786.82 	2.2480741 	-0.19882291 	 9.6468346e-08 	0.00034509276 	0.010149523 	 -3.2198543e-08 	0.0011425958 	-0.016908562 	 0.005369414 	-421.07909 	-245.6334 	 -0.17232256 	2.4269366e-05 	-1.7405378e-06 	 -1.4429888 	-5.7020385e-05 	4.7816842e-07 		-0.04125 1.2066381e-06 3.4651347e-06 1200000 1
-0.04 -187740.39 	4.7201836 	0.029338678 	 -161427.82 	2.3513716 	-0.21944344 	 9.9941547e-08 	-0.000206171 	0.0099883467 	 -3.5086822e-08 	0.00086973139 	-0.016875293 	 0.0039377378 	-414.51948 	-130.67561 	 -0.1748333 	2.4554462e-05 	-1.7413401e-06 	 -1.4788901 	-5.8056899e-05 	5.3369308e-07 		-0.04 1.2340119e-06 3.4004356e-06 1200000 1
-0.03875 -117003.35 	5.0013309 	-0.07560848 	 -122271.11 	2.0824285 	-0.2714678 	 1.0135437e-07 	-0.00067182368 	0.0097791513 	 -3.8550345e-08 	0.00056898868 	-0.016884609 	 0.007237653 	-453.72606 	-83.063041 	 -0.17755005 	2.4621586e-05 	-1.6880687e-06 	 -1.5154131 	-5.8803687e-05 	6.1960807e-07 		-0.03875 1.2627576e-06 3.3333259e-06 1200000 1
-0.0375 -56516.683 	4.8647209 	-0.1271292 	 -87193.486 	3.1862153 	-0.15778451 	 1.0850611e-07 	-0.0013810011 	0.0098978856 	 -3.8530904e-08 	0.00035260938 	-0.016761166 	 -0.0024450331 	-449.47705 	-50.765477 	 -0.17969799 	2.5094263e-05 	-1.6765798e-06 	 -1.5475384 	-6.066349e-05 	5.6046237e-07 		-0.0375 1.2875526e-06 3.2745109e-06 1200000 1
-0.03625 19278.879 	5.6130535 	-0.17145672 	 -44718.101 	2.9016599 	-0.30690504 	 1.0637683e-07 	-0.0016785532 	0.0095930289 	 -4.1987375e-08 	2.6571617e-05 	-0.016856296 	 0.0030814782 	-460.97388 	-105.2093 	 -0.18352601 	2.474203e-05 	-1.6780118e-06 	 -1.5874743 	-6.1382891e-05 	7.3179642e-07 		-0.03625 1.3187449e-06 3.197024e-06 1200000 1
-0.035 75660.006 	5.2807618 	-0.13061901 	 -16345.208 	5.3347672 	-0.071266073 	 1.1670041e-07 	-0.0025605992 	0.0098969606 	 -3.8330792e-08 	-0.00017719715 	-0.016680359 	 -0.018179065 	-512.6369 	-169.04905 	 -0.1856351 	2.542471e-05 	-1.7427691e-06 	 -1.6172013 	-6.4308562e-05 	5.6823735e-07 		-0.035 1.3410575e-06 3.1415464e-06 1200000 1
-0.03375 154905.9 	6.1372888 	-0.25880581 	 32257.245 	4.2716011 	-0.024783607 	 1.12384e-07 	-0.0026527083 	0.0095904174 	 -4.4472414e-08 	-0.00047880786 	-0.016831176 	 -0.005823571 	-462.51598 	-293.31352 	 -0.1909478 	2.4921257e-05 	-1.6794702e-06 	 -1.6607223 	-6.438149e-05 	5.7852532e-07 		-0.03375 1.3746568e-06 3.0549869e-06 1200000 1
-0.0325 208719.44 	5.3659406 	-0.22518024 	 55314.768 	7.7183584 	0.47271977 	 1.2474456e-07 	-0.0036671541 	0.010061474 	 -3.917234e-08 	-0.00070284674 	-0.016599541 	 -0.037188145 	-594.44719 	-475.28316 	 -0.19320871 	2.598596e-05 	-1.7376511e-06 	 -1.6889203 	-6.8132721e-05 	1.9408939e-07 		-0.0325 1.3951592e-06 3.0022833e-06 1200000 1
-0.03125 286255.03 	5.8367318 	-0.24731424 	 105674.84 	6.3640193 	0.12118516 	 1.2192713e-07 	-0.0038015031 	0.0099587045 	 -4.5939232e-08 	-0.0009909157 	-0.016687416 	 -0.023669643 	-540.33786 	-672.84013 	 -0.19977885 	2.5820825e-05 	-1.7740059e-06 	 -1.733253 	-6.7938755e-05 	5.3210622e-07 		-0.03125 1.4279139e-06 2.9149648e-06 1200000 1
-0.03 345105.04 	4.8242414 	-0.11756315 	 132717.12 	9.0429711 	0.060371716 	 1.3260264e-07 	-0.004725057 	0.010382236 	 -4.4070534e-08 	-0.0012789482 	-0.016487422 	 -0.049620214 	-702.53146 	-972.861 	 -0.20349135 	2.7043746e-05 	-1.9246684e-06 	 -1.764966 	-7.1022032e-05 	6.131979e-07 		-0.03 1.4501315e-06 2.8550943e-06 1200000 1
-0.02875 419038.97 	5.3810657 	-0.24964629 	 184285.87 	8.1547686 	-0.12841981 	 1.3280733e-07 	-0.0050038759 	0.010515178 	 -4.8521122e-08 	-0.0015535528 	-0.016496368 	 -0.038889028 	-686.19359 	-1259.7817 	 -0.21115306 	2.6927787e-05 	-1.8699411e-06 	 -1.8090101 	-7.1187221e-05 	8.0837094e-07 		-0.02875 1.4814571e-06 2.7726103e-06 1200000 1
-0.0275 485010.85 	5.3233946 	-0.36709725 	 222171.94 	9.2909062 	-0.031906424 	 1.3896456e-07 	-0.0056833442 	0.010890965 	 -4.8408418e-08 	-0.0018572272 	-0.016363449 	 -0.047476021 	-832.66728 	-1657.6272 	 -0.21737952 	2.7433082e-05 	-1.8216749e-06 	 -1.8466626 	-7.3015169e-05 	7.592072e-07 		-0.0275 1.5077266e-06 2.7049e-06 1200000 1
-0.02625 554365.47 	5.6011675 	-0.44302334 	 271597.89 	10.313209 	-0.025504073 	 1.4335697e-07 	-0.0062137788 	0.011264463 	 -4.8866476e-08 	-0.0021610614 	-0.016263436 	 -0.052808113 	-922.77804 	-2081.2337 	 -0.22569295 	2.7633214e-05 	-1.8113253e-06 	 -1.888994 	-7.472613e-05 	7.8267971e-07 		-0.02625 1.5356826e-06 2.6297742e-06 1200000 1
-0.025 629013.19 	6.2079728 	-0.46865444 	 325728.66 	11.276285 	-0.098487398 	 1.4596822e-07 	-0.0066038925 	0.011609 	 -4.9648252e-08 	-0.0024737506 	-0.016199747 	 -0.055549026 	-1027.5622 	-2549.782 	 -0.23569312 	2.7544806e-05 	-1.8488687e-06 	 -1.9348739 	-7.6376357e-05 	8.7384009e-07 		-0.025 1.5648217e-06 2.5490553e-06 1200000 1
-0.02375 693013.95 	5.8605636 	-0.42421601 	 371127.88 	14.679374 	0.18905608 	 1.554185e-07 	-0.0074562307 	0.012186363 	 -4.5605587e-08 	-0.0028490475 	-0.015976538 	 -0.082320697 	-1271.3974 	-3175.2129 	 -0.24421922 	2.8331051e-05 	-1.932763e-06 	 -1.974676 	-7.9995523e-05 	6.5131807e-07 		-0.02375 1.5887547e-06 2.4823094e-06 1200000 1
-0.0225 777072.45 	6.7970046 	-0.67010173 	 447669.69 	13.588871 	0.41841778 	 1.5487756e-07 	-0.007503232 	0.012588807 	 -5.0402205e-08 	-0.0031246665 	-0.015942966 	 -0.065399049 	-1346.1345 	-3672.0314 	 -0.2593255 	2.7920348e-05 	-1.7992252e-06 	 -2.0309079 	-7.9923457e-05 	4.8669024e-07 		-0.0225 1.6221068e-06 2.3864676e-06 1200000 1
-0.02125 838218.28 	5.665827 	-0.61637478 	 490989.76 	18.502066 	0.96924006 	 1.6694082e-07 	-0.0085832196 	0.013314772 	 -4.3512318e-08 	-0.0035772865 	-0.015603436 	 -0.10749319 	-1768.476 	-4537.3378 	 -0.26849362 	2.9421011e-05 	-1.8863177e-06 	 -2.0696333 	-8.4744148e-05 	3.2778573e-08 		-0.02125 1.6434959e-06 2.3254147e-06 1200000 1
-0.02 930529.89 	6.6652939 	-0.80138339 	 593302.95 	14.899418 	-0.22137539 	 1.6317162e-07 	-0.0082696441 	0.013880394 	 -5.172571e-08 	-0.0038174923 	-0.015506209 	 -0.070795397 	-1901.4446 	-5021.8656 	 -0.2897171 	2.8933346e-05 	-1.8360674e-06 	 -2.1370034 	-8.2549778e-05 	1.0395848e-06 		-0.02 1.6806191e-06 2.2162811e-06 1200000 1
-0.01875 989433.5 	4.5473363 	-0.52632769 	 636991.1 	20.869723 	-0.55336243 	 1.7786629e-07 	-0.0095259166 	0.014718038 	 -4.1680258e-08 	-0.0043897042 	-0.015036437 	 -0.12712677 	-2516.7248 	-6165.6273 	 -0.29981278 	3.1321134e-05 	-2.1196419e-06 	 -2.1751861 	-8.8162579e-05 	1.3050981e-06 		-0.01875 1.6998812e-06 2.1606795e-06 1200000 1
-0.0175 1077343.7 	5.7866975 	-0.87481109 	 752788.41 	17.961529 	-1.6398739 	 1.7765309e-07 	-0.0093595232 	0.015554286 	 -4.5345473e-08 	-0.0046827065 	-0.014716612 	 -0.092923004 	-2902.8412 	-6833.6852 	 -0.32442166 	3.0758375e-05 	-1.9202274e-06 	 -2.2455103 	-8.6489236e-05 	2.1986857e-06 		-0.0175 1.736409e-06 2.0569641e-06 1200000 1
-0.01625 1141938.1 	4.6626868 	-0.80946636 	 815516.61 	21.919486 	-1.8166832 	 1.8900073e-07 	-0.010345205 	0.016453839 	 -3.3723062e-08 	-0.0052377719 	-0.014182462 	 -0.1256336 	-3641.0183 	-8084.8598 	 -0.33899508 	3.238884e-05 	-2.0378199e-06 	 -2.2912285 	-9.0444235e-05 	2.3210863e-06 		-0.01625 1.7593124e-06 1.996668e-06 1200000 1
-0.015 1223258.7 	5.7908715 	-1.0833726 	 940977.29 	21.033642 	-2.5121046 	 1.9186649e-07 	-0.010374205 	0.017521341 	 -2.9898162e-08 	-0.0055648564 	-0.013611771 	 -0.10284715 	-4394.0866 	-8977.686 	 -0.36634297 	3.1950128e-05 	-1.8782197e-06 	 -2.3626735 	-9.0349366e-05 	2.857156e-06 		-0.015 1.7932779e-06 1.8979857e-06 1200000 1
-0.01375 1293152.8 	5.8915982 	-1.1189711 	 1038897.4 	23.373895 	-2.4186609 	 2.0042534e-07 	-0.010965584 	0.018592779 	 -1.7247955e-08 	-0.0060181381 	-0.012944015 	 -0.10833425 	-5353.7811 	-10243.799 	 -0.3885678 	3.2463282e-05 	-1.9084645e-06 	 -2.4211623 	-9.2861926e-05 	2.7259546e-06 		-0.01375 1.8199336e-06 1.8221531e-06 1200000 1
-0.0125 1363475.2 	5.9488037 	-0.79723845 	 1164336 	23.794473 	-4.3780645 	 2.0764343e-07 	-0.011321732 	0.019881481 	 -2.6308572e-09 	-0.0064520146 	-0.012082853 	 -0.10365458 	-6623.0567 	-11489.746 	 -0.41666022 	3.2925004e-05 	-2.2145517e-06 	 -2.4892904 	-9.3732872e-05 	4.2834302e-06 		-0.0125 1.8493547e-06 1.7357214e-06 1200000 1
-0.01125 1435252.3 	6.0517188 	-0.17898574 	 1311379.6 	21.875713 	-8.0867781 	 2.1239863e-07 	-0.011437218 	0.021312327 	 1.2773307e-08 	-0.006841441 	-0.011078546 	 -0.085353798 	-8146.0241 	-12705.485 	 -0.44935793 	3.3287232e-05 	-2.765257e-06 	 -2.5645743 	-9.2626499e-05 	7.2745497e-06 		-0.01125 1.880778e-06 1.6421079e-06 1200000 1
-0.01 1305008.9 	5.323973 	0.45596078 	 1213803.1 	19.75479 	-8.1022131 	 2.2003556e-07 	-0.011907579 	0.022535259 	 3.0822195e-08 	-0.0071708426 	-0.010129061 	 -0.068735298 	-8215.8341 	-12213.343 	 -0.48046443 	2.6702679e-05 	-4.4486224e-06 	 -2.6350485 	-9.355674e-05 	4.3004539e-06 		-0.01 1.9063783e-06 1.5330795e-06 1055820.5 1
-0.00875 748338.75 	6.6405531 	0.6792525 	 736270.61 	9.7149114 	-3.8710039 	 2.2094342e-07 	-0.011025579 	0.023829422 	 3.5828381e-08 	-0.0070171266 	-0.0092098074 	 0.019694445 	-4826.1841 	-6741.795 	 -0.53643921 	3.0770871e-07 	-8.5747147e-06 	 -2.7552791 	-8.7461269e-05 	-1.0229501e-05 		-0.00875 1.9457703e-06 1.2882241e-06 594885.96 1
-0.0075 247811.07 	6.1466445 	0.88430253 	 266134.21 	4.4403894 	1.1096983 	 2.2781004e-07 	-0.011346391 	0.02455557 	 4.516724e-08 	-0.0069511812 	-0.0085647188 	 0.063702035 	-1667.4816 	-2390.9143 	 -0.56722323 	-1.8365997e-05 	-1.0979996e-05 	 -2.8214882 	-0.0001004785 	-1.8605798e-05 		-0.0075 1.964786e-06 1.1462056e-06 195602.13 1
-0.00625 136946.77 	7.1529014 	1.1741058 	 162777.65 	2.4463859 	1.6545025 	 2.2730735e-07 	-0.010576652 	0.025355033 	 4.8097723e-08 	-0.006738781 	-0.0079736236 	 0.093392575 	-1091.0053 	-1274.0289 	 -0.58218463 	-3.1699999e-05 	-1.4216167e-05 	 -2.8572653 	-0.00010036963 	-1.6536202e-05 		-0.00625 1.95128e-06 9.7031798e-07 100000 1
-0.005 137351.95 	8.0791625 	1.3785213 	 171387.7 	3.4804024 	0.73890735 	 2.2795823e-07 	-0.0099997312 	0.025978185 	 5.0926067e-08 	-0.0064948771 	-0.0074947714 	 0.10216029 	-1145.2897 	-1244.549 	 -0.58489488 	-4.0516736e-05 	-1.6112052e-05 	 -2.8677967 	-0.00011102927 	-7.5499002e-06 		-0.005 1.9240572e-06 8.2552161e-07 100000 1
-0.00375 136877.21 	8.6656649 	1.2873205 	 175555.22 	6.3694035 	-0.56221493 	 2.3275983e-07 	-0.010027628 	0.026347391 	 5.5623802e-08 	-0.0062499815 	-0.0071496056 	 0.09645993 	-1176.2276 	-1240.3385 	 -0.57849851 	-4.5966807e-05 	-1.5106217e-05 	 -2.8571119 	-0.00014023071 	5.3322841e-06 		-0.00375 1.8914827e-06 7.3604857e-07 100000 1
-0.0025 135541.55 	9.7951252 	1.4127983 	 182112.15 	5.1591431 	-0.68991926 	 2.2791442e-07 	-0.0089568089 	0.026930134 	 5.6255931e-08 	-0.0059410349 	-0.0066889085 	 0.11870136 	-1217.4561 	-1152.153 	 -0.56968365 	-5.6867328e-05 	-1.6204699e-05 	 -2.8299071 	-0.00012825621 	6.4282315e-06 		-0.0025 1.8291539e-06 5.9005254e-07 100000 1
-0.00125 133984.21 	10.954692 	1.204114 	 186018.03 	4.7602047 	-0.61542531 	 2.2917075e-07 	-0.0084982456 	0.027298759 	 6.0052153e-08 	-0.0056665365 	-0.0063446586 	 0.13776456 	-1239.6412 	-1101.0255 	 -0.55790157 	-6.8092637e-05 	-1.3999819e-05 	 -2.7976191 	-0.00012444614 	5.5359011e-06 		-0.00125 1.7722719e-06 4.8611791e-07 100000 1
5.2475385e-17 132336.48 	12.015955 	0.91291262 	 188351.92 	4.8839728 	-0.51259693 	 2.3248715e-07 	-0.0083090526 	0.027552511 	 6.4708067e-08 	-0.0054197898 	-0.0060639849 	 0.15325803 	-1251.955 	-1066.8872 	 -0.54424164 	-7.8367115e-05 	-1.0994347e-05 	 -2.7599145 	-0.00012586415 	4.385503e-06 		5.2475385e-17 1.7143287e-06 3.9765986e-07 100000 1
0.00125 129354.01 	12.623742 	1.1394984 	 191732.15 	4.0929092 	-0.51346615 	 2.2256214e-07 	-0.0072526531 	0.027908268 	 6.2797957e-08 	-0.00510643 	-0.0057216003 	 0.1669164 	-1256.5373 	-964.74541 	 -0.52458636 	-8.4123938e-05 	-1.31237e-05 	 -2.6937952 	-0.00011789271 	4.2314289e-06 		0.00125 1.6165157e-06 2.5107942e-07 100000 1
0.0025 127126.22 	13.516666 	0.9450434 	 192899.82 	4.4751766 	-0.38777968 	 2.2691878e-07 	-0.0072029267 	0.028054998 	 6.7076342e-08 	-0.0049249422 	-0.0055008045 	 0.1796945 	-1252.4603 	-939.07947 	 -0.50780683 	-9.274511e-05 	-1.1092941e-05 	 -2.6426682 	-0.00012183466 	2.8651423e-06 		0.0025 1.5463711e-06 1.6308163e-07 100000 1
0.00375 124534.45 	14.238798 	0.83975721 	 193593.36 	4.6215373 	-0.30214557 	 2.2684382e-07 	-0.0069412849 	0.028218711 	 6.8876987e-08 	-0.0047086391 	-0.0052805293 	 0.19091913 	-1245.3334 	-895.10354 	 -0.48858653 	-9.9705166e-05 	-9.9577811e-06 	 -2.5797326 	-0.00012332038 	1.9077709e-06 		0.00375 1.4615765e-06 5.9484535e-08 100000 1
0.005 120602.88 	14.533594 	1.0169857 	 194295.32 	4.0670015 	-0.33840657 	 2.1296486e-07 	-0.0059436894 	0.0284468 	 6.3962597e-08 	-0.0043688938 	-0.0050323475 	 0.1985311 	-1225.63 	-789.85932 	 -0.46276817 	-0.0001024583 	-1.1633898e-05 	 -2.4866729 	-0.00011752883 	2.1592484e-06 		0.005 1.3370543e-06 -9.3000787e-08 100000 1
0.00625 118185.45 	15.394545 	0.71844928 	 193624.72 	4.6337739 	-0.18064329 	 2.211466e-07 	-0.0062395213 	0.028553361 	 6.8344335e-08 	-0.0042347845 	-0.0048662625 	 0.21043076 	-1215.6449 	-785.44607 	 -0.44440466 	-0.00011083076 	-8.5949473e-06 	 -2.4263545 	-0.00012329086 	5.1603724e-07 		0.00625 1.2601224e-06 -1.7247108e-07 100000 1
0.0075 114742.73 	15.791666 	0.68805772 	 192672.85 	4.6367272 	-0.20706303 	 2.1576252e-07 	-0.0057998117 	0.028689513 	 6.6677942e-08 	-0.0040018673 	-0.0046939667 	 0.21727025 	-1193.0789 	-725.92407 	 -0.42007621 	-0.00011461206 	-8.2291007e-06 	 -2.3375758 	-0.00012317105 	7.1173489e-07 		0.0075 1.145338e-06 -2.969951e-07 100000 1
0.00875 110757.46 	16.007248 	0.73274565 	 191389.69 	4.5051438 	-0.31457782 	 2.0596609e-07 	-0.005139671 	0.028821667 	 6.2932951e-08 	-0.0037428036 	-0.0045322173 	 0.22174789 	-1161.6696 	-649.99462 	 -0.393015 	-0.00011659585 	-8.6167953e-06 	 -2.2356012 	-0.00012160219 	1.7247407e-06 		0.00875 1.0138395e-06 -4.3763582e-07 100000 1
0.01 108094.5 	16.728355 	0.51811048 	 189907.97 	5.0811398 	-0.23825127 	 2.1343705e-07 	-0.0054234585 	0.028890303 	 6.7168525e-08 	-0.0036604157 	-0.004409818 	 0.23157205 	-1142.2922 	-647.38015 	 -0.37332822 	-0.0001235776 	-6.4286894e-06 	 -2.1652155 	-0.00012738619 	9.1823849e-07 		0.01 9.2515914e-07 -5.2255364e-07 100000 1
0.01125 104145.86 	16.790917 	0.52629422 	 187698.27 	5.0335956 	-0.34541663 	 2.0385325e-07 	-0.0048448299 	0.028977867 	 6.3737107e-08 	-0.0034166792 	-0.0042935043 	 0.23325661 	-1105.3933 	-580.6297 	 -0.3459841 	-0.00012411985 	-6.4710031e-06 	 -2.057999 	-0.00012655771 	1.9597794e-06 		0.01125 7.8581701e-07 -6.6778422e-07 100000 1
0.0125 100400.26 	16.956765 	0.48244324 	 185427.52 	5.149164 	-0.40943065 	 1.9836815e-07 	-0.0044733656 	0.029051914 	 6.2380917e-08 	-0.0032153703 	-0.0041853165 	 0.23602942 	-1069.7793 	-529.48053 	 -0.32010689 	-0.00012569262 	-6.0001697e-06 	 -1.9561638 	-0.0001273943 	2.5799809e-06 		0.0125 6.5347544e-07 -8.0312712e-07 100000 1
0.01375 97532.555 	17.472846 	0.31093673 	 183299.13 	5.6490183 	-0.35003631 	 2.0416812e-07 	-0.0046551578 	0.029107737 	 6.6488264e-08 	-0.003130251 	-0.0040818528 	 0.24304976 	-1045.0962 	-520.20131 	 -0.29918827 	-0.00013071643 	-4.2580387e-06 	 -1.8753139 	-0.00013226496 	1.9704576e-06 		0.01375 5.4911381e-07 -9.041453e-07 100000 1
0.015 93464.527 	17.206571 	0.32879178 	 180464.97 	5.4080042 	-0.4645615 	 1.9273065e-07 	-0.0040462833 	0.029165325 	 6.2211415e-08 	-0.0029033066 	-0.0040101439 	 0.24011926 	-1000.7331 	-458.1285 	 -0.27119577 	-0.00012809583 	-4.4143555e-06 	 -1.7595383 	-0.00012931616 	3.1183859e-06 		0.015 3.9575864e-07 -1.062804e-06 100000 1
0.01625 90168.022 	17.303982 	0.26399612 	 177997.58 	5.5401841 	-0.44546849 	 1.9215802e-07 	-0.0039466044 	0.029213763 	 6.3699072e-08 	-0.0027862694 	-0.0039332569 	 0.24182153 	-966.68545 	-431.94658 	 -0.24796686 	-0.00012902739 	-3.7462373e-06 	 -1.6643944 	-0.00013030185 	2.9304101e-06 		0.01625 2.7014758e-07 -1.1882941e-06 100000 1
0.0175 87282.295 	17.508036 	0.17573414 	 175680.81 	5.7843535 	-0.37803069 	 1.9544982e-07 	-0.0040462815 	0.029260503 	 6.7127391e-08 	-0.002714141 	-0.0038573206 	 0.24489804 	-937.92121 	-420.66405 	 -0.2270242 	-0.00013101402 	-2.8438269e-06 	 -1.5782896 	-0.00013247436 	2.2592142e-06 		0.0175 1.5591567e-07 -1.3007157e-06 100000 1
0.01875 83310.917 	16.971902 	0.2307257 	 172848.9 	5.3420462 	-0.50900607 	 1.8077247e-07 	-0.0034224131 	0.029308401 	 6.0300676e-08 	-0.0024935631 	-0.0038223068 	 0.23831582 	-890.17012 	-364.11638 	 -0.19990779 	-0.0001258488 	-3.3807272e-06 	 -1.4606046 	-0.00012730346 	3.5972143e-06 		0.01875 -4.616787e-09 -1.4683112e-06 100000 1
0.02 80563.592 	17.069869 	0.17294903 	 170670.33 	5.4857019 	-0.4326268 	 1.8446522e-07 	-0.0035756517 	0.029367551 	 6.4050846e-08 	-0.0024430698 	-0.0037486592 	 0.24021732 	-862.83752 	-357.73958 	 -0.18009059 	-0.00012681964 	-2.7876803e-06 	 -1.3761701 	-0.00012840358 	2.8495185e-06 		0.02 -1.1928596e-07 -1.5820447e-06 100000 1
0.02125 77679.429 	16.976119 	0.13585693 	 168462.89 	5.4837017 	-0.41400392 	 1.835583e-07 	-0.0035336266 	0.029417105 	 6.5070599e-08 	-0.002361534 	-0.0036922482 	 0.2393976 	-831.41181 	-341.3873 	 -0.15931883 	-0.00012595037 	-2.4014703e-06 	 -1.2855045 	-0.00012792045 	2.684292e-06 		0.02125 -2.439962e-07 -1.7075337e-06 100000 1
0.0225 74045.817 	16.374185 	0.15493601 	 166028.37 	5.068207 	-0.55973967 	 1.6926876e-07 	-0.0029284518 	0.029446697 	 5.8008221e-08 	-0.0021749718 	-0.0036773034 	 0.23148784 	-784.76394 	-293.97777 	 -0.1342547 	-0.00012020521 	-2.58085e-06 	 -1.1721945 	-0.00012291806 	4.1828051e-06 		0.0225 -4.0258715e-07 -1.8725074e-06 100000 1
0.02375 71801.209 	16.540294 	0.076983425 	 164320.33 	5.3532588 	-0.43118278 	 1.7763944e-07 	-0.0032690297 	0.029499046 	 6.4884735e-08 	-0.0021872732 	-0.0036039368 	 0.23403836 	-762.80738 	-301.6863 	 -0.11763734 	-0.0001218773 	-1.7859991e-06 	 -1.0986653 	-0.00012543507 	2.9188679e-06 		0.02375 -5.0472209e-07 -1.9705909e-06 100000 1
0.025 69015.856 	16.217594 	0.06281608 	 162635.85 	5.2437161 	-0.4562563 	 1.7205868e-07 	-0.0030642081 	0.029535418 	 6.3223564e-08 	-0.002093084 	-0.0035734473 	 0.22982657 	-728.50614 	-280.66454 	 -0.097740742 	-0.00011884541 	-1.6281554e-06 	 -1.0072021 	-0.00012366708 	3.2028083e-06 		0.025 -6.3646518e-07 -2.1082495e-06 100000 1
0.02625 66081.952 	15.722123 	0.070835246 	 161145.89 	5.0159534 	-0.52763125 	 1.6175474e-07 	-0.0026870804 	0.029566095 	 5.8708826e-08 	-0.0019674497 	-0.0035593874 	 0.22318632 	-689.9551 	-251.47448 	 -0.077166805 	-0.00011416697 	-1.6917405e-06 	 -0.91092182 	-0.00012056247 	3.957593e-06 		0.02625 -7.7784209e-07 -2.2601075e-06 100000 1
0.0275 64080.06 	15.76885 	0.021319276 	 160039.25 	5.2823754 	-0.39442599 	 1.6823988e-07 	-0.0029950132 	0.029622385 	 6.4248e-08 	-0.0019910196 	-0.0034877434 	 0.22404044 	-669.95826 	-259.34256 	 -0.062169324 	-0.00011472326 	-1.1790555e-06 	 -0.84157854 	-0.00012278521 	2.6520622e-06 		0.0275 -8.7963758e-07 -2.3642872e-06 100000 1
0.02875 61544.997 	15.260971 	0.022662849 	 159336.44 	4.9927125 	-0.44134548 	 1.5940917e-07 	-0.0026782827 	0.029660383 	 6.0443217e-08 	-0.0018909482 	-0.0034751908 	 0.21733741 	-635.77269 	-237.06217 	 -0.044106111 	-0.00010997787 	-1.1737239e-06 	 -0.75504142 	-0.0001190273 	3.161783e-06 		0.02875 -1.0120499e-06 -2.5094602e-06 100000 1
0.03 59232.7 	14.839479 	0.014395175 	 158881.82 	4.7740956 	-0.44719952 	 1.5404941e-07 	-0.002505397 	0.029706346 	 5.8757982e-08 	-0.00182445 	-0.0034503579 	 0.21187444 	-605.59326 	-222.60921 	 -0.027487928 	-0.00010606886 	-1.0712627e-06 	 -0.67499169 	-0.00011603241 	3.2597088e-06 		0.03 -1.1359456e-06 -2.6451402e-06 100000 1
0.03125 57455.322 	14.708529 	-0.017342298 	 158642.7 	4.8245364 	-0.34353555 	 1.581141e-07 	-0.0027256178 	0.029770422 	 6.2830463e-08 	-0.0018433002 	-0.0033891722 	 0.21047408 	-586.34806 	-228.0464 	 -0.014041521 	-0.00010493925 	-7.3334208e-07 	 -0.61046764 	-0.00011597006 	2.2523935e-06 		0.03125 -1.2367516e-06 -2.7530128e-06 100000 1
0.0325 55277.879 	14.121805 	0.0095406385 	 159282.92 	4.4373074 	-0.38821023 	 1.4716634e-07 	-0.0023760616 	0.029820604 	 5.7233949e-08 	-0.0017488391 	-0.0033864444 	 0.20277824 	-554.40846 	-208.22575 	 0.0014250802 	-9.9524209e-05 	-9.7850319e-07 	 -0.53439625 	-0.00011108951 	2.7414306e-06 		0.0325 -1.3624779e-06 -2.8958135e-06 100000 1
0.03375 53534.92 	13.772261 	0.016806895 	 159976.02 	4.267161 	-0.34013456 	 1.4535499e-07 	-0.0023866934 	0.029893078 	 5.755855e-08 	-0.0017370987 	-0.0033433391 	 0.19849427 	-532.66157 	-205.79282 	 0.014421382 	-9.6345953e-05 	-1.0265618e-06 	 -0.47054241 	-0.00010860715 	2.2947515e-06 		0.03375 -1.4692049e-06 -3.0153289e-06 100000 1
0.035 52028.695 	13.516079 	0.010868125 	 160897.33 	4.1881568 	-0.26522073 	 1.4696823e-07 	-0.0025257355 	0.029971335 	 6.0077516e-08 	-0.0017571343 	-0.0032855878 	 0.19548866 	-515.34285 	-210.08966 	 0.026024076 	-9.40512e-05 	-9.4281005e-07 	 -0.41360309 	-0.000107134 	1.575022e-06 		0.035 -1.5664259e-06 -3.1238437e-06 100000 1
0.03625 50212.31 	12.921972 	0.024983509 	 163047.48 	3.8299257 	-0.33214593 	 1.352311e-07 	-0.0021267396 	0.030016772 	 5.3789084e-08 	-0.0016654086 	-0.0032875965 	 0.18744736 	-485.52623 	-191.73018 	 0.039022485 	-8.8639917e-05 	-1.0567286e-06 	 -0.34923979 	-0.00010244499 	2.286073e-06 		0.03625 -1.6836694e-06 -3.2608831e-06 100000 1
0.0375 48923.977 	12.662198 	0.0023542936 	 164768.3 	3.7790208 	-0.27839156 	 1.3742958e-07 	-0.0022821676 	0.030095473 	 5.6663489e-08 	-0.0016984196 	-0.0032245821 	 0.18424809 	-470.52374 	-198.3316 	 0.049180478 	-8.6359091e-05 	-8.0414465e-07 	 -0.29924665 	-0.00010119134 	1.7779512e-06 		0.0375 -1.7750417e-06 -3.364356e-06 100000 1
0.03875 47651.131 	12.322094 	-0.0041694879 	 167185.89 	3.6638647 	-0.25131681 	 1.3582002e-07 	-0.0022996278 	0.030170385 	 5.7041292e-08 	-0.0017048534 	-0.0031769431 	 0.17987053 	-453.25642 	-199.89388 	 0.059017937 	-8.3329632e-05 	-7.1176769e-07 	 -0.25136852 	-9.9207491e-05 	1.5370275e-06 		0.03875 -1.8683043e-06 -3.4736999e-06 100000 1
0.04 46223.864 	11.753062 	0.026689856 	 170982.04 	3.3625683 	-0.30145441 	 1.2368113e-07 	-0.0019184073 	0.030228244 	 5.0638318e-08 	-0.0016237583 	-0.0031770119 	 0.17212837 	-427.05215 	-185.20222 	 0.069286156 	-7.8186697e-05 	-9.887479e-07 	 -0.20220978 	-9.5051407e-05 	2.0747072e-06 		0.04 -1.9737171e-06 -3.6042929e-06 100000 1
0.04125 45344.973 	11.535101 	0.012309865 	 173857.17 	3.3807529 	-0.2205836 	 1.2803409e-07 	-0.0021974357 	0.030328982 	 5.4735647e-08 	-0.0017055544 	-0.0030904739 	 0.16955912 	-419.02163 	-200.35303 	 0.076940684 	-7.6317256e-05 	-8.1647819e-07 	 -0.16585655 	-9.4521849e-05 	1.2894461e-06 		0.04125 -2.0522772e-06 -3.6981911e-06 100000 1
0.0425 44330.592 	11.111433 	0.022103578 	 178217.7 	3.1985909 	-0.20719392 	 1.2302792e-07 	-0.0020961042 	0.030415279 	 5.2739651e-08 	-0.0016949898 	-0.0030505401 	 0.16396798 	-402.37801 	-199.55393 	 0.084758005 	-7.2556961e-05 	-8.853394e-07 	 -0.13074378 	-9.172544e-05 	1.1844862e-06 		0.0425 -2.1392212e-06 -3.8077984e-06 100000 1
0.04375 43333.116 	10.614967 	0.039551881 	 183453.75 	2.9461598 	-0.21247012 	 1.1496957e-07 	-0.0018696521 	0.030501302 	 4.8720592e-08 	-0.001654565 	-0.0030242817 	 0.15731253 	-383.55021 	-193.95211 	 0.092242911 	-6.8142832e-05 	-1.0289658e-06 	 -0.098673128 	-8.8102669e-05 	1.2680701e-06 		0.04375 -2.227388e-06 -3.9218414e-06 100000 1
0.045 42688.876 	10.342121 	0.016827653 	 187790.13 	2.896835 	-0.14623005 	 1.1841376e-07 	-0.0021155104 	0.030620921 	 5.2177214e-08 	-0.0017388971 	-0.0029330626 	 0.1540105 	-378.26079 	-210.40128 	 0.098256091 	-6.5772198e-05 	-7.7280525e-07 	 -0.073272788 	-8.6836254e-05 	6.2717312e-07 		0.045 -2.298636e-06 -4.0116162e-06 100000 1
0.04625 41921.894 	9.8746337 	0.04299329 	 194368.38 	2.6938848 	-0.14961599 	 1.1096178e-07 	-0.0019304045 	0.030723193 	 4.855323e-08 	-0.0017148114 	-0.0028941618 	 0.14770295 	-362.93133 	-208.79481 	 0.10395016 	-6.1665497e-05 	-1.0046216e-06 	 -0.054115318 	-8.3717443e-05 	6.8790316e-07 		0.04625 -2.3757615e-06 -4.1171861e-06 100000 1
0.0475 41289.566 	9.4403635 	0.06291559 	 201157.49 	2.5264356 	-0.14314953 	 1.0575553e-07 	-0.0018364059 	0.030839538 	 4.6540424e-08 	-0.0017226686 	-0.0028379067 	 0.1419111 	-351.57137 	-212.7628 	 0.10902873 	-5.7862649e-05 	-1.1730578e-06 	 -0.038909103 	-8.0993488e-05 	6.4765612e-07 		0.0475 -2.4482354e-06 -4.2177425e-06 100000 1
0.04875 40869.738 	9.115114 	0.054193559 	 207470.95 	2.4485785 	-0.10496329 	 1.0719543e-07 	-0.0019988136 	0.03097833 	 4.9078917e-08 	-0.0018097167 	-0.0027409036 	 0.13779929 	-348.8862 	-230.22386 	 0.11330617 	-5.502608e-05 	-1.0567057e-06 	 -0.02755527 	-7.9369032e-05 	2.8475693e-07 		0.04875 -2.5113992e-06 -4.3050258e-06 100000 1
0.05 40334.776 	8.6566449 	0.079584762 	 216314.92 	2.2894196 	-0.11817539 	 9.9230248e-08 	-0.0017805468 	0.031083171 	 4.4989964e-08 	-0.001774079 	-0.0026919959 	 0.13140144 	-336.13081 	-229.00348 	 0.1169762 	-5.1056839e-05 	-1.2812269e-06 	 -0.02604799 	-7.6640698e-05 	4.4138845e-07 		0.05 -2.5769123e-06 -4.40426e-06 100000 1
0.05125 39989.061 	8.2782221 	0.071407159 	 224630.03 	2.1961543 	-0.11253698 	 9.7175851e-08 	-0.0017949559 	0.031213014 	 4.497408e-08 	-0.0018213913 	-0.0026039234 	 0.1262781 	-332.11479 	-241.83466 	 0.12013307 	-4.779546e-05 	-1.17064e-06 	 -0.026497626 	-7.4718693e-05 	4.051724e-07 		0.05125 -2.6358139e-06 -4.4930386e-06 100000 1
0.0525 39727.406 	7.9321557 	0.054224772 	 233093.57 	2.1269358 	-0.097132486 	 9.7122921e-08 	-0.0018946548 	0.031356749 	 4.6366857e-08 	-0.0019003693 	-0.0024984638 	 0.12166611 	-331.98261 	-260.51245 	 0.12277015 	-4.4813574e-05 	-9.7132547e-07 	 -0.030873327 	-7.3113799e-05 	2.6892538e-07 		0.0525 -2.6899839e-06 -4.5766641e-06 100000 1
0.05375 39372.174 	7.4814518 	0.097109491 	 244480.12 	1.9896125 	-0.096923112 	 8.8190072e-08 	-0.0016659628 	0.031483083 	 4.1812255e-08 	-0.0018515999 	-0.0024324446 	 0.11530122 	-323.39387 	-260.21653 	 0.12441099 	-4.0937165e-05 	-1.3707727e-06 	 -0.049675552 	-7.0575398e-05 	2.877283e-07 		0.05375 -2.7432476e-06 -4.6708026e-06 100000 1
0.055 39269.704 	7.1273647 	0.084545543 	 254574.87 	1.9276759 	-0.077263315 	 8.7628041e-08 	-0.0017675903 	0.031649909 	 4.2916874e-08 	-0.0019486187 	-0.002309746 	 0.11054306 	-328.17623 	-284.02818 	 0.12582172 	-3.7896751e-05 	-1.2173859e-06 	 -0.06665788 	-6.9011997e-05 	1.0671026e-07 		0.055 -2.7903913e-06 -4.7520161e-06 100000 1
0.05625 39131.281 	6.7512371 	0.084573108 	 265867.17 	1.8420885 	-0.058051479 	 8.5139023e-08 	-0.0017878312 	0.031817847 	 4.2527071e-08 	-0.0020062449 	-0.0021911042 	 0.10538592 	-331.95854 	-302.67472 	 0.12661245 	-3.4670989e-05 	-1.1917297e-06 	 -0.091541558 	-6.7174785e-05 	-6.8986525e-08 		0.05625 -2.8340722e-06 -4.8329683e-06 100000 1
0.0575 38888.707 	6.3063146 	0.1282591 	 279682.71 	1.6999533 	-0.039330211 	 7.6853953e-08 	-0.0015761222 	0.031973192 	 3.7894805e-08 	-0.0019446345 	-0.0020955823 	 0.099033118 	-330.05786 	-303.33812 	 0.1264547 	-3.0874808e-05 	-1.6025038e-06 	 -0.1304157 	-6.4589455e-05 	-2.3682264e-07 		0.0575 -2.8745001e-06 -4.9186053e-06 100000 1
0.05875 38958.811 	5.9571773 	0.091991416 	 291748.98 	1.6331148 	-0.019190875 	 7.7988722e-08 	-0.0017268656 	0.032184551 	 3.9802213e-08 	-0.0020819805 	-0.0019371452 	 0.094322599 	-345.16407 	-338.33344 	 0.12635221 	-2.7872769e-05 	-1.2147282e-06 	 -0.16412563 	-6.3015221e-05 	-4.2505538e-07 		0.05875 -2.9106645e-06 -4.9917478e-06 100000 1
0.06 38846.767 	5.5572056 	0.10253049 	 306289.3 	1.5306001 	-0.0048638128 	 7.3698377e-08 	-0.0016752944 	0.032376801 	 3.8163838e-08 	-0.0020994434 	-0.0017933625 	 0.088624211 	-355.8207 	-354.80045 	 0.12522681 	-2.4452733e-05 	-1.2971602e-06 	 -0.21285306 	-6.0963001e-05 	-5.525592e-07 		0.06 -2.9419022e-06 -5.0675538e-06 100000 1
0.06125 38703.949 	5.1362557 	0.12918474 	 322351.85 	1.4204521 	0.006152807 	 6.7554604e-08 	-0.0015595703 	0.032569835 	 3.5402036e-08 	-0.0020748812 	-0.0016445983 	 0.082498974 	-367.72045 	-365.621 	 0.12339406 	-2.086346e-05 	-1.5407574e-06 	 -0.27152526 	-5.8766598e-05 	-6.4654892e-07 		0.06125 -2.9693449e-06 -5.143708e-06 100000 1
0.0625 38840.463 	4.7655682 	0.096459481 	 337225.92 	1.3371003 	0.010139911 	 6.7913379e-08 	-0.0016512788 	0.032813637 	 3.7387337e-08 	-0.0022166552 	-0.0014561148 	 0.077283645 	-392.68926 	-406.50061 	 0.12169534 	-1.7651007e-05 	-1.1907927e-06 	 -0.32599736 	-5.7023122e-05 	-6.7466122e-07 		0.0625 -2.9950518e-06 -5.2127799e-06 100000 1
0.06375 38660.231 	4.3376816 	0.10831217 	 355208.73 	1.2318711 	0.0052664858 	 6.2976386e-08 	-0.0015617917 	0.033019178 	 3.5271748e-08 	-0.0021800198 	-0.0012678772 	 0.070836568 	-415.97881 	-417.59189 	 0.11862941 	-1.3978728e-05 	-1.2904369e-06 	 -0.40073196 	-5.493041e-05 	-6.1035966e-07 		0.06375 -3.0126343e-06 -5.2820872e-06 100000 1
0.065 38546.756 	3.9060369 	0.10448119 	 373705.28 	1.1258207 	-0.0086341871 	 5.9387219e-08 	-0.0014991435 	0.033241923 	 3.4090177e-08 	-0.0021791253 	-0.001063473 	 0.064285812 	-445.28331 	-436.84715 	 0.11523726 	-1.026005e-05 	-1.2336901e-06 	 -0.47983425 	-5.2842184e-05 	-4.5653978e-07 		0.065 -3.0276423e-06 -5.3492467e-06 100000 1
0.06625 38583.196 	3.4861632 	0.066270001 	 391882.73 	1.0163544 	-0.030470085 	 5.9088561e-08 	-0.00151955 	0.033500622 	 3.5335265e-08 	-0.0022820546 	-0.00083881007 	 0.057939652 	-483.58774 	-476.7623 	 0.11180519 	-6.5969089e-06 	-8.3376292e-07 	 -0.55862105 	-5.0815461e-05 	-2.2570881e-07 		0.06625 -3.0408762e-06 -5.4124102e-06 100000 1
0.0675 38217.835 	3.0150982 	0.065794486 	 413215.77 	0.89243562 	-0.035150149 	 5.4123019e-08 	-0.0014597183 	0.033737152 	 3.3280573e-08 	-0.0021787961 	-0.00058207238 	 0.050470937 	-529.62576 	-477.50855 	 0.10686175 	-2.4777457e-06 	-8.1316953e-07 	 -0.65916634 	-4.8565667e-05 	-1.6461532e-07 		0.0675 -3.0439013e-06 -5.4745235e-06 100000 1
0.06875 38029.064 	2.5404542 	0.044461218 	 434538.6 	0.75694397 	-0.042042116 	 5.1749285e-08 	-0.0014386988 	0.034011283 	 3.3127812e-08 	-0.0021917729 	-0.00031283599 	 0.042939263 	-583.3852 	-503.86929 	 0.10186794 	1.7077185e-06 	-5.8443495e-07 	 -0.76042566 	-4.6248301e-05 	-8.2927455e-08 		0.06875 -3.0454912e-06 -5.5339432e-06 100000 1
0.07 37854.776 	2.0610728 	0.016896121 	 456297.91 	0.61321532 	-0.052900463 	 5.0306227e-08 	-0.0014340535 	0.034299529 	 3.3586787e-08 	-0.0022310402 	-2.1433281e-05 	 0.035230991 	-647.11479 	-535.59314 	 0.096603318 	5.9577479e-06 	-2.9450634e-07 	 -0.86538494 	-4.3891194e-05 	3.7510341e-08 		0.07 -3.0436431e-06 -5.5902479e-06 100000 1
0.07125 37113.937 	1.5447405 	0.0067912418 	 480962.88 	0.46974821 	-0.075182561 	 4.5156197e-08 	-0.0014322651 	0.034547505 	 3.1256484e-08 	-0.0020199476 	0.00036820245 	 0.026506949 	-738.33221 	-510.10249 	 0.089832292 	1.0532355e-05 	-1.8079665e-07 	 -0.99109632 	-4.1480949e-05 	2.7288781e-07 		0.07125 -3.0298522e-06 -5.6427439e-06 100000 1
0.0725 36669.169 	1.0284368 	-0.007181834 	 505440.51 	0.3071928 	-0.091086437 	 4.3351463e-08 	-0.0014059564 	0.034855473 	 3.1229058e-08 	-0.0020035085 	0.00072047409 	 0.017800713 	-826.99423 	-531.14026 	 0.083276444 	1.5136047e-05 	-2.8817253e-08 	 -1.1153735 	-3.8929736e-05 	4.4282837e-07 		0.0725 -3.0157396e-06 -5.6927004e-06 100000 1
0.07375 36128.554 	0.7068368 	-0.015919881 	 523206.14 	0.2275046 	-0.10138238 	 4.1981009e-08 	-0.0013962842 	0.035035508 	 3.1014313e-08 	-0.0019756769 	0.00093833469 	 0.012379134 	-878.3968 	-541.99523 	 0.079306222 	1.7908687e-05 	6.8021057e-08 	 -1.1902896 	-3.740882e-05 	5.5507829e-07 		0.07375 -2.9999155e-06 -5.733158e-06 100000 1
0.075 34670.689 	0.66595503 	-0.019597795 	 532901.24 	0.30257124 	-0.10762129 	 4.00849e-08 	-0.0014418858 	0.034998859 	 2.96867e-08 	-0.0018544576 	0.00097909661 	 0.011690948 	-867.63932 	-518.97028 	 0.079156598 	1.791285e-05 	1.12855e-07 	 -1.190701 	-3.7516e-05 	6.25716e-07 		0.075 -2.9766697e-06 -5.7669977e-06 100000 1
