# z jRe_x jRe_y jRe_z jIm_x jIm_y jIm_z BRe_x BRe_y BRe_z BIm_x BIm_y BIm_z F_x F_y F_z VReGrad_x VReGrad_y VReGrad_z VImGrad_x VImGrad_y VImGrad_z s VRe VIm sigma mur
0.02 418.22874 	-1907988.8 	-122.10551 	 -5622.1975 	-4521153.2 	962.25744 	 -0.010737476 	0.00021175589 	0.040534946 	 -0.013845958 	0.00019327796 	0.0041514846 	 -48084.042 	-3.3216 	-41528.599 	 -0.11000817 	0.19522042 	0.005735464 	 -1.5315355 	-0.32770571 	-0.0024963232 		0.02 -0.0047495211 -0.052816464 1200000 1
0.01875 -694.71409 	-2027225.9 	-78.7424 	 -4321.8542 	-4426158.7 	5894.6691 	 -0.010174829 	0.00025704929 	0.04166038 	 -0.011397596 	0.00017250583 	0.0059039612 	 -55323.445 	-6.0304027 	-35513.473 	 -0.11035648 	0.19553896 	0.0061168076 	 -1.5307949 	-0.32795931 	-0.0067184743 		0.01875 -0.0047585975 -0.052833312 1200000 1
0.0175 -1318.04 	-2121118.4 	469.62333 	 -3625.4736 	-4327781.8 	10944.611 	 -0.0094649416 	0.0003178305 	0.042442332 	 -0.0085943163 	0.0001419882 	0.0069632969 	 -60108.536 	-8.8423307 	-28642.065 	 -0.11094383 	0.1957178 	0.0060992905 	 -1.5292387 	-0.32937756 	-0.011049542 		0.0175 -0.0047646897 -0.052800306 1200000 1
0.01625 -1624.6182 	-2192037.4 	1374.4474 	 -3087.1485 	-4239990.1 	15439 	 -0.0089228255 	0.00037248061 	0.042864515 	 -0.0065777061 	0.00011327995 	0.0075060033 	 -62964.232 	-11.151135 	-23716.206 	 -0.11147544 	0.19637835 	0.0057633835 	 -1.5270414 	-0.33075387 	-0.014920488 		0.01625 -0.0047720713 -0.052783727 1200000 1
0.015 -1741.6707 	-2245978.1 	2486.9416 	 -2512.4564 	-4164915.2 	19404.78 	 -0.0083523412 	0.00042498525 	0.043245143 	 -0.0047836628 	8.4642169e-05 	0.0080651092 	 -65392.065 	-9.3733491 	-19339.52 	 -0.11179278 	0.19749034 	0.0052261213 	 -1.524338 	-0.33181608 	-0.018349613 		0.015 -0.0047823411 -0.052808044 1200000 1
0.01375 -1854.6466 	-2284592.2 	3694.1638 	 -2113.4132 	-4078046.5 	22656.287 	 -0.0077779707 	0.00047598966 	0.043185817 	 -0.0031964784 	5.393615e-05 	0.0080779554 	 -65876.078 	-2.6496166 	-15406.257 	 -0.11203508 	0.19739627 	0.0045602048 	 -1.5213833 	-0.33408063 	-0.021179575 		0.01375 -0.0047850752 -0.052738252 1200000 1
0.0125 -1828.9374 	-2309201.6 	4885.2099 	 -1668.5961 	-4004674.2 	25444.24 	 -0.0071861571 	0.00052565922 	0.043148219 	 -0.0017298388 	2.4899507e-05 	0.0082546609 	 -66379.063 	6.6548515 	-11756.723 	 -0.11202513 	0.19760624 	0.0038464975 	 -1.5179606 	-0.33579406 	-0.023608102 		0.0125 -0.0047904235 -0.052710225 1200000 1
0.01125 -1699.3288 	-2318281.2 	5944.8518 	 -1140.1962 	-3942808.5 	27691.706 	 -0.0065666086 	0.00057396122 	0.04291087 	 -0.00035349306 	-4.3578318e-06 	0.0082832843 	 -66102.763 	16.553707 	-8313.0932 	 -0.11179183 	0.19793264 	0.003157838 	 -1.5141427 	-0.33686802 	-0.025564643 		0.01125 -0.0047964051 -0.052701239 1200000 1
0.01 -1561.0073 	-2313951.8 	6820.9893 	 -632.36221 	-3879637.4 	29245.649 	 -0.0059174138 	0.00062096402 	0.042327219 	 0.00095467548 	-3.5218494e-05 	0.0079515153 	 -64506.741 	28.721563 	-4998.3615 	 -0.11141788 	0.19754126 	0.0025273473 	 -1.5100676 	-0.33815008 	-0.026917 		0.01 -0.0047981578 -0.052646252 1200000 1
0.00875 -1315.0116 	-2299759 	7475.9062 	 -63.103088 	-3828758.7 	30155.031 	 -0.0052739358 	0.00066793579 	0.041931179 	 0.0022228858 	-6.1158149e-05 	0.0080334213 	 -63624.676 	41.558759 	-1808.6742 	 -0.11080407 	0.19724054 	0.0020089863 	 -1.5055819 	-0.33894849 	-0.027705435 		0.00875 -0.0048027415 -0.052633944 1200000 1
0.0075 -1035.4315 	-2272733 	7791.2144 	 632.74929 	-3777675.3 	30147.894 	 -0.0045811753 	0.00071379575 	0.041201844 	 0.0034876925 	-8.8404416e-05 	0.0077691719 	 -61529.886 	53.470479 	1372.6395 	 -0.11009419 	0.19623755 	0.001669062 	 -1.500964 	-0.33987422 	-0.027697158 		0.0075 -0.0048034673 -0.052577942 1200000 1
0.00625 -709.77457 	-2231914.8 	7761.8378 	 1390.6417 	-3738223 	29334.792 	 -0.0038728337 	0.00075921021 	0.040290653 	 0.0047649225 	-0.00011423596 	0.0073769415 	 -58816.151 	64.119189 	4580.6534 	 -0.10919976 	0.19537082 	0.0015091721 	 -1.4959442 	-0.34009821 	-0.026980341 		0.00625 -0.004805271 -0.052543135 1200000 1
0.005 -294.97773 	-2179193.8 	7340.576 	 2304.0548 	-3713302.6 	27520.213 	 -0.003174694 	0.00080505517 	0.039416322 	 0.006079621 	-0.0001353743 	0.0071616097 	 -56272.604 	69.684097 	7825.6805 	 -0.10812756 	0.19484183 	0.0015887204 	 -1.4905602 	-0.33962777 	-0.025396451 		0.005 -0.0048104715 -0.052554475 1200000 1
0.00375 167.76812 	-2114145.1 	6384.109 	 3663.2121 	-3680086.6 	24010.55 	 -0.0023850161 	0.0008501373 	0.038160555 	 0.0075152085 	-0.00015696547 	0.0064777405 	 -52320.634 	67.838601 	11293.81 	 -0.10713366 	0.19316331 	0.0020259622 	 -1.4854609 	-0.34005445 	-0.022371331 		0.00375 -0.0048094328 -0.052480487 1200000 1
0.0025 710.01079 	-2035984.6 	4911.1798 	 5396.5975 	-3660865.9 	18744.92 	 -0.001612943 	0.0008960117 	0.036888309 	 0.0090761704 	-0.00017279071 	0.0058498595 	 -48282.509 	52.385719 	14971.031 	 -0.10603329 	0.19199022 	0.0028307625 	 -1.4801681 	-0.33990703 	-0.017859853 		0.0025 -0.004812475 -0.052455157 1200000 1
0.00125 1488.9112 	-1940058.7 	2841.7549 	 8401.7564 	-3654888.8 	11187.347 	 -0.00060445996 	0.00094594685 	0.035299719 	 0.011213199 	-0.00018356798 	0.0048208137 	 -43078.928 	15.419765 	19882.655 	 -0.10502912 	0.19136642 	0.0040744981 	 -1.4754662 	-0.33931901 	-0.011419053 		0.00125 -0.0048182491 -0.05245775 1200000 1
0 2870.3424 	-1834403.3 	400.27816 	 17382.527 	-3552772.6 	1731.218 	 0.00079649019 	0.00096827911 	0.033075615 	 0.01349854 	-0.00021065086 	0.0023910093 	 -34584.376 	-56.406195 	24708.723 	 -0.10977938 	0.18386427 	0.0056361757 	 -1.482446 	-0.34686349 	-0.0034117226 		0 -0.004819174 -0.051779031 1200000 1
