# y jRe_x jRe_y jRe_z jIm_x jIm_y jIm_z BRe_x BRe_y BRe_z BIm_x BIm_y BIm_z F_x F_y F_z VReGrad_x VReGrad_y VReGrad_z VImGrad_x VImGrad_y VImGrad_z s VRe VIm sigma mur
-0.075 -1941051.2 	-492.52785 	38.101286 	 -3815100.5 	-666.85758 	-26.500494 	 5.2918e-07 	0.008722185 	0.035701555 	 -5.92404e-07 	0.0087082326 	0.0010858105 	 -9.2591636 	36720.836 	-25075.498 	 0.10609355 	6.47699e-05 	1.720724e-06 	 0.19654136 	-0.000359445 	1.04449e-05 		-0.075 -3.3055017e-05 -0.00010076938 1200000 1
-0.07375 -1997099.4 	-0.081863872 	-0.072926431 	 -3599416.4 	-0.032201021 	0.067344016 	 7.867515e-10 	0.0087288598 	0.035347519 	 -3.9934472e-09 	0.0086929204 	0.00060949499 	 -0.0013504823 	36630.042 	-24362.45 	 0.098631836 	-7.9102898e-06 	1.5222619e-07 	 0.17408737 	-7.8018119e-06 	8.2689212e-08 		-0.07375 3.0303077e-07 3.222461e-07 1200000 1
-0.0725 -1973061.9 	-0.15570879 	-0.077496245 	 -3428536.5 	-0.051217851 	0.06456474 	 4.9828996e-10 	0.0088147336 	0.034267795 	 -4.1503703e-09 	0.0086852408 	-0.00076623861 	 -0.002368034 	33248.926 	-23582.991 	 0.084164619 	-7.9449052e-06 	1.552685e-07 	 0.12119908 	-7.8218119e-06 	8.8089212e-08 		-0.0725 2.9547184e-07 3.1482708e-07 1200000 1
-0.07125 -1930190.4 	-0.23346176 	-0.089955175 	 -3223874.9 	-0.063239323 	0.052576369 	 3.739242e-11 	0.0087117803 	0.03282225 	 -4.1776269e-09 	0.0083273942 	-0.0026039732 	 -0.0032553111 	28597.983 	-21897.586 	 0.06486546 	-7.9926128e-06 	1.6374176e-07 	 0.04972248 	-7.8475079e-06 	1.0251694e-07 		-0.07125 2.8692756e-07 3.0650204e-07 1200000 1
-0.07 -1919438.3 	-0.35193138 	-0.092130104 	 -2930280.8 	-0.075797252 	0.058734698 	 -4.3289315e-10 	0.0090850976 	0.030763616 	 -4.6700395e-09 	0.0086498349 	-0.0052076054 	 -0.0046166247 	22919.247 	-21415.774 	 0.037275718 	-8.0581208e-06 	1.6506166e-07 	 -0.050471991 	-7.8873915e-06 	1.0498029e-07 		-0.07 2.7709997e-07 2.9680945e-07 1200000 1
-0.06875 -1875943.2 	-0.4470083 	-0.099010181 	 -2670573 	-0.075951098 	0.067373159 	 -8.79047e-10 	0.0091000018 	0.02877116 	 -5.138501e-09 	0.0084550971 	-0.0073415924 	 -0.0056358555 	18264.948 	-19917.468 	 0.011674139 	-8.1370439e-06 	1.6928958e-07 	 -0.14850428 	-7.935853e-06 	1.0401875e-07 		-0.06875 2.6662438e-07 2.8660694e-07 1200000 1
-0.0675 -1829588.8 	-0.54180002 	-0.10640343 	 -2412967.3 	-0.075320015 	0.075324361 	 -1.3238172e-09 	0.0090846285 	0.026777053 	 -5.585047e-09 	0.0082183084 	-0.0094587274 	 -0.0066315996 	13626.336 	-18347.857 	 -0.013828955 	-8.2161146e-06 	1.7383755e-07 	 -0.24639146 	-7.9839719e-06 	1.0363656e-07 		-0.0675 2.5612285e-07 2.7638911e-07 1200000 1
-0.06625 -1749707.3 	-0.6429754 	-0.11367883 	 -2197838.9 	-0.050444749 	0.091747918 	 -1.6489535e-09 	0.0088142346 	0.024960859 	 -6.0409999e-09 	0.0076630995 	-0.010964674 	 -0.0074337849 	10357.365 	-16299.456 	 -0.035601851 	-8.3010856e-06 	1.7824489e-07 	 -0.33489082 	-8.0357397e-06 	9.6760397e-08 		-0.06625 2.4568519e-07 2.6630021e-07 1200000 1
-0.065 -1694295.9 	-0.7405339 	-0.10959289 	 -1988847 	-0.034867593 	0.11864544 	 -2.002092e-09 	0.0087614791 	0.023350953 	 -6.8413494e-09 	0.0074914957 	-0.012154198 	 -0.0082597595 	8296.2134 	-15058.137 	 -0.05508649 	-8.3916801e-06 	1.7376369e-07 	 -0.41722198 	-8.0806504e-06 	8.0660922e-08 		-0.065 2.352594e-07 2.5619083e-07 1200000 1
-0.06375 -1627397.5 	-0.8305339 	-0.10826212 	 -1787488.2 	-0.023944516 	0.13650752 	 -2.4028612e-09 	0.008527617 	0.021702197 	 -7.4782725e-09 	0.0070769604 	-0.013325625 	 -0.0088982211 	6162.547 	-13425.045 	 -0.074402786 	-8.4830647e-06 	1.7047215e-07 	 -0.50024929 	-8.1175734e-06 	7.1753999e-08 		-0.06375 2.2449276e-07 2.4582901e-07 1200000 1
-0.0625 -1520606.9 	-0.92856192 	-0.1126763 	 -1623331.4 	-0.017520014 	0.13583659 	 -2.8590661e-09 	0.0079111076 	0.020002253 	 -7.6268746e-09 	0.0062038105 	-0.014356664 	 -0.0091127959 	3902.2078 	-11283.979 	 -0.092038431 	-8.5654142e-06 	1.7000705e-07 	 -0.58029361 	-8.1266981e-06 	7.8345362e-08 		-0.0625 2.1319228e-07 2.3516168e-07 1200000 1
-0.06125 -1463629.4 	-1.0205817 	-0.098946437 	 -1459261 	-0.013935803 	0.1515372 	 -3.4255023e-09 	0.0078881314 	0.018853657 	 -8.7302142e-09 	0.0061961964 	-0.014932983 	 -0.0095809322 	3222.992 	-10486.466 	 -0.10610152 	-8.6701484e-06 	1.5753952e-07 	 -0.64772089 	-8.1371968e-06 	7.1862468e-08 		-0.06125 2.0311065e-07 2.2545375e-07 1200000 1
-0.06 -1386328.4 	-1.0998894 	-0.10110028 	 -1306175.2 	-0.047781957 	0.13617489 	 -4.1170408e-09 	0.0075053518 	0.017547927 	 -9.3432911e-09 	0.005738143 	-0.015545321 	 -0.0093150091 	2293.7046 	-9140.5605 	 -0.12013144 	-8.7723023e-06 	1.5540775e-07 	 -0.71783691 	-8.1133507e-06 	9.0945545e-08 		-0.06 1.9197675e-07 2.1504567e-07 1200000 1
-0.05875 -1285340.1 	-1.1886369 	-0.11864048 	 -1173527.2 	-0.11131283 	0.10100659 	 -4.8120803e-09 	0.0068866763 	0.016129081 	 -9.4727136e-09 	0.004991643 	-0.016157839 	 -0.0084213802 	1098.0285 	-7576.6086 	 -0.13360506 	-8.8619734e-06 	1.6393042e-07 	 -0.78776647 	-8.0513654e-06 	1.2718211e-07 		-0.05875 1.8020942e-07 2.042758e-07 1200000 1
-0.0575 -1214007 	-1.2541818 	-0.11964275 	 -1055474.7 	-0.14021373 	0.076553233 	 -5.7366509e-09 	0.0066825578 	0.015276218 	 -1.0449249e-08 	0.0048525221 	-0.016415178 	 -0.0080102321 	772.24095 	-6793.2479 	 -0.14371955 	-8.9804418e-06 	1.6084411e-07 	 -0.8447186 	-8.0115049e-06 	1.5518223e-07 		-0.0575 1.7013456e-07 1.9497687e-07 1200000 1
-0.05625 -1134896.8 	-1.3244895 	-0.13197429 	 -941270.5 	-0.21529065 	0.086960387 	 -6.6081893e-09 	0.0062193275 	0.014288065 	 -1.0833096e-08 	0.0044222824 	-0.016699633 	 -0.0071659244 	426.76033 	-5806.1192 	 -0.15336808 	-9.0869034e-06 	1.6592565e-07 	 -0.90336965 	-7.9543511e-06 	1.5339684e-07 		-0.05625 1.5872137e-07 1.8502731e-07 1200000 1
-0.055 -1049687.9 	-1.4015931 	-0.14802768 	 -832736.24 	-0.3016339 	0.10132917 	 -7.4237437e-09 	0.0057066056 	0.013254512 	 -1.1047425e-08 	0.0039264969 	-0.016995678 	 -0.0061641582 	-4.0162521 	-4794.6915 	 -0.162912 	-9.1858433e-06 	1.7363928e-07 	 -0.96216817 	-7.887564e-06 	1.4845225e-07 		-0.055 1.4704468e-07 1.749655e-07 1200000 1
-0.05375 -962374.42 	-1.4786008 	-0.1600999 	 -752059.47 	-0.3681579 	0.16555974 	 -8.240171e-09 	0.0052360883 	0.012445573 	 -1.1231391e-08 	0.0035400459 	-0.017160734 	 -0.0054620271 	-369.10018 	-4020.2803 	 -0.17025406 	-9.2849943e-06 	1.7895483e-07 	 -1.0132004 	-7.8394497e-06 	1.0327431e-07 		-0.05375 1.3598958e-07 1.6577099e-07 1200000 1
-0.0525 -889769.85 	-1.5568663 	-0.17100179 	 -667249.17 	-0.38993193 	0.20165593 	 -8.8999531e-09 	0.0047996261 	0.011793616 	 -1.1592736e-08 	0.0032486998 	-0.017247001 	 -0.0054133596 	-401.36037 	-3403.9721 	 -0.1764075 	-9.3866207e-06 	1.8217011e-07 	 -1.0612081 	-7.8309776e-06 	8.0090211e-08 		-0.0525 1.2483906e-07 1.5650147e-07 1200000 1
-0.05125 -813767.28 	-1.642251 	-0.18615948 	 -582794.79 	-0.41908577 	0.22868209 	 -9.4768762e-09 	0.0043114475 	0.011083572 	 -1.1816582e-08 	0.0028880931 	-0.017354152 	 -0.0052623596 	-476.20995 	-2749.0715 	 -0.18263066 	-9.48099e-06 	1.8811396e-07 	 -1.110179 	-7.8161314e-06 	6.4145596e-08 		-0.05125 1.1330028e-07 1.4695895e-07 1200000 1
-0.05 -720149.03 	-1.7711727 	-0.21634786 	 -522184.2 	-0.43413425 	0.2104353 	 -9.6223711e-09 	0.0037515646 	0.010274023 	 -1.1649506e-08 	0.0023999171 	-0.017481203 	 -0.0050409201 	-794.16762 	-2151.1935 	 -0.18820505 	-9.5346832e-06 	2.0274625e-07 	 -1.1585626 	-7.7957235e-06 	8.6445306e-08 		-0.05 1.0082361e-07 1.3685355e-07 1200000 1
-0.04875 -657462.05 	-1.8269795 	-0.21252499 	 -461117.77 	-0.39372329 	0.21272115 	 -1.0238378e-08 	0.0033530219 	0.0099836567 	 -1.2347095e-08 	0.0022713154 	-0.017433446 	 -0.0057544921 	-679.34244 	-1796.3327 	 -0.19184294 	-9.6571977e-06 	1.9258825e-07 	 -1.1974625 	-7.8270283e-06 	9.103485e-08 		-0.04875 9.0615323e-08 1.2830306e-07 1200000 1
-0.0475 -585564.45 	-1.915441 	-0.21415883 	 -397664.19 	-0.41041559 	0.19585192 	 -1.0752224e-08 	0.002860919 	0.0095086312 	 -1.2667095e-08 	0.0019828524 	-0.01744782 	 -0.0057757229 	-637.68121 	-1395.3496 	 -0.1958272 	-9.75519e-06 	1.8481132e-07 	 -1.2398563 	-7.8070283e-06 	1.1080408e-07 		-0.0475 7.897824e-08 1.188853e-07 1200000 1
-0.04625 -497698.54 	-2.0734863 	-0.22856255 	 -345468.25 	-0.48820453 	0.16141684 	 -1.1075137e-08 	0.0023565919 	0.0088310019 	 -1.2528249e-08 	0.0015631243 	-0.01752733 	 -0.0049695358 	-777.65854 	-1018.676 	 -0.20004005 	-9.7996511e-06 	1.8375838e-07 	 -1.2850196 	-7.7201184e-06 	1.4539085e-07 		-0.04625 6.5757548e-08 1.0853297e-07 1200000 1
-0.045 -438456.98 	-2.0631786 	-0.20585296 	 -304568.04 	-0.49371577 	0.14348875 	 -1.2103906e-08 	0.0018964491 	0.0087652456 	 -1.3369538e-08 	0.0014712582 	-0.017427086 	 -0.0051215324 	-703.84878 	-797.81861 	 -0.20225543 	-9.9754929e-06 	1.5556989e-07 	 -1.3184424 	-7.6961991e-06 	1.6670743e-07 		-0.045 5.6156958e-08 1.0075053e-07 1200000 1
-0.04375 -369808.74 	-2.084717 	-0.22648681 	 -255304.16 	-0.60071577 	0.074701053 	 -1.2971599e-08 	0.001408154 	0.0084903508 	 -1.3675692e-08 	0.0012259813 	-0.017393077 	 -0.0039684554 	-625.05336 	-583.97242 	 -0.20508882 	-1.0126924e-05 	1.6170065e-07 	 -1.3570944 	-7.590276e-06 	2.3022281e-07 		-0.04375 4.4240459e-08 9.1703116e-08 1200000 1
-0.0425 -294813.71 	-2.1457569 	-0.26806515 	 -208967.88 	-0.75166958 	-0.013293359 	 -1.3703412e-08 	0.00095782886 	0.0081248808 	 -1.3731953e-08 	0.00093649004 	-0.017390537 	 -0.0022848223 	-595.37944 	-387.41294 	 -0.20818652 	-1.0249096e-05 	1.8331934e-07 	 -1.3973827 	-7.4412128e-06 	3.1048821e-07 		-0.0425 3.1452085e-08 8.2180866e-08 1200000 1
-0.04125 -227922.96 	-2.0829446 	-0.31584994 	 -180373.95 	-0.86117054 	-0.11160289 	 -1.4791665e-08 	0.00047691186 	0.0080412404 	 -1.4122844e-08 	0.00075126605 	-0.017312633 	 -0.0008939061 	-632.0249 	-271.79817 	 -0.21031439 	-1.0461116e-05 	2.0915802e-07 	 -1.4312602 	-7.3226297e-06 	4.0159074e-07 		-0.04125 2.0667063e-08 7.4258729e-08 1200000 1
-0.04 -162751.02 	-2.0778009 	-0.34001314 	 -140305.71 	-0.97393546 	-0.13642359 	 -1.5580386e-08 	-1.1941611e-05 	0.007966646 	 -1.4159354e-08 	0.00053716653 	-0.017252508 	 0.00021112477 	-554.82926 	-204.31638 	 -0.21292555 	-1.0631036e-05 	2.1969424e-07 	 -1.467352 	-7.2311559e-06 	4.277433e-07 		-0.04 8.690738e-09 6.6228964e-08 1200000 1
-0.03875 -96583.478 	-2.0862624 	-0.36494083 	 -99117.679 	-1.0939355 	-0.15847744 	 -1.6318848e-08 	-0.00049544398 	0.0078698688 	 -1.4129354e-08 	0.00031153827 	-0.017200462 	 0.0013742017 	-473.55618 	-138.54438 	 -0.21563984 	-1.0790998e-05 	2.3094808e-07 	 -1.5040503 	-7.1349251e-06 	4.5135099e-07 		-0.03875 -3.5499833e-09 5.8067951e-08 1200000 1
-0.0375 -21505.649 	-2.2270776 	-0.37934548 	 -68316.099 	-1.2337127 	-0.11726586 	 -1.6531765e-08 	-0.00087150439 	0.0077121736 	 -1.3541565e-08 	6.1904933e-05 	-0.017200911 	 0.0023660717 	-495.89206 	-134.7289 	 -0.21905208 	-1.0850765e-05 	2.3417284e-07 	 -1.5421729 	-7.0342784e-06 	4.2071207e-07 		-0.0375 -1.692864e-08 4.9868521e-08 1200000 1
-0.03625 37817.786 	-2.1934221 	-0.36582072 	 -38650.499 	-1.1486509 	-0.034300099 	 -1.7090514e-08 	-0.0014411097 	0.0078965034 	 -1.3726181e-08 	-0.00010986402 	-0.017102361 	 0.0011433966 	-488.15778 	-190.00687 	 -0.2217336 	-1.1042196e-05 	2.1808947e-07 	 -1.5744416 	-7.1260185e-06 	3.5459543e-07 		-0.03625 -2.7571587e-08 4.3194446e-08 1200000 1
-0.035 102634.46 	-2.2380375 	-0.3742561 	 -4.9009662 	-1.0787278 	0.021716055 	 -1.7328976e-08 	-0.0019219669 	0.0079653978 	 -1.3658489e-08 	-0.00032393408 	-0.01705404 	 5.9550403e-05 	-421.84468 	-255.28107 	 -0.22531928 	-1.1170473e-05 	2.1967408e-07 	 -1.6107808 	-7.1974032e-06 	3.0961082e-07 		-0.035 -3.9851822e-08 3.5416558e-08 1200000 1
-0.03375 181994.08 	-2.469243 	-0.42533113 	 43404.658 	-1.0361162 	0.024116974 	 -1.6893572e-08 	-0.0021236831 	0.0078550664 	 -1.3017633e-08 	-0.00056269407 	-0.017107501 	 -0.00096583886 	-338.11586 	-320.8616 	 -0.23091921 	-1.1145367e-05 	2.5525203e-07 	 -1.6540899 	-7.2198909e-06 	3.0730779e-07 		-0.03375 -5.5043086e-08 2.5788363e-08 1200000 1
-0.0325 237017.74 	-2.304723 	-0.39348807 	 62318.366 	-0.71430492 	0.10661446 	 -1.7540572e-08 	-0.0028603418 	0.0082604075 	 -1.3963509e-08 	-0.00074344175 	-0.016960368 	 -0.0042407875 	-473.10765 	-520.76799 	 -0.23388361 	-1.1434372e-05 	2.2816772e-07 	 -1.6832241 	-7.4948712e-06 	2.388805e-07 		-0.0325 -6.3833337e-08 1.9698978e-08 1200000 1
-0.03125 302667.41 	-2.3031846 	-0.36284807 	 103400.58 	-0.55845877 	0.14332215 	 -1.783288e-08 	-0.0033503846 	0.0085017481 	 -1.4355817e-08 	-0.00096593662 	-0.016905006 	 -0.0059407875 	-444.22752 	-720.78242 	 -0.23937929 	-1.1594726e-05 	1.9956772e-07 	 -1.7215123 	-7.6221019e-06 	2.066805e-07 		-0.03125 -7.6156834e-08 1.152326e-08 1200000 1
-0.03 376357.7 	-2.4235433 	-0.33497465 	 150911.62 	-0.50144088 	0.16081741 	 -1.7922911e-08 	-0.0036460589 	0.0086761293 	 -1.4364694e-08 	-0.0011819677 	-0.016903549 	 -0.0069813179 	-379.13582 	-895.86795 	 -0.24650616 	-1.1658469e-05 	1.7200517e-07 	 -1.764481 	-7.6567376e-06 	1.8869941e-07 		-0.03 -9.0263503e-08 2.3223958e-09 1200000 1
-0.02875 439867.39 	-2.2532135 	-0.23975192 	 173597.77 	-0.33574093 	0.20040161 	 -1.8763573e-08 	-0.0043246463 	0.0091004568 	 -1.5425783e-08 	-0.0014154879 	-0.016781682 	 -0.0082711826 	-580.98737 	-1222.8246 	 -0.25180836 	-1.1952632e-05 	9.1638041e-08 	 -1.7983607 	-7.7938826e-06 	1.5193097e-07 		-0.02875 -1.0036139e-07 -4.5847697e-09 1200000 1
-0.0275 508499.56 	-2.1093673 	-0.25045192 	 222305.59 	-0.3359717 	0.130517 	 -1.932665e-08 	-0.0048039395 	0.0095417654 	 -1.5905014e-08 	-0.0016709162 	-0.01667501 	 -0.0080985672 	-632.85562 	-1573.5505 	 -0.2604656 	-1.2217863e-05 	9.7407271e-08 	 -1.8409898 	-7.7917287e-06 	2.0832327e-07 		-0.0275 -1.1315732e-07 -1.28688e-08 1200000 1
-0.02625 578616.68 	-1.9889082 	-0.26977517 	 272828.38 	-0.35765113 	0.051471265 	 -1.9847851e-08 	-0.0052400982 	0.0099778721 	 -1.6290217e-08 	-0.0019215184 	-0.016575716 	 -0.0078465842 	-677.1002 	-1913.62 	 -0.26951926 	-1.2464481e-05 	1.0995326e-07 	 -1.8845997 	-7.7700004e-06 	2.7227721e-07 		-0.02625 -1.2628846e-07 -2.1328607e-08 1200000 1
-0.025 656727.53 	-1.8612312 	-0.38321317 	 323345.57 	-0.49897991 	-0.12302934 	 -2.0242559e-08 	-0.0055365856 	0.010465181 	 -1.6317269e-08 	-0.0021677442 	-0.016466629 	 -0.0068003803 	-834.77862 	-2285.8732 	 -0.28064492 	-1.2712567e-05 	1.9745395e-07 	 -1.9310567 	-7.6464011e-06 	4.1721333e-07 		-0.025 -1.3999678e-07 -2.9876588e-08 1200000 1
-0.02375 723917.78 	-1.6043653 	-0.41547946 	 371086.74 	-0.5282717 	-0.17595433 	 -2.0740581e-08 	-0.0061609604 	0.01113673 	 -1.6833157e-08 	-0.0024834967 	-0.016234762 	 -0.0061624879 	-1115.4226 	-2853.3412 	 -0.29141393 	-1.3060107e-05 	2.2353458e-07 	 -1.9736146 	-7.6491524e-06 	4.5988998e-07 		-0.02375 -1.5149754e-07 -3.6644164e-08 1200000 1
-0.0225 795436.25 	-1.5005961 	-0.44160254 	 432957.2 	-0.63388709 	-0.21235433 	 -2.0992888e-08 	-0.0066147343 	0.011802637 	 -1.6926234e-08 	-0.0027857532 	-0.01602641 	 -0.0054246418 	-1316.1184 	-3383.6275 	 -0.30426712 	-1.3286876e-05 	2.4509612e-07 	 -2.0214694 	-7.5868447e-06 	4.8710537e-07 		-0.0225 -1.6471041e-07 -4.4204075e-08 1200000 1
-0.02125 880595.58 	-1.7985362 	-0.4295707 	 521461.01 	-0.91934236 	-0.20291405 	 -2.0717951e-08 	-0.0066193622 	0.012514508 	 -1.6002552e-08 	-0.0030071774 	-0.015854702 	 -0.0053598787 	-1481.5832 	-3764.6344 	 -0.32246483 	-1.3195597e-05 	2.3678483e-07 	 -2.0803253 	-7.3763174e-06 	4.6932634e-07 		-0.02125 -1.8118642e-07 -5.2977185e-08 1200000 1
-0.02 945371.85 	-1.5375232 	-0.38164599 	 563884.84 	-0.74635365 	-0.06456098 	 -2.091499e-08 	-0.0074910893 	0.013366144 	 -1.6881124e-08 	-0.0034283251 	-0.015467169 	 -0.0058798254 	-2098.6558 	-4663.6995 	 -0.33455246 	-1.3553686e-05 	2.0283088e-07 	 -2.1205208 	-7.5766961e-06 	3.515959e-07 		-0.02 -1.9055587e-07 -5.7917856e-08 1200000 1
-0.01875 1018116.2 	-1.5262155 	-0.3820306 	 644737.52 	-0.61004596 	0.017031328 	 -2.074499e-08 	-0.0079246386 	0.014283787 	 -1.7109585e-08 	-0.0037778871 	-0.015090391 	 -0.0074369023 	-2569.8769 	-5411.9048 	 -0.35256667 	-1.3699302e-05 	2.0817088e-07 	 -2.1741462 	-7.7228499e-06 	2.7882667e-07 		-0.01875 -2.0372115e-07 -6.5166726e-08 1200000 1
-0.0175 1100859.2 	-1.7292277 	-0.40517023 	 756658.66 	-0.50784678 	0.060069219 	 -2.0278292e-08 	-0.0079746587 	0.01530315 	 -1.6684293e-08 	-0.0040427336 	-0.014699083 	 -0.010705591 	-3039.5438 	-5981.1348 	 -0.37598627 	-1.3662378e-05 	2.3312402e-07 	 -2.2390461 	-7.8227847e-06 	2.3415743e-07 		-0.0175 -2.1992955e-07 -7.4165786e-08 1200000 1
-0.01625 1168429.9 	-1.4367349 	-0.45968216 	 816630.29 	-0.016248067 	0.13688881 	 -2.0213329e-08 	-0.0087451275 	0.016293495 	 -1.8103342e-08 	-0.0045007508 	-0.014168678 	 -0.013145491 	-3920.4209 	-7086.5318 	 -0.39241542 	-1.4034291e-05 	2.8700647e-07 	 -2.2844839 	-8.254583e-06 	1.7016775e-07 		-0.01625 -2.2941611e-07 -7.9961701e-08 1200000 1
-0.015 1239818.9 	-1.3154272 	-0.54789754 	 923223.24 	0.18182886 	0.11145804 	 -1.9707944e-08 	-0.0091536976 	0.017522969 	 -1.8910265e-08 	-0.0049167047 	-0.013472694 	 -0.014765568 	-4924.2375 	-8116.442 	 -0.41684654 	-1.4252522e-05 	3.662757e-07 	 -2.3454623 	-8.4368907e-06 	1.8870621e-07 		-0.015 -2.4263579e-07 -8.7924515e-08 1200000 1
-0.01375 1313339 	-1.2556581 	-0.63692309 	 1043632.2 	0.30419881 	0.069119208 	 -1.9122369e-08 	-0.0094426473 	0.018814933 	 -1.9421448e-08 	-0.0053101479 	-0.0127402 	 -0.016589383 	-5972.3032 	-9089.7689 	 -0.4434834 	-1.4418121e-05 	4.4609512e-07 	 -2.410833 	-8.5562373e-06 	2.1979239e-07 		-0.01375 -2.5699308e-07 -9.6498872e-08 1200000 1
-0.0125 1383346.5 	-1.0987363 	-0.75547587 	 1163150.2 	0.297288 	-0.042176091 	 -1.8424829e-08 	-0.0098325209 	0.020173076 	 -2.0407208e-08 	-0.0057536896 	-0.01186466 	 -0.016779486 	-7326.0789 	-10258.058 	 -0.47043012 	-1.466941e-05 	5.4978399e-07 	 -2.4733809 	-8.5790036e-06 	3.1112283e-07 		-0.0125 -2.6986576e-07 -1.0445754e-07 1200000 1
-0.01125 1265021.8 	-1.093663 	-0.7584868 	 1074677.4 	0.23149732 	-0.083398126 	 -1.7955277e-08 	-0.010064072 	0.021377288 	 -2.1814571e-08 	-0.0060012328 	-0.011022771 	 -0.017543849 	-7259.9412 	-9729.0878 	 -0.49798326 	-1.2651607e-05 	9.1377409e-07 	 -2.5342146 	-7.7643217e-06 	3.7871172e-07 		-0.01125 -2.8329966e-07 -1.131746e-07 1065244.7 1
-0.01 1117966.9 	-1.1904088 	-0.73821559 	 965286.88 	0.1023465 	-0.11835768 	 -1.7462956e-08 	-0.01013486 	0.022606634 	 -2.2923346e-08 	-0.0061857367 	-0.010173831 	 -0.018871183 	-6950.8069 	-8829.5458 	 -0.52776114 	-1.0189594e-05 	1.3178181e-06 	 -2.5995523 	-6.7636889e-06 	4.4488641e-07 		-0.01 -2.9819052e-07 -1.227213e-07 908019.8 1
-0.00875 771506.66 	-1.5350745 	-0.60175348 	 729524.52 	-0.30995629 	-0.11595191 	 -1.7119598e-08 	-0.0095597319 	0.023848529 	 -2.2810745e-08 	-0.0060764043 	-0.0092941502 	 -0.02122979 	-4850.6946 	-6009.2509 	 -0.56465466 	-5.0447922e-06 	2.0767369e-06 	 -2.6777199 	-4.6169452e-06 	5.2621144e-07 		-0.00875 -3.1800849e-07 -1.3513538e-07 625447.67 1
-0.0075 478878.5 	-1.5805048 	-0.47764059 	 475063.4 	-0.44192869 	-0.074203512 	 -1.6936977e-08 	-0.009662033 	0.024487905 	 -2.5047598e-08 	-0.0060297705 	-0.008761392 	 -0.020810537 	-2977.503 	-3933.3239 	 -0.57911902 	-1.6178991e-06 	2.5242557e-06 	 -2.7062904 	-3.4160458e-06 	5.423293e-07 		-0.0075 -3.2523884e-07 -1.4110368e-07 396423.07 1
-0.00625 318113.32 	-1.7926403 	-0.42188916 	 327189.21 	-0.57540159 	-0.062440323 	 -1.6682281e-08 	-0.0093309829 	0.025152404 	 -2.5856182e-08 	-0.0058726745 	-0.0082390402 	 -0.022944517 	-2119.5568 	-2593.788 	 -0.58727208 	1.1066795e-06 	2.9984562e-06 	 -2.7214075 	-2.367118e-06 	6.4160748e-07 		-0.00625 -3.3060451e-07 -1.4637693e-07 257830.38 1
-0.005 157348.14 	-2.0047759 	-0.36613773 	 179315.02 	-0.7088745 	-0.050677133 	 -1.6427586e-08 	-0.0089999328 	0.025816903 	 -2.6664766e-08 	-0.0057155786 	-0.0077166885 	 -0.025078497 	-1261.6106 	-1254.252 	 -0.59542514 	3.8312582e-06 	3.4726566e-06 	 -2.7365246 	-1.3181902e-06 	7.4088566e-07 		-0.005 -3.3597017e-07 -1.5165019e-07 119237.69 1
-0.00375 133912.39 	-2.2388759 	-0.43744558 	 166857.7 	-0.837923 	-0.077956953 	 -1.5989509e-08 	-0.0080979922 	0.026484862 	 -2.5518112e-08 	-0.0054071942 	-0.0071813635 	 -0.028727292 	-1177.6641 	-999.10961 	 -0.5907375 	6.2123098e-06 	4.3349133e-06 	 -2.7224449 	-1.1899422e-07 	1.042242e-06 		-0.00375 -3.3654828e-07 -1.5482973e-07 100000 1
-0.0025 132409.04 	-2.2200118 	-0.41550613 	 167227.79 	-0.79911408 	-0.077700548 	 -1.582134e-08 	-0.0081334067 	0.026664661 	 -2.7825269e-08 	-0.0052469582 	-0.0069889839 	 -0.028784588 	-1181.355 	-988.22315 	 -0.57392612 	5.9284653e-06 	4.121035e-06 	 -2.6834405 	-5.468231e-07 	1.0425169e-06 		-0.0025 -3.2911897e-07 -1.5408459e-07 100000 1
-0.00125 130750.95 	-2.3448942 	-0.41185319 	 169723.66 	-0.85529055 	-0.073718196 	 -1.5243693e-08 	-0.0077257543 	0.026985343 	 -2.8257034e-08 	-0.0050178492 	-0.0066947108 	 -0.030713706 	-1195.5019 	-943.35658 	 -0.55798409 	7.1266418e-06 	4.0905056e-06 	 -2.6391013 	-1.8176038e-08 	1.0021052e-06 		-0.00125 -3.2201614e-07 -1.5366391e-07 100000 1
5.2475385e-17 129092.85 	-2.4697765 	-0.40820025 	 172219.53 	-0.91146702 	-0.069735843 	 -1.4666046e-08 	-0.0073181019 	0.027306025 	 -2.8688798e-08 	-0.0047887402 	-0.0064004378 	 -0.032642823 	-1209.6488 	-898.49001 	 -0.54204207 	8.3248182e-06 	4.0599762e-06 	 -2.5947621 	5.1047102e-07 	9.6169341e-07 		5.2475385e-17 -3.1491332e-07 -1.5324322e-07 100000 1
0.00125 126181 	-2.6580067 	-0.41905605 	 175799.29 	-1.0162715 	-0.063026466 	 -1.3573218e-08 	-0.0065493336 	0.027671284 	 -2.7718156e-08 	-0.0044680888 	-0.0060569075 	 -0.035364038 	-1212.0865 	-817.44001 	 -0.5218986 	1.0198174e-05 	4.1758945e-06 	 -2.5321346 	1.5195586e-06 	8.9247304e-07 		0.00125 -3.0492683e-07 -1.5139806e-07 100000 1
0.0025 123834.65 	-2.779835 	-0.34290986 	 175838.04 	-1.0648911 	-0.027692298 	 -1.294091e-08 	-0.0064871108 	0.027831662 	 -2.9206915e-08 	-0.0043206827 	-0.0058819386 	 -0.036927056 	-1204.5631 	-794.8431 	 -0.50189012 	1.1365357e-05 	3.4213912e-06 	 -2.4751872 	1.9947425e-06 	5.3873109e-07 		0.0025 -2.9466054e-07 -1.4990838e-07 100000 1
0.00375 121159.09 	-2.89278 	-0.30227187 	 175824.3 	-1.1240941 	-0.0074481062 	 -1.2204084e-08 	-0.0061725144 	0.028006979 	 -2.9488255e-08 	-0.0041210998 	-0.0056903757 	 -0.038475586 	-1194.3754 	-751.02709 	 -0.4797454 	1.2476409e-05 	3.021297e-06 	 -2.4055009 	2.5736192e-06 	3.3396349e-07 		0.00375 -2.8241416e-07 -1.4715853e-07 100000 1
0.005 118433.69 	-3.0069565 	-0.26636187 	 175887.77 	-1.1857411 	0.011040129 	 -1.1444672e-08 	-0.0058200501 	0.028188029 	 -2.961002e-08 	-0.0039129804 	-0.0054936301 	 -0.040053822 	-1184.0605 	-703.98994 	 -0.45738616 	1.3603644e-05 	2.6684499e-06 	 -2.3345032 	3.1761486e-06 	1.4655173e-07 		0.005 -2.6998682e-07 -1.4428681e-07 100000 1
0.00625 114853.14 	-3.1072871 	-0.24936631 	 176199.65 	-1.2508099 	0.024730996 	 -1.0420767e-08 	-0.0052391019 	0.028372061 	 -2.8737336e-08 	-0.0036364695 	-0.0052854833 	 -0.041492855 	-1161.8945 	-635.40487 	 -0.43155115 	1.4622879e-05 	2.5059378e-06 	 -2.2483739 	3.8013375e-06 	4.6883096e-09 		0.00625 -2.5491953e-07 -1.3991428e-07 100000 1
0.0075 111643.52 	-3.180989 	-0.20881659 	 175449.29 	-1.2953308 	0.038217632 	 -9.8957799e-09 	-0.0050116555 	0.028485661 	 -2.9065153e-08 	-0.0034701101 	-0.0051421676 	 -0.042543355 	-1137.4753 	-597.83754 	 -0.40747098 	1.5351921e-05 	2.1082301e-06 	 -2.1692005 	4.2386446e-06 	-1.3579097e-07 		0.0075 -2.4080914e-07 -1.3630663e-07 100000 1
0.00875 108742.58 	-3.2286783 	-0.1740419 	 174073.18 	-1.3302873 	0.047417683 	 -9.5913223e-09 	-0.0048694877 	0.028579821 	 -2.9449398e-08 	-0.0033356589 	-0.0050264734 	 -0.043253328 	-1114.6822 	-569.64383 	 -0.38414913 	1.5827812e-05 	1.7668665e-06 	 -2.0904285 	4.5851055e-06 	-2.3296838e-07 		0.00875 -2.2657541e-07 -1.3243252e-07 100000 1
0.01 105626.66 	-3.2697959 	-0.15218013 	 172800.23 	-1.3677579 	0.05383533 	 -9.1719106e-09 	-0.0046095079 	0.028684917 	 -2.9291163e-08 	-0.003167153 	-0.0049017773 	 -0.043898445 	-1089.756 	-531.36981 	 -0.35971844 	1.6254577e-05 	1.5543783e-06 	 -2.0059689 	4.9509879e-06 	-3.0267426e-07 		0.01 -2.1134294e-07 -1.2786792e-07 100000 1
0.01125 102100.76 	-3.2979653 	-0.13787542 	 171544.53 	-1.4040794 	0.059445046 	 -8.6161743e-09 	-0.0042484341 	0.028789528 	 -2.8628882e-08 	-0.0029640819 	-0.0047768387 	 -0.044373432 	-1058.6522 	-484.35399 	 -0.33351989 	1.6574016e-05 	1.4179803e-06 	 -1.9135374 	5.2962635e-06 	-3.6580371e-07 		0.01125 -1.9461827e-07 -1.2240989e-07 100000 1
0.0125 98351.816 	-3.3019473 	-0.1298715 	 170050.73 	-1.4341161 	0.060243194 	 -8.2572679e-09 	-0.0039489183 	0.028882842 	 -2.7972209e-08 	-0.0027821852 	-0.0046710391 	 -0.044543296 	-1021.947 	-442.89851 	 -0.30684617 	1.666758e-05 	1.3454242e-06 	 -1.817099 	5.5776179e-06 	-3.8326447e-07 		0.0125 -1.7701433e-07 -1.1641123e-07 100000 1
0.01375 95661.195 	-3.3121364 	-0.10768376 	 168204.25 	-1.4536506 	0.059817456 	 -8.4100202e-09 	-0.0039673676 	0.028958637 	 -2.8517146e-08 	-0.0027176582 	-0.0045917368 	 -0.044795745 	-997.68029 	-431.06069 	 -0.28501744 	1.6780067e-05 	1.1295985e-06 	 -1.7385787 	5.7701721e-06 	-3.8615393e-07 		0.01375 -1.6256606e-07 -1.1199951e-07 100000 1
0.015 92563.088 	-3.308254 	-0.094637879 	 166425.31 	-1.4680624 	0.061185691 	 -8.2300202e-09 	-0.0037911355 	0.029032178 	 -2.814597e-08 	-0.0025933339 	-0.0045097672 	 -0.044848921 	-967.15499 	-403.80067 	 -0.26107305 	1.6780361e-05 	1.0049749e-06 	 -1.6496121 	5.8919368e-06 	-4.0775981e-07 		0.015 -1.4615888e-07 -1.0619012e-07 100000 1
0.01625 89381.476 	-3.3014702 	-0.082212051 	 164646.12 	-1.4811827 	0.062924087 	 -8.0013622e-09 	-0.003590275 	0.029103892 	 -2.7650684e-08 	-0.0024610517 	-0.0044286504 	 -0.044859092 	-935.21898 	-374.70776 	 -0.23673541 	1.6756899e-05 	8.8667267e-07 	 -1.5588 	5.9975912e-06 	-4.3342256e-07 		0.01625 -1.2939563e-07 -1.001572e-07 100000 1
0.0175 85407.908 	-3.2639267 	-0.074429117 	 162859.33 	-1.4778191 	0.068231109 	 -7.3547901e-09 	-0.0031826328 	0.029154719 	 -2.6024454e-08 	-0.002266578 	-0.0043603508 	 -0.044419351 	-889.09487 	-331.04776 	 -0.20894166 	1.647886e-05 	8.1633076e-07 	 -1.4505238 	5.9023761e-06 	-4.9912231e-07 		0.0175 -1.0922095e-07 -9.1864838e-08 100000 1
0.01875 83069.723 	-3.2637402 	-0.05305061 	 161111.41 	-1.4796499 	0.067039835 	 -7.6746547e-09 	-0.0033064675 	0.029224208 	 -2.6803661e-08 	-0.0022613787 	-0.0042951722 	 -0.044556854 	-867.05716 	-330.41085 	 -0.18971506 	1.6493121e-05 	6.0830087e-07 	 -1.3772327 	5.9043314e-06 	-4.9574122e-07 		0.01875 -9.5592101e-08 -8.7405644e-08 100000 1
0.02 80219.108 	-3.231799 	-0.042173551 	 159471.36 	-1.4660617 	0.069179246 	 -7.3846547e-09 	-0.0031698148 	0.029275784 	 -2.6412485e-08 	-0.0021713771 	-0.0042383319 	 -0.044224325 	-835.52865 	-310.9797 	 -0.16769202 	1.6241297e-05 	5.0429499e-07 	 -1.2899999 	5.7419784e-06 	-5.2597063e-07 		0.02 -7.9184665e-08 -8.1563065e-08 100000 1
0.02125 77368.493 	-3.1998579 	-0.031296492 	 157831.3 	-1.4524734 	0.071318658 	 -7.0946547e-09 	-0.0030331621 	0.029327359 	 -2.6021309e-08 	-0.0020813756 	-0.0041814917 	 -0.043891795 	-804.00015 	-291.54855 	 -0.14566898 	1.5989474e-05 	4.002891e-07 	 -1.2027671 	5.5796255e-06 	-5.5620004e-07 		0.02125 -6.2777229e-08 -7.5720485e-08 100000 1
0.0225 73667.626 	-3.1178234 	-0.028292438 	 156479.75 	-1.4147026 	0.079519698 	 -5.986462e-09 	-0.0025926061 	0.029344443 	 -2.4138754e-08 	-0.0018891345 	-0.0041466636 	 -0.042810029 	-755.93072 	-252.02609 	 -0.11984108 	1.5329088e-05 	3.7510136e-07 	 -1.0962551 	5.1565133e-06 	-6.5046969e-07 		0.0225 -4.2404877e-08 -6.8097029e-08 100000 1
0.02375 71768.473 	-3.1013782 	-0.015815789 	 155277.64 	-1.397574 	0.074839309 	 -6.2620968e-09 	-0.0027896593 	0.02941752 	 -2.5398946e-08 	-0.0019267858 	-0.0040853064 	 -0.042755467 	-738.04966 	-258.75359 	 -0.10358095 	1.520246e-05 	2.5443803e-07 	 -1.0307203 	4.9895356e-06 	-6.1178198e-07 		0.02375 -3.0058236e-08 -6.4882131e-08 100000 1
0.025 69343.017 	-3.0443311 	-0.0094543181 	 154448.06 	-1.3702799 	0.075345898 	 -5.8668027e-09 	-0.0026848252 	0.029463407 	 -2.5049535e-08 	-0.0018636067 	-0.0040431784 	 -0.042059467 	-708.85926 	-245.82957 	 -0.084686146 	1.4735518e-05 	1.9356509e-07 	 -0.95161361 	4.7013003e-06 	-6.2517845e-07 		0.025 -1.4876362e-08 -6.0154327e-08 100000 1
0.02625 66917.561 	-2.9872841 	-0.0030928475 	 153618.49 	-1.3429858 	0.075852486 	 -5.4715086e-09 	-0.002579991 	0.029509294 	 -2.4700123e-08 	-0.0018004277 	-0.0040010505 	 -0.041363467 	-679.66886 	-232.90555 	 -0.065791347 	1.4268577e-05 	1.3269215e-07 	 -0.87250694 	4.413065e-06 	-6.3857492e-07 		0.02625 3.0551176e-10 -5.5426522e-08 100000 1
0.0275 64032.608 	-2.8968335 	0.0014011587 	 153277.24 	-1.3078595 	0.080823269 	 -4.6082733e-09 	-0.0022736433 	0.029531087 	 -2.3144702e-08 	-0.001664589 	-0.0039783476 	 -0.040139853 	-640.25078 	-207.62642 	 -0.044976059 	1.3533501e-05 	9.0073943e-08 	 -0.78316711 	4.0252375e-06 	-6.9854054e-07 		0.0275 1.7699192e-08 -4.9680655e-08 100000 1
0.02875 62226.291 	-2.8506777 	0.0081490659 	 152995.52 	-1.2887655 	0.074770603 	 -4.6556227e-09 	-0.0023703296 	0.029604702 	 -2.3784869e-08 	-0.0016849584 	-0.003924434 	 -0.039623843 	-620.66704 	-209.95367 	 -0.029867975 	1.3161392e-05 	2.4848866e-08 	 -0.71865102 	3.8308178e-06 	-6.4630669e-07 		0.02875 3.0071469e-08 -4.656608e-08 100000 1
0.03 60331.187 	-2.7836646 	0.010171691 	 153441.15 	-1.2640559 	0.070774899 	 -4.3436248e-09 	-0.0023200502 	0.029667187 	 -2.3490026e-08 	-0.0016542907 	-0.0038844924 	 -0.038785509 	-596.63381 	-203.98169 	 -0.014716781 	1.2615282e-05 	5.5955481e-09 	 -0.65276709 	3.5703944e-06 	-6.1368896e-07 		0.03 4.3025385e-08 -4.3043235e-08 100000 1
0.03125 58408.246 	-2.7142646 	0.011832633 	 153937.28 	-1.2386441 	0.067136664 	 -3.9889189e-09 	-0.0022517026 	0.029727871 	 -2.3087084e-08 	-0.0016170518 	-0.0038461509 	 -0.037909803 	-571.8902 	-196.89945 	 0.00054960377 	1.2049459e-05 	-1.0126805e-08 	 -0.58628944 	3.3015709e-06 	-5.8463307e-07 		0.03125 5.6120468e-08 -3.9440853e-08 100000 1
0.0325 56256.28 	-2.6269934 	0.011862421 	 154959.31 	-1.2085501 	0.065342653 	 -3.3747054e-09 	-0.0020698693 	0.029775023 	 -2.1948404e-08 	-0.0015338616 	-0.0038202796 	 -0.036755784 	-541.28699 	-182.93395 	 0.016595801 	1.1347055e-05 	-1.011638e-08 	 -0.51572388 	2.9692094e-06 	-5.7475568e-07 		0.0325 7.0249328e-08 -3.5388964e-08 100000 1
0.03375 54658.336 	-2.5576999 	0.0097080689 	 156163.56 	-1.1866795 	0.057226332 	 -3.1441713e-09 	-0.0020772996 	0.029860127 	 -2.1858246e-08 	-0.0015325169 	-0.0037734896 	 -0.035910221 	-521.26485 	-182.11935 	 0.029854308 	1.0790048e-05 	1.1507333e-08 	 -0.45716753 	2.7286795e-06 	-5.0088237e-07 		0.03375 8.1979929e-08 -3.2506005e-08 100000 1
0.035 53316.284 	-2.4922 	0.0087818046 	 157973.76 	-1.1655814 	0.049743976 	 -3.0373858e-09 	-0.0021012002 	0.029947082 	 -2.1773198e-08 	-0.0015441495 	-0.0037233961 	 -0.035108926 	-504.15984 	-183.68227 	 0.041429694 	1.0261651e-05 	2.0450302e-08 	 -0.40640962 	2.5002657e-06 	-4.3219365e-07 		0.035 9.2387716e-08 -3.0192861e-08 100000 1
0.03625 51875.829 	-2.4192353 	0.0082834634 	 160082.29 	-1.1416991 	0.044325976 	 -2.817974e-09 	-0.002059052 	0.03002281 	 -2.1265551e-08 	-0.0015299545 	-0.0036801036 	 -0.034180456 	-484.13827 	-181.32452 	 0.053271949 	9.6743564e-06 	2.4877949e-08 	 -0.3544827 	2.238854e-06 	-3.8414012e-07 		0.03625 1.0316337e-07 -2.7690848e-08 100000 1
0.0375 50345.019 	-2.3380881 	0.0084212995 	 162611.78 	-1.1150307 	0.040517625 	 -2.5006827e-09 	-0.001954242 	0.030086814 	 -2.0346753e-08 	-0.0014885933 	-0.0036437413 	 -0.0331141 	-461.09934 	-175.14664 	 0.065356363 	9.0270066e-06 	2.2600172e-08 	 -0.30162023 	1.9420037e-06 	-3.5245693e-07 		0.0375 1.1430496e-07 -2.5087317e-08 100000 1
0.03875 48992.536 	-2.2558662 	0.0096439527 	 165774.66 	-1.088713 	0.036943018 	 -2.2982956e-09 	-0.0018670629 	0.030157462 	 -1.9431563e-08 	-0.0014613724 	-0.0036013701 	 -0.032029401 	-440.28402 	-171.30799 	 0.076380086 	8.3815231e-06 	8.8302158e-09 	 -0.25379208 	1.6462903e-06 	-3.2308925e-07 		0.03875 1.2467699e-07 -2.2884276e-08 100000 1
0.04 48117.724 	-2.192627 	0.0098523478 	 168999.28 	-1.0683336 	0.030104127 	 -2.3320019e-09 	-0.0019424189 	0.030264508 	 -1.9509365e-08 	-0.001512065 	-0.0035360434 	 -0.031260216 	-429.56827 	-179.18819 	 0.085008016 	7.8804757e-06 	5.3798565e-09 	 -0.21767694 	1.4274821e-06 	-2.5980753e-07 		0.04 1.3273354e-07 -2.1600987e-08 100000 1
0.04125 47103.785 	-2.1176387 	0.010089883 	 172996.35 	-1.0425689 	0.025960892 	 -2.0684725e-09 	-0.0019095693 	0.030352262 	 -1.8957012e-08 	-0.0015140241 	-0.0034835358 	 -0.03028951 	-413.86925 	-180.43396 	 0.093778912 	7.2851227e-06 	1.3710329e-09 	 -0.18196312 	1.1456585e-06 	-2.2339106e-07 		0.04125 1.4107963e-07 -2.0240294e-08 100000 1
0.0425 46074.065 	-2.0407727 	0.010342456 	 177148.29 	-1.0161218 	0.022080402 	 -1.7638579e-09 	-0.0018619737 	0.030437187 	 -1.8317218e-08 	-0.0015081472 	-0.0034328471 	 -0.029287055 	-397.44643 	-180.66214 	 0.10254105 	6.6761532e-06 	-2.880494e-09 	 -0.14652766 	8.5502018e-07 	-1.8963153e-07 		0.0425 1.4944237e-07 -1.8898633e-08 100000 1
0.04375 45022.078 	-1.9489727 	0.01035886 	 182875.44 	-0.98400158 	0.020146193 	 -1.0997659e-09 	-0.0017117709 	0.030506782 	 -1.7076889e-08 	-0.0014494971 	-0.0033924459 	 -0.028036763 	-376.91599 	-174.42904 	 0.11069027 	5.9617414e-06 	-5.7662342e-09 	 -0.1164275 	4.9177078e-07 	-1.7546541e-07 		0.04375 1.5746329e-07 -1.7923602e-08 100000 1
0.045 44580.617 	-1.8848997 	0.0090282462 	 187832.42 	-0.95974097 	0.014382423 	 -9.3422155e-10 	-0.0018225862 	0.030644227 	 -1.7400116e-08 	-0.0015356693 	-0.0033100244 	 -0.027267712 	-372.84562 	-188.66161 	 0.11670378 	5.4572179e-06 	5.385075e-09 	 -0.095885412 	2.4033438e-07 	-1.2194637e-07 		0.045 1.6321514e-07 -1.7631361e-08 100000 1
0.04625 43956.604 	-1.8078174 	0.0084185462 	 194158.21 	-0.92821156 	0.011728482 	 -5.3128038e-10 	-0.0017994174 	0.030756846 	 -1.6895998e-08 	-0.0015488 	-0.0032433956 	 -0.026265889 	-362.06029 	-193.59858 	 0.12246602 	4.8530532e-06 	9.205075e-09 	 -0.079717023 	-8.9371502e-08 	-9.9302836e-08 		0.04625 1.6882021e-07 -1.7683522e-08 100000 1
0.0475 43332.591 	-1.730735 	0.0078088462 	 200484.01 	-0.89668215 	0.0090745404 	 -1.283392e-10 	-0.0017762486 	0.030869464 	 -1.639188e-08 	-0.0015619307 	-0.0031767668 	 -0.025264065 	-351.27497 	-198.53554 	 0.12822827 	4.2488885e-06 	1.3025075e-08 	 -0.063548634 	-4.1907738e-07 	-7.6659307e-08 		0.0475 1.7442529e-07 -1.7735683e-08 100000 1
0.04875 42566.09 	-1.6365815 	0.0082981508 	 208985.35 	-0.85790398 	0.0089836639 	 4.6005778e-10 	-0.0016131039 	0.030951729 	 -1.4913659e-08 	-0.0014753889 	-0.0031254728 	 -0.023963175 	-333.14157 	-190.89108 	 0.13337348 	3.5285028e-06 	5.1672576e-09 	 -0.055639987 	-8.3795984e-07 	-7.9668469e-08 		0.04875 1.7953306e-07 -1.8536733e-08 100000 1
0.05 42511.66 	-1.5704297 	0.0064327864 	 216035.81 	-0.82660297 	0.0059050169 	 6.533187e-10 	-0.0017372807 	0.031131613 	 -1.534108e-08 	-0.001598245 	-0.0030210651 	 -0.023173661 	-336.6461 	-212.62075 	 0.13704431 	3.0123878e-06 	2.1413361e-08 	 -0.052166789 	-1.1513761e-06 	-5.2076053e-08 		0.05 1.8299477e-07 -1.949593e-08 100000 1
0.05125 42206.476 	-1.4937768 	0.0056618335 	 225093.96 	-0.79054415 	0.0048948992 	 1.0150834e-09 	-0.0017211717 	0.031275743 	 -1.4850492e-08 	-0.001622685 	-0.0029298014 	 -0.022167366 	-332.34232 	-222.0898 	 0.13998533 	2.4199531e-06 	2.6793361e-08 	 -0.058321136 	-1.5159055e-06 	-4.4878994e-08 		0.05125 1.857279e-07 -2.1289914e-08 100000 1
0.0525 41901.292 	-1.4171239 	0.0048908806 	 234152.12 	-0.75448533 	0.0038847816 	 1.3768481e-09 	-0.0017050628 	0.031419873 	 -1.4359904e-08 	-0.001647125 	-0.0028385376 	 -0.021161072 	-328.03854 	-231.55885 	 0.14292634 	1.8275184e-06 	3.2173361e-08 	 -0.064475483 	-1.8804349e-06 	-3.7681935e-08 		0.0525 1.8846103e-07 -2.3083897e-08 100000 1
0.05375 41454.113 	-1.3309803 	0.0049854036 	 245112.66 	-0.71526888 	0.0038368239 	 1.8017663e-09 	-0.0016114707 	0.031538223 	 -1.3250961e-08 	-0.0015914033 	-0.0027500343 	 -0.019974819 	-318.91632 	-230.58414 	 0.14514232 	1.1758099e-06 	2.8599037e-08 	 -0.08017151 	-2.286058e-06 	-4.0021791e-08 		0.05375 1.9044437e-07 -2.5729622e-08 100000 1
0.055 41609.293 	-1.2591367 	0.0031186144 	 255240.43 	-0.67937484 	0.0026728701 	 2.0934111e-09 	-0.0016712794 	0.031742122 	 -1.3348182e-08 	-0.0017034535 	-0.0026244826 	 -0.019067707 	-327.6601 	-254.69975 	 0.14666643 	6.2314173e-07 	4.4915621e-08 	 -0.097538729 	-2.6433593e-06 	-3.0826303e-08 		0.055 1.9162802e-07 -2.8394287e-08 100000 1
0.05625 41542.246 	-1.1825306 	0.0026288155 	 267385.45 	-0.64068085 	0.0021988938 	 2.4384046e-09 	-0.0016665221 	0.031915997 	 -1.2958649e-08 	-0.0017418108 	-0.0024947323 	 -0.018030358 	-333.37659 	-270.24993 	 0.14700576 	3.4116384e-08 	4.770115e-08 	 -0.12853547 	-3.0233113e-06 	-2.8179694e-08 		0.05625 1.9148034e-07 -3.2068995e-08 100000 1
0.0575 41457.023 	-1.1054777 	0.0022310449 	 279645.71 	-0.60179849 	0.0017759527 	 2.7878164e-09 	-0.0016565022 	0.032087325 	 -1.2528649e-08 	-0.0017742993 	-0.0023652342 	 -0.016982593 	-338.71515 	-285.04604 	 0.14729359 	-5.5811891e-07 	4.9572326e-08 	 -0.1602052 	-3.4051348e-06 	-2.6030988e-08 		0.0575 1.9127545e-07 -3.5795715e-08 100000 1
0.05875 41251.75 	-1.0224879 	0.002694349 	 293370.91 	-0.56085671 	0.0017046351 	 3.1289004e-09 	-0.001612902 	0.032233485 	 -1.1726006e-08 	-0.0017407356 	-0.0022307904 	 -0.015814102 	-342.06674 	-290.48975 	 0.14692865 	-1.1901393e-06 	4.2725405e-08 	 -0.20058503 	-3.8117647e-06 	-2.7330989e-08 		0.05875 1.9033471e-07 -4.0219264e-08 100000 1
0.06 41402.798 	-0.943107 	0.0025110771 	 307458.89 	-0.52044679 	0.001234694 	 3.5028573e-09 	-0.0016210011 	0.032434738 	 -1.1485993e-08 	-0.0018041678 	-0.0020715613 	 -0.014718258 	-357.4365 	-313.06367 	 0.14592855 	-1.7996963e-06 	4.2429282e-08 	 -0.2462892 	-4.2101359e-06 	-2.4411254e-08 		0.06 1.8862996e-07 -4.4979579e-08 100000 1
0.06125 41531.39 	-0.86597384 	0.0021416229 	 322712.24 	-0.47938526 	0.0011007663 	 3.8326839e-09 	-0.0016382891 	0.032653589 	 -1.1288871e-08 	-0.0018693288 	-0.0018887284 	 -0.013632749 	-380.23943 	-337.7354 	 0.14398844 	-2.3977655e-06 	4.4261085e-08 	 -0.30219347 	-4.6028583e-06 	-2.4568238e-08 		0.06125 1.8580366e-07 -5.0402608e-08 100000 1
0.0625 41533.439 	-0.78715031 	0.0020978347 	 338713.32 	-0.43738526 	0.0012826486 	 4.1362133e-09 	-0.0016372713 	0.032858745 	 -1.0869636e-08 	-0.0018936213 	-0.001701789 	 -0.012500102 	-402.34497 	-356.48914 	 0.14167404 	-3.0080602e-06 	4.2883438e-08 	 -0.36298568 	-5.0023877e-06 	-2.7816473e-08 		0.0625 1.8254423e-07 -5.6181843e-08 100000 1
0.06375 41423.284 	-0.70592768 	0.0023107298 	 355582.6 	-0.39447193 	0.0017432262 	 4.3810631e-09 	-0.0016311163 	0.033050106 	 -1.0253635e-08 	-0.0018735541 	-0.0015045483 	 -0.011313154 	-425.11606 	-367.89605 	 0.1389068 	-3.6339189e-06 	3.8922128e-08 	 -0.42964738 	-5.4103802e-06 	-3.3787251e-08 		0.06375 1.7876084e-07 -6.2393183e-08 100000 1
0.065 41383.589 	-0.62303563 	0.0023282716 	 374121.74 	-0.35031978 	0.0025484988 	 4.6034799e-09 	-0.0016310757 	0.03326786 	 -9.6628564e-09 	-0.0018582766 	-0.0012778259 	 -0.010080584 	-458.02083 	-382.69004 	 0.13513433 	-4.2718275e-06 	3.6957762e-08 	 -0.50860964 	-5.8283143e-06 	-4.2990318e-08 		0.065 1.7376379e-07 -6.9468139e-08 100000 1
0.06625 41578.801 	-0.54546032 	0.0014902586 	 393120.15 	-0.30705838 	0.0028802863 	 4.9228707e-09 	-0.0016522168 	0.033544843 	 -9.5588152e-09 	-0.0019303907 	-0.0010211641 	 -0.0089218083 	-508.48179 	-414.18196 	 0.13085354 	-4.8786315e-06 	4.3745133e-08 	 -0.59267739 	-6.2288818e-06 	-4.7277804e-08 		0.06625 1.6812865e-07 -7.678149e-08 100000 1
0.0675 41488.747 	-0.4663468 	0.0010641292 	 413382.88 	-0.26300544 	0.0033168157 	 5.1499296e-09 	-0.0016657924 	0.033790144 	 -9.1549917e-09 	-0.0019159868 	-0.00074049454 	 -0.0076968436 	-563.45028 	-429.84189 	 0.12585252 	-5.4968197e-06 	4.6471603e-08 	 -0.68572857 	-6.6306465e-06 	-5.2509451e-08 		0.0675 1.6168354e-07 -8.468896e-08 100000 1
0.06875 41354.855 	-0.38680269 	0.00070520525 	 433843.52 	-0.21877464 	0.0037732652 	 5.35738e-09 	-0.0016822781 	0.034031134 	 -8.7149998e-09 	-0.0018892042 	-0.00045416 	 -0.0064602191 	-619.53917 	-442.94355 	 0.12073141 	-6.1179025e-06 	4.852407e-08 	 -0.78024962 	-7.0336396e-06 	-5.7923371e-08 		0.06875 1.551042e-07 -9.2696021e-08 100000 1
0.07 40805.458 	-0.30284211 	0.00077878629 	 456933.18 	-0.17260263 	0.0042927545 	 5.4023156e-09 	-0.0017255748 	0.034247428 	 -7.9993676e-09 	-0.0017521005 	-9.6207126e-05 	 -0.0050945617 	-693.5966 	-434.06289 	 0.11405397 	-6.7694493e-06 	4.6251096e-08 	 -0.894168 	-7.4492886e-06 	-6.3719338e-08 		0.07 1.4674598e-07 -1.0200572e-07 100000 1
0.07125 40902.559 	-0.23719241 	-0.00063642808 	 476777.07 	-0.13566496 	0.0040844248 	 5.7593547e-09 	-0.0017219392 	0.03452948 	 -8.0703502e-09 	-0.0018176184 	0.00018103202 	 -0.004045516 	-762.59989 	-467.02307 	 0.10881546 	-7.2800062e-06 	5.9144884e-08 	 -0.98592972 	-7.780122e-06 	-6.2154792e-08 		0.07125 1.3907266e-07 -1.1043378e-07 100000 1
0.0725 40752.09 	-0.19516581 	-0.00098990073 	 491010.15 	-0.11269041 	0.0041585154 	 5.8617076e-09 	-0.0017331304 	0.034660886 	 -7.8881149e-09 	-0.0017957617 	0.00035083429 	 -0.0033627037 	-800.88459 	-475.24698 	 0.1056311 	-7.5905709e-06 	6.1751943e-08 	 -1.0408571 	-7.9795338e-06 	-6.3381851e-08 		0.0725 1.3221174e-07 -1.1766959e-07 100000 1
0.07375 40601.62 	-0.15313921 	-0.0013433734 	 505243.23 	-0.089715858 	0.004232606 	 5.9640605e-09 	-0.0017443216 	0.034792292 	 -7.7058796e-09 	-0.001773905 	0.00052063655 	 -0.0026798914 	-839.16929 	-483.47088 	 0.10244673 	-7.9011356e-06 	6.4359002e-08 	 -1.0957844 	-8.1789455e-06 	-6.460891e-08 		0.07375 1.2535082e-07 -1.2490539e-07 100000 1
0.075 39206.752 	-0.13510106 	-0.00030060702 	 515136.44 	-0.081411532 	0.0047219079 	 5.71e-09 	-0.0018006678 	0.034737353 	 -7.2494e-09 	-0.0016479538 	0.0005699195 	 -0.0023672583 	-827.71896 	-459.6562 	 0.10177896 	-7.9638e-06 	5.30025e-08 	 -1.104675 	-8.2195e-06 	-6.9775e-08 		0.075 1.1701069e-07 -1.3308111e-07 100000 1
