# x y z jRe_x jRe_y jRe_z jIm_x jIm_y jIm_z BRe_x BRe_y BRe_z BIm_x BIm_y BIm_z F_x F_y F_z
# 1e-3 1e-3 1e-3 1e+6 1e+6 1e+6 1e+6 1e+6 1e+6 1 1 1 1 1 1 1e+6 1e+6 1e+6
0 -75 19 -1.86445 0.00157386 -0.00182108 -4.45488 -0.0137781 0.00585714 3.50779e-05 0.0082318 0.0395266 5.83546e-05 0.0103593 0.00656723 -3.69796e-05 0.051476 -0.0307482
0 -74.5 19 -1.88578 0.00163256 -0.000396894 -4.33233 -0.0105 0.000488768 1.37232e-05 0.00854574 0.0390878 1.62217e-05 0.0107758 0.00568186 1.13932e-06 0.0491633 -0.0313998
0 -74 19 -1.90576 -0.000100079 0.000108586 -4.19169 0.00114818 0.000797275 -3.47387e-06 0.00894488 0.0384323 -2.81059e-06 0.0112858 0.00444936 -4.35338e-06 0.0459467 -0.0321767
0 -73.5 19 -1.92019 -0.000493563 -0.000386934 -4.05108 0.000663117 0.000570818 -2.66316e-07 0.00937207 0.0376037 3.33351e-06 0.0118227 0.00297129 -9.85583e-06 0.0421215 -0.0329454
0 -73 19 -1.93202 -0.000174824 0.00016046 -3.91113 0.00165382 0.000919161 -1.32309e-06 0.00969939 0.0368131 -6.25814e-07 0.0121392 0.00165069 -8.21004e-06 0.0387899 -0.0331086
0 -72.5 19 -1.93945 0.000212916 0.00022578 -3.77703 0.00153128 0.000435981 -8.10745e-06 0.0100195 0.0360737 -1.71504e-05 0.0124117 0.000480233 3.71275e-07 0.0358885 -0.0331559
0 -72 19 -1.94239 0.000599197 0.000337307 -3.64675 -8.61543e-05 -0.000963386 -9.24928e-06 0.0103212 0.0352943 -2.69706e-05 0.0126737 -0.00067644 1.49674e-05 0.0330443 -0.0331329
0 -71.5 19 -1.94195 -0.000619729 -0.000173175 -3.51969 -0.000354653 -0.000177004 1.51111e-06 0.0105608 0.0345291 3.44262e-06 0.012823 -0.00174448 -8.34073e-06 0.030457 -0.0328207
0 -71 19 -1.93934 0.000836985 -0.00086336 -3.39962 -0.000696818 0.002896 5.47593e-06 0.0107572 0.0338327 4.25925e-06 0.0128664 -0.00267979 1.10553e-06 0.0282515 -0.0323013
0 -70.5 19 -1.93388 0.000238794 -0.00130937 -3.2782 0.000964863 0.00113871 8.79621e-07 0.0109303 0.0330916 4.19552e-06 0.0128824 -0.00363499 2.01864e-06 0.0260395 -0.0316845
0 -70 19 -1.92525 -0.000453601 -0.000753145 -3.15965 -0.000490823 0.000612345 5.77689e-06 0.0110735 0.0323484 1.03467e-05 0.0128444 -0.00454416 -5.98408e-06 0.0239603 -0.0309515
0 -69.5 19 -1.9133 0.000173797 0.000316234 -3.04866 -0.000501869 0.00155078 5.14135e-06 0.01119 0.0316528 3.2294e-06 0.0128088 -0.00534521 -7.60921e-06 0.0221328 -0.0302297
0 -69 19 -1.90108 0.000665347 -0.000600447 -2.93725 -0.00209393 0.00129988 -7.34435e-08 0.0112781 0.030951 -4.40674e-06 0.0126718 -0.0061251 1.18594e-05 0.0204248 -0.0293305
0 -68.5 19 -1.8864 9.67698e-05 -0.000390218 -2.83002 -0.00125113 0.00338764 7.3899e-06 0.0113334 0.030268 -6.46128e-07 0.0125119 -0.00685727 -1.32275e-05 0.0188456 -0.0283941
0 -68 19 -1.86801 0.000254501 -3.94058e-05 -2.72642 -0.000161976 0.00205298 4.1571e-06 0.0113836 0.0295853 -1.50667e-06 0.0123855 -0.0075384 -8.11406e-06 0.0173563 -0.0275164
0 -67.5 19 -1.84893 -1.27589e-06 0.000192915 -2.62464 0.00210121 -0.000306628 -1.0866e-06 0.0114148 0.0289273 2.79554e-06 0.0122202 -0.00817854 -7.83835e-06 0.0160095 -0.0265895
0 -67 19 -1.82864 9.77429e-05 0.000878173 -2.52659 0.00164709 -0.0013203 -4.85459e-06 0.0114226 0.0282821 -2.19784e-06 0.0120168 -0.00878781 -2.93761e-06 0.0147573 -0.0256247
0 -66.5 19 -1.80546 0.000611175 0.000626258 -2.43363 0.0017521 -0.00120878 -8.85703e-06 0.0114486 0.0276632 -6.5794e-06 0.0118763 -0.009339 3.86516e-06 0.0136086 -0.0247862
0 -66 19 -1.78252 -0.000776589 0.000348281 -2.34136 0.000871844 -0.00190381 -3.47509e-06 0.0114027 0.027018 1.81329e-06 0.0116156 -0.00990346 -5.73681e-06 0.0124863 -0.0237609
0 -65.5 19 -1.7567 0.000110153 -0.000304169 -2.25144 0.000847247 0.00104365 3.96499e-07 0.0113603 0.026369 3.15929e-07 0.0113845 -0.010441 -7.18371e-06 0.0114076 -0.0227941
0 -65 19 -1.73041 -0.000146863 0.000253394 -2.16676 0.00161786 -0.000156471 -5.36238e-06 0.0113057 0.0257697 -2.92081e-06 0.0111464 -0.0109096 -1.12777e-05 0.0104769 -0.0218575
0 -64.5 19 -1.70371 -0.000247912 6.14386e-05 -2.0845 -0.00233525 0.00194072 1.23952e-06 0.0112389 0.0251912 -8.23035e-06 0.0108949 -0.0113575 -7.78574e-07 0.00962197 -0.0209291
0 -64 19 -1.67529 -7.67481e-06 -0.000177409 -2.00447 -0.00387125 0.00252886 5.16285e-06 0.0111605 0.0246054 -9.27816e-06 0.0106607 -0.0117902 1.02373e-05 0.00879399 -0.0200331
0 -63.5 19 -1.64798 -0.000527799 0.000337261 -1.92285 0.00175241 -0.00119584 -2.38899e-06 0.011047 0.0240455 5.0944e-06 0.0103641 -0.0121856 -1.26887e-05 0.00809773 -0.0190669
0 -63 19 -1.61809 0.000131789 0.000399315 -1.84716 0.00257575 -0.00138101 -3.93095e-06 0.0109514 0.0235028 7.15735e-06 0.0101126 -0.0125512 -9.8194e-06 0.00742268 -0.0182
0 -62.5 19 -1.58841 -0.000149898 0.000411027 -1.77498 -0.000346127 0.000197389 2.0147e-06 0.0108343 0.0229672 3.54426e-06 0.00985193 -0.0129012 -2.68757e-06 0.00679105 -0.0173482
0 -62 19 -1.55834 7.43678e-05 0.000472057 -1.70482 -0.000200692 -0.000217163 -2.0264e-06 0.0107045 0.0224325 -3.21834e-06 0.00957522 -0.0132338 6.75226e-07 0.00619813 -0.0165026
0 -61.5 19 -1.52836 0.000194536 0.000946289 -1.6347 0.00139136 -0.00196454 -1.48474e-05 0.0105695 0.0219119 -1.51397e-05 0.00929694 -0.0135553 -3.16761e-06 0.00566521 -0.0156758
0 -61 19 -1.49531 -4.19115e-05 8.90208e-05 -1.56934 -0.00105077 -0.000195913 -3.33458e-06 0.0104301 0.0214331 -7.98606e-06 0.00904276 -0.0138236 7.23509e-06 0.00517757 -0.0148937
0 -60.5 19 -1.46329 0.000319765 0.000385513 -1.50574 -0.000334065 0.000275904 -1.61883e-07 0.0102685 0.0209403 -3.71143e-06 0.00876675 -0.0141009 2.51459e-06 0.00470472 -0.0141131
0 -60 19 -1.43077 -0.000290101 -0.00044799 -1.44356 7.33489e-05 0.000826799 4.58097e-06 0.0101109 0.0204629 4.24284e-06 0.00850163 -0.014355 -4.7444e-06 0.00427775 -0.0133695
0 -59.5 19 -1.39807 -0.000399402 -0.000490648 -1.38381 0.00138163 0.0001408 1.46135e-06 0.00994639 0.0200121 6.71982e-06 0.00824413 -0.0145776 -1.22072e-05 0.00390286 -0.012657
0 -59 19 -1.36536 0.000204635 -0.000523599 -1.32582 -0.000162017 0.000832874 2.28446e-06 0.00978521 0.0195733 5.3028e-07 0.00799342 -0.0147921 2.43399e-06 0.00355644 -0.0119791
0 -58.5 19 -1.33185 0.000253699 -0.00040184 -1.27064 -0.00134457 0.00118316 5.55039e-06 0.00961912 0.0191455 -1.56786e-06 0.0077484 -0.0149856 9.85207e-06 0.0032288 -0.0113283
0 -58 19 -1.29883 0.000179428 -0.000592936 -1.21725 -0.000780298 0.00172463 1.06128e-05 0.00945027 0.0187373 5.10503e-06 0.00750844 -0.0151665 3.92527e-06 0.00293758 -0.010707
0 -57.5 19 -1.2654 0.000270201 -0.000326446 -1.16598 0.000111153 0.000855321 4.47623e-06 0.00925613 0.0183389 2.27447e-06 0.00725198 -0.0153287 3.51175e-08 0.00266656 -0.0100842
0 -57 19 -1.23296 -0.000324764 -0.000816847 -1.11529 0.000402659 0.000837566 9.0911e-06 0.0090326 0.0179157 9.74853e-06 0.00695984 -0.0155151 -5.25837e-06 0.00239268 -0.00944953
0 -56.5 19 -1.19968 -0.00039462 -0.000810228 -1.06623 4.36709e-05 0.000918614 8.30559e-06 0.00883193 0.0175069 8.55349e-06 0.0067074 -0.0156777 -3.29942e-06 0.00214333 -0.00887358
0 -56 19 -1.16631 0.000340595 -0.000544631 -1.01982 -0.00116835 0.00119824 8.01351e-06 0.00864534 0.0171501 2.15398e-06 0.00648669 -0.0158043 1.06211e-05 0.00194239 -0.00834922
0 -55.5 19 -1.13255 0.000439995 -0.000938359 -0.975308 -0.000530341 0.00138185 8.54376e-06 0.00845593 0.0168066 4.41646e-06 0.00626795 -0.0159223 7.55619e-06 0.00175256 -0.00784497
0 -55 19 -1.0994 -0.000767444 -0.000501869 -0.931746 0.0014364 0.00111316 8.90587e-06 0.0082524 0.0164502 8.1767e-06 0.00603618 -0.0160469 -1.9126e-05 0.00156686 -0.00734842
0 -54.5 19 -1.06593 -5.18479e-05 -0.000228882 -0.890675 0.00065956 0.000651338 4.1245e-06 0.00804461 0.0161218 2.55722e-06 0.00581268 -0.0161432 -6.71402e-06 0.00140319 -0.0068761
0 -54 19 -1.03262 0.000270557 -1.58748e-05 -0.851135 0.000125052 -7.521e-06 -3.62119e-06 0.00783983 0.0158096 -2.44223e-06 0.00559792 -0.016231 1.20712e-06 0.00125524 -0.00643007
0 -53.5 19 -0.999655 0.000285136 0.000288844 -0.812533 0.000160825 -0.000581572 -8.0761e-06 0.00762412 0.0155085 -3.36997e-06 0.00537625 -0.0163157 1.36127e-06 0.00112304 -0.00599493
0 -53 19 -0.967033 5.39362e-05 0.00010644 -0.77455 -1.38985e-05 -0.000119364 -4.44404e-06 0.00739898 0.0151894 -2.67052e-06 0.00515648 -0.0164067 4.37616e-07 0.000990407 -0.00557451
0 -52.5 19 -0.934809 0.000219254 -0.000134658 -0.738069 -0.000183629 0.000297996 2.35194e-06 0.00719016 0.0149033 1.08163e-06 0.00495341 -0.0164783 2.89281e-06 0.000884813 -0.00518869
0 -52 19 -0.902041 -0.000141311 -0.000259675 -0.703942 5.00122e-05 0.000313219 2.35471e-06 0.00697251 0.0146217 1.2316e-06 0.00475365 -0.0165414 -1.28591e-06 0.00077258 -0.0048179
0 -51.5 19 -0.869945 -6.75931e-05 -0.000251888 -0.670294 9.14082e-05 0.000399414 1.94418e-06 0.00674496 0.0143426 6.58037e-07 0.00454261 -0.0166109 -1.30162e-06 0.000671536 -0.00445631
0 -51 19 -0.83728 0.000319652 0.000241869 -0.638448 -0.000100872 -0.00025228 -1.43081e-05 0.00652711 0.0140889 -1.14508e-05 0.00435634 -0.0166545 2.85192e-06 0.000581659 -0.00412316
0 -50.5 19 -0.80579 -0.000103307 -1.68817e-05 -0.606893 0.000203041 -4.628e-05 -1.14244e-07 0.00631069 0.0138377 8.51355e-07 0.00416688 -0.0167102 -2.26151e-06 0.000504464 -0.00380697
0 -50 19 -0.774316 3.7979e-05 9.33948e-05 -0.576897 0.00020828 -0.00016494 4.46571e-07 0.0060931 0.0136087 1.82948e-06 0.00399186 -0.0167511 -1.44135e-06 0.000436916 -0.00351044
0 -49.5 19 -0.742566 2.85368e-05 0.000171976 -0.548637 -4.14764e-05 -0.000190406 -9.09833e-06 0.00587431 0.0133817 -6.38588e-06 0.00381507 -0.0167862 3.97135e-07 0.000363644 -0.00322757
0 -49 19 -0.711335 -0.000108792 0.000129705 -0.520339 0.000255908 -0.000155132 -6.25502e-06 0.00564968 0.013156 -3.38647e-06 0.00363361 -0.0168259 -2.95312e-06 0.000301574 -0.00295476
0 -48.5 19 -0.680526 -0.000190103 0.000371457 -0.493261 0.000497713 -0.000557743 -1.33061e-05 0.00543773 0.0129507 -7.15942e-06 0.00346967 -0.016845 -5.46532e-06 0.000252175 -0.00270598
0 -48 19 -0.649808 -0.000101219 0.000298293 -0.467217 0.000511819 -0.000465793 -5.80445e-06 0.00520823 0.0127376 -2.38291e-06 0.00330145 -0.0168767 -4.97144e-06 0.000195968 -0.00246342
0 -47.5 19 -0.618969 0.000100491 0.000446814 -0.44242 -0.000128894 -0.000754385 -1.60042e-05 0.00498282 0.0125436 -9.60188e-06 0.00313581 -0.0169002 1.78903e-06 0.000143544 -0.00223578
0 -47 19 -0.58867 0.000143202 0.000305548 -0.418126 -0.000100086 -0.00057175 -1.61916e-05 0.00475464 0.012364 -1.11203e-05 0.00296921 -0.0169206 1.85447e-06 0.000101686 -0.00202021
0 -46.5 19 -0.558575 5.61838e-05 2.56035e-05 -0.394581 -2.90063e-07 -0.000152166 -6.08211e-06 0.00453071 0.0121874 -5.10547e-06 0.00281268 -0.0169366 5.00818e-07 6.2336e-05 -0.00182029
0 -46 19 -0.528655 0.00010521 -0.000113795 -0.371632 1.55382e-05 3.91559e-05 2.88415e-06 0.00430751 0.0120154 2.63995e-07 0.00266228 -0.0169499 6.93345e-07 2.64321e-05 -0.00163329
0 -45.5 19 -0.498778 0.000232189 -0.000138313 -0.349991 -0.000172727 -1.17732e-05 -1.08111e-06 0.00408921 0.011863 -3.23105e-06 0.00251755 -0.0169572 3.13933e-06 -8.95081e-06 -0.00146036
0 -45 19 -0.469406 -0.000169797 -9.21068e-05 -0.32877 3.40715e-05 -0.000203088 -1.01426e-05 0.00386288 0.011721 -6.78419e-06 0.00237386 -0.0169651 -8.65156e-07 -3.78414e-05 -0.00129686
0 -44.5 19 -0.439899 -0.000204485 8.03329e-05 -0.30828 0.00029596 -0.000102307 -5.76342e-06 0.00365216 0.0115867 -2.71039e-06 0.00223928 -0.0169637 -3.72708e-06 -6.62918e-05 -0.00114846
0 -44 19 -0.410886 -0.000166735 -5.57803e-06 -0.288061 0.000471159 0.000255822 4.41685e-06 0.00342741 0.0114419 3.87038e-06 0.00209425 -0.0169713 -5.2103e-06 -9.37321e-05 -0.00100577
0 -43.5 19 -0.38212 -5.46516e-05 -2.12378e-05 -0.268494 0.000415308 0.000123204 3.14075e-06 0.00320113 0.011309 3.35455e-06 0.00195461 -0.0169808 -3.92157e-06 -0.000118932 -0.000874008
0 -43 19 -0.353241 0.000375475 -0.000219822 -0.249661 -0.000165632 -2.33597e-05 5.40142e-06 0.00298092 0.0111947 1.00299e-06 0.00182609 -0.0169809 3.85692e-06 -0.000142523 -0.000754444
0 -42.5 19 -0.324678 0.000197821 -0.000168452 -0.231268 -3.06753e-05 -2.66287e-05 5.16426e-06 0.00274695 0.0110797 1.74177e-06 0.00168738 -0.0169802 1.61016e-06 -0.000164834 -0.000641056
0 -42 19 -0.296387 5.32766e-05 -0.000124394 -0.213802 6.25236e-05 0.000171613 1.02821e-05 0.00252679 0.0109679 6.91453e-06 0.00156246 -0.0169852 -2.15735e-07 -0.000190377 -0.000541484
0 -41.5 19 -0.268259 -0.000105571 -9.23303e-05 -0.196621 1.89211e-06 0.000100732 4.54119e-06 0.00230621 0.0108752 3.5133e-06 0.00143848 -0.0169791 -5.56101e-07 -0.000210534 -0.000450747
0 -41 19 -0.240076 4.56802e-05 -5.73241e-05 -0.179553 -0.000151087 0.000105821 4.08939e-06 0.00209161 0.0108045 1.31501e-06 0.00131861 -0.016965 1.51855e-06 -0.000226109 -0.000369453
0 -40.5 19 -0.21198 9.80085e-05 -0.00011655 -0.163225 0.000178568 4.56545e-05 7.91388e-06 0.00187627 0.0107311 4.2061e-06 0.00119926 -0.0169558 -9.06045e-07 -0.000246413 -0.000296741
0 -40 19 -0.184136 0.000210372 -0.000204439 -0.146829 0.000390451 3.44297e-05 1.16241e-05 0.00165691 0.0106553 6.69355e-06 0.00107693 -0.0169517 -2.03777e-06 -0.000263489 -0.000231613
0 -39.5 19 -0.156669 0.000191712 -0.000228115 -0.130886 0.000185327 3.20196e-05 5.04704e-06 0.00144059 0.0105651 2.21473e-06 0.000959967 -0.0169574 -4.09662e-07 -0.000282129 -0.000175672
0 -39 19 -0.129205 6.16917e-05 -0.000199155 -0.115444 -0.000146329 2.34534e-05 -2.17103e-06 0.00122456 0.0105042 -3.06486e-06 0.000844923 -0.0169516 1.6763e-06 -0.000299884 -0.000127881
0 -38.5 19 -0.101056 0.000208323 -0.00017557 -0.100035 0.000464375 7.15728e-05 1.63884e-05 0.00100857 0.010459 1.03796e-05 0.000735242 -0.0169406 -2.78176e-06 -0.000318853 -8.77401e-05
0 -38 19 -0.0738752 0.000252588 -9.2617e-05 -0.0849101 0.000168261 -5.17586e-06 2.85226e-06 0.000785454 0.0104167 1.19801e-06 0.000618204 -0.016929 -7.07122e-08 -0.000333956 -5.52591e-05
0 -37.5 19 -0.0465052 -2.45877e-05 -0.000110399 -0.0701353 0.000133443 -0.000159703 -2.98851e-06 0.000572165 0.0103664 -1.33167e-06 0.000508617 -0.0169242 -1.18445e-06 -0.000352445 -3.11403e-05
0 -37 19 -0.0194374 -0.000145038 -6.03681e-05 -0.0556539 -0.000350119 -6.9469e-05 1.81664e-06 0.000353665 0.0103525 -4.17732e-09 0.000399285 -0.0169061 2.23335e-06 -0.000369832 -1.45479e-05
0 -36.5 19 0.00801848 0.000135279 -0.000122272 -0.0408705 2.21826e-05 -0.000160515 5.7685e-06 0.000131712 0.0103166 1.94865e-06 0.000287368 -0.0169026 5.41452e-07 -0.000386771 -5.34477e-06
0 -36 19 0.0352258 -0.000263643 -0.000185321 -0.0265457 -0.000367361 -0.000190354 2.35961e-06 -8.34786e-05 0.0102971 -5.21645e-07 0.000177488 -0.0168942 1.75491e-06 -0.000405595 -3.82585e-06
0 -35.5 19 0.0625195 -0.000338838 -0.000229577 -0.0117745 -0.00071588 -0.000187792 -4.46932e-06 -0.00029482 0.0102819 -5.83545e-06 6.8188e-05 -0.0168853 4.27454e-06 -0.000420815 -9.62027e-06
0 -35 19 0.0894272 -0.000246019 -0.000107895 0.00275008 -0.000136048 -4.08912e-05 -1.123e-06 -0.000514442 0.0102743 -1.1631e-06 -4.29417e-05 -0.016876 -1.44494e-07 -0.000436194 -2.30618e-05
0 -34.5 19 0.116824 0.00018203 -2.45254e-05 0.0168617 0.000358073 5.24865e-06 5.08743e-06 -0.00072106 0.0102679 3.26376e-06 -0.000145074 -0.0168684 -2.09399e-06 -0.000457553 -4.33427e-05
0 -34 19 0.144071 0.000273256 -7.77384e-05 0.0313186 0.000313757 -0.000130238 1.23349e-05 -0.000932521 0.0102734 6.47186e-06 -0.000250651 -0.0168599 -1.2939e-06 -0.000476036 -7.11024e-05
0 -33.5 19 0.171321 1.23767e-05 -0.000200751 0.0454658 -0.000146854 -0.000202089 -3.53588e-06 -0.00115332 0.0102744 -3.60728e-06 -0.000361161 -0.016857 1.14908e-06 -0.000496899 -0.000107004
0 -33 19 0.198625 -0.000203218 -0.000228688 0.0600935 4.51377e-05 -0.000232197 -3.63821e-06 -0.00137674 0.0103026 -1.41346e-06 -0.000473827 -0.0168413 -1.63936e-06 -0.000517151 -0.000150964
0 -32.5 19 0.226014 -0.000178974 -0.000106793 0.0746063 0.000148162 -0.000126147 2.59339e-06 -0.00158069 0.0103338 2.72215e-06 -0.000576494 -0.0168283 -2.29216e-06 -0.000540039 -0.000200134
0 -32 19 0.253367 -7.49532e-05 1.3196e-05 0.0892554 0.000307121 -5.51986e-05 7.24779e-06 -0.00179062 0.0103659 5.34239e-06 -0.000683174 -0.0168161 -2.9778e-06 -0.000562723 -0.000257331
0 -31.5 19 0.280742 7.79011e-06 -6.03279e-05 0.103744 -0.00013298 -1.16608e-05 -4.97225e-06 -0.00200437 0.0104047 -3.99997e-06 -0.000792603 -0.0168043 1.09276e-06 -0.00058885 -0.00032247
0 -31 19 0.307916 -0.000151793 -6.75406e-05 0.11891 -0.000395893 -5.06117e-05 -3.96757e-06 -0.00222031 0.0104673 -4.39535e-06 -0.000905457 -0.0167812 2.42944e-06 -0.000613804 -0.00039567
0 -30.5 19 0.335785 -0.000276821 -0.000196255 0.133906 7.21104e-05 -3.83258e-05 -7.07029e-06 -0.00242085 0.0105144 -3.03991e-06 -0.00100814 -0.0167719 -2.31689e-06 -0.000642359 -0.000473942
0 -30 19 0.363402 0.000192921 -0.000284376 0.149346 0.000422675 -0.000206066 -5.23461e-06 -0.00263326 0.0105734 -2.20052e-06 -0.00111931 -0.0167596 -3.01177e-06 -0.000669697 -0.000562047
0 -29.5 19 0.391515 3.86253e-06 7.06892e-05 0.165146 0.000440403 -0.000197226 8.71312e-06 -0.00284694 0.0106261 6.43664e-06 -0.00123348 -0.0167536 -3.68966e-06 -0.000696739 -0.000659163
0 -29 19 0.419357 -0.000149505 0.000120694 0.181142 0.0001325 -7.00322e-05 8.91939e-06 -0.00306142 0.0107066 5.02104e-06 -0.00134924 -0.0167334 -1.77144e-06 -0.00072939 -0.000764116
0 -28.5 19 0.447222 -0.000198625 2.44825e-05 0.197339 9.31504e-05 -0.000156642 8.16782e-06 -0.0032769 0.0108029 4.68897e-06 -0.00146787 -0.0167081 -1.9259e-06 -0.000767073 -0.000877583
0 -28 19 0.475474 4.93145e-05 0.000126772 0.213944 0.000268036 -0.00036793 1.58952e-05 -0.00347649 0.0108937 1.0902e-05 -0.00157716 -0.0166911 -2.03808e-06 -0.000804349 -0.000995206
0 -27.5 19 0.503696 5.35332e-05 -2.22237e-05 0.231286 0.000103342 -0.000210788 3.89656e-06 -0.0036956 0.01099 3.04993e-06 -0.00170117 -0.0166705 -7.87577e-07 -0.000839976 -0.00112746
0 -27 19 0.532246 -5.59164e-05 -0.000149181 0.248956 -9.0173e-05 0.000145635 -7.25442e-06 -0.00391053 0.0111054 -4.1675e-06 -0.00182469 -0.0166425 2.81046e-07 -0.000883774 -0.00126781
0 -26.5 19 0.56116 -0.000184144 -0.000285581 0.266509 -3.86662e-05 0.000401544 -1.62313e-05 -0.00410823 0.0111993 -1.09185e-05 -0.00194039 -0.0166309 -9.06658e-07 -0.000926155 -0.00141125
0 -26 19 0.589977 6.97263e-05 -0.000235545 0.285368 0.000194978 0.000217131 -6.39988e-06 -0.00432016 0.0113139 -4.4182e-06 -0.00206757 -0.0166076 -1.50896e-06 -0.000967823 -0.00156941
0 -25.5 19 0.619029 3.02947e-05 -0.000120047 0.304312 0.000353646 2.37633e-05 3.80474e-06 -0.00452928 0.0114501 2.58995e-06 -0.00219432 -0.0165764 -3.00343e-06 -0.00102178 -0.00173576
0 -25 19 0.64786 -0.000299167 -3.40327e-05 0.324472 0.000434663 1.05905e-05 2.56877e-06 -0.00474588 0.0116167 1.98465e-06 -0.00232943 -0.0165273 -5.39801e-06 -0.00108169 -0.00191525
0 -24.5 19 0.677367 -7.53448e-05 3.91e-05 0.344448 0.000218138 6.55538e-06 1.21907e-06 -0.00495322 0.0117547 2.92124e-07 -0.00246107 -0.0165003 -2.13759e-06 -0.0011394 -0.00210143
0 -24 19 0.706911 -0.000240551 4.51289e-05 0.365248 0.000428269 -2.44212e-05 3.69793e-06 -0.00515633 0.011899 4.37506e-06 -0.00259243 -0.0164715 -4.8736e-06 -0.00119768 -0.00229598
0 -23.5 19 0.736706 0.000125615 9.12085e-05 0.386798 -1.82461e-05 -0.00022271 2.3808e-06 -0.00536089 0.0120508 1.74885e-06 -0.00272945 -0.0164373 8.47381e-07 -0.00125998 -0.00250257
0 -23 19 0.767057 0.000305352 0.000166527 0.408223 -0.000485431 -0.000401878 4.17458e-06 -0.00554809 0.0121957 2.99655e-06 -0.00285465 -0.016411 5.73352e-06 -0.00132772 -0.00271052
0 -22.5 19 0.796748 0.000196714 -6.49337e-06 0.431936 -0.000187447 -3.72992e-05 2.04501e-06 -0.00575109 0.012381 8.63167e-07 -0.00299843 -0.0163554 2.67605e-06 -0.00140004 -0.00293865
0 -22 19 0.826416 -8.38542e-05 -2.08613e-05 0.456982 0.000272024 -1.85066e-05 6.17853e-06 -0.00597946 0.0126113 5.03535e-06 -0.00316298 -0.0162804 -2.83473e-06 -0.00149114 -0.00319347
0 -21.5 19 0.857192 3.12338e-05 -0.000263405 0.480981 3.06104e-05 0.000514069 -1.5604e-06 -0.00618024 0.0127942 5.47295e-07 -0.00330804 -0.0162421 -1.24572e-08 -0.00157748 -0.00344438
0 -21 19 0.887837 1.19019e-06 -0.000454135 0.506616 -0.000139473 0.000952256 -7.85034e-06 -0.00639581 0.0130032 -4.05418e-06 -0.00346988 -0.0161801 1.3359e-06 -0.00167382 -0.00371817
0 -20.5 19 0.918444 6.61712e-06 0.000401059 0.533682 -0.000354996 -0.000650601 1.26627e-05 -0.00657171 0.0132247 7.9578e-06 -0.00361073 -0.0161096 3.04642e-06 -0.0017744 -0.00398136
0 -20 19 0.950099 0.00019306 -3.88085e-05 0.559375 0.000218856 3.88153e-05 -4.42341e-06 -0.0067709 0.0134134 -3.01082e-06 -0.00376454 -0.0160662 -5.21616e-07 -0.00187852 -0.00426941
0 -19.5 19 0.981348 0.000221411 -5.96677e-06 0.587815 -0.000468376 6.45484e-05 -4.67774e-06 -0.0069541 0.0136523 -4.36073e-06 -0.00392104 -0.0159917 5.36224e-06 -0.00199873 -0.00456462
0 -19 19 1.01287 -0.000234377 -8.08386e-05 0.617219 0.000325274 0.000193951 -3.43606e-06 -0.00715733 0.0139033 -1.12489e-06 -0.00409036 -0.0159103 -4.10955e-06 -0.00213105 -0.00488705
0 -18.5 19 1.04459 -0.000158061 -0.00040745 0.647378 0.000536037 0.000724454 -9.45987e-06 -0.0073418 0.0141476 -5.97825e-06 -0.00424807 -0.0158356 -5.31926e-06 -0.00226342 -0.00520964
0 -18 19 1.07595 1.26652e-05 -0.000577704 0.679325 0.000139184 0.00110129 -1.598e-05 -0.00753261 0.0144264 -1.19514e-05 -0.00442277 -0.0157295 -7.43712e-07 -0.00241829 -0.00555459
0 -17.5 19 1.10809 0.000286483 -0.000112587 0.710922 -0.000831696 0.000582575 -6.05517e-06 -0.00771541 0.0146703 -3.02887e-06 -0.00459528 -0.0156497 9.5135e-06 -0.00256517 -0.00590815
0 -17 19 1.14045 -1.77519e-05 -3.60087e-05 0.744561 -6.71926e-05 0.000366928 1.00588e-06 -0.00788907 0.0149528 3.22707e-06 -0.00476354 -0.0155469 1.1215e-06 -0.0027387 -0.00627193
0 -16.5 19 1.17223 -7.7712e-05 -0.00038574 0.779825 0.000522433 0.000627105 -3.8857e-06 -0.0080601 0.0152476 -3.44543e-06 -0.0049351 -0.0154292 -4.62995e-06 -0.00292083 -0.00664839
0 -16 19 1.2042 0.000152099 -0.000657749 0.815552 0.000233204 0.0012277 -1.72665e-05 -0.00824007 0.015553 -1.30464e-05 -0.00511813 -0.0153105 -1.70622e-07 -0.00312127 -0.00704841
0 -15.5 19 1.23629 -0.000147103 -0.000217832 0.853139 0.00124383 0.000793248 -2.72287e-06 -0.00840409 0.0158495 7.57251e-07 -0.00529824 -0.0151826 -9.42199e-06 -0.00332087 -0.00745503
0 -15 19 1.26876 -0.00024539 -0.000150163 0.892156 7.47703e-05 0.000788045 -3.63417e-06 -0.00855442 0.0161738 -2.99004e-06 -0.00546561 -0.0150467 -1.03567e-06 -0.00354834 -0.00786485
0 -14.5 19 1.30111 -5.16471e-05 -1.95949e-06 0.932854 -0.000397923 0.000396577 -5.58385e-07 -0.00870962 0.016513 -2.07123e-06 -0.00565246 -0.0148947 3.64933e-06 -0.00379532 -0.00830254
0 -14 19 1.33373 -4.42323e-05 -0.000621632 0.974595 0.000680785 0.00148709 -8.92631e-06 -0.00886827 0.0168627 -6.33812e-06 -0.00584047 -0.0147384 -3.80352e-06 -0.00406315 -0.00875998
0 -13.5 19 1.36608 -0.000205573 -0.000357152 1.01771 0.000387503 0.00108706 -4.10336e-06 -0.00900805 0.0172151 -4.17196e-06 -0.00602347 -0.0145673 -2.92661e-06 -0.00434591 -0.00921792
0 -13 19 1.39826 -0.000306101 -0.000184062 1.06215 0.000257718 0.00062328 -4.3095e-06 -0.00914777 0.0175844 -4.4885e-06 -0.00621018 -0.0143825 -3.45116e-06 -0.00465558 -0.00969353
0 -12.5 19 1.43006 0.000109233 -0.000285536 1.10811 0.00012492 9.85968e-05 -1.42477e-06 -0.00927869 0.0179611 -3.01326e-06 -0.00639369 -0.0141839 -9.14452e-07 -0.00498397 -0.010177
0 -12 19 1.46167 0.00015864 -0.000118707 1.15724 -0.000290338 3.8128e-05 -2.08188e-06 -0.00941408 0.0183642 -3.91752e-06 -0.00659642 -0.0139618 3.05046e-06 -0.0053426 -0.010697
0 -11.5 19 1.49326 -0.00030291 -4.3373e-07 1.20808 0.000211873 0.000551424 -1.93636e-06 -0.00954171 0.0187903 -1.12772e-06 -0.0067962 -0.0137132 -2.42691e-06 -0.00574605 -0.0112293
0 -11 19 1.52539 -0.00027997 0.000402612 1.25932 0.00152804 -4.87826e-05 4.94433e-06 -0.00963864 0.0191837 7.78777e-06 -0.00697033 -0.0134951 -1.12256e-05 -0.00613404 -0.0117403
0 -10.5 19 1.5566 -0.000220326 0.000563991 1.31265 0.000951007 -1.98171e-05 5.88351e-06 -0.00974208 0.019614 7.79223e-06 -0.00715757 -0.0132326 -5.77657e-06 -0.00658074 -0.01228
0 -10 19 1.58741 9.40495e-05 0.000324892 1.36781 -0.000341965 -0.000120866 9.044e-07 -0.00982612 0.0200504 8.48359e-07 -0.00733684 -0.0129592 4.31149e-06 -0.00705118 -0.0128167
0 -9.5 19 1.6181 -6.32686e-05 0.000537118 1.42327 -4.23502e-05 -0.000674025 5.97654e-06 -0.00988128 0.0204928 6.28897e-06 -0.00748947 -0.0126814 -2.50084e-07 -0.00755513 -0.0133242
0 -9 19 1.64777 0.000236131 0.000215247 1.48384 0.000215711 -0.000589782 3.32932e-06 -0.0099885 0.0209836 3.10216e-06 -0.0077183 -0.0123335 -5.38551e-08 -0.00813763 -0.0139557
0 -8.5 19 1.67697 -0.000360317 -0.000158666 1.5445 -0.000128792 3.26845e-05 1.64252e-06 -0.0100429 0.02146 1.64575e-06 -0.00789008 -0.0119969 -3.76143e-06 -0.00872928 -0.0145139
0 -8 19 1.70562 -0.000144641 -0.000524467 1.60795 -0.000195313 0.000969561 5.04853e-07 -0.0100576 0.0219389 -1.54039e-06 -0.00802473 -0.0116522 8.04082e-07 -0.00934168 -0.0150289
0 -7.5 19 1.73467 0.000421573 -0.00025063 1.67403 0.00107951 0.000631835 1.9713e-07 -0.0100833 0.0224428 1.54363e-06 -0.00817766 -0.011274 -3.46779e-08 -0.0100289 -0.0155904
0 -7 19 1.76226 -0.000271216 0.000167921 1.73999 -0.000279595 -0.000183391 1.77562e-06 -0.0100752 0.02294 2.44175e-06 -0.00829725 -0.0108875 -1.50371e-06 -0.0107411 -0.0160961
0 -6.5 19 1.7884 -0.000137403 0.000359251 1.8098 -0.000864374 0.000195405 -2.29899e-06 -0.0100541 0.0234769 -3.81234e-06 -0.00842616 -0.0104462 5.53105e-06 -0.0115403 -0.0166153
0 -6 19 1.8137 -8.3728e-05 0.000448503 1.88168 -0.000990226 2.13048e-05 2.4726e-06 -0.010029 0.0240146 1.81306e-06 -0.00854734 -0.00998495 6.2784e-06 -0.0123834 -0.0171365
0 -5.5 19 1.83855 -0.000661295 0.000167955 1.95487 0.00104863 -0.000432401 5.95379e-06 -0.00999928 0.0245376 9.22678e-06 -0.00865534 -0.00952626 -1.41396e-05 -0.0132454 -0.0176521
0 -5 19 1.86239 0.000164643 0.000772241 2.032 -0.000168411 -0.000695997 4.6667e-06 -0.00991281 0.0251077 6.94252e-06 -0.00872608 -0.00899986 3.61562e-06 -0.0142364 -0.0180965
0 -4.5 19 1.8846 0.000517331 0.000665333 2.11102 -0.000624474 -0.000348751 -8.25493e-07 -0.00980501 0.0256862 -1.03384e-06 -0.00878104 -0.00844606 1.10119e-05 -0.0152892 -0.0185077
0 -4 19 1.90587 0.000387424 0.000678684 2.19149 -0.00048448 -0.000545907 -4.39555e-07 -0.00966514 0.0262606 -2.36263e-06 -0.00878576 -0.00788027 7.8776e-06 -0.0163899 -0.0188372
0 -3.5 19 1.92521 -0.000456423 0.00118558 2.27615 -0.000588911 -0.000790757 3.62662e-06 -0.00949596 0.0268658 7.11304e-06 -0.00877174 -0.00725125 -1.83497e-06 -0.0176086 -0.0191237
0 -3 19 1.94319 -0.000504388 0.00158118 2.36256 -1.85263e-05 -0.000868452 5.97008e-06 -0.00931294 0.0275018 1.19488e-05 -0.00873079 -0.00655665 -3.30349e-06 -0.0189754 -0.0193619
0 -2.5 19 1.96004 -0.000481822 0.000179208 2.45055 -7.83325e-06 -0.000360035 3.86993e-06 -0.0090864 0.0280882 4.85444e-06 -0.00863502 -0.00590129 -7.48391e-06 -0.0202963 -0.0194851
0 -2 19 1.97221 -0.000299037 -0.00026923 2.54585 -4.11014e-05 0.000842101 4.03764e-06 -0.00883763 0.0287487 4.06054e-06 -0.0085279 -0.00509934 -1.79267e-06 -0.0218582 -0.0195702
0 -1.5 19 1.98297 0.000113882 -0.000326792 2.63992 -0.000709169 0.000662266 2.90656e-06 -0.00853234 0.0294292 4.90938e-06 -0.00834672 -0.00424618 4.55108e-06 -0.0235738 -0.019477
0 -1 19 1.99211 0.000561992 -0.000646156 2.74088 -0.000251561 0.000901789 -5.03232e-06 -0.00815817 0.0301566 -6.80486e-06 -0.00806906 -0.00328709 9.8899e-06 -0.0255329 -0.0191841
0 -0.5 19 1.99778 0.000894651 -0.000729025 2.83851 -0.00192641 0.000899997 -3.67557e-06 -0.00780679 0.0307572 -7.63089e-06 -0.0077823 -0.00246322 1.67874e-05 -0.0272271 -0.0188432
0 0 19 2.00312 0.00082476 -0.000822215 2.92662 -0.0037348 0.00183569 1.89081e-06 -0.00748232 0.0311445 -5.44348e-06 -0.00748705 -0.00193941 2.02609e-05 -0.0283553 -0.0184499
0 0.5 19 0.162592 2.04362e-05 -4.32172e-05 0.241693 0.000209755 5.45517e-05 6.63695e-06 -0.00681347 0.0313931 5.44548e-06 -0.00687471 -0.00151922 2.0173e-07 -0.00236855 -0.00138469
0 1 19 0.159185 0.000144437 2.11264e-06 0.239536 0.000449423 4.80381e-05 1.04082e-05 -0.00642818 0.0312342 1.20566e-05 -0.00651542 -0.00172061 2.03234e-06 -0.00227993 -0.00129198
0 1.5 19 0.155454 0.000208929 -4.40249e-05 0.23627 0.00063795 -0.000156476 1.09528e-05 -0.00601523 0.0310923 1.54078e-05 -0.00612048 -0.00190065 2.03052e-06 -0.00219219 -0.0011906
0 2 19 0.152188 -6.59068e-05 5.99137e-05 0.233817 -0.000110306 0.000117306 1.61186e-06 -0.00564956 0.0309895 -7.62553e-08 -0.00577856 -0.00202529 -4.01336e-07 -0.00212134 -0.00110546
0 2.5 19 0.148707 -4.18163e-06 -5.29956e-06 0.230905 -5.36489e-06 -1.88102e-05 3.5089e-06 -0.00532945 0.0308762 4.36942e-06 -0.00548546 -0.00214698 -1.2451e-07 -0.00204788 -0.00102957
0 3 19 0.145431 -3.39462e-06 -3.534e-05 0.228088 3.65204e-05 -9.78396e-05 4.09934e-06 -0.0050457 0.030805 5.42705e-06 -0.00522668 -0.00222205 -4.37707e-07 -0.00198659 -0.000962972
0 3.5 19 0.14211 0.000166608 1.06341e-05 0.22524 0.000402537 7.11924e-05 3.65543e-06 -0.00477711 0.0307284 4.73035e-06 -0.0049845 -0.00229847 2.30003e-06 -0.00192455 -0.000900793
0 4 19 0.138902 5.7806e-05 -4.85845e-06 0.222411 0.000125524 2.37634e-06 3.64284e-06 -0.00453224 0.0306417 2.03589e-06 -0.00476278 -0.00237931 7.30955e-07 -0.00186351 -0.000844416
0 4.5 19 0.135745 -5.81032e-05 2.08782e-05 0.219516 -8.04176e-05 7.0809e-05 -7.92604e-07 -0.00431952 0.0305778 1.28845e-06 -0.00457386 -0.00243555 -5.83376e-07 -0.00180806 -0.000795193
0 5 19 0.132704 3.08068e-05 -3.64867e-05 0.2167 2.90891e-05 -4.87861e-05 1.42514e-07 -0.00411029 0.0305053 1.335e-06 -0.00438642 -0.00250031 2.51537e-07 -0.00175319 -0.000747994
0 5.5 19 0.129604 -0.000105526 -2.62604e-05 0.213591 -0.000202706 -5.39896e-05 -3.71447e-06 -0.00390976 0.0304445 -4.89058e-06 -0.00420607 -0.00255184 -1.51259e-06 -0.00170035 -0.00070255
0 6 19 0.127017 9.30034e-05 2.87158e-06 0.211518 0.000218624 -4.90335e-06 2.01937e-06 -0.00374519 0.0303956 1.24482e-06 -0.00405841 -0.00259188 1.12555e-06 -0.00165626 -0.000667065
0 6.5 19 0.124231 6.26815e-05 2.90305e-05 0.208929 0.000110045 2.43892e-05 3.17477e-06 -0.00357907 0.0303421 2.63536e-06 -0.00391143 -0.00263224 9.05763e-07 -0.00160974 -0.000630921
0 7 19 0.121437 -8.7142e-05 8.24939e-05 0.206117 -0.000227544 0.00017456 4.7453e-07 -0.00341864 0.0302894 5.26569e-07 -0.00376981 -0.00267261 -5.45635e-07 -0.00156369 -0.000596086
0 7.5 19 0.118639 9.96317e-05 -4.02977e-06 0.203292 0.000253863 -2.59057e-05 3.71745e-06 -0.00327111 0.0302437 5.679e-06 -0.00363867 -0.0027065 1.10935e-06 -0.00151894 -0.000563897
0 8 19 0.116067 0.000114394 -0.000113527 0.200732 0.00035278 -0.000283874 4.99407e-06 -0.00313819 0.0302017 6.26775e-06 -0.00351832 -0.00274038 5.66564e-07 -0.00147767 -0.00053524
0 8.5 19 0.113583 1.16368e-05 -6.56884e-05 0.198352 0.000100943 -0.00018781 2.80539e-06 -0.00301211 0.0301636 3.51023e-06 -0.00340534 -0.00276723 -3.82873e-07 -0.0014386 -0.000508792
0 9 19 0.111154 3.81124e-05 5.08079e-06 0.196064 0.000127246 -5.25558e-05 2.45108e-06 -0.00289378 0.0301226 3.48041e-06 -0.00330052 -0.00279476 3.16832e-07 -0.00140014 -0.000484384
0 9.5 19 0.108725 0.000162582 9.5153e-07 0.193522 0.000401622 -2.96088e-05 3.56312e-06 -0.00277856 0.0300838 4.45055e-06 -0.00319603 -0.0028235 1.83255e-06 -0.00136223 -0.000460301
0 10 19 0.106426 -0.000102859 -2.11324e-05 0.19114 -0.000270857 0.000105274 -1.0858e-06 -0.00266599 0.0300534 -4.06194e-06 -0.00309432 -0.00284665 -1.02541e-06 -0.00132718 -0.00043759
0 10.5 19 0.104204 -0.000224777 -6.29412e-05 0.188978 -0.000575517 9.44298e-06 -1.89067e-06 -0.00256621 0.0300181 -5.32242e-06 -0.00300517 -0.00287171 -2.6139e-06 -0.00129267 -0.000417662
0 11 19 0.101865 5.26096e-05 -2.67214e-05 0.186525 0.000117966 -6.73675e-05 2.07806e-06 -0.00247772 0.0299806 2.02813e-06 -0.0029275 -0.00289586 4.86113e-07 -0.00125691 -0.000399224
0 11.5 19 0.0997257 1.24624e-05 4.29336e-05 0.184335 1.90108e-05 0.000117009 5.11794e-07 -0.00239115 0.0299537 1.42568e-06 -0.00284777 -0.0029162 3.76866e-07 -0.0012248 -0.000381701
0 12 19 0.0975681 -2.92512e-05 4.19349e-05 0.182116 -5.07015e-05 7.60573e-05 5.77701e-07 -0.00230338 0.029926 2.16419e-06 -0.00276911 -0.00293328 -2.09723e-07 -0.00119281 -0.000364518
0 12.5 19 0.0954254 -6.74845e-05 -2.16436e-05 0.179772 -0.000162783 -1.05983e-07 -7.13973e-07 -0.00222169 0.0298972 -2.22695e-06 -0.00269567 -0.00295246 -7.9268e-07 -0.00116109 -0.000348305
0 13 19 0.0933025 -5.4359e-06 2.96072e-06 0.177468 3.94921e-05 8.46771e-05 -9.60053e-08 -0.0021484 0.0298747 -6.84824e-08 -0.0026295 -0.00296708 -2.52763e-08 -0.00113041 -0.000333552
0 13.5 19 0.0912755 -3.29192e-05 4.85792e-05 0.175232 -7.74438e-05 0.000149836 8.92433e-07 -0.0020714 0.0298505 2.34013e-07 -0.00255746 -0.00298372 -1.33879e-07 -0.00110089 -0.000318609
0 14 19 0.0894131 -5.20896e-06 5.55666e-05 0.173308 -1.06603e-05 0.000178908 5.86402e-07 -0.00200424 0.0298297 -6.28408e-07 -0.00249554 -0.00299909 2.17215e-07 -0.0010737 -0.000305851
0 14.5 19 0.0875417 6.40055e-05 7.4266e-05 0.171372 0.00021972 0.000211865 9.56265e-07 -0.0019401 0.0298097 1.01558e-06 -0.00243693 -0.00301372 9.53099e-07 -0.00104657 -0.000293731
0 15 19 0.0856273 5.86235e-06 4.39329e-05 0.169261 1.55913e-05 0.000158533 3.89688e-07 -0.00187702 0.0297891 -1.99983e-06 -0.00237913 -0.00302509 2.93551e-07 -0.00101937 -0.000281709
0 15.5 19 0.0840241 6.60664e-05 4.27457e-05 0.167915 0.00014068 0.000133669 4.49395e-07 -0.00182154 0.0297722 -4.37573e-07 -0.00232943 -0.00303807 9.64391e-07 -0.000995721 -0.0002721
0 16 19 0.0822577 4.03338e-05 9.62844e-06 0.165989 0.000110759 3.33189e-05 1.06725e-06 -0.00176639 0.0297567 7.6906e-07 -0.00227903 -0.00304978 4.77677e-07 -0.000970744 -0.000261797
0 16.5 19 0.080512 -4.0662e-05 -2.75116e-05 0.164144 -7.05127e-05 -9.83956e-05 1.08833e-06 -0.00171356 0.0297418 1.77733e-06 -0.00223165 -0.00305903 -6.30195e-07 -0.000946225 -0.000252137
0 17 19 0.0788712 -2.81943e-06 1.4849e-05 0.162423 2.95172e-06 3.96678e-05 1.04423e-06 -0.00166165 0.0297295 1.12391e-06 -0.00218416 -0.0030676 9.21983e-09 -0.000923275 -0.000242907
0 17.5 19 0.0772788 2.53752e-05 -4.01034e-06 0.160843 6.05135e-05 -1.67153e-05 8.34785e-07 -0.00161453 0.0297161 -7.58388e-09 -0.00214103 -0.00307742 2.62783e-07 -0.000900721 -0.00023457
0 18 19 0.0757883 -5.5188e-05 -8.986e-05 0.15948 -0.000129069 -0.000275276 4.3058e-07 -0.00157102 0.0297059 6.65111e-07 -0.0021012 -0.0030857 -9.80361e-07 -0.000879625 -0.000227082
0 18.5 19 0.0742482 -5.74788e-05 -5.03772e-05 0.157917 -0.000162026 -0.000127823 6.20076e-08 -0.00152688 0.0296954 -8.03519e-07 -0.00206099 -0.00309257 -7.73069e-07 -0.00085823 -0.000219417
0 19 19 0.0728389 -3.1578e-05 5.57031e-06 0.156624 -7.50141e-05 5.78251e-05 -9.19783e-08 -0.00148479 0.0296877 -2.33817e-07 -0.00202153 -0.00310007 -2.89881e-07 -0.000838436 -0.000212385
0 19.5 19 0.0714998 9.78266e-05 -5.2447e-05 0.155531 0.000330381 -0.000189674 3.0074e-06 -0.00144633 0.02968 3.87343e-06 -0.00198559 -0.00310731 7.12215e-07 -0.000819417 -0.000206117
0 20 19 0.0699458 1.76323e-05 1.50879e-05 0.153757 0.000104363 2.36051e-05 8.46665e-07 -0.00140811 0.0296742 3.36363e-06 -0.00195265 -0.00311232 1.32876e-07 -0.000798522 -0.000199363
0 20.5 19 0.0685921 -6.56242e-05 -3.37938e-05 0.152468 -0.000110162 -4.36783e-05 -4.97839e-07 -0.0013688 0.0296686 -2.13572e-06 -0.00191407 -0.00312045 -8.66543e-07 -0.000779634 -0.000192861
0 21 19 0.067224 -7.59821e-05 -2.06048e-05 0.151168 -0.000228274 -3.20171e-05 1.47883e-08 -0.00133628 0.0296644 -1.18928e-06 -0.00188485 -0.0031246 -8.14289e-07 -0.00076091 -0.00018738
0 21.5 19 0.0659668 -1.10722e-05 3.22e-05 0.150157 -7.32562e-06 0.000130645 4.9486e-07 -0.00130543 0.029663 8.15426e-07 -0.00185967 -0.00312545 -1.02733e-08 -0.000743732 -0.000182679
0 22 19 0.0647623 5.10864e-05 2.66144e-05 0.149224 0.000181735 8.05213e-05 1.75823e-06 -0.00127336 0.0296604 7.54208e-07 -0.00183168 -0.00312794 5.64083e-07 -0.000727056 -0.000177898
0 22.5 19 0.0634947 -0.000103389 -5.58317e-05 0.148054 -0.000281914 -0.000259536 1.63141e-06 -0.00124386 0.0296594 4.02642e-06 -0.00180436 -0.00313428 -1.3603e-06 -0.000709588 -0.00017306
0 23 19 0.0623711 9.14965e-06 -8.2028e-05 0.147225 7.1832e-05 -0.000333782 2.08282e-06 -0.0012153 0.0296584 5.16842e-06 -0.00177763 -0.00313915 -3.23579e-07 -0.000693834 -0.000168756
0 23.5 19 0.0612215 2.92259e-05 4.68731e-05 0.146343 9.74218e-05 0.00013849 8.45147e-07 -0.00118676 0.0296605 2.12456e-06 -0.00175184 -0.00313852 4.29666e-07 -0.000678278 -0.000164513
0 24 19 0.0600986 6.15758e-05 6.62739e-05 0.145481 0.00018932 0.000214661 1.30225e-06 -0.001161 0.0296627 1.80407e-06 -0.00173071 -0.0031408 8.40174e-07 -0.00066288 -0.00016078
0 24.5 19 0.0590358 2.61554e-05 2.42133e-05 0.144794 8.29534e-05 7.63037e-05 5.29235e-07 -0.00113754 0.0296645 1.20418e-06 -0.00171206 -0.00314253 3.36691e-07 -0.000648125 -0.000157526
0 25 19 0.0579565 2.45836e-05 4.10624e-05 0.144015 0.000124338 0.000131035 7.38418e-07 -0.00111307 0.0296668 2.88421e-06 -0.00169065 -0.00314296 3.02884e-07 -0.000633374 -0.000153995
0 25.5 19 0.0568646 -0.000138095 2.31283e-05 0.143222 -0.000396189 0.000127367 -7.54731e-07 -0.00109135 0.0296743 -1.59635e-06 -0.00167405 -0.00314028 -1.30763e-06 -0.000618829 -0.00015091
0 26 19 0.0559453 3.06594e-05 -4.12584e-06 0.142884 0.000129785 -2.77255e-06 1.56248e-06 -0.00106926 0.0296796 2.20555e-06 -0.00165654 -0.00314025 2.46696e-07 -0.000605871 -0.000148257
0 26.5 19 0.0549938 6.96279e-05 -1.79643e-05 0.142382 0.000185146 -8.10493e-05 1.63095e-06 -0.0010484 0.0296849 3.03088e-06 -0.00164047 -0.00314388 6.66515e-07 -0.000592428 -0.000145614
0 27 19 0.0541148 7.588e-06 3.36098e-06 0.142125 -6.02302e-06 -2.55905e-05 1.11061e-06 -0.00102822 0.0296927 4.11756e-07 -0.00162142 -0.00314262 1.031e-07 -0.000580084 -0.000143043
0 27.5 19 0.0532013 1.17297e-06 8.49331e-06 0.141683 -2.99103e-05 5.74944e-06 8.04261e-07 -0.0010085 0.0297007 5.39997e-07 -0.00160495 -0.00314344 7.33261e-08 -0.000567371 -0.000140524
0 28 19 0.0522507 5.89121e-05 3.10462e-05 0.141199 0.00015977 0.000108754 1.2452e-06 -0.000990274 0.0297108 3.86203e-07 -0.00159085 -0.00313793 7.26369e-07 -0.000554671 -0.000138185
0 28.5 19 0.0514187 1.74262e-05 1.04435e-05 0.141066 7.89663e-05 2.69724e-05 9.21874e-07 -0.00097309 0.0297212 2.20864e-06 -0.00157827 -0.00313485 1.61557e-07 -0.000543002 -0.000136338
0 29 19 0.0506171 2.45511e-05 2.09931e-06 0.140983 0.000140757 1.06741e-05 6.8501e-07 -0.00095635 0.0297313 2.13118e-06 -0.0015654 -0.00313252 1.53864e-07 -0.00053164 -0.000134551
0 29.5 19 0.0498226 2.0446e-05 -7.92102e-06 0.140911 0.000114182 1.22481e-05 5.09081e-08 -0.00094068 0.0297428 1.21558e-06 -0.00155526 -0.00312916 1.31213e-07 -0.000520466 -0.00013301
0 30 19 0.0490397 -4.83421e-05 1.8615e-05 0.140851 -0.000113862 8.27187e-05 -2.31681e-07 -0.000925764 0.029756 6.28367e-07 -0.00154665 -0.00312779 -4.68581e-07 -0.000509337 -0.000131623
0 30.5 19 0.0483563 -7.14427e-05 2.31739e-05 0.141097 -0.000236861 0.000114573 -5.88544e-07 -0.000911571 0.0297693 -4.46976e-07 -0.00153675 -0.00312566 -5.94628e-07 -0.000499256 -0.000130455
0 31 19 0.0476145 -4.69811e-05 -3.77428e-06 0.141173 -0.000157276 7.87615e-05 -1.13256e-06 -0.000897763 0.0297829 -1.6571e-06 -0.00152962 -0.00311663 -3.95987e-07 -0.000489057 -0.000129344
0 31.5 19 0.0468848 -1.64339e-05 1.62213e-05 0.141173 -4.87356e-05 0.000106607 -1.79539e-07 -0.000883683 0.029797 -3.35997e-08 -0.00151936 -0.00311456 -8.07915e-08 -0.000478668 -0.000127961
0 32 19 0.0461527 7.15897e-07 -1.5904e-06 0.141192 5.97726e-05 -1.21396e-05 2.66069e-07 -0.000870355 0.0298124 3.10305e-06 -0.00151034 -0.00311331 -9.22334e-08 -0.000468174 -0.000126709
0 32.5 19 0.0455285 -3.49671e-05 1.1979e-05 0.141625 -7.40999e-05 9.39659e-05 -7.45215e-07 -0.000858005 0.0298309 -1.8762e-06 -0.00150167 -0.00310827 -3.30697e-07 -0.000458972 -0.000125869
0 33 19 0.0449538 3.03749e-05 1.39628e-05 0.142245 0.000160343 7.59517e-05 4.49612e-07 -0.000848056 0.0298475 8.37754e-07 -0.00150058 -0.00310027 2.67661e-07 -0.000450381 -0.000125786
0 33.5 19 0.0443702 5.41384e-05 8.98484e-06 0.142824 0.000234881 4.18303e-05 1.20388e-06 -0.000838016 0.029865 1.69713e-06 -0.00149946 -0.00309249 4.80365e-07 -0.000441717 -0.000125671
0 34 19 0.0437741 -1.18807e-05 6.4383e-06 0.143328 -4.85168e-05 4.74263e-05 2.14438e-07 -0.00082749 0.0298838 1.76508e-10 -0.00149437 -0.00308743 -6.45241e-08 -0.000432811 -0.000125204
0 34.5 19 0.0431584 -4.3837e-05 1.27077e-05 0.143741 -0.000144256 8.42774e-05 -1.07885e-07 -0.000817446 0.0299059 -4.78029e-07 -0.00149123 -0.00308235 -3.65135e-07 -0.000423815 -0.000124815
0 35 19 0.0426318 -8.70609e-05 -2.71639e-05 0.144492 -0.000279558 -4.46702e-05 -1.37007e-06 -0.000808127 0.0299261 -1.58047e-06 -0.00149055 -0.00307408 -9.17272e-07 -0.000415813 -0.000124912
0 35.5 19 0.0421082 -7.83857e-05 -4.23715e-05 0.145223 -0.00025801 -8.05754e-05 -1.48271e-06 -0.000799696 0.0299466 -2.00217e-06 -0.00148873 -0.0030668 -8.54982e-07 -0.000407814 -0.000124936
0 36 19 0.0415981 1.43682e-05 -6.18102e-06 0.146009 5.47435e-05 7.85555e-06 2.99473e-07 -0.000791393 0.0299683 6.94565e-07 -0.00148816 -0.0030588 1.34969e-07 -0.000400005 -0.000125103
0 36.5 19 0.0411464 5.22247e-05 2.90035e-05 0.147068 0.000201615 7.75527e-05 1.66409e-06 -0.000784232 0.0299927 3.64076e-06 -0.00148998 -0.00304867 5.45e-07 -0.000392863 -0.000125699
0 37 19 0.0407262 -4.96258e-05 1.29918e-05 0.148224 -0.000200907 3.83184e-05 7.108e-07 -0.000776593 0.0300151 -1.45102e-07 -0.00148888 -0.00304061 -4.05752e-07 -0.000385856 -0.000126158
0 37.5 19 0.0402448 2.38752e-05 -2.10971e-05 0.149136 0.000118372 -8.19512e-05 5.29978e-07 -0.000769104 0.0300411 9.04043e-07 -0.00149122 -0.00303055 1.10035e-07 -0.000378516 -0.000126674
0 38 19 0.0398491 5.75992e-05 -5.66284e-06 0.150404 0.000248573 -5.62272e-05 1.64507e-06 -0.000763176 0.030065 2.50006e-06 -0.00149147 -0.00302169 4.46213e-07 -0.000371794 -0.000127367
0 38.5 19 0.0396036 4.94337e-05 -7.41529e-07 0.152247 0.000217259 -2.88744e-05 1.09681e-06 -0.000758239 0.0300898 3.4058e-06 -0.00150064 -0.0030107 3.94728e-07 -0.000366647 -0.000129249
0 39 19 0.0390982 -3.13915e-05 1.06977e-05 0.153162 -0.000119044 4.24791e-05 2.14759e-08 -0.000751446 0.0301195 2.89133e-08 -0.00150312 -0.00299773 -2.58373e-07 -0.00035924 -0.000129801
0 39.5 19 0.0387027 -1.95314e-05 1.00419e-05 0.154422 -5.87006e-05 8.10609e-05 -1.46267e-07 -0.000745952 0.0301485 -1.34325e-06 -0.00150351 -0.00298929 -1.42001e-07 -0.000352609 -0.000130523
0 40 19 0.0383435 3.33671e-05 1.01338e-05 0.155864 0.000156896 8.54601e-05 4.6777e-07 -0.000741274 0.0301776 -4.42629e-09 -0.00150676 -0.00297901 3.37911e-07 -0.000346398 -0.000131636
0 40.5 19 0.0380403 -1.4331e-05 1.44705e-06 0.157562 -2.51242e-05 5.98942e-05 -2.31762e-07 -0.000737507 0.030207 2.96359e-07 -0.00151151 -0.00296641 -1.33385e-07 -0.000340845 -0.000133105
0 41 19 0.0377063 -2.52869e-05 -4.50457e-06 0.159223 -8.16965e-05 -2.80159e-05 4.45025e-07 -0.000732641 0.0302375 1.6262e-06 -0.00152098 -0.00294938 -2.84784e-07 -0.000335267 -0.0001349
0 41.5 19 0.0374165 -2.40343e-06 -1.32683e-06 0.161006 1.20803e-05 -8.36655e-06 5.93432e-07 -0.000729537 0.0302706 1.54982e-06 -0.00152728 -0.00293589 -6.09828e-08 -0.000329961 -0.000136599
0 42 19 0.0371384 3.36323e-05 4.95296e-06 0.162846 0.000141011 1.34802e-06 1.22131e-06 -0.000726382 0.0303033 2.32213e-06 -0.0015342 -0.00292214 3.06391e-07 -0.000324778 -0.000138408
0 42.5 19 0.0368499 1.67943e-05 7.6024e-06 0.164727 8.208e-05 1.42249e-05 1.18154e-06 -0.000722999 0.0303375 2.07921e-06 -0.00154268 -0.0029064 1.49189e-07 -0.000319584 -0.000140382
0 43 19 0.0365515 -7.82227e-06 1.38722e-05 0.166576 -9.59536e-06 4.05953e-05 1.08576e-06 -0.000719477 0.030372 1.7575e-06 -0.00155093 -0.0028906 -6.84501e-08 -0.000314318 -0.000142323
0 43.5 19 0.0363363 -1.1899e-05 1.21552e-05 0.168756 -3.04706e-05 5.33404e-05 5.24798e-07 -0.000717606 0.030406 6.67769e-07 -0.00155897 -0.00287391 -9.11756e-08 -0.000309925 -0.00014458
0 44 19 0.036151 -1.12125e-05 3.44939e-06 0.171074 -2.74203e-05 5.00891e-05 -3.05099e-07 -0.000716341 0.0304416 -6.4928e-07 -0.00156826 -0.00285724 -9.09786e-08 -0.000305848 -0.000147092
0 44.5 19 0.0359677 -8.54482e-06 -3.88139e-06 0.173452 -1.94385e-05 4.34077e-05 -7.91192e-07 -0.000714783 0.0304793 -1.41669e-06 -0.00157893 -0.00284076 -6.97284e-08 -0.000301767 -0.000149789
0 45 19 0.0357737 2.20326e-05 9.73084e-06 0.175789 5.60669e-05 5.15714e-05 1.12839e-06 -0.000713421 0.0305152 -5.94171e-07 -0.00158727 -0.00282492 3.01373e-07 -0.000297527 -0.000152273
0 45.5 19 0.0355441 2.9435e-06 -1.60119e-05 0.178159 7.09767e-05 1.02438e-05 -4.37562e-07 -0.00071081 0.030557 4.02153e-07 -0.00160075 -0.00280298 -5.19925e-08 -0.000293371 -0.000155227
0 46 19 0.0353892 -7.4595e-06 -1.21227e-05 0.180759 -9.70476e-06 -1.81229e-07 5.52182e-08 -0.000711015 0.0305971 -9.049e-07 -0.00161327 -0.00278326 -1.0507e-07 -0.000289855 -0.000158387
0 46.5 19 0.0352091 -8.75919e-06 -1.58161e-05 0.183376 -6.66047e-05 1.32787e-06 -1.19798e-07 -0.000708965 0.0306394 -2.81902e-06 -0.00162983 -0.00276183 -4.67369e-08 -0.000286166 -0.000161917
0 47 19 0.035058 -1.89205e-06 -1.17092e-06 0.186098 -5.72846e-05 3.02793e-05 6.53341e-07 -0.000709015 0.0306811 -1.73236e-06 -0.00164132 -0.00274137 7.39282e-08 -0.000282727 -0.000165152
0 47.5 19 0.0349344 -2.67147e-06 1.23546e-05 0.188996 2.75527e-05 2.46621e-05 1.48889e-06 -0.00071075 0.030724 2.48143e-06 -0.00165146 -0.00271846 -5.3735e-08 -0.000279773 -0.000168474
0 48 19 0.0348119 -2.82209e-05 -1.72405e-05 0.191973 -2.1047e-05 -6.07548e-05 5.27069e-08 -0.000710831 0.0307694 2.09958e-06 -0.00166815 -0.00269414 -4.6262e-07 -0.000276969 -0.000172493
0 48.5 19 0.0347212 -1.95649e-05 -3.24987e-05 0.195105 -3.11861e-05 -5.63501e-05 -6.71452e-07 -0.000710955 0.030812 -1.15682e-06 -0.0016813 -0.00267121 -3.18688e-07 -0.000274331 -0.000176358
0 49 19 0.0346114 3.41915e-05 -6.63e-06 0.198264 0.000119395 -4.19098e-05 1.18998e-06 -0.000709429 0.0308572 1.56107e-06 -0.00169877 -0.00264479 3.31691e-07 -0.000271822 -0.00018068
0 49.5 19 0.0345315 3.8599e-05 4.07038e-07 0.201616 0.000111608 2.63557e-06 1.10374e-06 -0.000711394 0.0309046 9.16266e-07 -0.00171601 -0.00261593 4.5287e-07 -0.000269885 -0.000185271
0 50 19 0.0344379 1.87125e-05 -2.76828e-06 0.204974 6.88054e-05 6.57728e-06 1.17446e-06 -0.000713085 0.0309569 3.35401e-07 -0.00173521 -0.00258723 2.05353e-07 -0.000267888 -0.000190115
0 50.5 19 0.0343823 -2.76573e-06 -1.21624e-05 0.208524 1.27926e-05 -1.37641e-05 4.07511e-07 -0.000714734 0.0310049 1.62159e-07 -0.00174892 -0.00256092 -7.56386e-08 -0.000266003 -0.000194633
0 51 19 0.0343351 -7.07994e-06 -8.4801e-06 0.212163 -2.11798e-05 -9.4464e-06 4.8097e-07 -0.00071628 0.0310543 -1.05945e-07 -0.00176457 -0.00253329 -9.44755e-08 -0.000264391 -0.000199485
0 51.5 19 0.0342824 2.36798e-06 5.28105e-06 0.215883 -2.87924e-05 1.17225e-05 1.29685e-06 -0.000717675 0.031106 -1.39318e-06 -0.00178158 -0.002502 8.51857e-08 -0.000263124 -0.000204609
0 52 19 0.0342212 -3.36637e-06 -7.79854e-06 0.219654 -1.4207e-05 1.125e-05 5.34981e-07 -0.000722644 0.0311639 -1.43053e-06 -0.00179979 -0.00246959 -2.76059e-08 -0.000262007 -0.000210031
0 52.5 19 0.0341993 -1.72118e-05 -1.39871e-05 0.223641 -3.79005e-05 1.25533e-05 -8.5295e-08 -0.000725128 0.0312166 -2.83299e-06 -0.00181803 -0.00243618 -2.1614e-07 -0.000261378 -0.000215692
0 53 19 0.0341815 -6.37e-06 -1.46776e-05 0.227759 -1.45697e-05 -4.95227e-06 8.21782e-08 -0.000726705 0.0312712 -1.32306e-06 -0.00183565 -0.00240224 -9.19772e-08 -0.000260882 -0.000221463
0 53.5 19 0.0341643 4.54009e-06 -7.20923e-06 0.231985 1.30865e-05 -9.58534e-06 6.01706e-07 -0.000729288 0.0313277 3.44921e-07 -0.00185377 -0.00236671 4.41159e-08 -0.000260624 -0.000227482
0 54 19 0.0341602 -2.21292e-07 -7.78811e-07 0.236285 1.81489e-06 6.6141e-06 5.78143e-07 -0.000733711 0.0313844 4.52005e-07 -0.00187181 -0.00233125 3.16434e-10 -0.000260629 -0.000233673
0 54.5 19 0.0341376 4.20291e-06 -1.2824e-06 0.240708 1.55039e-05 1.80897e-06 7.7928e-07 -0.000735781 0.031445 1.39924e-06 -0.00189436 -0.00229283 4.95481e-08 -0.000260777 -0.000240553
0 55 19 0.0341509 -1.22208e-05 -2.41211e-06 0.245253 1.04627e-06 -2.25699e-06 3.28979e-07 -0.000741796 0.0315078 8.83083e-07 -0.00191092 -0.00225359 -1.96755e-07 -0.000261659 -0.000246996
0 55.5 19 0.0341433 -2.40479e-05 -1.78744e-05 0.249958 -1.09807e-05 -9.95859e-06 -6.41719e-07 -0.000744959 0.0315677 1.15081e-07 -0.00193258 -0.00221249 -3.83703e-07 -0.000262399 -0.00025425
0 56 19 0.0341558 1.17734e-05 -8.87627e-06 0.254777 -7.74107e-06 -7.05935e-06 -4.38523e-07 -0.000749164 0.0316371 4.03323e-07 -0.00195377 -0.00216633 1.84401e-07 -0.000264328 -0.000261682
0 56.5 19 0.0341723 -8.08522e-07 -1.15194e-05 0.259748 1.03101e-05 -1.01362e-06 -3.00863e-07 -0.000753444 0.0316983 5.15815e-07 -0.00197349 -0.00212464 -2.91068e-08 -0.000265666 -0.000269179
0 57 19 0.0341966 -1.79699e-05 -1.38251e-05 0.264828 -1.03626e-06 9.9038e-07 -3.18408e-07 -0.000757729 0.0317621 8.52433e-07 -0.00199372 -0.00207964 -2.88554e-07 -0.000267703 -0.000276952
0 57.5 19 0.0342245 5.82042e-06 6.58787e-06 0.270015 1.39112e-06 -1.17761e-05 1.48416e-06 -0.000761741 0.0318294 7.79368e-07 -0.00201483 -0.00203299 8.18621e-08 -0.000270205 -0.000285051
0 58 19 0.0342463 5.90677e-07 3.77331e-06 0.275378 1.04159e-05 -6.40242e-06 1.21058e-06 -0.00076852 0.031904 2.46397e-07 -0.00203674 -0.00198006 -5.95966e-09 -0.000273665 -0.000293597
0 58.5 19 0.0342624 2.25325e-05 6.13945e-06 0.280892 -3.39437e-05 -1.81639e-05 1.72631e-06 -0.000772275 0.0319708 5.53332e-07 -0.002054 -0.00193064 3.76674e-07 -0.000276548 -0.000301705
0 59 19 0.0343063 2.96408e-06 -5.81383e-07 0.286502 -3.7329e-05 -3.06737e-05 8.48976e-07 -0.000777152 0.0320423 7.81688e-07 -0.0020737 -0.00188012 5.05496e-08 -0.000280296 -0.00031039
0 59.5 19 0.0343513 -9.40461e-06 -3.84352e-06 0.292241 1.52032e-05 -9.38808e-06 7.76049e-07 -0.000782347 0.0321156 -8.17569e-07 -0.00209588 -0.00182465 -1.76229e-07 -0.000284988 -0.000319687
0 60 19 0.0343683 -1.45307e-05 -1.00375e-05 0.298193 4.74445e-05 1.64877e-05 4.06443e-07 -0.000788457 0.0321931 -3.30372e-07 -0.00211645 -0.001767 -2.62321e-07 -0.000289757 -0.000329104
0 60.5 19 0.034426 -1.52434e-05 -1.52467e-05 0.304218 1.38442e-05 3.68848e-05 2.7757e-07 -0.000796693 0.0322701 6.87966e-07 -0.00213055 -0.00171081 -2.24577e-07 -0.000295236 -0.000337788
0 61 19 0.0344746 -1.47053e-06 -2.66275e-05 0.310389 3.42755e-06 1.06565e-05 -1.23843e-07 -0.000801612 0.0323462 -4.44785e-09 -0.00214731 -0.00165342 -2.58477e-08 -0.00030096 -0.000347068
0 61.5 19 0.0344997 1.66238e-06 -3.82535e-05 0.316781 -2.14995e-05 1.21281e-06 -7.81144e-07 -0.000808783 0.0324274 -1.26995e-06 -0.00216542 -0.00158843 2.98722e-08 -0.000307776 -0.000356934
0 62 19 0.0344996 -3.30855e-08 -3.61927e-05 0.323345 1.54857e-05 1.09982e-05 -9.74788e-07 -0.000816073 0.0325123 -1.39101e-06 -0.00218553 -0.00151818 -1.50422e-08 -0.000315384 -0.000367418
0 62.5 19 0.0345048 -1.18437e-05 -1.48653e-05 0.33013 8.2937e-05 8.15884e-05 -6.65275e-07 -0.00082083 0.0326014 -3.96855e-07 -0.00220338 -0.00144645 -1.69259e-07 -0.000323695 -0.000377861
0 63 19 0.0345327 -1.62663e-05 -1.3094e-05 0.336919 0.00010282 9.73055e-05 -1.40567e-06 -0.000829349 0.0326862 -8.30662e-07 -0.00221787 -0.00137688 -2.34151e-07 -0.000332421 -0.000387942
0 63.5 19 0.0345564 -1.36056e-05 -1.43529e-05 0.343791 0.000107947 0.000102329 -2.02321e-06 -0.000837554 0.0327705 -1.09816e-06 -0.00223256 -0.00130685 -1.85249e-07 -0.000341574 -0.000398239
0 64 19 0.0345607 1.02388e-05 -6.2989e-08 0.350894 -7.52071e-05 4.6268e-05 5.28703e-07 -0.000842626 0.0328603 2.28208e-07 -0.00224821 -0.00123314 2.66579e-07 -0.000351486 -0.000409002
0 64.5 19 0.0345624 8.77795e-06 6.29553e-06 0.358197 -3.06129e-05 5.05228e-05 7.63411e-07 -0.000849625 0.032951 9.11104e-07 -0.00226284 -0.00115303 2.22107e-07 -0.000362927 -0.000419954
0 65 19 0.0345604 -6.34034e-06 6.87285e-06 0.365657 0.000113417 1.06489e-05 5.57191e-07 -0.000856274 0.0330477 4.89925e-07 -0.00227767 -0.00106977 -1.50362e-07 -0.000375487 -0.000431221
0 65.5 19 0.0345557 -4.88015e-06 6.27931e-07 0.37323 5.11802e-05 1.72269e-05 2.20534e-08 -0.000863085 0.0331426 -3.81373e-09 -0.00229033 -0.000984199 -8.60577e-08 -0.000388967 -0.000442322
0 66 19 0.0345519 1.76134e-06 2.40278e-06 0.380899 -9.61171e-05 7.94691e-06 -6.70331e-08 -0.000869233 0.0332356 -1.61842e-07 -0.00229848 -0.000901721 8.27821e-08 -0.000402443 -0.000452762
0 66.5 19 0.0345164 4.30058e-07 7.44226e-06 0.388991 -0.000102881 -3.25245e-06 8.43602e-07 -0.000877957 0.0333408 9.95044e-08 -0.00230234 -0.000807511 4.82308e-08 -0.000418344 -0.000462947
0 67 19 0.0344673 4.16343e-06 9.60717e-06 0.3972 -3.58626e-05 6.3627e-06 1.46406e-06 -0.000884934 0.0334446 1.57231e-07 -0.00230587 -0.000714688 9.40241e-08 -0.000434437 -0.000473197
0 67.5 19 0.0344153 2.72353e-06 9.50815e-06 0.405396 2.8531e-05 3.23044e-05 2.74444e-07 -0.000892752 0.0335435 3.4627e-07 -0.00230713 -0.000620047 7.83425e-08 -0.000451523 -0.000483012
0 68 19 0.0343562 6.27116e-06 2.90404e-05 0.413813 -5.0803e-05 -5.9124e-05 2.43466e-06 -0.000902777 0.0336509 -3.47976e-08 -0.0023027 -0.000519406 6.3745e-08 -0.000470591 -0.000491951
0 68.5 19 0.0342814 1.07332e-06 9.34309e-06 0.422381 -3.14077e-05 -7.68018e-05 1.73233e-06 -0.000915585 0.0337581 -2.11803e-07 -0.00229708 -0.000412765 -5.93341e-08 -0.000491467 -0.000500816
0 69 19 0.0341825 -6.34494e-06 -2.03327e-06 0.43125 4.37125e-05 1.33962e-05 -1.52371e-08 -0.000922935 0.0338717 5.02941e-07 -0.00229155 -0.000302196 -9.96512e-08 -0.000513749 -0.00050989
0 69.5 19 0.0340898 4.16312e-07 -3.02503e-06 0.440025 0.000164479 -2.72587e-05 1.31649e-06 -0.000929871 0.0339827 4.44825e-08 -0.00227904 -0.000192839 -4.12536e-08 -0.000536805 -0.000517267
0 70 19 0.033971 3.02439e-06 7.8832e-06 0.449134 -7.51532e-05 -3.61046e-06 8.23108e-07 -0.000940986 0.0340927 1.92505e-06 -0.00225847 -7.97945e-05 5.41851e-08 -0.000561162 -0.000523161
0 70.5 19 0.0338151 5.69134e-06 1.19991e-05 0.45856 -0.00011752 -3.08668e-05 1.23306e-06 -0.000946691 0.0342144 8.39822e-07 -0.00223837 4.04126e-05 6.61222e-08 -0.000587747 -0.00052922
0 71 19 0.0336299 1.31982e-05 1.72496e-05 0.468224 -0.000333952 -5.23391e-05 1.65316e-06 -0.000957515 0.0343395 9.38719e-07 -0.00220964 0.000171091 1.48476e-07 -0.000617472 -0.000533403
0 71.5 19 0.0334295 8.25466e-06 8.57733e-06 0.477948 -0.000347962 8.17726e-05 -5.28621e-07 -0.000962078 0.0344661 1.18068e-06 -0.0021787 0.000301846 1.82943e-07 -0.000648224 -0.000536734
0 72 19 0.03321 -9.87851e-06 -2.03504e-06 0.48766 0.000169905 0.000159914 -1.76056e-06 -0.000970115 0.0345881 -9.72968e-07 -0.00214062 0.00044057 3.67582e-08 -0.000681759 -0.000538056
0 72.5 19 0.032951 5.08603e-06 -1.51782e-06 0.497607 -0.000125287 0.000178081 -8.0758e-07 -0.000980612 0.0347156 -1.3818e-06 -0.00209036 0.000583834 2.37091e-07 -0.000717217 -0.000536244
0 73 19 0.0326813 7.39867e-06 4.84428e-06 0.507951 -0.000137165 0.000118193 5.59573e-08 -0.000986154 0.0348497 -1.24758e-06 -0.00202751 0.000731372 2.00968e-07 -0.000755217 -0.000531052
0 73.5 19 0.0323817 1.22098e-05 3.77118e-06 0.518609 -6.99618e-05 -5.59763e-05 3.35447e-07 -0.00100083 0.0349861 6.35917e-07 -0.0019501 0.000903961 1.29273e-07 -0.000800857 -0.000521874
0 74 19 0.0320299 -6.70611e-06 -8.34106e-06 0.529192 -2.46149e-05 -2.44222e-05 -1.61235e-06 -0.00100981 0.035127 7.54051e-07 -0.00186191 0.00107601 -1.57973e-07 -0.000847264 -0.000508825
0 74.5 19 0.03164 3.82323e-07 -1.90654e-05 0.540224 0.000288098 -1.62078e-05 -6.60741e-07 -0.00101515 0.0352633 -3.55518e-06 -0.00176247 0.0012547 1.6352e-07 -0.000896774 -0.000492122
0 75 19 0.031273 -1.27341e-05 -2.57099e-05 0.549524 2.61415e-05 0.000376873 -7.94997e-06 -0.00102177 0.035333 -2.96106e-06 -0.00168078 0.00136942 9.6519e-08 -0.000928751 -0.000477791
