# y jRe_x jRe_y jRe_z jIm_x jIm_y jIm_z BRe_x BRe_y BRe_z BIm_x BIm_y BIm_z F_x F_y F_z VReGrad_x VReGrad_y VReGrad_z VImGrad_x VImGrad_y VImGrad_z s VRe VIm sigma mur
-0.075 -509319.87 	-38674.09 	-16735.337 	 -2100918.2 	-172773.2 	-152023.21 	 -0.0044840151 	0.0027474573 	0.041327932 	 0.00017640457 	-0.00042976984 	0.0045190872 	 -1199.0652 	15299.042 	-321.26064 	 -0.48026573 	-0.62312987 	0.0057518806 	 -1.5799398 	-3.1934487 	0.12555672 		-0.075 -0.00074213408 -0.0028189923 1200000 1
-0.07375 -555612.15 	-149359.24 	-16760.261 	 -1857257 	-321548.38 	-133385.73 	 -0.0044798914 	0.0026659494 	0.041008202 	 0.00028246247 	-0.00045523184 	0.003398913 	 -3516.0261 	14655.216 	-601.91115 	 -0.48256123 	-0.59211889 	0.0048206743 	 -1.6486968 	-3.0507844 	0.11007481 		-0.07375 -0.0015210405 -0.0068103733 1200000 1
-0.0725 -578486.79 	-297147.63 	-15023.535 	 -1564606.7 	-619751.44 	-101437.51 	 -0.0044842251 	0.0025168486 	0.040522658 	 0.00044735997 	-0.00050151862 	0.0018059703 	 -6534.8456 	13146.439 	-862.3107 	 -0.48635757 	-0.53404764 	0.0036647116 	 -1.7658915 	-2.7797657 	0.083344238 		-0.0725 -0.0022298759 -0.010480427 1200000 1
-0.07125 -580950.63 	-439698.51 	-12856.996 	 -1344177.9 	-872963.31 	-77681.999 	 -0.0044876312 	0.0023862136 	0.039966135 	 0.00056918815 	-0.00051143696 	0.00062927267 	 -8812.7596 	12122.3 	-1070.4572 	 -0.48915321 	-0.48298394 	0.0030964582 	 -1.8342451 	-2.5416616 	0.063268431 		-0.07125 -0.0028379631 -0.013672426 1200000 1
-0.07 -583414.47 	-582249.39 	-10690.457 	 -1123749 	-1126175.2 	-53926.488 	 -0.0044910373 	0.0022555786 	0.039409612 	 0.00069101632 	-0.00052135531 	-0.00054742495 	 -11090.674 	11098.162 	-1278.6036 	 -0.49194885 	-0.43192024 	0.0025282048 	 -1.9025987 	-2.3035576 	0.043192625 		-0.07 -0.0034460503 -0.016864426 1200000 1
-0.06875 -568950.55 	-719559.07 	-8092.667 	 -973168.74 	-1329995.2 	-37174.752 	 -0.0044841272 	0.0021380831 	0.038768654 	 0.0007875741 	-0.00050773306 	-0.0015565023 	 -12812.441 	10185.991 	-1442.1975 	 -0.49249873 	-0.38595893 	0.0021310077 	 -1.9269781 	-2.1015957 	0.02879557 		-0.06875 -0.0039257928 -0.019468402 1200000 1
-0.0675 -554486.64 	-856868.76 	-5494.8767 	 -822588.45 	-1533815.2 	-20423.016 	 -0.0044772171 	0.0020205877 	0.038127696 	 0.00088413187 	-0.00049411081 	-0.0025655797 	 -14534.209 	9273.8206 	-1605.7914 	 -0.49304861 	-0.33999762 	0.0017338105 	 -1.9513576 	-1.8996337 	0.014398515 		-0.0675 -0.0044055353 -0.022072378 1200000 1
-0.06625 -531901.54 	-984500.78 	-3350.2469 	 -716017.18 	-1693273.8 	-10258.532 	 -0.004474826 	0.0019237172 	0.03767469 	 0.00093389551 	-0.00047651327 	-0.0030373762 	 -16141.562 	8707.184 	-1761.3952 	 -0.48958843 	-0.29836317 	0.0017801998 	 -1.9520669 	-1.7326612 	0.0054011719 		-0.06625 -0.0047756053 -0.024216587 1200000 1
-0.065 -509316.44 	-1112132.8 	-1205.6171 	 -609445.91 	-1852732.4 	-94.048417 	 -0.004472435 	0.0018268468 	0.037221683 	 0.00098365915 	-0.00045891573 	-0.0035091727 	 -17748.915 	8140.5475 	-1916.999 	 -0.48612825 	-0.25672871 	0.0018265892 	 -1.9527761 	-1.5656888 	-0.0035961717 		-0.065 -0.0051456752 -0.026360795 1200000 1
-0.06375 -483046.83 	-1227905.6 	443.96195 	 -531791.01 	-1974981.9 	5920.5098 	 -0.0044724757 	0.0017427889 	0.036849088 	 0.0010137806 	-0.00043975902 	-0.0037557418 	 -19229.573 	7650.3213 	-2065.8374 	 -0.47896582 	-0.21948811 	0.0021459244 	 -1.9408558 	-1.4294266 	-0.0091800512 		-0.06375 -0.0054172301 -0.028130146 1200000 1
-0.0625 -456777.21 	-1343678.3 	2093.541 	 -454136.11 	-2097231.3 	11935.068 	 -0.0044725165 	0.001658731 	0.036476493 	 0.0010439021 	-0.00042060232 	-0.0040023109 	 -20710.231 	7160.0951 	-2214.6759 	 -0.47180339 	-0.18224752 	0.0024652596 	 -1.9289356 	-1.2931645 	-0.014763931 		-0.0625 -0.0056887849 -0.029899496 1200000 1
-0.06125 -429402.52 	-1446533.1 	3281.081 	 -396577.08 	-2190036.7 	15258.729 	 -0.0044752028 	0.0015857483 	0.036176432 	 0.0010603051 	-0.0004015149 	-0.004107146 	 -22083.879 	6709.0312 	-2359.6452 	 -0.46148452 	-0.1494917 	0.0029695392 	 -1.9103856 	-1.1826618 	-0.018125353 		-0.06125 -0.0058727818 -0.031362971 1200000 1
-0.06 -402027.83 	-1549387.9 	4468.621 	 -339018.06 	-2282842.2 	18582.39 	 -0.0044778891 	0.0015127656 	0.03587637 	 0.0010767081 	-0.00038242748 	-0.0042119811 	 -23457.526 	6257.9672 	-2504.6145 	 -0.45116565 	-0.11673589 	0.0034738188 	 -1.8918355 	-1.0721592 	-0.021486775 		-0.06 -0.0060567786 -0.032826447 1200000 1
-0.05875 -374963.35 	-1639283.2 	5272.053 	 -295816.68 	-2352926.9 	20248.756 	 -0.0044812568 	0.0014480118 	0.035636926 	 0.0010872527 	-0.00036579549 	-0.0042288199 	 -24720.682 	5833.8201 	-2638.4957 	 -0.43826573 	-0.088379295 	0.0041095457 	 -1.8699924 	-0.98276415 	-0.023479948 		-0.05875 -0.0061645486 -0.034043286 1200000 1
-0.0575 -347898.86 	-1729178.5 	6075.4849 	 -252615.3 	-2423011.6 	21915.123 	 -0.0044846246 	0.001383258 	0.035397481 	 0.0010977974 	-0.00034916351 	-0.0042456586 	 -25983.837 	5409.673 	-2772.377 	 -0.42536581 	-0.060022698 	0.0047452726 	 -1.8481493 	-0.89336914 	-0.025473121 		-0.0575 -0.0062723185 -0.035260126 1200000 1
-0.05625 -321957.78 	-1806337.6 	6606.8533 	 -220017.95 	-2475532.1 	22554.222 	 -0.0044895886 	0.0013261185 	0.035208187 	 0.0011026179 	-0.0003340954 	-0.004210532 	 -27122.433 	5009.9048 	-2897.192 	 -0.41044799 	-0.036011356 	0.0054566324 	 -1.8249997 	-0.82171075 	-0.026625019 		-0.05625 -0.0063147192 -0.036277128 1200000 1
-0.055 -296016.69 	-1883496.7 	7138.2218 	 -187420.6 	-2528052.6 	23193.321 	 -0.0044945526 	0.001268979 	0.035018892 	 0.0011074383 	-0.00031902729 	-0.0041754054 	 -28261.029 	4610.1366 	-3022.0071 	 -0.39553016 	-0.012000014 	0.0061679923 	 -1.8018501 	-0.75005236 	-0.027776917 		-0.055 -0.0063571199 -0.03729413 1200000 1
-0.05375 -271526.69 	-1948614.6 	7458.2857 	 -162680.88 	-2567143.7 	23235.629 	 -0.0044987747 	0.0012175118 	0.034868874 	 0.0011118138 	-0.00030637019 	-0.0041114188 	 -29265.058 	4233.4162 	-3129.2792 	 -0.37905699 	0.0078626605 	0.0069551855 	 -1.7784975 	-0.69314624 	-0.028457969 		-0.05375 -0.0063448619 -0.038152637 1200000 1
-0.0525 -247036.69 	-2013732.5 	7778.3496 	 -137941.17 	-2606234.7 	23277.936 	 -0.0045029968 	0.0011660446 	0.034718857 	 0.0011161893 	-0.00029371308 	-0.0040474322 	 -30269.086 	3856.6957 	-3236.5513 	 -0.36258381 	0.027725335 	0.0077423788 	 -1.755145 	-0.63624011 	-0.02913902 		-0.0525 -0.006332604 -0.039011145 1200000 1
-0.05125 -224143.89 	-2067431.3 	8007.1433 	 -119139.82 	-2634982 	22994.143 	 -0.0045082717 	0.0011201436 	0.034599857 	 0.0011176653 	-0.0002822843 	-0.00397064 	 -31128.375 	3502.8696 	-3331.4273 	 -0.34498685 	0.04357934 	0.0085557736 	 -1.7323007 	-0.59205674 	-0.029589894 		-0.05125 -0.0062759016 -0.039744064 1200000 1
-0.05 -201251.09 	-2121130.1 	8235.937 	 -100338.47 	-2663729.4 	22710.35 	 -0.0045135465 	0.0010742426 	0.034480857 	 0.0011191412 	-0.00027085552 	-0.0038938479 	 -31987.664 	3149.0435 	-3426.3033 	 -0.32738988 	0.059433346 	0.0093691684 	 -1.7094564 	-0.54787336 	-0.030040769 		-0.05 -0.0062191992 -0.040476983 1200000 1
-0.04875 -179856.8 	-2164214.7 	8398.0466 	 -85956.249 	-2684569.7 	22285.368 	 -0.0045172128 	0.0010325811 	0.034384817 	 0.0011223121 	-0.00026103624 	-0.0038141272 	 -32698.122 	2816.0297 	-3500.0425 	 -0.30897865 	0.071486723 	0.010240986 	 -1.6874549 	-0.51455141 	-0.030437 		-0.04875 -0.0061277526 -0.041114574 1200000 1
-0.0475 -158462.51 	-2207299.3 	8560.1562 	 -71574.028 	-2705410 	21860.387 	 -0.0045208791 	0.00099091951 	0.034288777 	 0.001125483 	-0.00025121696 	-0.0037344065 	 -33408.58 	2483.0158 	-3573.7817 	 -0.29056743 	0.0835401 	0.011112803 	 -1.6654533 	-0.48122946 	-0.030833232 		-0.0475 -0.0060363059 -0.041752166 1200000 1
-0.04625 -138446.82 	-2240404.2 	8775.911 	 -60501.424 	-2720154.1 	21412.029 	 -0.0045255182 	0.00095355581 	0.034210266 	 0.001126599 	-0.00024201366 	-0.0036588567 	 -33966.865 	2169.1731 	-3634.4182 	 -0.2716514 	0.091946209 	0.011991972 	 -1.644543 	-0.45756739 	-0.031295757 		-0.04625 -0.0059195487 -0.042318873 1200000 1
-0.045 -118431.14 	-2273509.1 	8991.6657 	 -49428.82 	-2734898.1 	20963.671 	 -0.0045301572 	0.00091619212 	0.034131755 	 0.001127715 	-0.00023281036 	-0.0035833069 	 -34525.151 	1855.3304 	-3695.0546 	 -0.25273538 	0.10035232 	0.01287114 	 -1.6236326 	-0.43390531 	-0.031758282 		-0.045 -0.0058027914 -0.04288558 1200000 1
-0.04375 -99525.888 	-2297273.9 	9282.8133 	 -40728.888 	-2744916.6 	20621.861 	 -0.0045328166 	0.0008822894 	0.034065405 	 0.0011313432 	-0.00022435187 	-0.0035158285 	 -34931.27 	1557.0225 	-3733.2471 	 -0.2335043 	0.10526071 	0.013793334 	 -1.6038613 	-0.41877524 	-0.032424512 		-0.04375 -0.005669462 -0.043404938 1200000 1
-0.0425 -80620.637 	-2321038.7 	9573.9609 	 -32028.956 	-2754935 	20280.05 	 -0.0045354759 	0.00084838669 	0.033999055 	 0.0011349714 	-0.00021589338 	-0.0034483501 	 -35337.39 	1258.7147 	-3771.4395 	 -0.21427322 	0.11016911 	0.014715528 	 -1.5840901 	-0.40364517 	-0.033090742 		-0.0425 -0.0055361326 -0.043924296 1200000 1
-0.04125 -62602.154 	-2335944.5 	10066.318 	 -24978.939 	-2761217.2 	20088.384 	 -0.0045394319 	0.0008179824 	0.033942026 	 0.0011365554 	-0.00020740764 	-0.0033917991 	 -35592.376 	973.07711 	-3797.4124 	 -0.19495416 	0.11169893 	0.015628097 	 -1.5655335 	-0.39638907 	-0.0340266 		-0.04125 -0.0053950394 -0.044415711 1200000 1
-0.04 -44583.671 	-2350850.2 	10558.676 	 -17928.923 	-2767499.4 	19896.718 	 -0.0045433879 	0.00078757812 	0.033884998 	 0.0011381393 	-0.0001989219 	-0.0033352482 	 -35847.362 	687.43955 	-3823.3854 	 -0.1756351 	0.11322875 	0.016540666 	 -1.5469769 	-0.38913297 	-0.034962458 		-0.04 -0.0052539461 -0.044907126 1200000 1
-0.03875 -27120.997 	-2357264.4 	11329.156 	 -11867.238 	-2770716.7 	20064.789 	 -0.0045455497 	0.00076027223 	0.033834198 	 0.001142328 	-0.00019028071 	-0.0032906694 	 -35952.581 	409.84374 	-3827.2041 	 -0.15634261 	0.11143949 	0.01744345 	 -1.5295847 	-0.38913586 	-0.036380811 		-0.03875 -0.0051131854 -0.045390365 1200000 1
-0.0375 -9658.3225 	-2363678.6 	12099.637 	 -5805.5518 	-2773933.9 	20232.86 	 -0.0045477114 	0.00073296635 	0.033783398 	 0.0011465166 	-0.00018163952 	-0.0032460907 	 -36057.801 	132.24792 	-3831.0228 	 -0.13705011 	0.10965024 	0.018346234 	 -1.5121925 	-0.38913875 	-0.037799164 		-0.0375 -0.0049724246 -0.045873603 1200000 1
-0.03625 7504.1566 	-2361860.6 	13291.673 	 -171.14244 	-2774469.5 	20770.918 	 -0.0045520491 	0.0007086457 	0.033738294 	 0.001148022 	-0.00017223213 	-0.0032140641 	 -36016.582 	-140.70412 	-3824.7297 	 -0.11797001 	0.10459741 	0.01918397 	 -1.4959893 	-0.39615462 	-0.039745451 		-0.03625 -0.0048404736 -0.04636536 1200000 1
-0.035 24666.636 	-2360042.5 	14483.709 	 5463.267 	-2775005.1 	21308.976 	 -0.0045563868 	0.00068432506 	0.033693191 	 0.0011495274 	-0.00016282475 	-0.0031820375 	 -35975.363 	-413.65617 	-3818.4366 	 -0.098889914 	0.099544575 	0.020021705 	 -1.479786 	-0.40317049 	-0.041691738 		-0.035 -0.0047085226 -0.046857118 1200000 1
-0.03375 41874.52 	-2350070.8 	16313.885 	 11249.748 	-2773031.2 	22660.138 	 -0.0045600167 	0.00066296527 	0.033652692 	 0.0011528027 	-0.00015221773 	-0.0031618946 	 -35789.256 	-687.11681 	-3792.2414 	 -0.08010464 	0.091197781 	0.020699925 	 -1.4647142 	-0.41697117 	-0.044583719 		-0.03375 -0.004593286 -0.047375635 1200000 1
-0.0325 59082.405 	-2340099 	18144.061 	 17036.229 	-2771057.3 	24011.3 	 -0.0045636467 	0.00064160548 	0.033612194 	 0.001156078 	-0.00014161072 	-0.0031417517 	 -35603.149 	-960.57746 	-3766.0463 	 -0.061319366 	0.082850986 	0.021378144 	 -1.4496425 	-0.43077185 	-0.047475699 		-0.0325 -0.0044780494 -0.047894153 1200000 1
-0.03125 76581.648 	-2321996.4 	20800.08 	 23536.187 	-2766411.5 	26222.45 	 -0.0045714014 	0.00062276564 	0.033577965 	 0.0011547646 	-0.0001293441 	-0.0031322744 	 -35277.162 	-1237.8514 	-3734.0377 	 -0.043011051 	0.071186492 	0.021825682 	 -1.4357468 	-0.451482 	-0.051394087 		-0.03125 -0.0043879862 -0.048455166 1200000 1
-0.03 94080.892 	-2303893.8 	23456.1 	 30036.145 	-2761765.6 	28433.6 	 -0.0045791561 	0.00060392579 	0.033543736 	 0.0011534512 	-0.00011707748 	-0.0031227971 	 -34951.176 	-1515.1253 	-3702.0291 	 -0.024702736 	0.059521997 	0.02227322 	 -1.421851 	-0.47219215 	-0.055312474 		-0.03 -0.004297923 -0.04901618 1200000 1
-0.02875 112197.56 	-2277506.7 	27413.106 	 37917.724 	-2754227.7 	32427.456 	 -0.0045889797 	0.00058776414 	0.033516651 	 0.0011509692 	-0.00010247294 	-0.0031214616 	 -34487.979 	-1801.6604 	-3656.3082 	 -0.0069619174 	0.044455276 	0.022210947 	 -1.4091399 	-0.49988196 	-0.061079987 		-0.02875 -0.004241202 -0.049638304 1200000 1
-0.0275 130314.22 	-2251119.6 	31370.111 	 45799.303 	-2746689.7 	36421.312 	 -0.0045988033 	0.00057160249 	0.033489567 	 0.0011484872 	-8.78684e-05 	-0.0031201262 	 -34024.782 	-2088.1954 	-3610.5873 	 0.010778901 	0.029388555 	0.022148674 	 -1.3964288 	-0.52757177 	-0.066847499 		-0.0275 -0.0041844809 -0.050260429 1200000 1
-0.02625 149236.93 	-2216289.3 	36906.462 	 55791.345 	-2735542.7 	42459.677 	 -0.0046168198 	0.00055695049 	0.033473554 	 0.0011363264 	-7.0918169e-05 	-0.0031231841 	 -33432.437 	-2386.6899 	-3568.4151 	 0.027740082 	0.010831045 	0.021448195 	 -1.3850456 	-0.56271484 	-0.074714041 		-0.02625 -0.0041697284 -0.050959827 1200000 1
-0.025 168159.65 	-2181459 	42442.813 	 65783.388 	-2724395.8 	48498.043 	 -0.0046348362 	0.00054229848 	0.033457541 	 0.0011241656 	-5.3967939e-05 	-0.003126242 	 -32840.091 	-2685.1844 	-3526.243 	 0.044701263 	-0.0077264651 	0.020747717 	 -1.3736623 	-0.59785791 	-0.082580582 		-0.025 -0.0041549759 -0.051659225 1200000 1
-0.02375 188139.04 	-2137976.4 	50429.358 	 78853.076 	-2709156.5 	58403.89 	 -0.004660769 	0.00052892789 	0.033455532 	 0.001102797 	-3.436961e-05 	-0.0031278971 	 -32125.909 	-3001.6283 	-3484.687 	 0.060746568 	-0.029810869 	0.018815072 	 -1.363789 	-0.64067422 	-0.094099337 		-0.02375 -0.0041908825 -0.052456456 1200000 1
-0.0225 208118.44 	-2094493.9 	58415.903 	 91922.764 	-2693917.2 	68309.736 	 -0.0046867017 	0.00051555731 	0.033453524 	 0.0010814284 	-1.4771281e-05 	-0.0031295522 	 -31411.727 	-3318.0722 	-3443.131 	 0.076791873 	-0.051895273 	0.016882427 	 -1.3539157 	-0.68349053 	-0.10561809 		-0.0225 -0.004226789 -0.053253688 1200000 1
-0.02125 229192.24 	-2042243.8 	69245.197 	 109192.89 	-2673464.9 	82922.972 	 -0.0047286506 	0.00050064626 	0.033471667 	 0.0010376785 	5.6499199e-06 	-0.0031214442 	 -30590.724 	-3654.7821 	-3424.8705 	 0.091653054 	-0.077546498 	0.013459231 	 -1.3459314 	-0.73461147 	-0.12146436 		-0.02125 -0.0043219024 -0.054166067 1200000 1
-0.02 250266.05 	-1989993.8 	80074.49 	 126463.01 	-2653012.6 	97536.208 	 -0.0047705994 	0.0004857352 	0.03348981 	 0.00099392859 	2.6071121e-05 	-0.0031133361 	 -29769.721 	-3991.4921 	-3406.61 	 0.10651424 	-0.10319772 	0.010036036 	 -1.3379471 	-0.78573242 	-0.13731063 		-0.02 -0.0044170159 -0.055078446 1200000 1
-0.01875 272475.39 	-1929133.8 	95031.828 	 149498.66 	-2627080.1 	120142.38 	 -0.0048311476 	0.00046738439 	0.033532729 	 0.00092153394 	4.4870149e-05 	-0.0030836537 	 -28859.64 	-4357.3019 	-3418.1506 	 0.11998709 	-0.13214588 	0.004091679 	 -1.3324006 	-0.84505121 	-0.16016426 		-0.01875 -0.0045801256 -0.05612894 1200000 1
-0.0175 294684.73 	-1868273.9 	109989.17 	 172534.31 	-2601147.6 	142748.55 	 -0.0048916958 	0.00044903357 	0.033575649 	 0.0008491393 	6.3669177e-05 	-0.0030539714 	 -27949.559 	-4723.1118 	-3429.6912 	 0.13345994 	-0.16109404 	-0.001852678 	 -1.3268541 	-0.90437 	-0.18301789 		-0.0175 -0.0047432352 -0.057179434 1200000 1
-0.01625 317699.39 	-1799302.5 	129366.87 	 203147.75 	-2569100.3 	175141.96 	 -0.0049813977 	0.00042116585 	0.033650507 	 0.00072553223 	7.3177317e-05 	-0.0029867709 	 -26976.833 	-5123.9611 	-3502.499 	 0.14523364 	-0.19297206 	-0.010729385 	 -1.3245841 	-0.97185346 	-0.21418473 		-0.01625 -0.0049814333 -0.05838507 1200000 1
-0.015 340714.04 	-1730331.1 	148744.58 	 233761.18 	-2537053.1 	207535.37 	 -0.0050710995 	0.00039329813 	0.033725364 	 0.00060192516 	8.2685457e-05 	-0.0029195705 	 -26004.107 	-5524.8104 	-3575.3069 	 0.15700733 	-0.22485008 	-0.019606092 	 -1.3223141 	-1.0393369 	-0.24535157 		-0.015 -0.0052196314 -0.059590706 1200000 1
-0.01375 364040.49 	-1654469.5 	173695.14 	 274443.95 	-2500182.8 	254455.2 	 -0.0051956241 	0.00035062705 	0.033835968 	 0.00040808254 	7.1947286e-05 	-0.0027944956 	 -24998.347 	-5982.4714 	-3731.8421 	 0.16686482 	-0.25859752 	-0.032754905 	 -1.3244998 	-1.1133673 	-0.28848356 		-0.01375 -0.0055397464 -0.060973805 1200000 1
-0.0125 387366.93 	-1578607.9 	198645.7 	 315126.71 	-2463312.6 	301375.03 	 -0.0053201487 	0.00030795597 	0.033946573 	 0.00021423992 	6.1209115e-05 	-0.0026694206 	 -23992.586 	-6440.1323 	-3888.3774 	 0.17672231 	-0.29234496 	-0.045903718 	 -1.3266855 	-1.1873977 	-0.33161556 		-0.0125 -0.0058598615 -0.062356904 1200000 1
-0.01125 409833.74 	-1497651.7 	228397.85 	 368586.74 	-2423388.4 	364782.99 	 -0.0054912894 	0.00024028157 	0.034096469 	 -8.8416948e-05 	9.4771855e-06 	-0.0024621152 	 -22984.33 	-6980.1293 	-4176.3099 	 0.18446661 	-0.32663349 	-0.063558885 	 -1.3348621 	-1.2656774 	-0.38782759 		-0.01125 -0.0062640972 -0.06392773 1200000 1
-0.01 432300.55 	-1416695.4 	258150.01 	 422046.77 	-2383464.2 	428190.96 	 -0.0056624301 	0.00017260716 	0.034246365 	 -0.00039107382 	-4.2254744e-05 	-0.0022548097 	 -21976.074 	-7520.1262 	-4464.2424 	 0.1922109 	-0.36092201 	-0.081214052 	 -1.3430387 	-1.343957 	-0.44403962 		-0.01 -0.006668333 -0.065498556 1200000 1
-0.00875 452239.86 	-1332895.8 	291959.06 	 491959.69 	-2344343.2 	511450.95 	 -0.0058858366 	7.2139316e-05 	0.034431444 	 -0.00084015135 	-0.00016181208 	-0.0019378877 	 -20983.122 	-8204.2057 	-4936.7528 	 0.19787318 	-0.39375622 	-0.10415558 	 -1.3593515 	-1.4226 	-0.51544266 		-0.00875 -0.0071574084 -0.067269915 1200000 1
-0.0075 472179.17 	-1249096.2 	325768.11 	 561872.62 	-2305222.2 	594710.95 	 -0.0061092432 	-2.8328533e-05 	0.034616523 	 -0.0012892289 	-0.00028136942 	-0.0016209656 	 -19990.17 	-8888.2852 	-5409.2632 	 0.20353546 	-0.42659042 	-0.12709711 	 -1.3756644 	-1.5012429 	-0.5868457 		-0.0075 -0.0076464838 -0.069041274 1200000 1
-0.00625 486885.49 	-1163213.4 	358900.26 	 652492.88 	-2267078.6 	692247.1 	 -0.0064642694 	-0.00022812314 	0.034876231 	 -0.0021399474 	-0.00060500029 	-0.0010911455 	 -19033.638 	-9934.2105 	-6449.1893 	 0.20738698 	-0.45718746 	-0.1535171 	 -1.4031498 	-1.5792311 	-0.66790795 		-0.00625 -0.0082136158 -0.071006689 1200000 1
-0.005 501591.8 	-1077330.5 	392032.42 	 743113.14 	-2228935.1 	789783.24 	 -0.0068192956 	-0.00042791776 	0.035135939 	 -0.0029906659 	-0.00092863116 	-0.0005613253 	 -18077.107 	-10980.136 	-7489.1155 	 0.2112385 	-0.4877845 	-0.17993709 	 -1.4306352 	-1.6572192 	-0.7489702 		-0.005 -0.0087807478 -0.072972104 1200000 1
-0.00375 506540.75 	-997378.08 	428716.1 	 863789.86 	-2206677.9 	916431.39 	 -0.0070963412 	-0.00064005353 	0.035275622 	 -0.0038327843 	-0.0013647367 	-0.0001642265 	 -16714.605 	-12116.441 	-8563.4927 	 0.21512338 	-0.51080668 	-0.21561901 	 -1.4766826 	-1.7204983 	-0.85138077 		-0.00375 -0.0094278738 -0.075152577 1200000 1
-0.0025 511489.7 	-917425.65 	465399.78 	 984466.59 	-2184420.6 	1043079.5 	 -0.0073733869 	-0.00085218931 	0.035415305 	 -0.0046749026 	-0.0018008423 	0.0002328723 	 -15352.104 	-13252.746 	-9637.8698 	 0.21900826 	-0.53382887 	-0.25130094 	 -1.52273 	-1.7837773 	-0.95379135 		-0.0025 -0.010075 -0.07733305 1200000 1
-0.00125 506668.04 	-813201.87 	475229.38 	 1129319.3 	-2098471.8 	1108690.5 	 -0.0075986395 	-0.0009972095 	0.035514255 	 -0.0054436976 	-0.0021890496 	0.00074905474 	 -13716.579 	-14214.66 	-10277.37 	 0.22297149 	-0.57285543 	-0.27157361 	 -1.5840532 	-1.8995347 	-1.0024359 		-0.00125 -0.010769531 -0.079645784 1200000 1
5.2475385e-17 271972.37 	-468310.43 	217266.05 	 655837.05 	-1337356.6 	459365.83 	 -0.0077815826 	-0.0011307843 	0.035672882 	 -0.0061317819 	-0.0025264821 	0.0015598458 	 -8644.9638 	-7459.0453 	-6822.7272 	 0.22668786 	0.08769714 	0.041034854 	 -1.5909056 	0.46008417 	0.3360728 		5.2475385e-17 -0.011356251 -0.081380955 650000.01 1
0.00125 39822.735 	-177123.25 	-42547.336 	 98764.558 	-625639.32 	-220455.91 	 -0.0075541529 	-0.0010943853 	0.03564367 	 -0.0057724443 	-0.0024491331 	0.0019547742 	 -4065.8586 	-16.570961 	-2625.9147 	 0.22806663 	0.62539691 	0.51155918 	 -1.5030673 	2.5220049 	2.1435299 		0.00125 -0.011297169 -0.080654904 100000 1
0.0025 38689.778 	-158349.56 	-57598.274 	 92640.521 	-598314.73 	-258498.83 	 -0.0072657229 	-0.0010051129 	0.035565201 	 -0.0050700634 	-0.0022261824 	0.0021578558 	 -3791.223 	81.346678 	-2210.9181 	 0.2269518 	0.48575739 	0.64437858 	 -1.3766386 	2.21044 	2.5320695 		0.0025 -0.010688959 -0.077944724 100000 1
0.00375 37399.16 	-156504.87 	-54842.234 	 87481.041 	-616757.59 	-243740.35 	 -0.0069705899 	-0.0009100387 	0.035477142 	 -0.004334678 	-0.0020116437 	0.0022803054 	 -3766.9425 	-30.105776 	-1974.8895 	 0.22704569 	0.50859442 	0.60297777 	 -1.2598335 	2.3617588 	2.3910837 		0.00375 -0.01004051 -0.074944374 100000 1
0.005 36108.542 	-154660.18 	-52086.194 	 82321.56 	-635200.44 	-228981.86 	 -0.006675457 	-0.00081496446 	0.035389084 	 -0.0035992926 	-0.001797105 	0.002402755 	 -3742.6621 	-141.55823 	-1738.8609 	 0.22713958 	0.53143145 	0.56157696 	 -1.1430284 	2.5130777 	2.2500979 		0.005 -0.00939206 -0.071944025 100000 1
0.00625 34681.678 	-153161.67 	-48517.034 	 78411.395 	-650491.05 	-211173.17 	 -0.0064228675 	-0.00072897357 	0.035270659 	 -0.0030152587 	-0.0016110679 	0.0023920943 	 -3683.7688 	-215.96829 	-1535.9072 	 0.22894125 	0.54880381 	0.51667503 	 -1.0394303 	2.63944 	2.0767705 		0.00625 -0.0086986505 -0.068603905 100000 1
0.0075 33254.814 	-151663.16 	-44947.874 	 74501.231 	-665781.65 	-193364.47 	 -0.0061702781 	-0.00064298268 	0.035152234 	 -0.0024312249 	-0.0014250308 	0.0023814337 	 -3624.8755 	-290.37836 	-1332.9535 	 0.23074293 	0.56617617 	0.4717731 	 -0.93583223 	2.7658023 	1.9034432 		0.0075 -0.0080052411 -0.065263784 100000 1
0.00875 31789.054 	-149627.46 	-40807.226 	 70891.738 	-675460.22 	-174177.6 	 -0.0060080682 	-0.00059001727 	0.035046669 	 -0.0020553534 	-0.0012892004 	0.0023317495 	 -3549.1056 	-325.32719 	-1190.2852 	 0.23334774 	0.57314007 	0.42454044 	 -0.83561431 	2.840622 	1.7150271 		0.00875 -0.0072841063 -0.061687001 100000 1
0.01 30323.294 	-147591.76 	-36666.578 	 67282.245 	-685138.79 	-154990.73 	 -0.0058458584 	-0.00053705187 	0.034941104 	 -0.0016794819 	-0.0011533699 	0.0022820653 	 -3473.3357 	-360.27602 	-1047.6169 	 0.23595256 	0.58010397 	0.37730778 	 -0.73539638 	2.9154416 	1.526611 		0.01 -0.0065629714 -0.058110218 100000 1
0.01125 28893.266 	-144727.94 	-32569.872 	 63940.239 	-688660.73 	-136780.46 	 -0.005728698 	-0.0004989402 	0.034850699 	 -0.0014129795 	-0.0010398742 	0.0022172559 	 -3379.3934 	-373.19245 	-936.47682 	 0.23897532 	0.57510705 	0.33298917 	 -0.63850937 	2.9324653 	1.3469616 		0.01125 -0.0058452924 -0.054447118 100000 1
0.0125 27463.238 	-141864.13 	-28473.167 	 60598.233 	-692182.67 	-118570.18 	 -0.0056115377 	-0.00046082853 	0.034760294 	 -0.0011464771 	-0.00092637849 	0.0021524465 	 -3285.4511 	-386.10889 	-825.33674 	 0.24199808 	0.57011014 	0.28867056 	 -0.54162235 	2.9494889 	1.1673122 		0.0125 -0.0051276133 -0.050784018 100000 1
0.01375 26120.909 	-138237.27 	-24898.757 	 57614.738 	-690421.68 	-103158.49 	 -0.0055276077 	-0.00043494623 	0.034684611 	 -0.00095895236 	-0.00083295889 	0.0020807345 	 -3178.1418 	-385.04164 	-740.30607 	 0.24505554 	0.55489302 	0.25120408 	 -0.44870938 	2.9167995 	1.0149398 		0.01375 -0.0044375475 -0.047150727 100000 1
0.015 24778.58 	-134610.41 	-21324.348 	 54631.243 	-688660.69 	-87746.801 	 -0.0054436777 	-0.00040906393 	0.034608928 	 -0.00077142763 	-0.00073953928 	0.0020090225 	 -3070.8326 	-383.97439 	-655.2754 	 0.248113 	0.5396759 	0.2137376 	 -0.35579642 	2.8841101 	0.86256749 		0.015 -0.0037474817 -0.043517436 100000 1
0.01625 23564.602 	-130583.56 	-18422.691 	 52109.485 	-683473.73 	-75555.902 	 -0.0053827111 	-0.00039388837 	0.034548446 	 -0.00064234739 	-0.0006648064 	0.0019359554 	 -2959.466 	-375.51108 	-592.11789 	 0.25088999 	0.51846106 	0.1839963 	 -0.2680015 	2.8197975 	0.74190782 		0.01625 -0.0031049849 -0.0400159 100000 1
0.0175 22350.624 	-126556.7 	-15521.034 	 49587.726 	-678286.77 	-63365.002 	 -0.0053217445 	-0.00037871281 	0.034487964 	 -0.00051326715 	-0.00059007351 	0.0018628884 	 -2848.0994 	-367.04777 	-528.96039 	 0.25366697 	0.49724623 	0.15425499 	 -0.18020659 	2.755485 	0.62124816 		0.0175 -0.0024624881 -0.036514363 100000 1
0.01875 21271.211 	-122392.48 	-13283.21 	 47528.036 	-671120.56 	-54165.004 	 -0.0052776539 	-0.00037201127 	0.03444096 	 -0.00042364512 	-0.00053041578 	0.0017914373 	 -2738.3451 	-355.3744 	-481.84906 	 0.25605897 	0.47315225 	0.13170354 	 -0.097183491 	2.6736759 	0.53016702 		0.01875 -0.0018755655 -0.033189726 100000 1
0.02 20191.797 	-118228.27 	-11045.387 	 45468.346 	-663954.35 	-44965.006 	 -0.0052335633 	-0.00036530972 	0.034393957 	 -0.00033402309 	-0.00047075804 	0.0017199863 	 -2628.5908 	-343.70102 	-434.73772 	 0.25845097 	0.44905828 	0.10915208 	 -0.014160394 	2.5918669 	0.43908588 		0.02 -0.0012886429 -0.029865088 100000 1
0.02125 19247.628 	-114144.46 	-9401.8602 	 43850.224 	-655839.25 	-38362.512 	 -0.005200431 	-0.00036586514 	0.034360336 	 -0.00027328222 	-0.00042404048 	0.0016520059 	 -2524.6689 	-331.16546 	-399.90405 	 0.26042486 	0.42450339 	0.092814591 	 0.064253922 	2.5025683 	0.37375637 		0.02125 -0.00076249123 -0.026755416 100000 1
0.0225 18303.458 	-110060.65 	-7758.3336 	 42232.102 	-647724.14 	-31760.018 	 -0.0051672987 	-0.00036642056 	0.034326715 	 -0.00021254136 	-0.00037732292 	0.0015840255 	 -2420.747 	-318.62989 	-365.07038 	 0.26239876 	0.3999485 	0.0764771 	 0.14266824 	2.4132697 	0.30842685 		0.0225 -0.00023633954 -0.023645743 100000 1
0.02375 17480.71 	-106166.14 	-6560.9753 	 40996.939 	-639302.1 	-27025.649 	 -0.0051425847 	-0.00037278974 	0.034304657 	 -0.00017008637 	-0.00034033806 	0.0015200185 	 -2324.1914 	-306.46722 	-338.5102 	 0.26400268 	0.37629335 	0.06470986 	 0.2174224 	2.3227308 	0.2616299 		0.02375 0.00023117453 -0.020752328 100000 1
0.025 16657.961 	-102271.63 	-5363.6169 	 39761.775 	-630880.06 	-22291.281 	 -0.0051178707 	-0.00037915893 	0.034282599 	 -0.00012763138 	-0.0003033532 	0.0014560114 	 -2227.6359 	-294.30455 	-311.95001 	 0.26560659 	0.35263821 	0.05294262 	 0.29217655 	2.232192 	0.21483294 		0.025 0.00069868861 -0.017858913 100000 1
0.02625 15947.912 	-98613.688 	-4530.2073 	 38873.354 	-622376.4 	-19076.942 	 -0.0050980947 	-0.00039062874 	0.034272115 	 -9.9031195e-05 	-0.00027447634 	0.0013962253 	 -2138.8312 	-283.09054 	-291.66511 	 0.2668746 	0.33048942 	0.044833974 	 0.36361769 	2.142456 	0.18313293 		0.02625 0.0011091477 -0.015191111 100000 1
0.0275 15237.863 	-94955.749 	-3696.7976 	 37984.934 	-613872.74 	-15862.603 	 -0.0050783187 	-0.00040209855 	0.034261631 	 -7.0431008e-05 	-0.00024559948 	0.0013364392 	 -2050.0265 	-271.87654 	-271.38021 	 0.26814261 	0.30834064 	0.036725328 	 0.43505882 	2.05272 	0.15143291 		0.0275 0.0015196068 -0.01252331 100000 1
0.02875 14626.884 	-91543.915 	-3103.3353 	 37403.461 	-605444.33 	-13592.618 	 -0.0050628144 	-0.0004179299 	0.034261179 	 -4.9885843e-05 	-0.00022255037 	0.0012804672 	 -1968.5259 	-261.8574 	-255.1149 	 0.26912571 	0.28799153 	0.030995239 	 0.50393812 	1.9652812 	0.12910406 		0.02875 0.0018780853 -0.010070496 100000 1
0.03 14015.905 	-88132.082 	-2509.8731 	 36821.988 	-597015.91 	-11322.634 	 -0.0050473101 	-0.00043376125 	0.034260727 	 -2.9340679e-05 	-0.00019950126 	0.0012244952 	 -1887.0253 	-251.83827 	-238.84958 	 0.27010881 	0.26764243 	0.025265149 	 0.57281743 	1.8778425 	0.10677522 		0.03 0.0022365638 -0.0076176826 100000 1
0.03125 13496.198 	-84949.521 	-2110.3186 	 36530.966 	-588593.4 	-9844.8849 	 -0.0050337995 	-0.00045362228 	0.034270638 	 -1.5523343e-05 	-0.00018134487 	0.0011721352 	 -1812.0916 	-243.09307 	-225.79893 	 0.27083301 	0.24902358 	0.021435392 	 0.63930235 	1.7918423 	0.092314631 		0.03125 0.0025463434 -0.005382594 100000 1
0.0325 12976.491 	-81766.96 	-1710.7642 	 36239.945 	-580170.9 	-8367.1361 	 -0.0050202889 	-0.0004734833 	0.034280549 	 -1.7060071e-06 	-0.00016318848 	0.0011197752 	 -1737.158 	-234.34788 	-212.74827 	 0.27155721 	0.23040473 	0.017605635 	 0.70578728 	1.7058421 	0.077854044 		0.0325 0.0028561231 -0.0031475054 100000 1
0.03375 12537.837 	-78790.558 	-1427.8203 	 36224.883 	-571732.24 	-7318.2202 	 -0.0050090145 	-0.00049713733 	0.034299636 	 8.7262861e-06 	-0.00014841723 	0.0010704807 	 -1667.9029 	-226.86494 	-201.66369 	 0.27205265 	0.21344719 	0.014902116 	 0.7703653 	1.621048 	0.06764081 		0.03375 0.0031221119 -0.0011214832 100000 1
0.035 12099.184 	-75814.157 	-1144.8764 	 36209.822 	-563293.58 	-6269.3044 	 -0.00499774 	-0.00052079136 	0.034318723 	 1.9158579e-05 	-0.00013364599 	0.0010211862 	 -1598.6478 	-219.38201 	-190.57912 	 0.27254809 	0.19648964 	0.012198596 	 0.83494331 	1.5362539 	0.057427576 		0.035 0.0033881007 0.00090453895 100000 1
0.03625 11735.324 	-73014.887 	-959.60547 	 36470.989 	-554705.02 	-5621.3826 	 -0.0049869884 	-0.0005481467 	0.034347646 	 2.6149743e-05 	-0.00012182819 	0.00097478985 	 -1534.2954 	-213.11309 	-181.22906 	 0.27282825 	0.18098311 	0.01043448 	 0.89763489 	1.4511903 	0.051191062 		0.03625 0.0036134356 0.0027172201 100000 1
0.0375 11371.464 	-70215.617 	-774.33456 	 36732.156 	-546116.46 	-4973.4608 	 -0.0049762369 	-0.00057550205 	0.034376569 	 3.3140908e-05 	-0.00011001038 	0.0009283935 	 -1469.9431 	-206.84417 	-171.879 	 0.27310842 	0.16547659 	0.008670363 	 0.96032647 	1.3661267 	0.044954549 		0.0375 0.0038387705 0.0045299013 100000 1
0.03875 11074.677 	-67563.662 	-642.80744 	 37274.392 	-537285.01 	-4505.757 	 -0.004966668 	-0.00060667894 	0.034414462 	 3.8811651e-05 	-0.00010013734 	0.00088449007 	 -1409.6475 	-201.71841 	-163.52464 	 0.27318627 	0.15126012 	0.0074138721 	 1.0214198 	1.2798971 	0.04049322 		0.03875 0.0040273505 0.0061315848 100000 1
0.04 10777.89 	-64911.707 	-511.28031 	 37816.627 	-528453.55 	-4038.0533 	 -0.0049570992 	-0.00063785584 	0.034452355 	 4.4482394e-05 	-9.026429e-05 	0.00084058665 	 -1349.352 	-196.59266 	-155.17028 	 0.27326413 	0.13704365 	0.0061573812 	 1.082513 	1.1936675 	0.036031892 		0.04 0.0042159305 0.0077332683 100000 1
0.04125 10542.804 	-62380.706 	-427.7413 	 38653.949 	-519238.94 	-3774.7606 	 -0.0049472679 	-0.00067292405 	0.034500175 	 4.8239051e-05 	-8.2208034e-05 	0.00079920935 	 -1292.5396 	-192.53249 	-147.81544 	 0.27314185 	0.12391915 	0.0053571723 	 1.1419186 	1.1047508 	0.033591444 		0.04125 0.0043702704 0.0091154334 100000 1
0.0425 10307.719 	-59849.704 	-344.2023 	 39491.27 	-510024.33 	-3511.4679 	 -0.0049374367 	-0.00070799226 	0.034547994 	 5.1995709e-05 	-7.4151777e-05 	0.00075783205 	 -1235.7272 	-188.47232 	-140.4606 	 0.27301957 	0.11079465 	0.0045569633 	 1.2013243 	1.0158341 	0.031150997 		0.0425 0.0045246102 0.010497599 100000 1
0.04375 10128.12 	-57410.775 	-284.51407 	 40646.466 	-500286.31 	-3315.4484 	 -0.0049281801 	-0.00074735699 	0.034605154 	 5.5321633e-05 	-6.7195446e-05 	0.00071882542 	 -1181.6957 	-185.40009 	-133.63004 	 0.27269448 	0.09858981 	0.0039793314 	 1.2591506 	0.92289616 	0.029363527 		0.04375 0.0046475264 0.011654783 100000 1
0.045 9948.5216 	-54971.846 	-224.82584 	 41801.662 	-490548.29 	-3119.4288 	 -0.0049189236 	-0.00078672173 	0.034662314 	 5.8647558e-05 	-6.0239115e-05 	0.00067981879 	 -1127.6641 	-182.32787 	-126.79948 	 0.2723694 	0.086384969 	0.0034016996 	 1.316977 	0.82995823 	0.027576057 		0.045 0.0047704426 0.012811968 100000 1
0.04625 9819.2636 	-52604.048 	-188.21139 	 43305.136 	-480140.17 	-3026.1909 	 -0.0049089321 	-0.00083059248 	0.034730045 	 6.0793042e-05 	-5.442691e-05 	0.00064351098 	 -1076.0482 	-180.16452 	-120.58012 	 0.27183197 	0.074942262 	0.0030446549 	 1.3730072 	0.73142961 	0.026798833 		0.04625 0.0048637785 0.013729935 100000 1
0.0475 7295.1931 	-50911.106 	-52.029052 	 33556.51 	-503308.78 	-3157.0356 	 -0.0048720372 	-0.00081465742 	0.035762786 	 -0.00022369899 	-0.00014646882 	0.0012107771 	 -1215.4856 	-150.24928 	-185.80636 	 0.28330932 	0.066728385 	0.001834535 	 1.5156421 	0.72517889 	0.02810492 		0.0475 0.0052689409 0.016142808 100000 1
0.04875 9605.2837 	-47914.104 	-125.09857 	 46706.101 	-458463.34 	-2853.4698 	 -0.0048891104 	-0.00092351325 	0.034875756 	 6.5006677e-05 	-4.3393918e-05 	0.00057380697 	 -974.68826 	-176.67373 	-108.43086 	 0.27052782 	0.052659956 	0.0024279759 	 1.4831561 	0.52697384 	0.025366615 		0.04875 0.0050227372 0.015312194 100000 1
0.05 9520.562 	-45591.958 	-98.600192 	 48603.592 	-447194.64 	-2773.9866 	 -0.0048792802 	-0.00097256327 	0.034953735 	 6.7074828e-05 	-3.817313e-05 	0.00054041077 	 -924.94415 	-175.34629 	-102.50096 	 0.26976109 	0.041820357 	0.0021683416 	 1.5372749 	0.42104669 	0.024711622 		0.05 0.00508836 0.015976485 100000 1
0.05125 9474.4943 	-43300.151 	-82.568734 	 50952.084 	-434893.13 	-2734.0621 	 -0.0048683773 	-0.0010271606 	0.035043474 	 6.8315347e-05 	-3.3686181e-05 	0.00051070871 	 -876.88232 	-174.78359 	-96.969078 	 0.26874449 	0.031465804 	0.0020146511 	 1.5890457 	0.30591104 	0.024438376 		0.05125 0.0051275108 0.016365406 100000 1
0.0525 9428.4266 	-41008.343 	-66.537277 	 53300.576 	-422591.61 	-2694.1375 	 -0.0048574745 	-0.001081758 	0.035133213 	 6.9555865e-05 	-2.9199233e-05 	0.00048100665 	 -828.82049 	-174.22088 	-91.437197 	 0.26772789 	0.021111251 	0.0018609606 	 1.6408164 	0.1907754 	0.02416513 		0.0525 0.0051666617 0.016754327 100000 1
0.05375 9414.1075 	-38726.517 	-54.224961 	 56184.416 	-409000.23 	-2630.3472 	 -0.0048463945 	-0.001142869 	0.035234642 	 7.0788802e-05 	-2.4986204e-05 	0.00045582917 	 -782.05558 	-174.35982 	-86.088088 	 0.26643277 	0.011107182 	0.0017512357 	 1.6897503 	0.063981754 	0.023641008 		0.05375 0.0051804373 0.016842582 100000 1
0.055 9399.7885 	-36444.69 	-41.912644 	 59068.255 	-395408.86 	-2566.5569 	 -0.0048353145 	-0.00120398 	0.035336071 	 7.2021739e-05 	-2.0773175e-05 	0.00043065169 	 -735.29067 	-174.49876 	-80.738978 	 0.26513765 	0.0011031123 	0.0016415107 	 1.7386841 	-0.06281189 	0.023116887 		0.055 0.0051942129 0.016930838 100000 1
0.05625 9408.8691 	-34163.913 	-33.28873 	 62597.443 	-380296.22 	-2480.5446 	 -0.0048228697 	-0.0012721822 	0.035451004 	 7.2530951e-05 	-1.7040246e-05 	0.00041159565 	 -689.76811 	-175.29062 	-75.682838 	 0.26353597 	-0.0086316657 	0.001580052 	 1.7838721 	-0.2036497 	0.02235944 		0.05625 0.0051833603 0.016686489 100000 1
0.0575 9417.9496 	-31883.136 	-24.664815 	 66126.63 	-365183.57 	-2394.5323 	 -0.0048104249 	-0.0013403844 	0.035565937 	 7.3040162e-05 	-1.3307317e-05 	0.00039253961 	 -644.24555 	-176.08249 	-70.626698 	 0.26193429 	-0.018366444 	0.0015185933 	 1.8290602 	-0.3444875 	0.021601992 		0.0575 0.0051725076 0.01644214 100000 1
0.05875 9439.6627 	-29590.896 	-16.400489 	 70467.084 	-348192.46 	-2227.7482 	 -0.0047974806 	-0.0014169994 	0.035694541 	 7.3358658e-05 	-9.6605656e-06 	0.00038162112 	 -599.70761 	-177.50089 	-65.734414 	 0.25999362 	-0.027931522 	0.001476778 	 1.8692164 	-0.50280015 	0.020026973 		0.05875 0.0051375519 0.015825839 100000 1
0.06 9461.3757 	-27298.656 	-8.1361631 	 74807.538 	-331201.35 	-2060.9641 	 -0.0047845364 	-0.0014936144 	0.035823146 	 7.3677154e-05 	-6.0138143e-06 	0.00037070263 	 -555.16967 	-178.91929 	-60.842129 	 0.25805294 	-0.0374966 	0.0014349627 	 1.9093727 	-0.6611128 	0.018451955 		0.06 0.0051025962 0.015209537 100000 1
0.06125 9480.9502 	-24995.087 	0.50753326 	 80196.921 	-311985.89 	-1772.6332 	 -0.0047699342 	-0.0015795037 	0.035967526 	 7.3051419e-05 	-2.7280763e-06 	0.0003711828 	 -511.58642 	-181.00166 	-56.219356 	 0.25575182 	-0.046934483 	0.0014086724 	 1.9423828 	-0.84041455 	0.015652542 		0.06125 0.0050439341 0.014174327 100000 1
0.0625 9500.5247 	-22691.518 	9.1512296 	 85586.304 	-292770.43 	-1484.3023 	 -0.004755332 	-0.001665393 	0.036111907 	 7.2425685e-05 	5.5766176e-07 	0.00037166296 	 -468.00317 	-183.08404 	-51.596584 	 0.2534507 	-0.056372365 	0.0013823821 	 1.975393 	-1.0197163 	0.012853129 		0.0625 0.004985272 0.013139116 100000 1
0.06375 9496.7355 	-20376.928 	19.497966 	 92405.767 	-270821.96 	-991.13133 	 -0.0047398974 	-0.0017623157 	0.036272354 	 7.0967837e-05 	3.7725776e-06 	0.00038810016 	 -425.04293 	-185.9812 	-47.175374 	 0.25078085 	-0.06573853 	0.001359422 	 1.9978424 	-1.2249361 	0.0079974595 		0.06375 0.0049030866 0.011625953 100000 1
0.065 9492.9463 	-18062.338 	29.844702 	 99225.23 	-248873.48 	-497.96038 	 -0.0047244629 	-0.0018592385 	0.036432802 	 6.9509989e-05 	6.9874934e-06 	0.00040453737 	 -382.08269 	-188.87837 	-42.754164 	 0.248111 	-0.075104695 	0.0013364618 	 2.0202918 	-1.4301559 	0.0031417904 		0.065 0.0048209013 0.01011279 100000 1
0.06625 9433.6546 	-15751.634 	42.48985 	 108094.73 	-223700.13 	311.1212 	 -0.0047070681 	-0.0019683818 	0.036611453 	 6.6166472e-05 	9.7002434e-06 	0.00044396741 	 -339.28317 	-193.03693 	-38.596313 	 0.24511056 	-0.084408168 	0.0013062705 	 2.0263265 	-1.6662538 	-0.0048799255 		0.06625 0.0047154139 0.0080519423 100000 1
0.0675 9374.3629 	-13440.931 	55.134997 	 116964.23 	-198526.79 	1120.2028 	 -0.0046896733 	-0.0020775251 	0.036790105 	 6.2822955e-05 	1.2412993e-05 	0.00048339745 	 -296.48366 	-197.19549 	-34.438462 	 0.24211012 	-0.09371164 	0.0012760792 	 2.0323612 	-1.9023517 	-0.012901641 		0.0675 0.0046099265 0.0059910942 100000 1
0.06875 9208.2767 	-11155.468 	68.270101 	 128992.97 	-169672.66 	2367.9935 	 -0.0046685736 	-0.0022113193 	0.037014855 	 5.6042503e-05 	1.381453e-05 	0.00057572489 	 -253.71696 	-205.4325 	-30.562581 	 0.23890009 	-0.1029826 	0.0012407538 	 2.0113065 	-2.1737291 	-0.025316302 		0.06875 0.004481198 0.0032970291 100000 1
0.07 9042.1905 	-8870.0058 	81.405205 	 141021.72 	-140818.54 	3615.7843 	 -0.0046474738 	-0.0023451135 	0.037239605 	 4.9262051e-05 	1.5216067e-05 	0.00066805233 	 -210.95026 	-213.66951 	-26.6867 	 0.23569006 	-0.11225357 	0.0012054283 	 1.9902518 	-2.4451065 	-0.037730964 		0.07 0.0043524695 0.00060296411 100000 1
0.07125 8655.8611 	-6644.5174 	103.05026 	 157997.06 	-108009.67 	5951.1462 	 -0.0046153975 	-0.0024841704 	0.037429323 	 4.0244399e-05 	1.5981926e-05 	0.00077290779 	 -163.20947 	-222.96454 	-22.504848 	 0.23294315 	-0.12172534 	0.0010524811 	 1.9249708 	-2.7544915 	-0.061026499 		0.07125 0.0041991902 -0.0028646015 100000 1
0.0725 8269.5318 	-4419.0289 	124.69531 	 174972.41 	-75200.792 	8286.5081 	 -0.0045833213 	-0.0026232273 	0.03761904 	 3.1226748e-05 	1.6747785e-05 	0.00087776324 	 -115.46868 	-232.25957 	-18.322995 	 0.23019624 	-0.13119711 	0.00089953393 	 1.8596898 	-3.0638766 	-0.084322035 		0.0725 0.0040459108 -0.0063321672 100000 1
0.07375 7639.7837 	-2204.7739 	141.11613 	 197196.22 	-38588.543 	11308.115 	 -0.0045532872 	-0.0027677438 	0.037797332 	 1.7645808e-05 	1.6671911e-05 	0.0010167552 	 -60.147591 	-245.53644 	-13.548233 	 0.22805664 	-0.14135745 	0.00072704826 	 1.7459382 	-3.4100438 	-0.1144829 		0.07375 0.0038745208 -0.010413524 100000 1
0.075 6723.966 	-547.75101 	133.56655 	 215064 	-18360.95 	12748.349 	 -0.004541524 	-0.002848684 	0.037919223 	 8.1481e-06 	1.5270253e-05 	0.0011167024 	 -20.540307 	-247.90369 	-9.1344001 	 0.22703025 	-0.14667057 	0.0006885227 	 1.6784585 	-3.5916684 	-0.12883112 		0.075 0.003691177 -0.014903815 100000 1
