# y jRe_x jRe_y jRe_z jIm_x jIm_y jIm_z BRe_x BRe_y BRe_z BIm_x BIm_y BIm_z F_x F_y F_z VReGrad_x VReGrad_y VReGrad_z VImGrad_x VImGrad_y VImGrad_z s VRe VIm sigma mur
-0.075 -516149.31 	-19495.663 	-17162.294 	 -2173735.9 	-83801.653 	-161342.76 	 -0.0044901767 	0.0027899337 	0.041553429 	 0.00011836618 	-0.00041402781 	0.0051847762 	 -631.78354 	16390.636 	-309.23898 	 -0.4759659 	-0.63770684 	0.0063049695 	 -1.5231207 	-3.2711232 	0.13320957 		-0.075 -0.00075479675 -0.0028242754 1200000 1
-0.07375 -560942.34 	-148848.89 	-16730.822 	 -1867713.9 	-311754.76 	-132903.82 	 -0.0044839411 	0.0026681286 	0.041124647 	 0.00027511251 	-0.00045801026 	0.0035495164 	 -3589.1196 	14899.542 	-610.36295 	 -0.47964321 	-0.59120372 	0.0050382681 	 -1.6434219 	-3.062795 	0.10954658 		-0.07375 -0.0015341576 -0.006835376 1200000 1
-0.0725 -583855.87 	-296434.01 	-14977.733 	 -1565207.1 	-608139.39 	-100751.94 	 -0.0044712784 	0.0025174288 	0.040428475 	 0.00045885594 	-0.00049278848 	0.0015795928 	 -6381.5624 	13105.829 	-866.87772 	 -0.48428347 	-0.53413015 	0.0038474268 	 -1.7684248 	-2.7932043 	0.082638935 		-0.0725 -0.0022405108 -0.010510906 1200000 1
-0.07125 -591879.59 	-443485.74 	-12494.656 	 -1323703 	-882190.85 	-73175.033 	 -0.0044582447 	0.0023660705 	0.03963274 	 0.00063514827 	-0.00051182596 	-0.00034751115 	 -8595.6566 	11505.759 	-1067.9354 	 -0.48815684 	-0.48083256 	0.0028011603 	 -1.8502328 	-2.5382405 	0.059420985 		-0.07125 -0.0028737416 -0.013837085 1200000 1
-0.07 -588578.46 	-587988.78 	-9864.2575 	 -1125025.4 	-1129249.6 	-50820.82 	 -0.0044503199 	0.002233646 	0.038982678 	 0.00075452353 	-0.00051865826 	-0.0016388325 	 -10520.45 	10532.411 	-1247.4848 	 -0.49085385 	-0.4307361 	0.0021020091 	 -1.9038259 	-2.3029486 	0.04045554 		-0.07 -0.0034425363 -0.01685605 1200000 1
-0.06875 -577083.47 	-728975.29 	-7252.801 	 -960366.03 	-1349036.9 	-32858.495 	 -0.0044442511 	0.0021112554 	0.038373775 	 0.00084739083 	-0.00051573551 	-0.0026439172 	 -12209.819 	9769.7663 	-1410.6639 	 -0.4919705 	-0.38329151 	0.0016733308 	 -1.936247 	-2.0881987 	0.025073352 		-0.06875 -0.0039505247 -0.019594056 1200000 1
-0.0675 -559741.31 	-865514.06 	-4788.7336 	 -822790.19 	-1542883.7 	-18628.45 	 -0.0044402044 	0.0019982234 	0.037810286 	 0.00091878325 	-0.00050559535 	-0.0034197884 	 -13749.271 	9133.0562 	-1565.922 	 -0.49128288 	-0.33825845 	0.0014754554 	 -1.9529971 	-1.8935425 	0.012744532 		-0.0675 -0.0044007162 -0.022076264 1200000 1
-0.06625 -538290.2 	-996906.37 	-2535.8076 	 -706870.44 	-1713038.9 	-7454.6655 	 -0.0044378268 	0.001893223 	0.037292857 	 0.00097427871 	-0.00049145753 	-0.0040121604 	 -15192.638 	8572.1955 	-1716.2607 	 -0.48870613 	-0.29550209 	0.0014656205 	 -1.9582028 	-1.7175981 	0.0029216199 		-0.06625 -0.0047961145 -0.024327646 1200000 1
-0.065 -514044.49 	-1122551.5 	-536.54365 	 -608539.13 	-1861869 	1194.4066 	 -0.0044372346 	0.0017958023 	0.036821471 	 0.001016554 	-0.00047437094 	-0.0044577018 	 -16570.816 	8058.3358 	-1865.026 	 -0.48425378 	-0.25500158 	0.0016185521 	 -1.9549273 	-1.5589281 	-0.0048253615 		-0.065 -0.0051394321 -0.026370109 1200000 1
-0.06375 -487974.43 	-1242097.1 	1205.4757 	 -524593.24 	-1991832.5 	7828.1388 	 -0.0044378186 	0.0017047826 	0.036393945 	 0.0010495764 	-0.00045632321 	-0.0047857852 	 -17901.023 	7574.4885 	-2011.351 	 -0.4779975 	-0.21672014 	0.0019025446 	 -1.9454201 	-1.415855 	-0.010911684 		-0.06375 -0.0054335681 -0.028224802 1200000 1
-0.0625 -460830.29 	-1355234.6 	2690.9381 	 -452615.44 	-2105086.8 	12821.265 	 -0.0044397987 	0.0016199304 	0.036008365 	 0.0010744393 	-0.00043747059 	-0.0050201605 	 -19190.303 	7111.3782 	-2156.7074 	 -0.47005049 	-0.18068156 	0.0022986891 	 -1.9313693 	-1.2870109 	-0.015642345 		-0.0625 -0.0056812069 -0.029909692 1200000 1
-0.06125 -433154.07 	-1461868.8 	3938.3536 	 -390627.06 	-2203705.8 	16525.528 	 -0.0044424035 	0.0015402255 	0.035661467 	 0.0010941542 	-0.00041906787 	-0.0051798445 	 -20441.128 	6663.574 	-2298.5869 	 -0.46053935 	-0.14685659 	0.0027860089 	 -1.9140167 	-1.1709382 	-0.019306428 		-0.06125 -0.0058852342 -0.031442243 1200000 1
-0.06 -405376.53 	-1561893 	4969.1099 	 -337110.17 	-2289417 	19191.846 	 -0.0044460263 	0.0014655994 	0.035350685 	 0.0011087696 	-0.00040082859 	-0.0052803978 	 -21651.609 	6228.6158 	-2438.1807 	 -0.44960774 	-0.11526421 	0.0033478338 	 -1.8943229 	-1.0665409 	-0.02210998 		-0.06 -0.0060483412 -0.032837057 1200000 1
-0.05875 -377790.56 	-1655377.2 	5804.2838 	 -290767.75 	-2363860.7 	21052.198 	 -0.0044497726 	0.0013951722 	0.035072539 	 0.0011207651 	-0.00038359611 	-0.0053342357 	 -22819.283 	5804.9978 	-2572.3081 	 -0.43739038 	-0.08586161 	0.0039738987 	 -1.87299 	-0.97264071 	-0.024245949 		-0.05875 -0.0061733754 -0.034108575 1200000 1
-0.0575 -350638.37 	-1742341.9 	6475.1919 	 -250592.45 	-2428375.1 	22272.015 	 -0.0044542326 	0.0013289855 	0.034824409 	 0.0011294908 	-0.00036690073 	-0.0053516703 	 -23939.729 	5392.4862 	-2702.5425 	 -0.42403119 	-0.058652016 	0.0046474347 	 -1.850584 	-0.88839604 	-0.025852086 		-0.0575 -0.0062630106 -0.03526874 1200000 1
-0.05625 -324062.76 	-1822952.9 	6996.8155 	 -215689.21 	-2484233.6 	22999.681 	 -0.0044584008 	0.0012662801 	0.034602991 	 0.0011371559 	-0.00035135129 	-0.0053408587 	 -25009.531 	4990.727 	-2825.3854 	 -0.40965334 	-0.033579453 	0.005368251 	 -1.8275062 	-0.8128692 	-0.027054177 		-0.05625 -0.0063200104 -0.036329604 1200000 1
-0.055 -298191.25 	-1897305.2 	7405.6355 	 -185358.2 	-2532465.1 	23344.743 	 -0.0044630653 	0.0012071629 	0.034405884 	 0.0011426306 	-0.00033642893 	-0.0053086993 	 -26024.272 	4600.0373 	-2943.0221 	 -0.39438907 	-0.010632311 	0.0061181298 	 -1.8040994 	-0.74541975 	-0.027945408 		-0.055 -0.0063470009 -0.037301048 1200000 1
-0.05375 -273073.91 	-1965611.1 	7707.7902 	 -158956.08 	-2574051.7 	23400.035 	 -0.0044671108 	0.0011509807 	0.034230125 	 0.0011480117 	-0.00032259959 	-0.0052605656 	 -26981.01 	4220.2158 	-3051.7306 	 -0.37834289 	0.010252351 	0.0069056978 	 -1.7805905 	-0.68530227 	-0.028606979 		-0.05375 -0.0063466258 -0.038193248 1200000 1
-0.0525 -248767 	-2028005.1 	7942.9087 	 -135978.53 	-2609784.8 	23238.936 	 -0.0044715137 	0.0010978714 	0.034073643 	 0.0011518277 	-0.00030936006 	-0.0052011 	 -27876.202 	3851.5393 	-3154.3478 	 -0.36163171 	0.029097043 	0.0077106633 	 -1.7571907 	-0.63202956 	-0.029103321 		-0.0525 -0.0063214416 -0.039014488 1200000 1
-0.05125 -225262.54 	-2084712.1 	8108.7907 	 -115948.18 	-2640417.3 	22919.524 	 -0.0044750484 	0.0010472786 	0.033933865 	 0.0011561548 	-0.00029707963 	-0.0051338344 	 -28707.741 	3493.6316 	-3246.9278 	 -0.34434003 	0.045964827 	0.0085486689 	 -1.7340226 	-0.58500896 	-0.029487911 		-0.05125 -0.006273952 -0.039773474 1200000 1
-0.05 -202571.96 	-2135882.2 	8247.2043 	 -98490.457 	-2666557.7 	22490.902 	 -0.0044788667 	0.00099934638 	0.033809086 	 0.0011592676 	-0.00028529906 	-0.0050618975 	 -29473.143 	3146.5521 	-3332.9242 	 -0.32656948 	0.060884968 	0.0093973824 	 -1.7112179 	-0.54387016 	-0.029805975 		-0.05 -0.0062066344 -0.040477245 1200000 1
-0.04875 -180650.69 	-2181730.7 	8350.0074 	 -83241.559 	-2688778.6 	21992.216 	 -0.0044816339 	0.00095360925 	0.033697121 	 0.0011632754 	-0.00027431407 	-0.0049875899 	 -30171.075 	2809.6754 	-3408.1395 	 -0.3083858 	0.073914898 	0.010277168 	 -1.6888354 	-0.50814326 	-0.030096231 		-0.04875 -0.0061218472 -0.041133357 1200000 1
-0.0475 -159481.9 	-2222407.6 	8460.3185 	 -69915.608 	-2707546 	21454.635 	 -0.0044846629 	0.00091019924 	0.033596629 	 0.0011662541 	-0.00026371966 	-0.0049130108 	 -30800.035 	2482.8238 	-3476.5838 	 -0.28987705 	0.085087058 	0.011164243 	 -1.666958 	-0.47754854 	-0.030389816 		-0.0475 -0.0060219889 -0.041747888 1200000 1
-0.04625 -138998.03 	-2258103.7 	8567.6205 	 -58228.275 	-2723289.2 	20911.022 	 -0.0044865153 	0.00086873934 	0.033505789 	 0.0011703741 	-0.0002537489 	-0.0048396306 	 -31359.265 	2165.1391 	-3533.7872 	 -0.27109257 	0.094449001 	0.012080971 	 -1.6456052 	-0.45171646 	-0.030721193 		-0.04625 -0.0059092804 -0.042327496 1200000 1
-0.045 -119164.53 	-2288958.6 	8715.5554 	 -47954.99 	-2736360.9 	20377.372 	 -0.0044886512 	0.00082933553 	0.03342361 	 0.0011735486 	-0.00024405243 	-0.0047688372 	 -31848.086 	1856.2414 	-3584.2508 	 -0.25210915 	0.10203339 	0.013003115 	 -1.6248297 	-0.43043953 	-0.031109677 		-0.045 -0.0057860488 -0.042877515 1200000 1
-0.04375 -99899.505 	-2315129.4 	8895.7608 	 -38867.321 	-2747075.6 	19891.33 	 -0.0044895393 	0.00079169898 	0.033348602 	 0.0011780196 	-0.00023480497 	-0.0047015359 	 -32266.102 	1555.0824 	-3623.2312 	 -0.23296252 	0.10787509 	0.0139518 	 -1.6046272 	-0.41343153 	-0.031594785 		-0.04375 -0.0056543953 -0.043403924 1200000 1
-0.0425 -81157.596 	-2336738.6 	9151.4576 	 -30782.918 	-2755692.6 	19454.193 	 -0.0044907757 	0.00075589851 	0.033280103 	 0.0011815605 	-0.00022571 	-0.0046386125 	 -32613.289 	1261.1302 	-3655.6596 	 -0.21372072 	0.11200443 	0.014903627 	 -1.5850323 	-0.40054474 	-0.032184453 		-0.0425 -0.0055165883 -0.043911485 1200000 1
-0.04125 -62848.13 	-2353904 	9481.9264 	 -23511.999 	-2762434 	19119.198 	 -0.0044907523 	0.00072173391 	0.033216925 	 0.0011864847 	-0.00021688459 	-0.0045805809 	 -32889.434 	973.18917 	-3676.5397 	 -0.19440873 	0.11444212 	0.015874624 	 -1.566027 	-0.39156313 	-0.032932439 		-0.04125 -0.0053746346 -0.04440568 1200000 1
-0.04 -44919.535 	-2366726.3 	9928.9898 	 -16900.18 	-2767478.1 	18872.306 	 -0.0044911921 	0.0006892276 	0.033158717 	 0.0011904378 	-0.00020808082 	-0.0045279608 	 -33095.023 	690.6277 	-3691.1828 	 -0.17508834 	0.11521387 	0.016843666 	 -1.5476353 	-0.3863913 	-0.033834858 		-0.04 -0.0052307596 -0.044890844 1200000 1
-0.03875 -27275.946 	-2375281.8 	10506.102 	 -10782.66 	-2770971.5 	18793.927 	 -0.0044904341 	0.00065826887 	0.033104566 	 0.0011957925 	-0.00019935654 	-0.0044809845 	 -33229.903 	412.13683 	-3694.3885 	 -0.15577661 	0.11432596 	0.017817083 	 -1.5298324 	-0.38487314 	-0.034969567 		-0.03875 -0.0050869066 -0.04537212 1200000 1
-0.0375 -9862.8014 	-2379645.9 	11252.855 	 -5021.5136 	-2773018.2 	18853.8 	 -0.0044903218 	0.00062882477 	0.033054418 	 0.0012000691 	-0.00019050824 	-0.0044398873 	 -33294.964 	137.03502 	-3691.8085 	 -0.13653149 	0.11179724 	0.018777417 	 -1.5126374 	-0.38696176 	-0.0363202 		-0.0375 -0.0049452749 -0.045853542 1200000 1
-0.03625 7418.5417 	-2379853.6 	12204.719 	 534.73963 	-2773702.8 	19172.867 	 -0.0044891735 	0.00060087398 	0.033007618 	 0.001205676 	-0.00018153201 	-0.0044046816 	 -33290.048 	-136.07514 	-3678.1197 	 -0.11736483 	0.10762045 	0.019715706 	 -1.496024 	-0.39255245 	-0.038000046 		-0.03625 -0.0048077796 -0.046340058 1200000 1
-0.035 24623.11 	-2375952.4 	13398.664 	 6017.5321 	-2773056.5 	19704.631 	 -0.0044889534 	0.00057431822 	0.032964407 	 0.0012099985 	-0.00017226616 	-0.0043753569 	 -33216.386 	-407.87742 	-3659.2935 	 -0.098333033 	0.10180531 	0.020619222 	 -1.480011 	-0.40164595 	-0.039980244 		-0.035 -0.0046766108 -0.046835503 1200000 1
-0.03375 41850.525 	-2367938.4 	14901.645 	 11575.779 	-2771112.3 	20627.221 	 -0.0044880026 	0.00054922277 	0.032924374 	 0.0012154419 	-0.00016264282 	-0.0043517261 	 -33073.82 	-679.84269 	-3630.0013 	 -0.079445442 	0.09433311 	0.021456811 	 -1.4645745 	-0.41418164 	-0.042423494 		-0.03375 -0.0045536925 -0.047344774 1200000 1
-0.0325 59153.974 	-2355830.1 	16748.381 	 17343.866 	-2767826.3 	21880.319 	 -0.0044884138 	0.00052541096 	0.032888055 	 0.00121923 	-0.00015254341 	-0.0043335345 	 -32863.908 	-952.60986 	-3596.5372 	 -0.060759113 	0.085202436 	0.022220865 	 -1.4497373 	-0.43020939 	-0.045290267 		-0.0325 -0.0044412215 -0.047871601 1200000 1
-0.03125 76632.334 	-2339589.5 	19048.624 	 23479.072 	-2763188.2 	23720.918 	 -0.0044886065 	0.00050302687 	0.032855285 	 0.001223702 	-0.00014183729 	-0.0043203786 	 -32586.573 	-1227.716 	-3553.7318 	 -0.04228347 	0.074386658 	0.022849541 	 -1.4354828 	-0.44970578 	-0.048810602 		-0.03125 -0.0043411682 -0.048420956 1200000 1
-0.03 94334.29 	-2319206.3 	21836.261 	 30128.653 	-2757073.9 	26081.512 	 -0.0044908204 	0.00048179603 	0.032826898 	 0.0012258681 	-0.00013045855 	-0.0043117229 	 -32243.743 	-1505.7065 	-3508.2372 	 -0.024078282 	0.061871792 	0.023339618 	 -1.4218418 	-0.47277237 	-0.052939292 		-0.03 -0.0042557476 -0.048996555 1200000 1
-0.02875 112355.66 	-2294617.1 	25277.082 	 37470.357 	-2749437.5 	29326.504 	 -0.004493627 	0.00046192393 	0.032802986 	 0.0012279024 	-0.00011822472 	-0.0043068907 	 -31835.587 	-1788.1842 	-3455.2678 	 -0.0061555218 	0.047628723 	0.023588113 	 -1.4088107 	-0.499415 	-0.057996908 		-0.02875 -0.0041870116 -0.049603575 1200000 1
-0.0275 130737.01 	-2265786.3 	29406.778 	 45675.577 	-2740069.9 	33394.507 	 -0.0044994479 	0.0004430077 	0.032784694 	 0.0012265075 	-0.00010514958 	-0.004304987 	 -31364.52 	-2075.5523 	-3401.9177 	 0.011420472 	0.031630971 	0.023593773 	 -1.3964344 	-0.52978789 	-0.063942466 		-0.0275 -0.0041371977 -0.050245787 1200000 1
-0.02625 149567.58 	-2232638.7 	34461.781 	 54956.795 	-2728900.8 	38794.879 	 -0.0045071003 	0.00042528101 	0.03277238 	 0.0012235401 	-9.1031479e-05 	-0.0043049572 	 -30831.221 	-2369.4945 	-3344.0802 	 0.02863282 	0.013855194 	0.023199922 	 -1.3847292 	-0.56391445 	-0.071216929 		-0.02625 -0.0041084667 -0.0509287 1200000 1
-0.025 168874.59 	-2195122.9 	40482.907 	 65522.968 	-2715637 	45495.222 	 -0.004519239 	0.0004081629 	0.032767515 	 0.0012152402 	-7.6024277e-05 	-0.0043054163 	 -30238.805 	-2670.2376 	-3289.4283 	 0.045411026 	-0.0057340891 	0.022402734 	 -1.373762 	-0.60199616 	-0.079800295 		-0.025 -0.0041030685 -0.051656191 1200000 1
-0.02375 188734.93 	-2153173.4 	47790.98 	 77638.592 	-2700203 	54197.528 	 -0.0045350406 	0.00039185536 	0.032770732 	 0.0012029169 	-5.9983392e-05 	-0.0043047713 	 -29588.834 	-2979.5973 	-3234.9091 	 0.061731275 	-0.027141419 	0.020977799 	 -1.3635788 	-0.64405331 	-0.090290775 		-0.02375 -0.0041232845 -0.052434193 1200000 1
-0.0225 209154.23 	-2106744.3 	56433.472 	 91566.388 	-2682240.8 	64932.111 	 -0.0045574608 	0.00037552047 	0.032783825 	 0.0011821058 	-4.3325381e-05 	-0.0043009627 	 -28885.44 	-3297.6344 	-3188.9697 	 0.077515995 	-0.050400783 	0.018912417 	 -1.3542791 	-0.69031345 	-0.10271332 		-0.0225 -0.0041713408 -0.053266705 1200000 1
-0.02125 230187.5 	-2055814.2 	66822.691 	 107643.67 	-2661709.4 	78646.777 	 -0.0045861639 	0.00035923137 	0.032807692 	 0.0011532328 	-2.6120761e-05 	-0.0042916433 	 -28131.544 	-3626.442 	-3150.0651 	 0.092733258 	-0.075476906 	0.015901428 	 -1.3459514 	-0.74075417 	-0.11786245 		-0.02125 -0.0042496179 -0.054160119 1200000 1
-0.02 251805.98 	-2000381.8 	79006.111 	 126205.55 	-2638241.4 	95473.145 	 -0.0046244768 	0.00034177669 	0.032844415 	 0.0011107752 	-9.2774873e-06 	-0.0042738466 	 -27332.692 	-3966.0494 	-3127.6544 	 0.10729889 	-0.10237949 	0.0119176 	 -1.3387413 	-0.7955758 	-0.13583326 		-0.02 -0.0043602363 -0.055118467 1200000 1
-0.01875 274027.08 	-1940521.1 	93475.216 	 147685.18 	-2611909.4 	116643.56 	 -0.0046726666 	0.00032295834 	0.032895088 	 0.0010538279 	6.6282129e-06 	-0.0042442209 	 -26493.649 	-4319.1925 	-3122.1973 	 0.12117354 	-0.1310009 	0.0065698419 	 -1.3327955 	-0.85464073 	-0.15764006 		-0.01875 -0.0045055941 -0.056148513 1200000 1
-0.0175 296767.84 	-1876337.4 	110248.55 	 172508.17 	-2582453.4 	142409.95 	 -0.0047344687 	0.00030103996 	0.03296196 	 0.00097535621 	1.9813321e-05 	-0.0041986598 	 -25621.687 	-4686.2843 	-3144.3962 	 0.13426971 	-0.16128636 	-0.00018123442 	 -1.3283204 	-0.91801785 	-0.18345299 		-0.0175 -0.0046875475 -0.057254057 1200000 1
-0.01625 319983.72 	-1808065.7 	129841.32 	 201224.44 	-2550186.8 	174264.14 	 -0.0048108007 	0.00027537973 	0.03304615 	 0.00087261098 	2.8729766e-05 	-0.0041325986 	 -24723.634 	-5071.5078 	-3197.2108 	 0.14654489 	-0.19301136 	-0.0087951192 	 -1.3255367 	-0.98534164 	-0.21447199 		-0.01625 -0.0049083367 -0.058441908 1200000 1
-0.015 343508.59 	-1735992.8 	152168.94 	 234361.64 	-2515137.8 	212521.74 	 -0.0049057373 	0.00024357134 	0.033149795 	 0.00073657259 	3.0171204e-05 	-0.004040667 	 -23808.346 	-5476.588 	-3292.7873 	 0.15791624 	-0.22600153 	-0.01929801 	 -1.3247238 	-1.0563957 	-0.25088008 		-0.015 -0.0051692878 -0.059715089 1200000 1
-0.01375 367200.93 	-1660566.2 	177641.42 	 272598.94 	-2478000.2 	258757.65 	 -0.0050207224 	0.00020439653 	0.033273686 	 0.00056221033 	2.101051e-05 	-0.0039170515 	 -22884.087 	-5908.6394 	-3437.0942 	 0.16834828 	-0.25987429 	-0.032155305 	 -1.3261889 	-1.1304689 	-0.29389877 		-0.01375 -0.0054721879 -0.061079813 1200000 1
-0.0125 390773.16 	-1582294.7 	205932.32 	 316567.34 	-2439250.2 	313137.97 	 -0.0051598733 	0.00015475607 	0.033419376 	 0.00033822792 	-3.9767619e-06 	-0.003755238 	 -21960.026 	-6372.2718 	-3643.9646 	 0.17777778 	-0.29429419 	-0.047314535 	 -1.3302937 	-1.2069311 	-0.34353027 		-0.0125 -0.0058174631 -0.062537475 1200000 1
-0.01125 413942.98 	-1501800.3 	237135.11 	 367082.99 	-2399959.7 	376914.35 	 -0.0053247215 	9.2920021e-05 	0.033586767 	 5.7225871e-05 	-5.0034809e-05 	-0.003548395 	 -21043.616 	-6879.6173 	-3923.0053 	 0.1861938 	-0.32873124 	-0.065125409 	 -1.337447 	-1.2847361 	-0.40066389 		-0.01125 -0.0062060758 -0.064092813 1200000 1
-0.01 436259.45 	-1419718.4 	270506.36 	 424889.48 	-2360958.1 	449718.18 	 -0.0055187552 	1.5391809e-05 	0.033776187 	 -0.00029414598 	-0.00012471788 	-0.00328921 	 -20141.28 	-7439.9741 	-4290.0736 	 0.19357415 	-0.36273074 	-0.08535843 	 -1.3481167 	-1.3629373 	-0.46479213 		-0.01 -0.0066371908 -0.065744723 1200000 1
-0.00875 457254.93 	-1336617.7 	305610.07 	 490980.98 	-2323300.4 	531939.22 	 -0.0057427254 	-7.9597894e-05 	0.033986031 	 -0.00072505819 	-0.00023543848 	-0.0029701039 	 -19255.446 	-8072.2973 	-4758.9987 	 0.19995492 	-0.39575258 	-0.10810864 	 -1.3628649 	-1.440504 	-0.53602255 		-0.00875 -0.007110687 -0.067495854 1200000 1
-0.0075 476278.49 	-1252951.1 	341215.81 	 566286.67 	-2287586.5 	622349.56 	 -0.0059984041 	-0.00019514858 	0.034214854 	 -0.0012498497 	-0.0003916477 	-0.0025830221 	 -18385.256 	-8791.4738 	-5347.421 	 0.20537858 	-0.42741755 	-0.13292105 	 -1.3823516 	-1.5166859 	-0.61308289 		-0.0075 -0.007624394 -0.069342446 1200000 1
-0.00625 492637.05 	-1168835.3 	376364.97 	 652111.13 	-2254094.2 	720258.71 	 -0.0062846 	-0.00033208786 	0.034459215 	 -0.0018780685 	-0.00060206887 	-0.0021190934 	 -17523.423 	-9623.8491 	-6072.7935 	 0.20995068 	-0.45744489 	-0.15962612 	 -1.4074284 	-1.591125 	-0.69514546 		-0.00625 -0.0081772918 -0.071285567 1200000 1
-0.005 505446.11 	-1084161 	409601.13 	 749724.28 	-2222473.7 	823797.75 	 -0.0066001912 	-0.00049187601 	0.034715855 	 -0.0026232296 	-0.00087657474 	-0.0015681404 	 -16658.558 	-10590.115 	-6952.2003 	 0.2137985 	-0.48580366 	-0.18770377 	 -1.4391088 	-1.6638857 	-0.78040284 		-0.005 -0.008766394 -0.073320067 1200000 1
-0.00375 513740.34 	-998341.59 	439873.32 	 860886.24 	-2191974.8 	931784.77 	 -0.0069410659 	-0.00067312628 	0.034979812 	 -0.0034934184 	-0.0012232421 	-0.00091740763 	 -15773.131 	-11725.907 	-8004.1583 	 0.217112 	-0.51267083 	-0.21700188 	 -1.4786851 	-1.7354935 	-0.86763875 		-0.00375 -0.0093905924 -0.075447266 1200000 1
-0.0025 516367.44 	-909525.41 	464961.93 	 987197.89 	-2158483.6 	1039414.4 	 -0.0073820855 	-0.00093285858 	0.035301834 	 -0.0047420735 	-0.0017782821 	-3.5603722e-05 	 -14894.131 	-13277.63 	-9606.5637 	 0.22009851 	-0.5393861 	-0.24639274 	 -1.5275481 	-1.8091586 	-0.95265964 		-0.0025 -0.010047127 -0.077662566 1200000 1
-0.00125 512336.53 	-823332.17 	490690.61 	 1135062.1 	-2134794.4 	1160656.8 	 -0.0077219227 	-0.0011484285 	0.035557645 	 -0.0058108579 	-0.0022782768 	0.00080404215 	 -13856.87 	-14825.403 	-10978.741 	 0.22295394 	-0.56193812 	-0.28125885 	 -1.5910318 	-1.8736144 	-1.0470646 		-0.00125 -0.010740454 -0.079980874 1200000 1
5.2475385e-17 273029.63 	-455336.69 	219372.32 	 682068.9 	-1328999.3 	476272.98 	 -0.0079384545 	-0.0012808308 	0.035721645 	 -0.0065770619 	-0.0026391203 	0.0016355729 	 -8423.3494 	-7792.8885 	-7206.4975 	 0.22626666 	0.091462825 	0.03165337 	 -1.6318763 	0.46533986 	0.29519069 		5.2475385e-17 -0.011406957 -0.082089534 649999.98 1
0.00125 40343.854 	-159487.14 	-59132.431 	 99943.526 	-576164.22 	-268445.31 	 -0.0076605469 	-0.0012115746 	0.035653737 	 -0.0060334764 	-0.0024836844 	0.0019430177 	 -3776.7035 	220.70179 	-2497.3337 	 0.22727463 	0.45247103 	0.67854036 	 -1.5166643 	2.0227117 	2.6229186 		0.00125 -0.011113278 -0.080552742 100000 1
0.0025 39092.258 	-156760.87 	-57560.481 	 93530.959 	-594874.5 	-258007.3 	 -0.0072491811 	-0.0011014225 	0.035531002 	 -0.005127204 	-0.0022415835 	0.0020750793 	 -3726.5068 	80.49868 	-2217.7547 	 0.227388 	0.47302808 	0.64437767 	 -1.3873391 	2.1715501 	2.5269143 		0.0025 -0.010531481 -0.077923614 100000 1
0.00375 37760.606 	-154625.43 	-55902.167 	 88251.008 	-613196.1 	-247109.7 	 -0.0068516481 	-0.00098965467 	0.035408087 	 -0.0042494395 	-0.002006305 	0.0021643591 	 -3679.587 	-46.206043 	-1937.8245 	 0.22808837 	0.4936668 	0.61221022 	 -1.2694744 	2.3206227 	2.425147 		0.00375 -0.0099260281 -0.075107059 100000 1
0.005 36349.392 	-153043.22 	-53670.329 	 83547.69 	-631247.13 	-234407.56 	 -0.0065570024 	-0.00089993401 	0.035286503 	 -0.0035719086 	-0.001809754 	0.0021992522 	 -3633.3046 	-137.37024 	-1718.8948 	 0.22932119 	0.51567081 	0.57678558 	 -1.1573545 	2.4702299 	2.304369 		0.005 -0.0092921996 -0.072097291 100000 1
0.00625 34884.451 	-151757.15 	-50799.416 	 79257.192 	-648387.4 	-219504.46 	 -0.0063061643 	-0.00081943462 	0.035167869 	 -0.0029865679 	-0.0016276015 	0.0022042463 	 -3585.1426 	-211.51042 	-1523.2781 	 0.23100867 	0.53697252 	0.53728541 	 -1.0495493 	2.6136698 	2.1606893 		0.00625 -0.0086312793 -0.068904824 100000 1
0.0075 33387.565 	-150466.91 	-47372.714 	 75246.371 	-663674.99 	-202752.45 	 -0.0060932265 	-0.0007475978 	0.035053016 	 -0.002482761 	-0.0014582217 	0.0021853384 	 -3530.4219 	-269.96789 	-1347.4824 	 0.23307197 	0.5551533 	0.49431608 	 -0.94468362 	2.7411928 	1.997724 		0.0075 -0.0079453731 -0.065541491 100000 1
0.00875 31882.04 	-148990 	-43425.293 	 71435.604 	-676502.37 	-184260.18 	 -0.005912716 	-0.00068491699 	0.034943576 	 -0.0020535116 	-0.0013023951 	0.0021479035 	 -3467.0493 	-314.63276 	-1190.5492 	 0.2354332 	0.56882033 	0.4480151 	 -0.84212729 	2.8464729 	1.8166391 		0.00875 -0.0072405451 -0.062037586 100000 1
0.01 30384.577 	-147100.24 	-39183.276 	 67781.874 	-686129.79 	-164958.56 	 -0.0057603019 	-0.00063073914 	0.034840062 	 -0.0016892506 	-0.0011596652 	0.0020963287 	 -3392.2076 	-346.53034 	-1050.4146 	 0.23802206 	0.57618547 	0.40038215 	 -0.74136797 	2.9218541 	1.6268397 		0.01 -0.0065229735 -0.058422304 100000 1
0.01125 28913.572 	-144746.06 	-34790.057 	 64282.924 	-692451.69 	-145403.95 	 -0.0056315791 	-0.00058509726 	0.03474365 	 -0.0013834429 	-0.0010307346 	0.0020346829 	 -3306.6105 	-367.42826 	-926.78563 	 0.24076005 	0.57705586 	0.35260571 	 -0.64250796 	2.9660812 	1.433971 		0.01125 -0.0058016558 -0.054739117 100000 1
0.0125 27480.852 	-141867.59 	-30470.316 	 60950.381 	-695390.86 	-126505.11 	 -0.0055233727 	-0.00054705723 	0.034654431 	 -0.0011273593 	-0.00091467835 	0.0019661094 	 -3210.4923 	-378.92608 	-818.13066 	 0.24357498 	0.57117195 	0.30667475 	 -0.54555065 	2.9781922 	1.2472092 		0.0125 -0.0050838632 -0.051022113 100000 1
0.01375 26099.651 	-138545.87 	-26346.867 	 57810.986 	-695377.61 	-108726.85 	 -0.0054321231 	-0.00051630443 	0.034573089 	 -0.00091514758 	-0.00081145642 	0.0018934201 	 -3106.7137 	-382.91654 	-723.92667 	 0.24639139 	0.5595478 	0.26359148 	 -0.45085714 	2.962338 	1.0712753 		0.01375 -0.0043781658 -0.047313215 100000 1
0.015 24776.363 	-134835.45 	-22545.297 	 54883.153 	-692787.74 	-92545.134 	 -0.0053555742 	-0.00049184021 	0.03449932 	 -0.00073921424 	-0.00071966002 	0.0018185676 	 -2997.1203 	-381.11045 	-642.46383 	 0.24915138 	0.54295006 	0.22440316 	 -0.3584799 	2.922145 	0.91099996 		0.015 -0.0036900924 -0.043638821 100000 1
0.01625 23518.47 	-130861.09 	-19118.41 	 52185.75 	-688205.55 	-78133.487 	 -0.0052908798 	-0.00047324772 	0.034433445 	 -0.00059484101 	-0.00063878667 	0.0017432504 	 -2884.7573 	-375.06152 	-572.80623 	 0.25180219 	0.52273945 	0.18946739 	 -0.26868128 	2.8633405 	0.76817419 		0.01625 -0.0030257383 -0.040030113 100000 1
0.0175 22327.295 	-126704.99 	-16092.453 	 49722.701 	-682089.94 	-65546.316 	 -0.0052365377 	-0.00045964885 	0.034374916 	 -0.00047584057 	-0.00056730841 	0.0016684788 	 -2771.4342 	-366.07377 	-513.12854 	 0.25431271 	0.49988107 	0.1589041 	 -0.18136039 	2.790425 	0.64339313 		0.0175 -0.0023879327 -0.036501535 100000 1
0.01875 21205.647 	-122468.94 	-13467.033 	 47496.91 	-674897.67 	-54748.039 	 -0.0051902995 	-0.00045067297 	0.034323866 	 -0.00037880384 	-0.00050460774 	0.0015951517 	 -2659.2582 	-355.16 	-462.3987 	 0.25665683 	0.4754537 	0.13259918 	 -0.096608142 	2.7078745 	0.53633906 		0.01875 -0.0017800799 -0.03307254 100000 1
0.02 20151.51 	-118216.23 	-11210.732 	 45499.645 	-666979.53 	-45557.855 	 -0.0051512719 	-0.0004456319 	0.034279648 	 -0.00029894135 	-0.00044928677 	0.0015236631 	 -2549.3437 	-343.12253 	-418.95974 	 0.25882608 	0.45019101 	0.11015327 	 -0.014195225 	2.6191389 	0.44523763 		0.02 -0.0012027591 -0.029747659 100000 1
0.02125 19164.898 	-114007.59 	-9300.923 	 43724.105 	-658597.85 	-37865.56 	 -0.0051176815 	-0.000444245 	0.034242333 	 -0.00023403681 	-0.00040079975 	0.0014544241 	 -2442.7626 	-330.52631 	-381.95549 	 0.26081282 	0.42473646 	0.09127684 	 0.065891391 	2.5267644 	0.36901098 		0.02125 -0.00065738448 -0.026537721 100000 1
0.0225 18242.285 	-109879.01 	-7685.5499 	 42156.701 	-649969.17 	-31414.166 	 -0.0050891004 	-0.00044600788 	0.034211268 	 -0.00018048966 	-0.0003579691 	0.0013874813 	 -2339.9792 	-317.80181 	-350.04649 	 0.26262098 	0.39952952 	0.075403841 	 0.14392795 	2.4328801 	0.30511043 		0.0225 -0.00014314495 -0.023441206 100000 1
0.02375 17382.411 	-105858.08 	-6339.829 	 40787.847 	-641205.07 	-26101.103 	 -0.0050641075 	-0.0004507225 	0.034186534 	 -0.00013702246 	-0.00032038047 	0.001322983 	 -2241.3539 	-305.23201 	-322.63898 	 0.26425221 	0.37487152 	0.062253648 	 0.21995982 	2.3385335 	0.25252502 		0.02375 0.0003397355 -0.020463844 100000 1
0.025 16581.367 	-101960.34 	-5211.3919 	 39604.459 	-632424.04 	-21676.622 	 -0.0050426117 	-0.00045803689 	0.034167513 	 -0.00010094823 	-0.00028707718 	0.001260806 	 -2146.945 	-293.0247 	-298.71423 	 0.26571552 	0.3509864 	0.051280919 	 0.29425508 	2.2448893 	0.20877029 		0.025 0.00079274022 -0.01760126 100000 1
0.02625 15837.442 	-98193.29 	-4281.3113 	 38597.87 	-623648.56 	-18074.407 	 -0.0050234399 	-0.00046781499 	0.034154331 	 -7.1661233e-05 	-0.00025777469 	0.0012009747 	 -2056.734 	-281.30776 	-277.91418 	 0.26701637 	0.32796981 	0.042281219 	 0.36685345 	2.1521094 	0.17319193 		0.02625 0.001216255 -0.014856615 100000 1
0.0275 15146.895 	-94560.376 	-3504.6908 	 37757.711 	-614937.87 	-15081.295 	 -0.0050067337 	-0.00047982484 	0.034146421 	 -4.7133478e-05 	-0.00023170386 	0.0011432974 	 -1970.5763 	-270.1697 	-259.47978 	 0.26816486 	0.30591735 	0.034796953 	 0.4379923 	2.060779 	0.1436664 		0.0275 0.0016119845 -0.012224681 100000 1
0.02875 14507.948 	-91058.894 	-2869.6074 	 37077.465 	-606270.41 	-12667.548 	 -0.0049914899 	-0.00049397239 	0.034143964 	 -2.7208625e-05 	-0.00020868782 	0.0010877511 	 -1888.2914 	-259.65912 	-243.22706 	 0.26916742 	0.28481988 	0.028703142 	 0.50769333 	1.9706233 	0.11990162 		0.02875 0.0019805793 -0.0097075319 100000 1
0.03 13917.221 	-87685.912 	-2340.1352 	 36549.901 	-597671.87 	-10660.264 	 -0.0049780069 	-0.00051011926 	0.034146444 	 -1.0319731e-05 	-0.00018810649 	0.0010341306 	 -1809.6515 	-249.80434 	-228.5877 	 0.27003345 	0.26470378 	0.023638475 	 0.57615901 	1.8819022 	0.10017369 		0.03 0.0023237236 -0.0073001688 100000 1
0.03125 13373.022 	-84434.482 	-1910.0508 	 36170.79 	-589102.65 	-9057.2655 	 -0.0049653956 	-0.00052819878 	0.034154097 	 3.4038423e-06 	-0.00016986594 	0.00098240396 	 -1734.4316 	-240.61482 	-215.49403 	 0.27076897 	0.24551531 	0.01953966 	 0.64339184 	1.7941636 	0.084464067 		0.03125 0.0026421496 -0.0050043553 100000 1
0.0325 12872.393 	-81298.59 	-1551.5249 	 35935.862 	-580568.66 	-7720.5131 	 -0.0049540571 	-0.00054814723 	0.034166457 	 1.5210724e-05 	-0.00015346021 	0.00093237745 	 -1662.38 	-232.09011 	-203.51187 	 0.27138179 	0.22724532 	0.016129394 	 0.70956143 	1.7074785 	0.071395689 		0.0325 0.002937409 -0.0028158483 100000 1
0.03375 12413.768 	-78270.072 	-1262.2245 	 35842.97 	-572025.37 	-6665.5816 	 -0.0049431806 	-0.00056991589 	0.034183806 	 2.4799667e-05 	-0.00013885727 	0.00088402955 	 -1593.2806 	-224.22089 	-192.6459 	 0.27187691 	0.20982613 	0.013385429 	 0.77465359 	1.6213473 	0.061126318 		0.03375 0.0032102273 -0.00073649092 100000 1
0.035 11994.574 	-75341.469 	-1020.8832 	 35890.479 	-563465.64 	-5782.3108 	 -0.0049332334 	-0.00059350242 	0.034205723 	 3.3198285e-05 	-0.00012563751 	0.00083719047 	 -1526.8836 	-216.99357 	-182.5553 	 0.27226029 	0.19322998 	0.011097301 	 0.83880866 	1.5357183 	0.05255664 		0.035 0.0034619798 0.0012369636 100000 1
0.03625 11613.363 	-72504.802 	-827.5244 	 36078.099 	-554845.85 	-5096.2594 	 -0.0049234596 	-0.00061887025 	0.034232537 	 4.0008377e-05 	-0.00011381427 	0.00079185829 	 -1463.0021 	-210.39015 	-173.28714 	 0.27253567 	0.17738946 	0.0092671623 	 0.90199846 	1.4501026 	0.045943537 		0.03625 0.003693344 0.0031023956 100000 1
0.0375 11267.901 	-69752.008 	-666.0172 	 36406.58 	-546148.9 	-4518.9794 	 -0.0049143665 	-0.00064606934 	0.034263861 	 4.6099132e-05 	-0.0001030329 	0.00074789295 	 -1401.3985 	-204.39165 	-164.56687 	 0.27270703 	0.16226709 	0.0077362115 	 0.96433695 	1.3643556 	0.040404165 		0.0375 0.003905509 0.0048619473 100000 1
0.03875 10956.84 	-67075.871 	-537.6666 	 36877.366 	-537334.05 	-4080.5348 	 -0.0049052373 	-0.00067507224 	0.034300071 	 5.1022921e-05 	-9.3339966e-05 	0.00070531722 	 -1341.9212 	-198.97649 	-156.46482 	 0.27277665 	0.14780166 	0.0065196115 	 1.0257837 	1.2780184 	0.036240043 		0.03875 0.0040990872 0.0065131098 100000 1
0.04 10678.225 	-64468.163 	-430.29801 	 37493.484 	-528375.57 	-3709.3899 	 -0.0048966022 	-0.00070597512 	0.034340813 	 5.5530931e-05 	-8.4429651e-05 	0.00066402426 	 -1284.3487 	-194.12403 	-148.7549 	 0.27274651 	0.13395071 	0.0054980328 	 1.0864276 	1.1908664 	0.032737036 		0.04 0.0042750866 0.0080568648 100000 1
0.04125 10430.777 	-61922.617 	-345.78184 	 38258.147 	-519235.86 	-3436.5112 	 -0.0048877751 	-0.00073875855 	0.034386501 	 5.915712e-05 	-7.6372945e-05 	0.00062406553 	 -1228.5637 	-189.81164 	-141.51848 	 0.27261734 	0.12066122 	0.0046922045 	 1.1462164 	1.1024729 	0.030205436 		0.04125 0.0044340491 0.0094902312 100000 1
0.0425 10212.761 	-59431.106 	-274.97565 	 39176.713 	-509881.06 	-3203.6832 	 -0.004879298 	-0.00077356114 	0.034436812 	 6.2561747e-05 	-6.8900551e-05 	0.00058537133 	 -1174.3628 	-186.0187 	-134.56608 	 0.27238909 	0.10788866 	0.0040128776 	 1.2052137 	1.0125374 	0.028064044 		0.0425 0.0045768143 0.010812989 100000 1
0.04375 10022.924 	-56988.316 	-219.8613 	 40254.352 	-500275.91 	-3040.4064 	 -0.0048705089 	-0.00081037176 	0.034492203 	 6.5280458e-05 	-6.2101423e-05 	0.00054802675 	 -1121.6597 	-182.72282 	-127.98235 	 0.27206097 	0.095588226 	0.0034817087 	 1.263354 	0.92065785 	0.026608342 		0.04375 0.0047038536 0.012021605 100000 1
0.045 9859.677 	-54586.357 	-173.60784 	 41498.991 	-490378.49 	-2899.0723 	 -0.0048619528 	-0.00084936926 	0.034552376 	 6.7899629e-05 	-5.5733453e-05 	0.00051200498 	 -1070.2697 	-179.90401 	-121.60672 	 0.27163097 	0.083714833 	0.0030323009 	 1.3206736 	0.82645751 	0.025363012 		0.045 0.0048158529 0.013114611 100000 1
0.04625 9721.748 	-52220.787 	-138.03989 	 42918.153 	-480154.55 	-2806.1977 	 -0.0048529879 	-0.00089055215 	0.034617829 	 6.9968668e-05 	-4.989895e-05 	0.00047743173 	 -1020.1333 	-177.54072 	-115.5224 	 0.2710968 	0.072230974 	0.0026845435 	 1.3770905 	0.72954589 	0.024593606 		0.04625 0.0049132157 0.014087828 100000 1
0.0475 9607.6111 	-49884.089 	-108.09849 	 44522.8 	-469553.8 	-2722.7255 	 -0.0048441561 	-0.00093413884 	0.034688294 	 7.2010568e-05 	-4.4376005e-05 	0.00044433183 	 -971.08519 	-175.6137 	-109.5928 	 0.27045463 	0.061092271 	0.0023895327 	 1.4326095 	0.62946661 	0.023910191 		0.0475 0.004996489 0.014938475 100000 1
0.04875 9515.9165 	-47572.642 	-85.320547 	 46323.477 	-458541.42 	-2671.1745 	 -0.0048348333 	-0.00098013987 	0.034764308 	 7.3595443e-05 	-3.9277192e-05 	0.00041288219 	 -923.08965 	-174.10264 	-103.89717 	 0.26970073 	0.050267862 	0.0021641186 	 1.4871259 	0.52582464 	0.023538273 		0.04875 0.0050660119 0.015661613 100000 1
0.05 9445.1154 	-45279.45 	-66.015498 	 48334.993 	-447058.1 	-2619.4154 	 -0.0048255551 	-0.001028814 	0.034845631 	 7.5189691e-05 	-3.4395549e-05 	0.00038317282 	 -876.00154 	-172.98909 	-98.319561 	 0.26882953 	0.039715273 	0.0019729111 	 1.5406053 	0.41807731 	0.023157104 		0.05 0.0051222079 0.016253057 100000 1
0.05125 9393.7023 	-43001.678 	-51.369709 	 50571.983 	-435066.44 	-2585.2088 	 -0.0048157134 	-0.001080187 	0.034932845 	 7.6387849e-05 	-2.9851856e-05 	0.00035544787 	 -829.80578 	-172.25443 	-92.933792 	 0.267836 	0.029409492 	0.0018291388 	 1.5929106 	0.30580508 	0.022944561 		0.05125 0.0051653563 0.016706962 100000 1
0.0525 9359.9903 	-40732.981 	-38.737254 	 53054.404 	-422497.08 	-2541.9166 	 -0.0048058341 	-0.0011345602 	0.035025737 	 7.7603128e-05 	-2.5450399e-05 	0.00032988326 	 -784.37785 	-171.88125 	-87.642329 	 0.26671309 	0.019310795 	0.0017077433 	 1.6439551 	0.18836817 	0.02263473 		0.0525 0.0051957725 0.017017616 100000 1
0.05375 9342.2045 	-38471.311 	-28.936104 	 55802.692 	-409307.48 	-2501.8418 	 -0.0047953233 	-0.0011919787 	0.035124935 	 7.8455078e-05 	-2.1319062e-05 	0.00030681473 	 -739.71976 	-171.85329 	-82.513015 	 0.26545472 	0.0093993877 	0.0016181913 	 1.6935536 	0.065297276 	0.022350888 		0.05375 0.0052136814 0.017178079 100000 1
0.055 9338.3611 	-36211.159 	-20.121858 	 58844.09 	-395416.65 	-2442.4466 	 -0.0047846955 	-0.0012527897 	0.035230258 	 7.9304307e-05 	-1.7271147e-05 	0.00028653531 	 -695.72722 	-172.15496 	-77.465202 	 0.2640528 	-0.00036075569 	0.0015433599 	 1.7415459 	-0.064160766 	0.02186806 		0.055 0.0052193051 0.01718094 100000 1
0.05625 9346.2504 	-33951.331 	-12.76384 	 62207.644 	-380773.71 	-2369.7716 	 -0.0047733697 	-0.0013170625 	0.035342382 	 7.9792928e-05 	-1.3441691e-05 	0.0002695095 	 -652.41502 	-172.77396 	-72.560778 	 0.26250074 	-0.0099844983 	0.0014891609 	 1.7876712 	-0.20055689 	0.021246876 		0.05625 0.0052128207 0.017017916 100000 1
0.0575 9363.3646 	-31687.385 	-5.6325529 	 65931.459 	-365283.59 	-2263.8218 	 -0.0047618486 	-0.0013851957 	0.035461157 	 8.0226782e-05 	-9.6525153e-06 	0.00025619512 	 -609.69621 	-173.69863 	-67.734716 	 0.26079017 	-0.019503224 	0.0014445291 	 1.8316608 	-0.34478207 	0.020287743 		0.0575 0.0051943728 0.01667967 100000 1
0.05875 9386.799 	-29419.13 	1.113528 	 70057.946 	-348882.88 	-2123.2985 	 -0.0047495625 	-0.0014572881 	0.035587315 	 8.0264882e-05 	-6.0473141e-06 	0.00024724286 	 -567.59086 	-174.92411 	-63.043088 	 0.25891499 	-0.028926968 	0.0014121466 	 1.873132 	-0.49751091 	0.018977882 		0.05875 0.0051640981 0.016156243 100000 1
0.06 9413.1697 	-27143.485 	8.2350596 	 74642.307 	-331459 	-1928.7823 	 -0.0047370016 	-0.0015337963 	0.035720734 	 8.0152196e-05 	-2.45856e-06 	0.00024334909 	 -526.02106 	-176.44779 	-58.435044 	 0.25686795 	-0.03828158 	0.001385442 	 1.9116453 	-0.65980676 	0.01712342 		0.06 0.0051220804 0.015436061 100000 1
0.06125 9438.4441 	-24861.492 	15.822122 	 79748.761 	-312930.49 	-1670.148 	 -0.0047236068 	-0.0016148553 	0.035862206 	 7.9554246e-05 	9.5749518e-07 	0.00024544087 	 -484.99695 	-178.27993 	-53.960563 	 0.25464537 	-0.047572436 	0.00136431 	 1.946613 	-0.83252248 	0.014623308 		0.06125 0.0050684248 0.01450705 100000 1
0.0625 9457.7793 	-22571.807 	24.265576 	 85460.983 	-293162.73 	-1325.9663 	 -0.004709856 	-0.0017009877 	0.036011641 	 7.8643337e-05 	4.3514276e-06 	0.00025456856 	 -444.42939 	-180.43853 	-49.580499 	 0.25224399 	-0.056819398 	0.0013453993 	 1.9773112 	-1.0169399 	0.011263547 		0.0625 0.0050031713 0.013354969 100000 1
0.06375 9465.2683 	-20277.033 	33.808585 	 91880.752 	-272049.75 	-875.25173 	 -0.0046951989 	-0.0017923713 	0.036169891 	 7.7073672e-05 	7.5460979e-06 	0.00027207863 	 -404.28641 	-182.9665 	-45.336955 	 0.24966637 	-0.066023895 	0.0013263403 	 2.0027911 	-1.2141544 	0.0068344887 		0.06375 0.0049264026 0.011965052 100000 1
0.065 9453.5916 	-17978.007 	44.522164 	 99141.987 	-249430.5 	-291.22892 	 -0.0046801025 	-0.0018896043 	0.036336898 	 7.4924274e-05 	1.0661726e-05 	0.00029955807 	 -364.42201 	-185.92944 	-41.197249 	 0.24691871 	-0.075200637 	0.0013058642 	 2.0218269 	-1.4257103 	0.001068661 		0.065 0.004838131 0.010319834 100000 1
0.06625 9413.6024 	-15679.248 	56.651389 	 107414.72 	-225170.49 	460.30707 	 -0.0046640253 	-0.0019929133 	0.036513582 	 7.1808669e-05 	1.3484295e-05 	0.00033900109 	 -324.69344 	-189.44425 	-37.189733 	 0.24401764 	-0.08435011 	0.0012799237 	 2.0328036 	-1.6529855 	-0.0063757663 		0.06625 0.0047384231 0.0084011301 100000 1
0.0675 9333.6104 	-13384.13 	69.919713 	 116926 	-199086.03 	1415.2362 	 -0.004647426 	-0.0021029817 	0.036699923 	 6.7677805e-05 	1.6078581e-05 	0.00039282108 	 -284.79869 	-193.68909 	-33.276358 	 0.24099025 	-0.093487139 	0.0012482854 	 2.0335643 	-1.8977498 	-0.015857309 		0.0675 0.0046272726 0.0061876305 100000 1
0.06875 9198.618 	-11099.133 	84.309632 	 127973.87 	-171029.03 	2622.4374 	 -0.004629773 	-0.0022200903 	0.036896944 	 6.2057302e-05 	1.8165847e-05 	0.0004640238 	 -244.34076 	-198.95741 	-29.456118 	 0.23788326 	-0.102622 	0.0012060048 	 2.0212314 	-2.1615144 	-0.027864513 		0.06875 0.0045047227 0.0036570606 100000 1
0.07 8988.9457 	-8829.6919 	99.03477 	 140957.95 	-140837.77 	4129.3213 	 -0.0046115228 	-0.0023450204 	0.037104732 	 5.4714714e-05 	1.9715324e-05 	0.0005563067 	 -202.65943 	-205.70476 	-25.659078 	 0.23476734 	-0.1117891 	0.0011529167 	 1.991923 	-2.4458289 	-0.042871187 		0.07 0.0043707317 0.00078406083 100000 1
0.07125 8678.8452 	-6582.4905 	113.36285 	 156401.16 	-108442.61 	5996.835 	 -0.004592157 	-0.0024781169 	0.037324592 	 4.501731e-05 	2.0345071e-05 	0.00067425849 	 -158.82694 	-214.66564 	-21.81885 	 0.23174931 	-0.12104468 	0.0010841761 	 1.9405321 	-2.7514181 	-0.061486525 		0.07125 0.0042252625 -0.002457345 100000 1
0.0725 8234.5013 	-4360.8178 	125.30615 	 174967.4 	-73876.948 	8270.0386 	 -0.0045708212 	-0.0026309842 	0.037589896 	 3.0909423e-05 	1.9156504e-05 	0.00085040811 	 -112.26192 	-229.64417 	-17.933116 	 0.22897792 	-0.13050767 	0.0010019315 	 1.860535 	-3.0778797 	-0.084160821 		0.0725 0.0040681309 -0.0060944085 100000 1
0.07375 7611.0618 	-2175.3008 	138.88849 	 198114.7 	-37560.838 	11250.355 	 -0.0045517034 	-0.0027799114 	0.037834956 	 1.5958977e-05 	1.7112785e-05 	0.0010273665 	 -60.018071 	-246.21413 	-13.519278 	 0.2267075 	-0.14034072 	0.00084304943 	 1.73766 	-3.4209919 	-0.11390818 		0.07375 0.0038982739 -0.010176784 100000 1
0.075 6731.2169 	-272.03756 	138.59014 	 221085.2 	-8930.7249 	13733.112 	 -0.0045367168 	-0.0028953795 	0.038000827 	 2.5187517e-06 	1.4765713e-05 	0.0011714115 	 -10.300926 	-257.72627 	-8.7256945 	 0.22534837 	-0.14818689 	0.00072507576 	 1.6193862 	-3.6864099 	-0.13868132 		0.075 0.0037160201 -0.014685873 100000 1
