# z jRe_x jRe_y jRe_z jIm_x jIm_y jIm_z BRe_x BRe_y BRe_z BIm_x BIm_y BIm_z F_x F_y F_z VReGrad_x VReGrad_y VReGrad_z VImGrad_x VImGrad_y VImGrad_z s VRe VIm sigma mur
0.02 -3170.7149 	-1937284 	-1156.6467 	 -21262.294 	-4442095.5 	7615.8776 	 -0.010702858 	-0.00075734858 	0.04104091 	 -0.01272461 	0.00019928248 	0.0048736245 	 -50708.713 	74.063292 	-38587.939 	 -0.12083879 	0.21365237 	0.025064713 	 -1.5082959 	-0.37896577 	-0.023639078 		0.02 -0.0052426388 -0.052379893 1200000 1
0.01875 -1621.1311 	-2031802.1 	-13.955732 	 -12478.984 	-4377142.9 	11224.588 	 -0.010248779 	-8.7282283e-06 	0.041260879 	 -0.011307057 	0.00021110721 	0.0051415813 	 -53360.976 	-2.5109312 	-35115.392 	 -0.1280579 	0.19712386 	0.02478222 	 -1.5164328 	-0.3511705 	-0.02701044 		0.01875 -0.0053371752 -0.052229843 1200000 1
0.0175 -2540.5373 	-2112861.2 	1829.6538 	 -8859.5645 	-4318383.4 	18072.761 	 -0.0093358431 	0.00066598103 	0.042158125 	 -0.0085472558 	0.00017889475 	0.0064434564 	 -58597.697 	-5.8508813 	-28319.94 	 -0.12816084 	0.18385306 	0.024125669 	 -1.5146471 	-0.32124206 	-0.033259798 		0.0175 -0.0053719503 -0.05219652 1200000 1
0.01625 -2528.7595 	-2178342 	4311.2371 	 -5648.8228 	-4232003.7 	22487.764 	 -0.0088265045 	0.00056046141 	0.042351517 	 -0.0065495667 	0.00014149783 	0.0067071381 	 -60528.958 	-25.100912 	-23466.328 	 -0.12909757 	0.18191899 	0.022780099 	 -1.5129495 	-0.32287787 	-0.037424685 		0.01625 -0.0053980002 -0.052148012 1200000 1
0.015 -1743.5815 	-2237555.6 	6448.96 	 -3625.9513 	-4151262.4 	26228.642 	 -0.0082467026 	0.00053387868 	0.042723136 	 -0.0047341497 	0.0001031109 	0.0073136087 	 -63149.611 	-39.626544 	-19055.758 	 -0.12987729 	0.18334812 	0.021647209 	 -1.5111344 	-0.32030699 	-0.040997548 		0.015 -0.0054292391 -0.052103704 1200000 1
0.01375 -2347.7178 	-2274501.8 	8574.4812 	 -3016.9887 	-4075521.5 	28780.72 	 -0.007666772 	0.00055312264 	0.04274315 	 -0.0031427975 	6.4285421e-05 	0.0074538787 	 -63983.304 	-20.698516 	-15128.306 	 -0.12968189 	0.18284239 	0.020331588 	 -1.5077315 	-0.32028637 	-0.043480776 		0.01375 -0.0054520898 -0.052045587 1200000 1
0.0125 -2065.9473 	-2294023.6 	10440.157 	 -2201.5451 	-4005099.3 	30568.065 	 -0.0070512397 	0.000582119 	0.042475888 	 -0.0016766774 	2.2374888e-05 	0.0073099269 	 -63577.225 	-12.307034 	-11453.977 	 -0.12936537 	0.18125312 	0.019082109 	 -1.5047183 	-0.32114228 	-0.045256446 		0.0125 -0.0054805393 -0.05199455 1200000 1
0.01125 -2729.8448 	-2311148.9 	12017.274 	 -2410.5185 	-3940854.1 	32275.461 	 -0.0064403299 	0.00061576396 	0.042446784 	 -0.00030058159 	-1.1676423e-05 	0.0076667835 	 -64318.646 	22.020072 	-8043.869 	 -0.1282682 	0.18272093 	0.017940045 	 -1.5002271 	-0.31816211 	-0.046864757 		0.01125 -0.0055014969 -0.051934808 1200000 1
0.01 -1181.8167 	-2293432.8 	12774.58 	 117.21987 	-3882484.3 	32401.715 	 -0.0057128858 	0.00065984783 	0.041503341 	 0.0010214532 	-5.9538e-05 	0.0067877343 	 -61050.277 	0.61079524 	-4580.6513 	 -0.12859797 	0.17733564 	0.017206853 	 -1.4979258 	-0.32211846 	-0.047016739 		0.01 -0.0055242079 -0.051875847 1200000 1
0.00875 -759.40558 	-2293560.4 	13538.76 	 100.82392 	-3831195 	33329.179 	 -0.0051278511 	0.00069608142 	0.04147208 	 0.0022772095 	-8.5394296e-05 	0.0074491642 	 -61984.428 	18.356948 	-1530.5013 	 -0.12760487 	0.18076199 	0.016446378 	 -1.4933186 	-0.31598117 	-0.047773056 		0.00875 -0.0055471217 -0.051819478 1200000 1
0.0075 -775.29697 	-2262141.7 	13494.153 	 1028.7885 	-3785952.9 	32160.842 	 -0.0044021269 	0.00074053267 	0.040635545 	 0.0035491623 	-0.00012406999 	0.0070273492 	 -59451.899 	37.224312 	1722.3801 	 -0.12633522 	0.17808228 	0.016081977 	 -1.4888029 	-0.3162406 	-0.046623309 		0.0075 -0.0055639902 -0.051756691 1200000 1
0.00625 -146.49733 	-2219066.4 	13019.607 	 2158.017 	-3747373.5 	29903.906 	 -0.0036398759 	0.00079470866 	0.039692401 	 0.0048486791 	-0.00015796977 	0.0065611226 	 -56542.573 	45.298493 	5027.4248 	 -0.12504953 	0.17529625 	0.015931901 	 -1.4845749 	-0.31620148 	-0.044470257 		0.00625 -0.0055877515 -0.051702588 1200000 1
0.005 -475.32265 	-2174815.7 	12133.791 	 2261.8204 	-3716037 	27292.51 	 -0.0030002343 	0.00085253154 	0.038967703 	 0.0061472047 	-0.00018053644 	0.0066060334 	 -54794.595 	68.160087 	8137.711 	 -0.12285698 	0.17583305 	0.016029532 	 -1.4785879 	-0.31225702 	-0.041932747 		0.005 -0.0056065906 -0.051649127 1200000 1
0.00375 681.46914 	-2102687.6 	10182.561 	 5300.0332 	-3690956.2 	22404.784 	 -0.0021304219 	0.00094751781 	0.037639574 	 0.007624506 	-0.00021001215 	0.0057780198 	 -50425.801 	47.396007 	11801.469 	 -0.12193145 	0.17150711 	0.016821857 	 -1.4745837 	-0.31351726 	-0.037379129 		0.00375 -0.0056253411 -0.051596515 1200000 1
0.0025 2352.8557 	-2025121.6 	7579.0998 	 9120.6204 	-3673574.3 	16001.023 	 -0.0013264887 	0.0011074861 	0.036451112 	 0.009195117 	-0.00022903887 	0.0052153536 	 -46663.161 	4.2198088 	15512.997 	 -0.12111741 	0.1697329 	0.018108131 	 -1.4706631 	-0.31192165 	-0.031509977 		0.0025 -0.0056501435 -0.051555538 1200000 1
0.00125 2044.5615 	-1944553.9 	4349.8082 	 12843.104 	-3646549.4 	8330.3465 	 -0.00049574509 	0.00071507902 	0.035046265 	 0.011191537 	-0.00023865411 	0.0045434083 	 -42487.402 	-17.603211 	19873.555 	 -0.11867824 	0.17762428 	0.019865847 	 -1.4643282 	-0.32446523 	-0.024530954 		0.00125 -0.0056724566 -0.051520391 1200000 1
0 5696.2728 	-1841911 	2128.6499 	 22933.896 	-3615824 	4212.9396 	 9.0800618e-05 	0.00015914737 	0.034053787 	 0.012423634 	-0.00026365968 	0.0037179771 	 -38207.05 	-110.76169 	22501.812 	 -0.12312962 	0.18360757 	0.020636064 	 -1.4686155 	-0.34082818 	-0.020391913 		0 -0.0057334719 -0.051341676 1200000 1
