# y jRe_x jRe_y jRe_z jIm_x jIm_y jIm_z BRe_x BRe_y BRe_z BIm_x BIm_y BIm_z F_x F_y F_z VReGrad_x VReGrad_y VReGrad_z VImGrad_x VImGrad_y VImGrad_z s VRe VIm sigma mur
-0.075 -1844504.7 	-0.021425042 	0.034044161 	 -4442168.2 	-0.13280547 	-0.022904993 	 3.75505e-09 	0.0083562656 	0.039442186 	 2.19265e-09 	0.010527295 	0.0065640379 	 -0.00097123478 	50953.132 	-31098.146 	 0.16560109 	3.443175e-06 	-6.5726009e-08 	 0.39156892 	-4.92505e-06 	2.0170949e-07 		-0.075 8.0161551e-08 8.2546126e-07 1200000 1
-0.07375 -1911832.9 	-0.015968006 	-0.066118984 	 -4119292 	0.17264892 	-0.23503032 	 3.8104907e-09 	0.0091700167 	0.038024073 	 2.2673444e-09 	0.011592175 	0.0038094424 	 0.0015641379 	44231.316 	-32629.23 	 0.14431038 	3.5057457e-06 	8.8219923e-09 	 0.30595252 	-5.3100834e-06 	3.8459752e-07 		-0.07375 8.4462457e-08 8.1927096e-07 1200000 1
-0.0725 -1938528.9 	0.10187218 	-0.065077319 	 -3776982 	0.25778271 	-0.53031604 	 3.9727715e-09 	0.0099909211 	0.03605276 	 1.9857018e-09 	0.012463313 	0.00059710273 	 0.0055250296 	36087.755 	-33222.627 	 0.115691 	3.4668202e-06 	-1.2801984e-09 	 0.18978329 	-5.511707e-06 	6.3667679e-07 		-0.0725 8.8837985e-08 8.1213499e-07 1200000 1
-0.07125 -1938022.9 	0.17141715 	0.028007104 	 -3460138.2 	0.32090303 	-0.55678168 	 4.2118206e-09 	0.01062707 	0.034144803 	 1.8696272e-09 	0.012940163 	-0.0021430489 	 0.0059804112 	29401.907 	-32699.419 	 0.088781593 	3.4606182e-06 	-8.7096162e-08 	 0.078889687 	-5.6953565e-06 	6.6467228e-07 		-0.07125 9.3109129e-08 8.0532998e-07 1200000 1
-0.07 -1918730.7 	0.154042 	-0.05249766 	 -3164935.5 	0.24947421 	-0.49398205 	 4.4443572e-09 	0.011021326 	0.032313509 	 1.9993776e-09 	0.013035991 	-0.0044722097 	 0.005398159 	23947.219 	-31220.609 	 0.063567371 	3.5220418e-06 	-2.7401404e-08 	 -0.027175102 	-5.7694612e-06 	6.186267e-07 		-0.07 9.7562247e-08 7.9817083e-07 1200000 1
-0.06875 -1891083.1 	0.36193768 	0.0091444445 	 -2885086.4 	0.34953876 	-0.57829515 	 4.6377811e-09 	0.011273247 	0.030529955 	 2.0083834e-09 	0.01266542 	-0.0065236827 	 0.0079825016 	19469.241 	-28936.932 	 0.040115324 	3.3970296e-06 	-8.6093249e-08 	 -0.12839327 	-5.9898379e-06 	6.9536885e-07 		-0.06875 1.0184868e-07 7.9095407e-07 1200000 1
-0.0675 -1848480 	0.17383494 	-0.08500286 	 -2626547.7 	0.27532756 	-0.49021971 	 4.7916318e-09 	0.011373934 	0.028832001 	 1.3541508e-09 	0.012213239 	-0.0082537567 	 0.0048413844 	15819.178 	-26562.85 	 0.018343406 	3.5902739e-06 	-1.3928787e-08 	 -0.22495096 	-6.0688589e-06 	6.2870506e-07 		-0.0675 1.0625286e-07 7.8329708e-07 1200000 1
-0.06625 -1793438.8 	0.46847394 	-0.034571053 	 -2388784.2 	0.24513725 	-0.57851043 	 5.1783172e-09 	0.011288701 	0.027246186 	 1.6194044e-09 	0.011758038 	-0.0096524475 	 0.008772006 	12928.082 	-24190.957 	 -0.0017662671 	3.3850745e-06 	-6.1733345e-08 	 -0.31688614 	-6.1833503e-06 	7.0924105e-07 		-0.06625 1.1059304e-07 7.7573525e-07 1200000 1
-0.065 -1730610.1 	0.28237675 	-0.072402411 	 -2168980.2 	0.33434818 	-0.4928556 	 5.5134916e-09 	0.011113061 	0.025755136 	 1.2890577e-09 	0.011228199 	-0.010840797 	 0.0050254924 	10554.424 	-21822.126 	 -0.020273863 	3.5730816e-06 	-3.536733e-08 	 -0.4043012 	-6.4022367e-06 	6.4485554e-07 		-0.065 1.148852e-07 7.677204e-07 1200000 1
-0.06375 -1663487 	0.51304349 	-0.10194159 	 -1964334.5 	0.10680396 	-0.66299585 	 5.8097816e-09 	0.011016783 	0.024323175 	 1.2784217e-09 	0.010561272 	-0.01188898 	 0.0096541221 	8563.1594 	-19549.423 	 -0.037243028 	3.4163674e-06 	-1.6313784e-08 	 -0.4873694 	-6.3586397e-06 	7.9388338e-07 		-0.06375 1.1930693e-07 7.5973092e-07 1200000 1
-0.0625 -1590072 	0.41972483 	-0.045261878 	 -1776907.8 	0.35386738 	-0.61850717 	 6.1017647e-09 	0.010790551 	0.022950735 	 1.0210039e-09 	0.0099014126 	-0.012806114 	 0.0058752342 	6874.9056 	-17388.533 	 -0.05272698 	3.5285215e-06 	-6.8640415e-08 	 -0.56611619 	-6.7136274e-06 	7.6399667e-07 		-0.0625 1.2344996e-07 7.5153356e-07 1200000 1
-0.06125 -1510450.9 	0.50826433 	-0.14322303 	 -1607376.3 	0.054915365 	-0.53877424 	 6.5688279e-09 	0.010338693 	0.021675124 	 1.0641622e-09 	0.0092713654 	-0.013590362 	 0.0083153332 	5457.1455 	-15280.428 	 -0.066799966 	3.4883078e-06 	8.0051958e-09 	 -0.64071543 	-6.6104808e-06 	7.0494751e-07 		-0.06125 1.2802204e-07 7.4334477e-07 1200000 1
-0.06 -1430151 	0.60696334 	-0.042947595 	 -1450038.5 	0.26158179 	-0.47165051 	 6.9054379e-09 	0.0098833291 	0.020452282 	 1.0448283e-09 	0.0085987708 	-0.014279405 	 0.0066472147 	4280.6664 	-13323.774 	 -0.079554371 	3.4419046e-06 	-8.0889037e-08 	 -0.7114018 	-6.9319958e-06 	6.5646633e-07 		-0.06 1.3222505e-07 7.3508313e-07 1200000 1
-0.05875 -1351068.4 	0.43800094 	-0.24160096 	 -1302132.8 	-0.077167417 	-0.38265218 	 7.327768e-09 	0.0095517479 	0.019275221 	 1.9591861e-10 	0.0078601955 	-0.014900284 	 0.0073860376 	3322.4153 	-11583.262 	 -0.091077971 	3.6146707e-06 	7.8721052e-08 	 -0.7784251 	-6.8051031e-06 	5.9015547e-07 		-0.05875 1.3672524e-07 7.2644959e-07 1200000 1
-0.0575 -1268840.6 	0.8598414 	-0.020953255 	 -1169074.4 	0.072210303 	-0.50178395 	 7.6200103e-09 	0.0091201594 	0.018222277 	 -1.9721143e-11 	0.0072188428 	-0.015361517 	 0.0092694465 	2586.7903 	-10020.631 	 -0.10141605 	3.3042778e-06 	-1.1150475e-07 	 -0.84179754 	-7.0816588e-06 	6.9738002e-07 		-0.0575 1.4097453e-07 7.1797813e-07 1200000 1
-0.05625 -1185427.8 	0.50226116 	-0.21942714 	 -1048583.8 	-0.0014255472 	-0.37033038 	 8.0738636e-09 	0.0084777009 	0.017314816 	 -6.2813384e-10 	0.0066596836 	-0.015677662 	 0.0065338945 	2054.0772 	-8540.4448 	 -0.11065256 	3.6353517e-06 	4.7646311e-08 	 -0.90173532 	-7.1754473e-06 	5.9576615e-07 		-0.05625 1.453287e-07 7.088694e-07 1200000 1
-0.055 -1102972.8 	0.85344521 	-0.084850524 	 -937393.42 	-0.11100907 	-0.49933847 	 8.3415316e-09 	0.0079725479 	0.016456826 	 -1.1583253e-09 	0.0060820721 	-0.015950771 	 0.0097978425 	1608.5274 	-7271.5561 	 -0.11889135 	3.3816782e-06 	-7.1633717e-08 	 -0.95858976 	-7.2375824e-06 	7.1132552e-07 		-0.055 1.4967719e-07 6.9999027e-07 1200000 1
-0.05375 -1021568.7 	0.67619201 	-0.13050504 	 -835497.76 	0.043856745 	-0.52389357 	 8.5456943e-09 	0.0076544026 	0.015643733 	 -2.2068878e-09 	0.0054994168 	-0.016184411 	 0.0069756737 	1230.8478 	-6223.0384 	 -0.12618657 	3.5693879e-06 	-4.1032405e-08 	 -1.0124259 	-7.5260861e-06 	7.3992278e-07 		-0.05375 1.5377216e-07 6.9056999e-07 1200000 1
-0.0525 -940084.35 	0.90602351 	-0.15197724 	 -743618.16 	-0.38634622 	-0.55617069 	 9.0537866e-09 	0.0071042145 	0.014904597 	 -3.0044705e-09 	0.0049706226 	-0.016381563 	 0.011721169 	918.30766 	-5203.5093 	 -0.13261021 	3.4146966e-06 	-3.1077248e-08 	 -1.0634559 	-7.3207341e-06 	7.7514771e-07 		-0.0525 1.5833365e-07 6.8153173e-07 1200000 1
-0.05125 -858842.72 	0.85572883 	-0.068164589 	 -661470.65 	0.012202394 	-0.44833496 	 9.404808e-09 	0.0063276112 	0.014244713 	 -3.4960825e-09 	0.0045000725 	-0.016528063 	 0.0073796109 	655.9915 	-4225.6228 	 -0.13823868 	3.4998276e-06 	-1.0881146e-07 	 -1.111865 	-7.8055072e-06 	6.9336568e-07 		-0.05125 1.6243015e-07 6.7230109e-07 1200000 1
-0.05 -780380.37 	0.81902644 	-0.23379961 	 -583954.78 	-0.47109456 	-0.32184096 	 1.0072748e-08 	0.0057683245 	0.013605392 	 -4.3521222e-09 	0.0040106415 	-0.016672269 	 0.010715786 	444.33634 	-3442.5245 	 -0.14319529 	3.5664987e-06 	2.0697349e-08 	 -1.1580791 	-7.5574587e-06 	5.9652377e-07 		-0.05 1.6694609e-07 6.6289566e-07 1200000 1
-0.04875 -703887.02 	1.1662567 	0.022990486 	 -511652.68 	-0.19255001 	-0.39417611 	 1.0172867e-08 	0.0053906703 	0.012989833 	 -5.4619679e-09 	0.0035280784 	-0.016801235 	 0.010063216 	273.98242 	-2818.9517 	 -0.14755545 	3.320193e-06 	-2.0252239e-07 	 -1.2022848 	-7.9463522e-06 	6.6558627e-07 		-0.04875 1.7113707e-07 6.5348596e-07 1200000 1
-0.0475 -627686.11 	0.80780001 	-0.28961119 	 -447474.28 	-0.62693351 	-0.24632408 	 1.0849987e-08 	0.0047785453 	0.012511493 	 -5.9494149e-09 	0.0031156494 	-0.016846461 	 0.011277499 	161.3426 	-2216.1448 	 -0.15134119 	3.6538509e-06 	4.9060262e-08 	 -1.2444646 	-7.7409813e-06 	5.5104754e-07 		-0.0475 1.7552647e-07 6.4357627e-07 1200000 1
-0.04625 -552786.86 	1.1335626 	-0.01324801 	 -388424.13 	-0.38940098 	-0.32534129 	 1.1040306e-08 	0.0039972207 	0.012114945 	 -6.4283383e-09 	0.0027388995 	-0.016854377 	 0.010739078 	81.272755 	-1658.1927 	 -0.15467536 	3.4176087e-06 	-1.9070324e-07 	 -1.2850478 	-8.0896886e-06 	6.2555816e-07 		-0.04625 1.7981767e-07 6.338688e-07 1200000 1
-0.045 -479745.99 	0.9106071 	-0.15375281 	 -333622.34 	-0.44628265 	-0.34271846 	 1.1367343e-08 	0.0035450574 	0.011740609 	 -7.129005e-09 	0.0023546699 	-0.016862977 	 0.0099220881 	6.9188876 	-1266.307 	 -0.15761489 	3.6417007e-06 	-8.3259476e-08 	 -1.3241221 	-8.1972163e-06 	6.4876584e-07 		-0.045 1.8404125e-07 6.2363293e-07 1200000 1
-0.04375 -407972.12 	1.1781627 	-0.093652219 	 -282598.62 	-0.79328335 	-0.41419873 	 1.1824624e-08 	0.0032142985 	0.011398888 	 -7.8674559e-09 	0.0019852932 	-0.016875305 	 0.013716333 	-58.51141 	-959.3744 	 -0.16025516 	3.4525195e-06 	-1.435348e-07 	 -1.362031 	-8.0617178e-06 	7.171712e-07 		-0.04375 1.8853042e-07 6.1378688e-07 1200000 1
-0.0425 -337034.39 	1.0871449 	-0.082148395 	 -236154.51 	-0.49829376 	-0.4530721 	 1.2153649e-08 	0.0025510423 	0.01112436 	 -8.0587304e-09 	0.001655761 	-0.016865794 	 0.011071811 	-114.17081 	-646.67983 	 -0.16265244 	3.5701858e-06 	-1.6342296e-07 	 -1.3988028 	-8.4619452e-06 	7.5807028e-07 		-0.0425 1.926604e-07 6.0348905e-07 1200000 1
-0.04125 -267170.33 	1.0832593 	-0.17604132 	 -192951.01 	-0.64990649 	-0.25583953 	 1.3204918e-08 	0.0016960501 	0.010921142 	 -7.3632524e-09 	0.0013488674 	-0.016842295 	 0.011527646 	-161.75568 	-376.27666 	 -0.16488158 	3.606864e-06 	-9.5322957e-08 	 -1.4347103 	-8.4771441e-06 	6.0192455e-07 		-0.04125 1.9719633e-07 5.9348182e-07 1200000 1
-0.04 -198613.39 	1.2810973 	-0.01429827 	 -150543.66 	-0.31130365 	-0.35633765 	 1.3512016e-08 	0.0012883058 	0.010687645 	 -7.8765819e-09 	0.0010240314 	-0.016848393 	 0.010024183 	-205.03628 	-228.83514 	 -0.16710222 	3.4822416e-06 	-2.4138014e-07 	 -1.470216 	-8.9167287e-06 	6.9427301e-07 		-0.04 2.0142293e-07 5.8303003e-07 1200000 1
-0.03875 -130658.28 	1.1670356 	-0.30477464 	 -110285.63 	-0.94546478 	-0.20619739 	 1.4411327e-08 	0.00090754986 	0.010504071 	 -7.7073132e-09 	0.00071129902 	-0.016847508 	 0.013970539 	-241.81281 	-124.27668 	 -0.16934366 	3.6125381e-06 	-1.0460232e-08 	 -1.5053292 	-8.5420504e-06 	5.7766547e-07 		-0.03875 2.0583893e-07 5.722937e-07 1200000 1
-0.0375 -63152.382 	1.4633825 	-0.0027381789 	 -72116.425 	-0.33555388 	-0.24233946 	 1.4816389e-08 	0.00023995973 	0.010419123 	 -8.2259348e-09 	0.00042670016 	-0.016809959 	 0.010857785 	-274.231 	-46.041021 	 -0.17166408 	3.4014936e-06 	-2.7341196e-07 	 -1.5401792 	-9.1922225e-06 	6.1588969e-07 		-0.0375 2.100959e-07 5.6131102e-07 1200000 1
-0.03625 3752.8838 	1.1775076 	-0.19298214 	 -34909.136 	-0.22253461 	-0.2146714 	 1.5448802e-08 	-0.00060242995 	0.010398601 	 -7.7857438e-09 	0.0001486388 	-0.01675562 	 0.0080027252 	-307.33176 	-23.26692 	 -0.17415317 	3.6758211e-06 	-1.2598516e-07 	 -1.5749543 	-9.4341905e-06 	6.0066617e-07 		-0.03625 2.1434941e-07 5.5001131e-07 1200000 1
-0.035 70388.372 	1.4644924 	-0.079642606 	 2307.0664 	-0.33884134 	-0.13303295 	 1.5765541e-08 	-0.00086198646 	0.010367684 	 -8.6309726e-09 	-0.00013315251 	-0.01673204 	 0.010266924 	-343.68899 	-57.892091 	 -0.17691769 	3.4725336e-06 	-2.3189331e-07 	 -1.6100542 	-9.4819916e-06 	5.4058436e-07 		-0.035 2.1867465e-07 5.3867924e-07 1200000 1
-0.03375 136917.74 	1.4653555 	-0.090244924 	 39217.334 	-0.61858258 	-0.37997405 	 1.5962404e-08 	-0.0012229553 	0.010391545 	 -9.3392537e-09 	-0.00041205681 	-0.016694044 	 0.013160055 	-383.24944 	-121.72965 	 -0.18003029 	3.5130185e-06 	-2.3501387e-07 	 -1.6454744 	-9.3993879e-06 	7.5404612e-07 		-0.03375 2.2279226e-07 5.2695839e-07 1200000 1
-0.0325 203367.47 	1.4802696 	-0.1494827 	 76507.331 	-0.47799431 	-0.021389472 	 1.6858917e-08 	-0.0019675676 	0.010484316 	 -8.8575797e-09 	-0.00069476355 	-0.016644474 	 0.011186866 	-426.71152 	-250.79712 	 -0.18356604 	3.5373021e-06 	-1.9737676e-07 	 -1.6814121 	-9.6542314e-06 	4.6252604e-07 		-0.0325 2.2719358e-07 5.1569025e-07 1200000 1
-0.03125 269741.97 	1.4323189 	-0.015065195 	 115006.48 	-0.21332691 	-0.26465076 	 1.7862993e-08 	-0.0028375099 	0.010639609 	 -8.7264855e-09 	-0.0009955626 	-0.016571002 	 0.0097319253 	-478.61638 	-458.68689 	 -0.18760431 	3.619419e-06 	-3.2187269e-07 	 -1.7180592 	-1.0010368e-05 	6.7217182e-07 		-0.03125 2.3132521e-07 5.0411455e-07 1200000 1
-0.03 337687.97 	1.5077741 	-0.22132094 	 154609.82 	-0.77034438 	-0.040481593 	 1.8279456e-08 	-0.0030861342 	0.010753246 	 -9.2188421e-09 	-0.0013005177 	-0.016547759 	 0.013680115 	-535.2511 	-650.3033 	 -0.1924077 	3.5998516e-06 	-1.6342496e-07 	 -1.7560388 	-9.6918108e-06 	4.9302633e-07 		-0.03 2.3570283e-07 4.924393e-07 1200000 1
-0.02875 406149.24 	1.7638999 	0.048515811 	 195962.32 	-0.48559615 	-0.18379374 	 1.9085168e-08 	-0.0034666881 	0.010940776 	 -9.736479e-09 	-0.0016041549 	-0.016498749 	 0.014293126 	-604.4029 	-892.46153 	 -0.1979327 	3.4348634e-06 	-4.0218495e-07 	 -1.79514 	-1.0070845e-05 	6.1966134e-07 		-0.02875 2.3997968e-07 4.8029208e-07 1200000 1
-0.0275 474809.8 	1.5188952 	-0.19121418 	 240002.27 	-0.41669321 	-0.20716096 	 1.9296079e-08 	-0.0042515157 	0.01122251 	 -9.2431974e-09 	-0.0019144873 	-0.016410394 	 0.011116024 	-692.59432 	-1262.4276 	 -0.20425418 	3.6873962e-06 	-2.1569708e-07 	 -1.8354455 	-1.0265099e-05 	6.4578145e-07 		-0.0275 2.4425322e-07 4.6813778e-07 1200000 1
-0.02625 544477.28 	1.5866875 	-0.052519255 	 287065.24 	0.086696734 	-0.1461691 	 2.0389398e-08 	-0.0049980434 	0.011540002 	 -8.5864123e-09 	-0.0022266819 	-0.016318315 	 0.008265769 	-796.7109 	-1699.2132 	 -0.21153542 	3.6782182e-06 	-3.4466931e-07 	 -1.8773875 	-1.0818018e-05 	6.0145603e-07 		-0.02625 2.4862236e-07 4.5547455e-07 1200000 1
-0.025 614883.08 	1.6533653 	-0.078061454 	 337502.72 	-0.4233041 	-0.51645616 	 2.0531331e-08 	-0.0051721907 	0.011886604 	 -9.378352e-09 	-0.0025422811 	-0.016221565 	 0.012943398 	-916.69007 	-2052.7231 	 -0.21984029 	3.6729402e-06 	-3.3658076e-07 	 -1.9209692 	-1.0524691e-05 	9.1617112e-07 		-0.025 2.5288852e-07 4.4281967e-07 1200000 1
-0.02375 686582.42 	1.7513227 	-0.17342772 	 391958.6 	-0.25630424 	-0.12589959 	 2.1021666e-08 	-0.0055627328 	0.012287653 	 -9.5657365e-09 	-0.0028796676 	-0.016111654 	 0.011560991 	-1059.7598 	-2508.7655 	 -0.22939397 	3.6452412e-06 	-2.6953316e-07 	 -1.9665853 	-1.0794809e-05 	5.9639595e-07 		-0.02375 2.5737212e-07 4.3009419e-07 1200000 1
-0.0225 758070.91 	1.6915903 	-0.044867175 	 452022.54 	0.02195889 	-0.66240988 	 2.2558843e-08 	-0.0064415691 	0.01280496 	 -8.9574705e-09 	-0.0032877405 	-0.015924782 	 0.010206413 	-1252.9747 	-3206.7826 	 -0.24016227 	3.7496449e-06 	-3.881678e-07 	 -2.0140514 	-1.1146995e-05 	1.0475902e-06 		-0.0225 2.6163384e-07 4.1712703e-07 1200000 1
-0.02125 830939.48 	1.6227254 	-0.27910454 	 517169.65 	0.50466025 	-0.25806178 	 2.315082e-08 	-0.0071606215 	0.013358469 	 -8.2451273e-09 	-0.0037108531 	-0.01572986 	 0.0049692871 	-1481.1762 	-3953.0927 	 -0.25242354 	3.8654452e-06 	-2.0293978e-07 	 -2.0639047 	-1.1665661e-05 	7.143203e-07 		-0.02125 2.6610046e-07 4.04028e-07 1200000 1
-0.02 907331.38 	1.9142392 	-0.025247835 	 586598.11 	0.14426882 	-0.60065072 	 2.4664948e-08 	-0.0072922907 	0.013927815 	 -8.0248993e-09 	-0.0041182438 	-0.015532562 	 0.012049236 	-1763.36 	-4551.3725 	 -0.26659579 	3.68468e-06 	-4.2557305e-07 	 -2.1168485 	-1.1497961e-05 	1.0033077e-06 		-0.02 2.7055715e-07 3.9034604e-07 1200000 1
-0.01875 983515.29 	1.9676237 	-0.29164681 	 663717.21 	0.01063635 	-0.40883304 	 2.4025197e-08 	-0.0077093658 	0.014604619 	 -8.1835436e-09 	-0.0045457272 	-0.015262045 	 0.01148569 	-2117.0079 	-5334.114 	 -0.28249761 	3.7044682e-06 	-2.1205138e-07 	 -2.1722896 	-1.1500731e-05 	8.4563786e-07 		-0.01875 2.7494113e-07 3.7668078e-07 1200000 1
-0.0175 1059867.7 	1.9191228 	-0.10242746 	 749145.48 	0.97087734 	-0.5134383 	 2.6090822e-08 	-0.0085361199 	0.015366151 	 -5.9954276e-09 	-0.0049797241 	-0.014919392 	 0.006502195 	-2556.9288 	-6407.057 	 -0.30038734 	3.807043e-06 	-3.7713944e-07 	 -2.2306447 	-1.2412851e-05 	9.3351278e-07 		-0.0175 2.7946452e-07 3.6224222e-07 1200000 1
-0.01625 1136415.3 	1.8214976 	-0.13994434 	 842745.95 	1.1891323 	-0.72049035 	 2.6216639e-08 	-0.0090723426 	0.016204079 	 -5.6794015e-09 	-0.0054258852 	-0.014505924 	 0.0040246523 	-3099.1388 	-7459.6593 	 -0.32041053 	3.9500358e-06 	-3.5164277e-07 	 -2.2919652 	-1.2701499e-05 	1.1053996e-06 		-0.01625 2.8384853e-07 3.4793313e-07 1200000 1
-0.015 1213897.8 	2.0504664 	-0.27067712 	 945430.07 	0.62309448 	-0.57374449 	 2.6329583e-08 	-0.0090610889 	0.017094003 	 -5.8746764e-09 	-0.0058399987 	-0.014050661 	 0.0095277797 	-3734.99 	-8301.5224 	 -0.34299791 	3.8278004e-06 	-2.4682739e-07 	 -2.3569409 	-1.2339594e-05 	9.8086008e-07 		-0.015 2.8834978e-07 3.3334864e-07 1200000 1
-0.01375 1290647.1 	2.1201532 	-0.1030853 	 1059474.5 	0.73884055 	-0.85092451 	 2.784102e-08 	-0.0094340609 	0.018140446 	 -4.859117e-09 	-0.0063190709 	-0.013432042 	 0.012539524 	-4594.0624 	-9471.255 	 -0.36845854 	3.8367232e-06 	-3.8869686e-07 	 -2.4256385 	-1.2532844e-05 	1.2067912e-06 		-0.01375 2.9299615e-07 3.1855684e-07 1200000 1
-0.0125 1363502.5 	1.7133018 	-0.20405738 	 1187259.9 	1.6952059 	-0.7368561 	 3.0553219e-08 	-0.010216377 	0.01933966 	 -3.2217287e-09 	-0.0068413733 	-0.01265232 	 0.001497559 	-5682.5697 	-11040.327 	 -0.39671529 	4.2473112e-06 	-3.0244684e-07 	 -2.4977948 	-1.3418273e-05 	1.1034547e-06 		-0.0125 2.9765562e-07 3.0369289e-07 1200000 1
-0.01125 1437634 	1.7392629 	0.093831155 	 1327661.6 	1.7291684 	-1.3994991 	 3.260117e-08 	-0.010462577 	0.020679094 	 -9.9716555e-10 	-0.0073148651 	-0.011673473 	 0.0041833361 	-7130.2359 	-12390.337 	 -0.4290992 	4.3002527e-06 	-5.4756679e-07 	 -2.5753823 	-1.3531381e-05 	1.6453832e-06 		-0.01125 3.0238649e-07 2.884693e-07 1200000 1
-0.01 1511292.9 	1.3745419 	0.057433185 	 1481876 	1.187184 	-3.042282 	 3.4802111e-08 	-0.010207415 	0.02216404 	 1.8808702e-09 	-0.0077109627 	-0.010395667 	 -0.0025172527 	-9033.1241 	-13421.478 	 -0.46608617 	4.6727358e-06 	-5.112122e-07 	 -2.6585124 	-1.3169868e-05 	2.9987302e-06 		-0.01 3.0741574e-07 2.7330649e-07 1200000 1
-0.00875 459723.54 	1.1595994 	0.015256744 	 475034.53 	-0.87227303 	0.1633335 	 3.6539957e-08 	-0.010408718 	0.023761135 	 7.0554928e-09 	-0.0080502444 	-0.0091106015 	 0.018252226 	-3118.115 	-4378.4561 	 -0.52778038 	-3.9476717e-06 	1.1283328e-07 	 -2.7915015 	3.1894295e-06 	-9.9554145e-06 		-0.00875 3.1509932e-07 2.4156059e-07 353577.05 1
-0.0075 136054.77 	0.79101627 	0.25924586 	 154794.63 	0.077426205 	-0.26026846 	 3.7766273e-08 	-0.0097686921 	0.024704859 	 7.9107654e-09 	-0.0077725808 	-0.00854145 	 0.0096868195 	-1020.4178 	-1267.1934 	 -0.54918712 	-1.9503968e-06 	-3.0002775e-06 	 -2.8471715 	-1.3071517e-05 	3.0237721e-06 		-0.0075 3.1549911e-07 2.1887442e-07 100000 1
-0.00625 136696.74 	0.90449388 	0.22170828 	 163877.82 	0.24469971 	-0.21869142 	 3.7980127e-08 	-0.009651449 	0.025246053 	 8.9177023e-09 	-0.0074076888 	-0.0080650102 	 0.01060981 	-1065.3356 	-1267.2704 	 -0.55352677 	-3.0175749e-06 	-2.5959631e-06 	 -2.8662732 	-1.4774732e-05 	2.5714467e-06 		-0.00625 3.1269857e-07 2.0254795e-07 100000 1
-0.005 137239.03 	1.0371078 	0.23632697 	 171482.41 	0.12257006 	-0.20069503 	 3.7961823e-08 	-0.0084471551 	0.025812272 	 9.2617668e-09 	-0.0071160796 	-0.0075334646 	 0.013201354 	-1125.4809 	-1192.8855 	 -0.55487354 	-4.2767494e-06 	-2.71813e-06 	 -2.87442 	-1.3605277e-05 	2.358553e-06 		-0.005 3.084569e-07 1.861022e-07 100000 1
-0.00375 136890.1 	1.140368 	0.22454667 	 178195.66 	0.19805558 	-0.20962523 	 3.7151809e-08 	-0.0082105549 	0.026300172 	 9.1513898e-09 	-0.0068844935 	-0.0070981836 	 0.014477863 	-1167.833 	-1178.496 	 -0.55177846 	-5.2529848e-06 	-2.5764695e-06 	 -2.8695048 	-1.4389295e-05 	2.4129568e-06 		-0.00375 3.0276296e-07 1.6937471e-07 100000 1
-0.0025 135782.46 	1.2920788 	0.20659921 	 183975.9 	0.25195336 	-0.19607944 	 3.7088516e-08 	-0.0078860037 	0.026757647 	 9.4264094e-09 	-0.0065776282 	-0.0066667499 	 0.016558488 	-1203.5388 	-1142.9626 	 -0.54483893 	-6.7091675e-06 	-2.3738512e-06 	 -2.8521249 	-1.4945313e-05 	2.2418205e-06 		-0.0025 2.958482e-07 1.5273419e-07 100000 1
-0.00125 134547.38 	1.3972701 	0.22163387 	 188613.5 	0.19625528 	-0.20237523 	 3.6991368e-08 	-0.0069243577 	0.027195178 	 9.5775882e-09 	-0.0062595216 	-0.0062612608 	 0.018512938 	-1239.0519 	-1059.3623 	 -0.53550106 	-7.7033477e-06 	-2.5037437e-06 	 -2.8247791 	-1.4421568e-05 	2.2699532e-06 		-0.00125 2.8733006e-07 1.3561119e-07 100000 1
5.2475385e-17 132728.22 	1.5192592 	0.19032845 	 192485.03 	0.33746484 	-0.21664589 	 3.639099e-08 	-0.0068892734 	0.027515161 	 9.4874117e-09 	-0.0060085978 	-0.0059272184 	 0.019870622 	-1255.6201 	-1037.8974 	 -0.52347122 	-8.8660723e-06 	-2.170717e-06 	 -2.7873319 	-1.5848961e-05 	2.3783607e-06 		5.2475385e-17 2.7762308e-07 1.1749331e-07 100000 1
0.00125 130467.53 	1.639896 	0.192333 	 195520.58 	0.35672856 	-0.22425908 	 3.5971205e-08 	-0.0063094737 	0.027808688 	 9.4601127e-09 	-0.0057196655 	-0.0056052417 	 0.021735248 	-1266.1151 	-973.65175 	 -0.50909636 	-1.0019275e-05 	-2.1716424e-06 	 -2.7404767 	-1.6050946e-05 	2.4220401e-06 		0.00125 2.6665241e-07 9.9246617e-08 100000 1
0.0025 128055.95 	1.7424231 	0.19807044 	 197633.44 	0.35435462 	-0.21553365 	 3.60681e-08 	-0.0055902678 	0.028105655 	 9.7730333e-09 	-0.0054069014 	-0.0052903861 	 0.023508374 	-1276.756 	-894.9839 	 -0.49292579 	-1.0992084e-05 	-2.2120167e-06 	 -2.6851466 	-1.6039797e-05 	2.304254e-06 		0.0025 2.5407956e-07 8.0317523e-08 100000 1
0.00375 125252.39 	1.887877 	0.14953574 	 199034.04 	0.52517525 	-0.21482021 	 3.5687392e-08 	-0.0057430497 	0.028307477 	 9.8611013e-09 	-0.0051549692 	-0.0050427315 	 0.025230467 	-1270.914 	-874.63895 	 -0.4748938 	-1.2399747e-05 	-1.7104501e-06 	 -2.621466 	-1.7752456e-05 	2.2685762e-06 		0.00375 2.4049356e-07 6.0099918e-08 100000 1
0.005 122230.58 	1.9476124 	0.16744623 	 199699.22 	0.47247011 	-0.23309115 	 3.4790219e-08 	-0.0049323753 	0.028481716 	 9.5049861e-09 	-0.0048781018 	-0.0048210351 	 0.026426502 	-1259.263 	-791.48326 	 -0.45538301 	-1.2951556e-05 	-1.8742812e-06 	 -2.5507373 	-1.7224159e-05 	2.4256376e-06 		0.005 2.2565285e-07 3.9930456e-08 100000 1
0.00625 118999.6 	2.0633194 	0.16430349 	 199687.06 	0.53273611 	-0.20960991 	 3.4960111e-08 	-0.0046112245 	0.028671361 	 9.8828556e-09 	-0.0046013512 	-0.0045895204 	 0.028231557 	-1247.6873 	-735.94751 	 -0.43453347 	-1.4067343e-05 	-1.8291319e-06 	 -2.473123 	-1.7817905e-05 	2.1680436e-06 		0.00625 2.0936851e-07 1.910385e-08 100000 1
0.0075 115644.34 	2.1804076 	0.11762615 	 199034.35 	0.65686694 	-0.22302269 	 3.4438871e-08 	-0.00459797 	0.028798513 	 9.8510624e-09 	-0.0043599359 	-0.0044137338 	 0.02970306 	-1225.8838 	-701.73768 	 -0.41259816 	-1.5200322e-05 	-1.3498828e-06 	 -2.3894484 	-1.90441e-05 	2.2819688e-06 		0.0075 1.9230652e-07 -2.9167253e-09 100000 1
0.00875 112169.47 	2.2062268 	0.14198224 	 197849.32 	0.59721983 	-0.25013853 	 3.324044e-08 	-0.0038294741 	0.028892156 	 9.3184447e-09 	-0.0041059877 	-0.0042743429 	 0.030348475 	-1197.5509 	-623.59047 	 -0.38981369 	-1.542378e-05 	-1.5817722e-06 	 -2.3009531 	-1.8438774e-05 	2.5358082e-06 		0.00875 1.7414065e-07 -2.487961e-08 100000 1
0.01 108502.04 	2.3254914 	0.12299063 	 196229.58 	0.71041871 	-0.21479541 	 3.3514979e-08 	-0.0038284818 	0.029010196 	 9.9203301e-09 	-0.0038820041 	-0.0041105149 	 0.032069602 	-1170.5093 	-590.33788 	 -0.3662447 	-1.6588113e-05 	-1.3810688e-06 	 -2.2076741 	-1.9534398e-05 	2.1685353e-06 		0.01 1.54823e-07 -4.7575735e-08 100000 1
0.01125 104907.34 	2.3747367 	0.083116969 	 194114.91 	0.74731688 	-0.22939327 	 3.2854578e-08 	-0.0035769579 	0.029089346 	 9.8168799e-09 	-0.0036653625 	-0.0039919533 	 0.032764438 	-1138.3516 	-545.30645 	 -0.34223192 	-1.7054268e-05 	-9.7302934e-07 	 -2.1106866 	-1.9874974e-05 	2.3028321e-06 		0.01125 1.3506356e-07 -7.1145972e-08 100000 1
0.0125 101250.86 	2.39219 	0.1139879 	 191719.09 	0.69162944 	-0.2464872 	 3.1724873e-08 	-0.0030367833 	0.029136123 	 9.3738187e-09 	-0.0034478891 	-0.0039101677 	 0.033243049 	-1100.1934 	-486.26536 	 -0.31795948 	-1.7208078e-05 	-1.2728595e-06 	 -2.0112112 	-1.9287072e-05 	2.4646709e-06 		0.0125 1.1450075e-07 -9.4508108e-08 100000 1
0.01375 97480.614 	2.4921796 	0.089068253 	 189121.31 	0.81299107 	-0.20916242 	 3.2039985e-08 	-0.0032306155 	0.029210217 	 9.9610578e-09 	-0.0032778405 	-0.0037972906 	 0.034642254 	-1064.631 	-468.89192 	 -0.2934995 	-1.819529e-05 	-1.0151238e-06 	 -1.909312 	-2.0446383e-05 	2.085441e-06 		0.01375 9.3185802e-08 -1.1824994e-07 100000 1
0.015 93909.926 	2.466797 	0.050484268 	 186221.83 	0.78473242 	-0.24276541 	 3.1223122e-08 	-0.0027634856 	0.029262412 	 9.6604591e-09 	-0.0030949426 	-0.0037192992 	 0.034323946 	-1027.6987 	-419.61576 	 -0.26913686 	-1.7926486e-05 	-6.2218062e-07 	 -1.8059862 	-2.0115552e-05 	2.4168067e-06 		0.015 7.1812546e-08 -1.4252536e-07 100000 1
0.01625 90319.555 	2.4901443 	0.082582115 	 183276.2 	0.78099324 	-0.25007953 	 3.0357972e-08 	-0.0025015122 	0.02928788 	 9.416183e-09 	-0.0029202486 	-0.0036722325 	 0.034766421 	-986.10905 	-382.03927 	 -0.2450168 	-1.8153612e-05 	-9.360252e-07 	 -1.7022686 	-2.0025739e-05 	2.4873255e-06 		0.01625 4.9978149e-08 -1.667044e-07 100000 1
0.0175 86700.767 	2.5493837 	0.062201399 	 180344.67 	0.89787822 	-0.21311974 	 3.05878e-08 	-0.002731547 	0.029337735 	 9.9662726e-09 	-0.002793231 	-0.0035959891 	 0.03556476 	-947.54985 	-371.57847 	 -0.22122404 	-1.8747563e-05 	-7.2469703e-07 	 -1.5983708 	-2.1119682e-05 	2.1172809e-06 		0.0175 2.7825995e-08 -1.9126556e-07 100000 1
0.01875 83342.859 	2.471663 	0.031602172 	 177312.47 	0.81030361 	-0.24007201 	 2.9667929e-08 	-0.0021245928 	0.029377936 	 9.6172146e-09 	-0.0026483436 	-0.0035432105 	 0.034587248 	-910.10579 	-324.67072 	 -0.19794112 	-1.7968654e-05 	-4.1248098e-07 	 -1.4950044 	-2.0183809e-05 	2.3869683e-06 		0.01875 5.8975579e-09 -2.1611006e-07 100000 1
0.02 80003.146 	2.5111601 	0.061264444 	 174427.52 	0.82935073 	-0.22405205 	 2.9132067e-08 	-0.002171201 	0.029399067 	 9.6092499e-09 	-0.002517175 	-0.0035125613 	 0.035238821 	-869.65829 	-307.45886 	 -0.17528368 	-1.8372797e-05 	-7.0255571e-07 	 -1.3929656 	-2.029739e-05 	2.2283102e-06 		0.02 -1.6165203e-08 -2.4069659e-07 100000 1
0.02125 76727.833 	2.4963904 	0.042511557 	 171699.55 	0.8589038 	-0.20026079 	 2.8883932e-08 	-0.0021700617 	0.029436981 	 9.7129943e-09 	-0.0024140659 	-0.0034658959 	 0.035061588 	-831.78545 	-291.63621 	 -0.15328077 	-1.823874e-05 	-5.0782043e-07 	 -1.2924039 	-2.050836e-05 	1.9930418e-06 		0.02125 -3.8278594e-08 -2.6511639e-07 100000 1
0.0225 73679.989 	2.424347 	0.015941979 	 169083.15 	0.77395025 	-0.22044741 	 2.8293046e-08 	-0.0017302098 	0.029474984 	 9.557424e-09 	-0.002313315 	-0.0034234275 	 0.034164471 	-796.45409 	-260.23948 	 -0.13205903 	-1.7530357e-05 	-2.3574281e-07 	 -1.1939097 	-1.9575554e-05 	2.1978242e-06 		0.0225 -5.9845074e-08 -2.8941612e-07 100000 1
0.02375 70706.115 	2.4558477 	0.0452576 	 166741.67 	0.81209473 	-0.19546721 	 2.7989825e-08 	-0.0019456883 	0.029501376 	 9.7351369e-09 	-0.0022187274 	-0.0033984649 	 0.034672083 	-759.63004 	-254.56195 	 -0.11169941 	-1.7866761e-05 	-5.2218849e-07 	 -1.0980265 	-1.9863219e-05 	1.9517417e-06 		0.02375 -8.1306568e-08 -3.1334591e-07 100000 1
0.025 67852.166 	2.3872941 	0.030715364 	 164656.24 	0.80590411 	-0.19348866 	 2.7298211e-08 	-0.0017284892 	0.029536491 	 9.5583581e-09 	-0.0021330013 	-0.0033719343 	 0.033724124 	-724.46402 	-235.17564 	 -0.092151393 	-1.7204106e-05 	-3.6937685e-07 	 -1.0046886 	-1.9700637e-05 	1.935901e-06 		0.025 -1.0262879e-07 -3.3714801e-07 100000 1
0.02625 65187.752 	2.3314481 	0.014352119 	 162839.77 	0.75053607 	-0.19533562 	 2.6856431e-08 	-0.001465552 	0.029578548 	 9.6155298e-09 	-0.0020703868 	-0.0033319257 	 0.033039514 	-692.81058 	-216.93923 	 -0.073525604 	-1.6668947e-05 	-1.9867321e-07 	 -0.91447907 	-1.9048245e-05 	1.9584404e-06 		0.02625 -1.2315947e-07 -3.6074917e-07 100000 1
0.0275 62634.629 	2.3557589 	0.037133967 	 161390.27 	0.81196167 	-0.15742051 	 2.6755931e-08 	-0.0017965761 	0.029614818 	 9.9405283e-09 	-0.0020067557 	-0.0033064197 	 0.033415858 	-660.64807 	-218.80222 	 -0.055867988 	-1.6944939e-05 	-4.1930342e-07 	 -0.82777559 	-1.955141e-05 	1.5836541e-06 		0.0275 -1.4351748e-07 -3.8422952e-07 100000 1
0.02875 60230.023 	2.258853 	0.025081152 	 160262.9 	0.78111052 	-0.1671593 	 2.5615584e-08 	-0.0013799919 	0.029653026 	 9.3746848e-09 	-0.0019336977 	-0.0032936387 	 0.032066116 	-629.08276 	-197.22485 	 -0.039060479 	-1.6008192e-05 	-2.9102889e-07 	 -0.7442613 	-1.9131902e-05 	1.6852257e-06 		0.02875 -1.6368615e-07 -4.0757905e-07 100000 1
0.03 57963.387 	2.2306651 	0.017149924 	 159536.08 	0.75791212 	-0.15943395 	 2.5496163e-08 	-0.0013719563 	0.029702638 	 9.5597525e-09 	-0.0019042479 	-0.00325042 	 0.031755374 	-601.56403 	-192.0813 	 -0.023230533 	-1.5763468e-05 	-2.039163e-07 	 -0.66463978 	-1.8781001e-05 	1.6122018e-06 		0.03 -1.8295526e-07 -4.3073218e-07 100000 1
0.03125 55857.382 	2.2144092 	0.034725578 	 159208.05 	0.77167109 	-0.13527907 	 2.5232143e-08 	-0.001530361 	0.029750332 	 9.6699712e-09 	-0.0018615698 	-0.0032246435 	 0.031595102 	-574.19595 	-191.4011 	 -0.0083509596 	-1.5642018e-05 	-3.7208471e-07 	 -0.58899603 	-1.8799146e-05 	1.3747823e-06 		0.03125 -2.0206397e-07 -4.5356177e-07 100000 1
0.0325 53885.127 	2.1172473 	0.026889715 	 159270.82 	0.74756303 	-0.1339413 	 2.4083632e-08 	-0.0011496993 	0.029797186 	 9.0298456e-09 	-0.001805058 	-0.0032152529 	 0.030240429 	-546.76537 	-175.22458 	 0.0056934561 	-1.4711349e-05 	-2.8551937e-07 	 -0.51699233 	-1.8435877e-05 	1.3652164e-06 		0.0325 -2.2077271e-07 -4.7619711e-07 100000 1
0.03375 52017.024 	2.0986899 	0.051662657 	 159826.28 	0.73440395 	-0.075341874 	 2.4341771e-08 	-0.0013224645 	0.029856634 	 9.4677059e-09 	-0.001800757 	-0.0031669766 	 0.030131222 	-523.44854 	-178.59476 	 0.018779674 	-1.4574172e-05 	-5.2480592e-07 	 -0.44939588 	-1.8168375e-05 	7.82913e-07 		0.03375 -2.3864077e-07 -4.9873772e-07 100000 1
0.035 50340.356 	2.0585901 	0.056375686 	 160807.27 	0.70378286 	-0.078236559 	 2.3662377e-08 	-0.001273594 	0.029916426 	 9.1757979e-09 	-0.0017757982 	-0.0031394084 	 0.029653151 	-500.58392 	-175.19042 	 0.030971973 	-1.4222768e-05 	-5.642062e-07 	 -0.38611256 	-1.7732329e-05 	8.1531333e-07 		0.035 -2.562628e-07 -5.2063344e-07 100000 1
0.03625 48767.503 	1.9759948 	0.064191398 	 162239.73 	0.66642571 	-0.067576014 	 2.2814652e-08 	-0.0010293193 	0.029975468 	 8.8016308e-09 	-0.0017371952 	-0.0031262636 	 0.028550549 	-477.31343 	-166.33941 	 0.042382443 	-1.3445928e-05 	-6.3404633e-07 	 -0.3267881 	-1.7226803e-05 	7.1181053e-07 		0.03625 -2.733968e-07 -5.4208803e-07 100000 1
0.0375 47279.344 	1.9492824 	0.060296869 	 164231.67 	0.66993748 	-0.04309571 	 2.282843e-08 	-0.0013040092 	0.030046367 	 9.0876315e-09 	-0.0017509205 	-0.0030726203 	 0.028252825 	-457.97394 	-174.80685 	 0.052897115 	-1.32375e-05 	-5.8679139e-07 	 -0.27224904 	-1.7115704e-05 	4.6994285e-07 		0.0375 -2.8970976e-07 -5.6324024e-07 100000 1
0.03875 45999.697 	1.8898276 	0.067429515 	 166679.67 	0.62129054 	-0.039229531 	 2.2031571e-08 	-0.0010662541 	0.030119031 	 8.6542126e-09 	-0.001742257 	-0.0030406284 	 0.027514798 	-439.3301 	-169.97495 	 0.062586896 	-1.2698854e-05 	-6.506228e-07 	 -0.22231548 	-1.6493244e-05 	4.3395864e-07 		0.03875 -3.0559972e-07 -5.838173e-07 100000 1
0.04 44792.785 	1.8189087 	0.071600936 	 169649.85 	0.59889211 	-0.044073827 	 2.1368245e-08 	-0.0010102966 	0.030192829 	 8.4296161e-09 	-0.0017226027 	-0.0030178444 	 0.026553347 	-420.22771 	-168.95283 	 0.071545522 	-1.2047587e-05 	-6.8450983e-07 	 -0.17673137 	-1.6125825e-05 	4.8475007e-07 		0.04 -3.209585e-07 -6.0390632e-07 100000 1
0.04125 43656.269 	1.7790907 	0.067254765 	 173214.02 	0.59818901 	-0.027718206 	 2.1183649e-08 	-0.0012450897 	0.030276594 	 8.5481472e-09 	-0.0017459152 	-0.0029611345 	 0.026058581 	-404.41923 	-178.52123 	 0.079711443 	-1.1715562e-05 	-6.3323994e-07 	 -0.13611338 	-1.5965376e-05 	3.233516e-07 		0.04125 -3.3550229e-07 -6.2369336e-07 100000 1
0.0425 42724.924 	1.7122983 	0.078765939 	 177284.53 	0.55030367 	-0.027744322 	 2.0341413e-08 	-0.00090272953 	0.030363339 	 8.0685653e-09 	-0.0017545885 	-0.0029195376 	 0.025201633 	-389.84309 	-174.98755 	 0.087120272 	-1.1109928e-05 	-7.4129358e-07 	 -0.10042415 	-1.5343721e-05 	3.2551066e-07 		0.0425 -3.4956842e-07 -6.4294016e-07 100000 1
0.04375 41842.823 	1.648551 	0.077173758 	 181957.28 	0.54159883 	-0.033704353 	 1.9840004e-08 	-0.0010379054 	0.030453796 	 8.0121446e-09 	-0.0017533775 	-0.0028829598 	 0.024329129 	-374.86341 	-181.3657 	 0.093837868 	-1.0538789e-05 	-7.1817696e-07 	 -0.069605168 	-1.5104945e-05 	3.868827e-07 		0.04375 -3.6296402e-07 -6.6175647e-07 100000 1
0.045 41035.089 	1.5967313 	0.075113362 	 187244.93 	0.52685802 	-0.022687364 	 1.93545e-08 	-0.0010898798 	0.03055237 	 7.8844652e-09 	-0.0017782679 	-0.0028257648 	 0.023662217 	-362.29672 	-188.93979 	 0.099859139 	-1.0091972e-05 	-6.9039256e-07 	 -0.043925663 	-1.4800417e-05 	2.7823057e-07 		0.045 -3.7565127e-07 -6.8021295e-07 100000 1
0.04625 40387.054 	1.5361393 	0.083361653 	 193115.9 	0.49157781 	-0.019467763 	 1.8617876e-08 	-0.00085944369 	0.030655251 	 7.5451498e-09 	-0.0018070722 	-0.0027664016 	 0.022881727 	-351.92636 	-191.94882 	 0.10519721 	-9.5560472e-06 	-7.6623588e-07 	 -0.023503797 	-1.4296937e-05 	2.4741789e-07 		0.04625 -3.8782956e-07 -6.9820748e-07 100000 1
0.0475 39785.482 	1.475319 	0.078986517 	 199658.07 	0.48521943 	-0.020725166 	 1.8208069e-08 	-0.0010751992 	0.030764002 	 7.5971175e-09 	-0.0018231365 	-0.0027128634 	 0.02205369 	-341.1892 	-203.46693 	 0.10988378 	-9.0214885e-06 	-7.1589143e-07 	 -0.0085018795 	-1.4075673e-05 	2.6124369e-07 		0.0475 -3.9927801e-07 -7.1576213e-07 100000 1
0.04875 39260.296 	1.4184606 	0.080969604 	 206850.49 	0.46067365 	-0.009179037 	 1.7514736e-08 	-0.00096824394 	0.030880761 	 7.289411e-09 	-0.0018477641 	-0.002651863 	 0.021316028 	-331.92041 	-210.17468 	 0.11394813 	-8.5290126e-06 	-7.2917478e-07 	 0.001089834 	-1.3670765e-05 	1.4682041e-07 		0.04875 -4.1013698e-07 -7.329162e-07 100000 1
0.05 38844.987 	1.3613514 	0.085010762 	 214717.63 	0.43265289 	-0.00075568485 	 1.6878629e-08 	-0.00085424574 	0.031001568 	 7.0936854e-09 	-0.0018949563 	-0.0025700171 	 0.020579211 	-326.22801 	-220.10234 	 0.117387 	-8.034714e-06 	-7.6347794e-07 	 0.0049720272 	-1.3232657e-05 	6.3543071e-08 		0.05 -4.2044217e-07 -7.496217e-07 100000 1
0.05125 38475.773 	1.3007753 	0.078094174 	 223321.9 	0.4227804 	-0.00073732171 	 1.6518717e-08 	-0.0011169569 	0.03113045 	 7.1873678e-09 	-0.001926665 	-0.0024952233 	 0.019755506 	-320.32325 	-236.64915 	 0.12021384 	-7.5086522e-06 	-6.8845595e-07 	 0.0028899256 	-1.2972084e-05 	6.4260614e-08 		0.05125 -4.2998066e-07 -7.6585369e-07 100000 1
0.0525 38183.034 	1.2416624 	0.084936737 	 232625.59 	0.3939623 	0.0087605253 	 1.5695362e-08 	-0.00087785895 	0.031269196 	 6.7324841e-09 	-0.0019485059 	-0.0024265134 	 0.018976578 	-314.74336 	-243.44325 	 0.12247376 	-6.9973112e-06 	-7.5111416e-07 	 -0.0049574684 	-1.2523343e-05 	-3.0047333e-08 		0.0525 -4.3901934e-07 -7.8164036e-07 100000 1
0.05375 37933.475 	1.1856546 	0.082624777 	 242726.21 	0.37742679 	0.013855291 	 1.5194368e-08 	-0.00092136099 	0.031411176 	 6.6845221e-09 	-0.0020119899 	-0.002316386 	 0.018232242 	-314.6746 	-261.68934 	 0.12414087 	-6.5198813e-06 	-7.2264144e-07 	 -0.019182493 	-1.2194283e-05 	-8.0355665e-08 		0.05375 -4.4743043e-07 -7.9702102e-07 100000 1
0.055 37757.209 	1.122093 	0.080184416 	 253600.35 	0.36316446 	0.015171978 	 1.4744204e-08 	-0.0010372267 	0.031561443 	 6.6752643e-09 	-0.0020520132 	-0.002218414 	 0.017355491 	-314.63604 	-279.79869 	 0.12523893 	-5.9668047e-06 	-6.9325169e-07 	 -0.039775209 	-1.1889161e-05 	-9.2929311e-08 		0.055 -4.5510962e-07 -8.1196729e-07 100000 1
0.05625 37623.396 	1.0650804 	0.085511203 	 265254.29 	0.34094894 	0.021242778 	 1.3952122e-08 	-0.00085311743 	0.031726647 	 6.2339556e-09 	-0.0020760051 	-0.0021299753 	 0.016587915 	-314.36283 	-291.43367 	 0.12580694 	-5.4801387e-06 	-7.4173612e-07 	 -0.066601831 	-1.1504956e-05 	-1.5323151e-07 		0.05625 -4.6228108e-07 -8.2651554e-07 100000 1
0.0575 37480.667 	1.0080503 	0.079029106 	 277818.66 	0.32954918 	0.022088599 	 1.351609e-08 	-0.00098644665 	0.031892955 	 6.2600532e-09 	-0.0021478101 	-0.0019886362 	 0.015804864 	-321.50602 	-316.83756 	 0.12580168 	-4.9963499e-06 	-6.725013e-07 	 -0.10050103 	-1.1224404e-05 	-1.6128291e-07 		0.0575 -4.687931e-07 -8.406783e-07 100000 1
0.05875 37433.289 	0.94349574 	0.082561719 	 291207.73 	0.3105045 	0.025477387 	 1.2964431e-08 	-0.00096942119 	0.032067174 	 6.1431588e-09 	-0.0021895198 	-0.0018594135 	 0.014901798 	-329.58311 	-336.96271 	 0.12525344 	-4.4350032e-06 	-7.0376757e-07 	 -0.14122263 	-1.0872742e-05 	-1.9489512e-07 		0.05875 -4.7461877e-07 -8.5442877e-07 100000 1
0.06 37377.684 	0.88740071 	0.08523932 	 305473.6 	0.29020249 	0.028117112 	 1.2248487e-08 	-0.00087226491 	0.03226346 	 5.7581366e-09 	-0.0022150239 	-0.0017417497 	 0.014128107 	-337.00339 	-354.69706 	 0.12419258 	-3.9603303e-06 	-7.2680109e-07 	 -0.18873597 	-1.0506934e-05 	-2.210898e-07 		0.06 -4.7989432e-07 -8.6776427e-07 100000 1
0.06125 37267.577 	0.8284589 	0.076269427 	 320746.69 	0.27735056 	0.023624506 	 1.1852232e-08 	-0.0010440496 	0.032458472 	 5.7895799e-09 	-0.002284999 	-0.0015645588 	 0.013289569 	-354.01954 	-385.87623 	 0.12257008 	-3.4595755e-06 	-6.3368656e-07 	 -0.24392492 	-1.0211727e-05 	-1.7599155e-07 		0.06125 -4.8449753e-07 -8.8067928e-07 100000 1
0.0625 37268.648 	0.76307202 	0.085598161 	 336908.48 	0.259987 	0.028780343 	 1.1214335e-08 	-0.00093209691 	0.03265968 	 5.5684265e-09 	-0.002316647 	-0.0013926771 	 0.012349558 	-374.13303 	-407.6125 	 0.12041379 	-2.8904006e-06 	-7.2382462e-07 	 -0.30641918 	-9.8793912e-06 	-2.2741549e-07 		0.0625 -4.8845436e-07 -8.9319756e-07 100000 1
0.06375 37195.207 	0.70549375 	0.083421269 	 354069.16 	0.2454114 	0.028030697 	 1.0606505e-08 	-0.00093826023 	0.032891496 	 5.2728536e-09 	-0.0023398306 	-0.0012325164 	 0.011519756 	-393.68828 	-431.75908 	 0.11773433 	-2.4023553e-06 	-6.9933998e-07 	 -0.37643371 	-9.5717503e-06 	-2.1989555e-07 		0.06375 -4.9175897e-07 -9.0534149e-07 100000 1
0.065 37037.863 	0.64429278 	0.076797404 	 372289.59 	0.23275253 	0.024469729 	 1.020555e-08 	-0.0010522413 	0.033121026 	 5.2641971e-09 	-0.0023875811 	-0.0010171493 	 0.010616238 	-424.20569 	-463.8704 	 0.1145094 	-1.878988e-06 	-6.3060691e-07 	 -0.45439582 	-9.2813e-06 	-1.8423141e-07 		0.065 -4.9443247e-07 -9.171065e-07 100000 1
0.06625 36964.813 	0.57763858 	0.088549927 	 391483.15 	0.21643191 	0.034807988 	 9.5467637e-09 	-0.00093200215 	0.033353448 	 5.0075731e-09 	-0.0023914454 	-0.00078573532 	 0.0096291669 	-462.75843 	-485.29149 	 0.1107446 	-1.2973603e-06 	-7.4585477e-07 	 -0.54014795 	-8.9617701e-06 	-2.8762652e-07 		0.06625 -4.9644214e-07 -9.2851927e-07 100000 1
0.0675 36749.81 	0.5189782 	0.079879842 	 411802.85 	0.19803226 	0.032090911 	 9.0582846e-09 	-0.0010072028 	0.033626129 	 4.8136329e-09 	-0.0023973447 	-0.00056925194 	 0.0087442249 	-501.06317 	-512.14442 	 0.10642572 	-7.9901802e-07 	-6.574379e-07 	 -0.63418961 	-8.6191236e-06 	-2.6037698e-07 		0.0675 -4.9770168e-07 -9.3947782e-07 100000 1
0.06875 36442.781 	0.45463451 	0.078674846 	 433217.29 	0.1801225 	0.030715141 	 8.666162e-09 	-0.0010348676 	0.033896509 	 4.7698634e-09 	-0.0023933766 	-0.00030526223 	 0.0077516984 	-551.78604 	-537.20492 	 0.10156738 	-2.4301405e-07 	-6.4383071e-07 	 -0.73631846 	-8.2822059e-06 	-2.4660137e-07 		0.06875 -4.9840352e-07 -9.5006467e-07 100000 1
0.07 36121.987 	0.38516142 	0.083585196 	 455706.74 	0.16168569 	0.041388462 	 8.1216172e-09 	-0.00099106618 	0.034167865 	 4.59553e-09 	-0.002335909 	4.0032729e-06 	 0.0066687742 	-618.17133 	-550.13597 	 0.096154489 	3.6642113e-07 	-6.9168445e-07 	 -0.84667674 	-7.9451978e-06 	-3.5332737e-07 		0.07 -4.9833982e-07 -9.6017045e-07 100000 1
0.07125 35605.786 	0.32314714 	0.068939905 	 479408.37 	0.13262823 	0.028935255 	 7.7379261e-09 	-0.0010640468 	0.034491708 	 4.5125553e-09 	-0.0022836805 	0.00030857874 	 0.0056588028 	-688.82115 	-566.16358 	 0.090167477 	8.9912937e-07 	-5.4459087e-07 	 -0.96577781 	-7.500205e-06 	-2.2860662e-07 		0.07125 -4.9750992e-07 -9.6986043e-07 100000 1
0.0725 34971.207 	0.24290065 	0.056018113 	 504271.3 	0.10261964 	0.013685029 	 7.4395208e-09 	-0.0010564048 	0.034818742 	 4.5357807e-09 	-0.0021785904 	0.00065347672 	 0.0043050417 	-773.95701 	-567.61043 	 0.083640393 	1.6159701e-06 	-4.1486594e-07 	 -1.0932567 	-7.0495586e-06 	-7.5904398e-08 		0.0725 -4.9602453e-07 -9.7891556e-07 100000 1
0.07375 34175.791 	0.13948582 	0.03521477 	 530332.93 	0.065477519 	0.00072181538 	 7.2060745e-09 	-0.0010477836 	0.035134308 	 4.5864342e-09 	-0.0019608265 	0.0010743639 	 0.0025024986 	-885.57075 	-537.73497 	 0.076551717 	2.5649442e-06 	-2.0675297e-07 	 -1.2295157 	-6.5308723e-06 	5.3935181e-08 		0.07375 -4.9354716e-07 -9.875102e-07 100000 1
0.075 32787.132 	0.0475756 	0.025170787 	 552182.94 	0.02876615 	-0.0031721508 	 7.01514e-09 	-0.0010847587 	0.035339098 	 4.5247e-09 	-0.0018136526 	0.0013683497 	 0.00087137225 	-957.10061 	-518.56451 	 0.071791691 	3.394865e-06 	-1.0692247e-07 	 -1.3201133 	-6.0137e-06 	9.3001508e-08 		0.075 -4.8937242e-07 -9.950784e-07 100000 1
