# y jRe_x jRe_y jRe_z jIm_x jIm_y jIm_z BRe_x BRe_y BRe_z BIm_x BIm_y BIm_z F_x F_y F_z VReGrad_x VReGrad_y VReGrad_z VImGrad_x VImGrad_y VImGrad_z s VRe VIm sigma mur
-0.075 -517177.37 	-15437.196 	-17302.508 	 -2185243.5 	-65965.738 	-163460.69 	 -0.0044914648 	0.0027992955 	0.041599688 	 0.00010501177 	-0.00041009627 	0.0053361687 	 -506.35875 	16620.506 	-307.25023 	 -0.47539789 	-0.6409041 	0.0064456358 	 -1.5138759 	-3.2865051 	0.13496061 		-0.075 -0.00075485163 -0.0028303784 1200000 1
-0.07375 -561469.42 	-148746.37 	-16790.259 	 -1868114.5 	-309634 	-133209.96 	 -0.0044839379 	0.0026712395 	0.041138912 	 0.00027018487 	-0.00045575668 	0.0036062163 	 -3577.6276 	14974.997 	-612.66775 	 -0.47942713 	-0.59126737 	0.0051246677 	 -1.6434441 	-3.0648794 	0.10978482 		-0.07375 -0.0015315002 -0.0068266575 1200000 1
-0.0725 -584441.81 	-297111.95 	-14876.15 	 -1569969 	-607494.83 	-100476.97 	 -0.004470066 	0.0025107596 	0.040354084 	 0.00047913358 	-0.00049158085 	0.0013465335 	 -6333.4741 	12905.229 	-861.70978 	 -0.48393312 	-0.53402343 	0.0038036287 	 -1.764998 	-2.7938142 	0.082390293 		-0.0725 -0.0022342753 -0.010490102 1200000 1
-0.07125 -592899.56 	-444409.88 	-12424.636 	 -1326352.5 	-883386.72 	-72855.98 	 -0.0044597371 	0.0023637907 	0.039643671 	 0.00063981307 	-0.0005124436 	-0.00038335728 	 -8615.6561 	11509.841 	-1068.5414 	 -0.48776423 	-0.48059574 	0.0027698821 	 -1.8483833 	-2.5374652 	0.059137498 		-0.07125 -0.0028695163 -0.013829194 1200000 1
-0.07 -589462.74 	-588839.22 	-9784.8599 	 -1124901.8 	-1130343.8 	-50496.407 	 -0.0044524373 	0.0022304071 	0.038985798 	 0.0007589726 	-0.00051940682 	-0.001684486 	 -10519.354 	10526.27 	-1246.5766 	 -0.49056885 	-0.43050147 	0.0020706748 	 -1.9040283 	-2.3023267 	0.040167197 		-0.07 -0.0034399705 -0.016855125 1200000 1
-0.06875 -577861.45 	-730010.46 	-7189.8794 	 -961174.64 	-1348883.3 	-32762.157 	 -0.004446118 	0.0021076538 	0.038375511 	 0.00085084869 	-0.00051601256 	-0.0026896525 	 -12187.86 	9780.7388 	-1409.7755 	 -0.49156411 	-0.38318316 	0.0016590819 	 -1.935879 	-2.0883639 	0.024973319 		-0.06875 -0.0039449943 -0.019581114 1200000 1
-0.0675 -560576.01 	-866687.37 	-4721.1994 	 -823896.31 	-1543202.1 	-18528.351 	 -0.0044423102 	0.0019938542 	0.037814661 	 0.00092205247 	-0.00050591448 	-0.003459416 	 -13726.416 	9153.5936 	-1565.063 	 -0.4908175 	-0.33812903 	0.0014576286 	 -1.9523989 	-1.8933275 	0.012641447 		-0.0675 -0.0043949099 -0.022064032 1200000 1
-0.06625 -539310.29 	-998369.87 	-2468.547 	 -707431.65 	-1714541.1 	-7307.961 	 -0.0044403109 	0.0018879327 	0.037297944 	 0.00097754085 	-0.00049166473 	-0.0040527322 	 -15174.004 	8595.414 	-1716.1147 	 -0.48828085 	-0.29526845 	0.0014480633 	 -1.9578118 	-1.7164838 	0.0027817353 		-0.06625 -0.0047922815 -0.024324704 1200000 1
-0.065 -514647.29 	-1124012.4 	-467.28796 	 -607833.16 	-1862613 	1307.8165 	 -0.004439832 	0.0017896797 	0.036817803 	 0.0010197939 	-0.00047475787 	-0.0045073424 	 -16520.202 	8077.5224 	-1863.3265 	 -0.48395707 	-0.25488633 	0.0016024302 	 -1.9555509 	-1.5582619 	-0.0049377396 		-0.065 -0.0051358897 -0.026367616 1200000 1
-0.06375 -488606.4 	-1243474.2 	1266.7971 	 -524656.92 	-1992029 	7890.9993 	 -0.0044407303 	0.0016982579 	0.036393962 	 0.001052232 	-0.000456494 	-0.0048291081 	 -17849.886 	7598.2409 	-2010.4045 	 -0.4776066 	-0.21666797 	0.0018865924 	 -1.9455932 	-1.4156457 	-0.010980987 		-0.06375 -0.0054280563 -0.028215677 1200000 1
-0.0625 -461563.78 	-1356760.5 	2740.0021 	 -452862.16 	-2105528.4 	12832.732 	 -0.0044428257 	0.0016125566 	0.036010526 	 0.0010773938 	-0.00043775533 	-0.0050607526 	 -19144.217 	7136.664 	-2155.8683 	 -0.46963803 	-0.18058173 	0.0022895969 	 -1.9313118 	-1.2866079 	-0.015666991 		-0.0625 -0.005675817 -0.02990184 1200000 1
-0.06125 -433794.95 	-1463270.3 	3997.4955 	 -390450.37 	-2205113.8 	16616.447 	 -0.0044464882 	0.0015321459 	0.035664876 	 0.0010963117 	-0.00041889464 	-0.0052121126 	 -20411.365 	6681.1623 	-2298.7168 	 -0.46023949 	-0.14666194 	0.00276681 	 -1.9141327 	-1.1699994 	-0.01939443 		-0.06125 -0.0058819561 -0.031441424 1200000 1
-0.06 -405730.72 	-1563641.9 	5021.8429 	 -336573.31 	-2289821.4 	19257.04 	 -0.0044493296 	0.0014567166 	0.035347581 	 0.0011119288 	-0.00040098116 	-0.0053249833 	 -21584.191 	6250.1622 	-2436.5485 	 -0.44935889 	-0.11518253 	0.0033329311 	 -1.8948276 	-1.0660054 	-0.02217622 		-0.06 -0.0060444164 -0.032833552 1200000 1
-0.05875 -378265.18 	-1657005.8 	5837.8465 	 -290643.77 	-2364005.3 	21015.261 	 -0.0044534884 	0.0013858761 	0.035072671 	 0.0011234635 	-0.00038349929 	-0.0053754861 	 -22756.32 	5827.0687 	-2571.8202 	 -0.43707887 	-0.08581985 	0.0039667236 	 -1.8732332 	-0.97239767 	-0.024224355 		-0.05875 -0.0061681402 -0.034101299 1200000 1
-0.0575 -351207.87 	-1744163.7 	6508.6233 	 -250544.88 	-2428744.2 	22292.339 	 -0.0044578884 	0.0013188943 	0.03482598 	 0.001132679 	-0.00036680764 	-0.0053916951 	 -23883.236 	5414.2509 	-2702.0389 	 -0.42370487 	-0.058538505 	0.0046365386 	 -1.8506346 	-0.88794912 	-0.02587544 		-0.0575 -0.0062580296 -0.035262926 1200000 1
-0.05625 -324388.01 	-1824146.4 	7027.6817 	 -215279.9 	-2485801.9 	23035.144 	 -0.0044635129 	0.0012554392 	0.034607507 	 0.0011394065 	-0.00035080138 	-0.0053626954 	 -24991.781 	4999.6148 	-2825.4268 	 -0.40947441 	-0.033354356 	0.0053522172 	 -1.8277481 	-0.81198092 	-0.027085394 		-0.05625 -0.0063173254 -0.036329744 1200000 1
-0.055 -298414.13 	-1899212.8 	7421.6835 	 -184972.51 	-2532624.5 	23283.103 	 -0.0044668193 	0.0011958144 	0.034404378 	 0.0011461058 	-0.00033606753 	-0.0053501257 	 -25953.321 	4617.2123 	-2941.7435 	 -0.3941912 	-0.010542971 	0.0061138174 	 -1.8044702 	-0.74501794 	-0.027895544 		-0.055 -0.0063428537 -0.037296621 1200000 1
-0.05375 -273420.75 	-1967471.3 	7720.7637 	 -158775.82 	-2574136.5 	23389.428 	 -0.0044711301 	0.0011391789 	0.034230662 	 0.0011512583 	-0.00032202915 	-0.0053006841 	 -26914.157 	4237.3019 	-3051.3569 	 -0.37810181 	0.010332511 	0.006897516 	 -1.78079 	-0.68502164 	-0.028596404 		-0.05375 -0.0063416074 -0.038186838 1200000 1
-0.0525 -249187.45 	-2030089.6 	7940.5007 	 -135820.37 	-2610009.1 	23142.568 	 -0.0044751916 	0.0010853139 	0.034074968 	 0.0011558247 	-0.00030877453 	-0.0052405816 	 -27815.873 	3867.7855 	-3153.3359 	 -0.36136991 	0.029264057 	0.0077105192 	 -1.7572195 	-0.63157173 	-0.029017482 		-0.0525 -0.0063165775 -0.039009411 1200000 1
-0.05125 -225399.11 	-2086406.8 	8111.0454 	 -115566.48 	-2641176.1 	22861.834 	 -0.0044797832 	0.0010341723 	0.033935929 	 0.0011591856 	-0.00029606349 	-0.005163595 	 -28665.989 	3502.8371 	-3246.954 	 -0.34420616 	0.046178763 	0.0085377014 	 -1.7342782 	-0.58440006 	-0.029429619 		-0.05125 -0.0062705604 -0.039770902 1200000 1
-0.05 -202712.21 	-2137942.9 	8226.8888 	 -98201.018 	-2666574.4 	22455.268 	 -0.004482417 	0.00098574672 	0.033808639 	 0.0011636189 	-0.00028438479 	-0.0051019901 	 -29402.357 	3158.6023 	-3330.9298 	 -0.32640753 	0.061021394 	0.0094033365 	 -1.7114684 	-0.54351188 	-0.029764982 		-0.05 -0.0062021727 -0.040472124 1200000 1
-0.04875 -180898.96 	-2183800.4 	8332.4747 	 -83057.473 	-2688729.4 	21859.289 	 -0.0044854367 	0.00093957374 	0.033697846 	 0.0011673 	-0.00027318704 	-0.0050272221 	 -30103.755 	2821.4346 	-3407.2129 	 -0.30818957 	0.074066333 	0.010275036 	 -1.6889565 	-0.50787355 	-0.02997025 		-0.04875 -0.0061167111 -0.041127152 1200000 1
-0.0475 -159779.51 	-2224642.6 	8418.8967 	 -69731.413 	-2707690 	21387.444 	 -0.0044881958 	0.00089552729 	0.03359804 	 0.001170803 	-0.00026248815 	-0.004950928 	 -30741.508 	2493.4701 	-3475.1442 	 -0.28965944 	0.085333176 	0.011175758 	 -1.6669418 	-0.47707502 	-0.030313052 		-0.0475 -0.0060167883 -0.041742559 1200000 1
-0.04625 -138983.26 	-2260369.9 	8519.146 	 -57902.596 	-2723335.5 	20842.001 	 -0.0044900659 	0.0008535806 	0.033505381 	 0.0011748446 	-0.00025230112 	-0.0048781092 	 -31293.265 	2172.3031 	-3532.1785 	 -0.27099325 	0.094698272 	0.012094531 	 -1.6458432 	-0.45123942 	-0.030639709 		-0.04625 -0.0059052544 -0.042323374 1200000 1
-0.045 -119249.96 	-2291154 	8665.9717 	 -47739.641 	-2736169.6 	20207.634 	 -0.0044916424 	0.00081375026 	0.033423649 	 0.0011786866 	-0.00024254809 	-0.0048085444 	 -31778.631 	1863.5176 	-3581.2734 	 -0.25196487 	0.10224384 	0.013014501 	 -1.6249783 	-0.43018286 	-0.030942233 		-0.045 -0.0057809656 -0.042871759 1200000 1
-0.04375 -100078.99 	-2317374.6 	8821.3348 	 -38709.94 	-2746887.8 	19786.843 	 -0.0044927355 	0.0007756825 	0.033349209 	 0.0011828049 	-0.00023312464 	-0.0047411037 	 -32199.157 	1562.2749 	-3621.2806 	 -0.23278507 	0.1081143 	0.013978476 	 -1.6046661 	-0.41316772 	-0.031476689 		-0.04375 -0.0056486276 -0.043397481 1200000 1
-0.0425 -81296.082 	-2338642.6 	9067.6083 	 -30605.3 	-2756074.5 	19288.965 	 -0.004493772 	0.00073920653 	0.033283388 	 0.0011869619 	-0.00022389496 	-0.0046672051 	 -32577.74 	1265.4724 	-3651.8876 	 -0.21354729 	0.11235548 	0.014928448 	 -1.5850185 	-0.40011688 	-0.032008065 		-0.0425 -0.0055107832 -0.043905814 1200000 1
-0.04125 -62801.94 	-2356302.4 	9399.3454 	 -23298.449 	-2762108.2 	18884.976 	 -0.0044934371 	0.00070473411 	0.033216657 	 0.0011916933 	-0.00021495379 	-0.0046202742 	 -32821.746 	976.45029 	-3673.7939 	 -0.19430867 	0.11476321 	0.015898868 	 -1.5661797 	-0.39129314 	-0.032697621 		-0.04125 -0.0053694195 -0.04440025 1200000 1
-0.04 -44965.872 	-2369011.9 	9803.5884 	 -16752.533 	-2767086.4 	18738.509 	 -0.0044930266 	0.00067182864 	0.033158673 	 0.0011966538 	-0.00020609648 	-0.0045678092 	 -33026.202 	693.93089 	-3685.993 	 -0.17493994 	0.11549879 	0.016902832 	 -1.5476963 	-0.38622233 	-0.033681867 		-0.04 -0.0052246079 -0.044884779 1200000 1
-0.03875 -27410.185 	-2377661.2 	10387.247 	 -10678.561 	-2770472.8 	18509.751 	 -0.0044922875 	0.00064044069 	0.033104535 	 0.0012017617 	-0.00019724576 	-0.0045208529 	 -33163.25 	415.23333 	-3689.942 	 -0.15558975 	0.11466976 	0.017864364 	 -1.5297917 	-0.38475455 	-0.034684788 		-0.03875 -0.005079873 -0.045365454 1200000 1
-0.0375 -9895.5586 	-2381167.4 	11096.543 	 -4904.4224 	-2773618.2 	18632.156 	 -0.004492609 	0.00061024755 	0.033059781 	 0.00120594 	-0.00018823174 	-0.004459383 	 -33284.485 	138.03627 	-3686.0425 	 -0.1363735 	0.11226205 	0.018843221 	 -1.5126221 	-0.38663462 	-0.036077444 		-0.0375 -0.0049381062 -0.045847086 1200000 1
-0.03625 7484.1708 	-2382244.8 	12019.527 	 658.94272 	-2773094.5 	18962.969 	 -0.0044901538 	0.00058213837 	0.033007226 	 0.0012123068 	-0.0001792891 	-0.0044447982 	 -33222.51 	-136.25402 	-3671.975 	 -0.11724259 	0.1079934 	0.019815078 	 -1.4961052 	-0.3924708 	-0.037771646 		-0.03625 -0.0048009692 -0.046334365 1200000 1
-0.035 24606.538 	-2378273.3 	13224.524 	 6098.0626 	-2772243.5 	19355.125 	 -0.0044890255 	0.00055525985 	0.032963677 	 0.0012175604 	-0.00016994147 	-0.0044158141 	 -33147.36 	-408.31592 	-3650.8653 	 -0.098162333 	0.1021718 	0.020710946 	 -1.4800088 	-0.40176071 	-0.039634224 		-0.035 -0.004668922 -0.046829829 1200000 1
-0.03375 41738.631 	-2370350.3 	14660.302 	 11602.953 	-2770277.1 	20343.979 	 -0.0044880838 	0.00052972271 	0.032923242 	 0.0012226511 	-0.00016024885 	-0.0043923398 	 -33005.393 	-680.02161 	-3622.3446 	 -0.079230331 	0.094745869 	0.021597542 	 -1.4644761 	-0.41424394 	-0.042124494 		-0.03375 -0.004544793 -0.04733829 1200000 1
-0.0325 59227.2 	-2357762.3 	16498.42 	 17398.111 	-2767490.7 	21592.006 	 -0.0044877073 	0.00050533091 	0.032889952 	 0.0012274987 	-0.00015012759 	-0.0043633741 	 -32826.274 	-954.40399 	-3585.6438 	 -0.060593944 	0.085688415 	0.022365367 	 -1.4497561 	-0.43023121 	-0.044983451 		-0.0325 -0.0044323572 -0.047865707 1200000 1
-0.03125 76724.597 	-2341888.4 	18783.47 	 23534.312 	-2761975.2 	23197.673 	 -0.004487356 	0.00048269339 	0.032854143 	 0.0012319551 	-0.00013943166 	-0.0043614629 	 -32517.849 	-1231.3821 	-3543.4958 	 -0.042131969 	0.074797227 	0.02302192 	 -1.4355341 	-0.45010861 	-0.048315443 		-0.03125 -0.0043325288 -0.048416512 1200000 1
-0.03 94348.042 	-2321420.2 	21551.524 	 30139.185 	-2755804.7 	25788.571 	 -0.0044883633 	0.00046124201 	0.032824916 	 0.0012353967 	-0.00012794446 	-0.0043533185 	 -32171.551 	-1509.4272 	-3494.8202 	 -0.023871682 	0.06225838 	0.023536468 	 -1.4218087 	-0.47322301 	-0.052637269 		-0.03 -0.0042461748 -0.048992729 1200000 1
-0.02875 112275.38 	-2296863.3 	24935.366 	 37397.741 	-2747956.7 	28711.377 	 -0.0044906973 	0.00044099899 	0.032800368 	 0.0012376428 	-0.00011564605 	-0.0043475928 	 -31766.901 	-1791.6856 	-3441.3842 	 -0.0058940312 	0.048075201 	0.023826698 	 -1.4086847 	-0.50000652 	-0.057418871 		-0.02875 -0.0041758184 -0.049598789 1200000 1
-0.0275 130941.08 	-2267980.9 	29049.594 	 45696.032 	-2738457.2 	32746.764 	 -0.0044953817 	0.00042159159 	0.032783221 	 0.0012373982 	-0.00010276616 	-0.0043455936 	 -31300.321 	-2082.1599 	-3385.7949 	 0.011582469 	0.032083046 	0.023862796 	 -1.3965416 	-0.53051213 	-0.063348228 		-0.0275 -0.0041267704 -0.050242935 1200000 1
-0.02625 149712.91 	-2234653.7 	34114.525 	 54967.687 	-2727054.5 	38393.91 	 -0.0045024832 	0.00040365566 	0.032769872 	 0.0012347306 	-8.8515424e-05 	-0.0043476346 	 -30757.595 	-2376.5249 	-3326.8355 	 0.028822527 	0.014213327 	0.023492065 	 -1.3847997 	-0.56486374 	-0.070842367 		-0.02625 -0.0040980204 -0.050928314 1200000 1
-0.025 168938.14 	-2197023.9 	40134.32 	 65467.869 	-2713344 	44854.442 	 -0.0045131429 	0.00038655695 	0.032763527 	 0.0012280932 	-7.3236146e-05 	-0.0043489658 	 -30160.791 	-2677.6833 	-3268.6594 	 0.045664756 	-0.0054152636 	0.02271756 	 -1.373744 	-0.60331154 	-0.079234278 		-0.025 -0.0040916208 -0.051657081 1200000 1
-0.02375 188776.79 	-2154618 	47364.656 	 77493.741 	-2698399.8 	53610.626 	 -0.0045288109 	0.00036972697 	0.032768969 	 0.0012157221 	-5.7119937e-05 	-0.0043384398 	 -29537.819 	-2984.1881 	-3213.3848 	 0.062016703 	-0.026759529 	0.021361024 	 -1.3635542 	-0.64529899 	-0.089767919 		-0.02375 -0.0041100154 -0.052433742 1200000 1
-0.0225 209471.77 	-2108516.8 	56143.669 	 91604.481 	-2679760.6 	64647.185 	 -0.0045491599 	0.00035335044 	0.032780587 	 0.0011973302 	-4.0643348e-05 	-0.0043450569 	 -28811.183 	-3308.2634 	-3163.9171 	 0.077708942 	-0.050088235 	0.019248068 	 -1.3544985 	-0.69181837 	-0.10248159 		-0.0225 -0.0041595696 -0.053271212 1200000 1
-0.02125 230429.35 	-2057214.1 	66493.582 	 107669.75 	-2658398.3 	77937.938 	 -0.004577509 	0.00033703107 	0.032803324 	 0.0011685444 	-2.3048821e-05 	-0.0043366995 	 -28049.912 	-3637.2399 	-3124.5351 	 0.092959769 	-0.075350618 	0.016330644 	 -1.3461304 	-0.74301912 	-0.11730479 		-0.02125 -0.0042380524 -0.054168437 1200000 1
-0.02 251963.25 	-2001712.9 	78864.493 	 126112.67 	-2634948.9 	95442.278 	 -0.0046142452 	0.00031999914 	0.032837965 	 0.0011280944 	-5.4904961e-06 	-0.004320401 	 -27244.963 	-3977.0018 	-3098.4181 	 0.10760136 	-0.10225535 	0.01224678 	 -1.3388201 	-0.79781776 	-0.13586703 		-0.02 -0.0043476775 -0.055128924 1200000 1
-0.01875 274262.12 	-1940862.5 	93282.321 	 147535.91 	-2609220.8 	116352.74 	 -0.004662127 	0.00030087449 	0.032893961 	 0.0010718291 	1.0904297e-05 	-0.0042720452 	 -26454.817 	-4322.9704 	-3090.6365 	 0.12149874 	-0.13086406 	0.0069705455 	 -1.332972 	-0.85706889 	-0.15747087 		-0.01875 -0.004490895 -0.056157388 1200000 1
-0.0175 297247.48 	-1877155.6 	110286.63 	 172704.16 	-2578078.2 	142258.47 	 -0.0047226437 	0.00027918735 	0.032957399 	 0.00099476015 	2.3900762e-05 	-0.0042452295 	 -25537.808 	-4700.5396 	-3112.2814 	 0.13448875 	-0.1614025 	0.00017896214 	 -1.3287906 	-0.92130111 	-0.18348161 		-0.0175 -0.0046760103 -0.05727274 1200000 1
-0.01625 320385.28 	-1808686.1 	130277.12 	 201402.13 	-2545766.6 	175208.66 	 -0.0047990002 	0.00025390371 	0.033040175 	 0.00089160443 	3.3746425e-05 	-0.0041802088 	 -24633.311 	-5085.8977 	-3165.6107 	 0.1468077 	-0.19317996 	-0.0086521152 	 -1.3259739 	-0.98871095 	-0.21546435 		-0.01625 -0.0048974183 -0.058466334 1200000 1
-0.015 343838.84 	-1736320.8 	152736.69 	 234330.96 	-2509880.5 	213380.87 	 -0.0048927415 	0.00022327942 	0.033141136 	 0.00075752109 	3.6953037e-05 	-0.0040906425 	 -23710.275 	-5490.9829 	-3258.6306 	 0.15827541 	-0.22636121 	-0.019147939 	 -1.3250282 	-1.0604732 	-0.25185908 		-0.015 -0.0051576057 -0.059742996 1200000 1
-0.01375 367767.48 	-1660381.8 	178441.87 	 272796.88 	-2473320.2 	260035.28 	 -0.0050086985 	0.0001836318 	0.033270827 	 0.00058194767 	2.7928154e-05 	-0.0039555556 	 -22817.643 	-5918.5271 	-3404.6535 	 0.16865199 	-0.2602208 	-0.032096345 	 -1.3268426 	-1.1344658 	-0.2952808 		-0.01375 -0.0054599732 -0.061109116 1200000 1
-0.0125 391452.37 	-1582486.6 	207563.55 	 317211.08 	-2434492.9 	316331.32 	 -0.0051489114 	0.00013425355 	0.033415091 	 0.00035576138 	2.7492609e-06 	-0.0038020261 	 -21875.078 	-6391.4956 	-3616.2335 	 0.17803199 	-0.29458297 	-0.047769568 	 -1.3312449 	-1.2107791 	-0.34658999 		-0.0125 -0.0058086919 -0.062579027 1200000 1
-0.01125 414523.63 	-1501678.7 	238844.18 	 367664.18 	-2394445 	380038.63 	 -0.0053156418 	7.2811437e-05 	0.033581044 	 7.0982339e-05 	-4.2362119e-05 	-0.0035959306 	 -20953.695 	-6898.7152 	-3900.276 	 0.18650888 	-0.32922786 	-0.065527481 	 -1.3383562 	-1.2892337 	-0.40371545 		-0.01125 -0.006197994 -0.064140658 1200000 1
-0.01 436813.01 	-1419851.7 	272845.69 	 425103.6 	-2356501 	454378 	 -0.0055104504 	-3.4478757e-06 	0.033768465 	 -0.00028111453 	-0.00011472401 	-0.0033384806 	 -20054.715 	-7458.8244 	-4270.3189 	 0.19399946 	-0.3629879 	-0.086150296 	 -1.3488284 	-1.3666026 	-0.46919097 		-0.01 -0.0066281668 -0.065795324 1200000 1
-0.00875 458164.2 	-1336956.6 	308168.73 	 492071.81 	-2319805.2 	536682.39 	 -0.0057379848 	-0.00010009719 	0.033985696 	 -0.00071742913 	-0.00022815251 	-0.003012461 	 -19189.327 	-8095.1446 	-4747.9621 	 0.20024513 	-0.39583286 	-0.10900948 	 -1.3643591 	-1.4434872 	-0.5405331 		-0.00875 -0.0071027624 -0.067550452 1200000 1
-0.0075 477034.5 	-1253132.3 	343516.52 	 567760.63 	-2283698.9 	626630.1 	 -0.0059976177 	-0.0002163005 	0.034213614 	 -0.0012512199 	-0.00038639635 	-0.0026242684 	 -18315.534 	-8819.6383 	-5348.3346 	 0.20570231 	-0.42757057 	-0.13365819 	 -1.3840481 	-1.5199967 	-0.61717392 		-0.0075 -0.0076185519 -0.06940649 1200000 1
-0.00625 493300.64 	-1169448.8 	378795.03 	 653459.65 	-2251474.7 	725226.54 	 -0.0062867196 	-0.00035349483 	0.034456369 	 -0.0018855134 	-0.00059733848 	-0.0021617694 	 -17458.185 	-9652.923 	-6082.8532 	 0.21035555 	-0.45724177 	-0.16050139 	 -1.4090778 	-1.5933744 	-0.69979589 		-0.00625 -0.0081711016 -0.071352766 1200000 1
-0.005 506183.48 	-1084242.5 	411410.13 	 750643.26 	-2219953.5 	827086.42 	 -0.0066038096 	-0.00051295752 	0.034715412 	 -0.0026306733 	-0.00086988222 	-0.0016035866 	 -16609.03 	-10609.204 	-6963.1951 	 0.21427254 	-0.48574483 	-0.18812315 	 -1.4404974 	-1.6663614 	-0.78362865 		-0.005 -0.0087579584 -0.073384337 1200000 1
-0.00375 514652.95 	-998576.81 	441035.7 	 863353.25 	-2189112.2 	932891.89 	 -0.0069484472 	-0.00069704971 	0.034984586 	 -0.0035074416 	-0.0012228373 	-0.00095011197 	 -15722.598 	-11749.363 	-8020.3655 	 0.21744216 	-0.51276935 	-0.217002 	 -1.4812767 	-1.7381005 	-0.8689953 		-0.00375 -0.0093839893 -0.075516127 1200000 1
-0.0025 517036.65 	-910675.51 	466674.76 	 990413.88 	-2158654.6 	1043025.1 	 -0.007331849 	-0.00091371016 	0.035263015 	 -0.0045843204 	-0.0016866527 	-0.00015019165 	 -14809.929 	-13151.553 	-9365.668 	 0.22048086 	-0.53854848 	-0.24715302 	 -1.530662 	-1.8092617 	-0.95597452 		-0.0025 -0.010041741 -0.077738624 1200000 1
-0.00125 512921.93 	-820498.81 	488250.39 	 1135473.9 	-2127286.2 	1154833.8 	 -0.0077518411 	-0.0011752684 	0.035565236 	 -0.0058841106 	-0.0022950097 	0.0008203738 	 -13836.939 	-14882.59 	-11050.127 	 0.22338836 	-0.56373918 	-0.2787821 	 -1.5918682 	-1.8804589 	-1.0424078 		-0.00125 -0.010731567 -0.080051186 1200000 1
5.2475385e-17 273011.42 	-452495.17 	219619.84 	 686598.78 	-1327407.1 	479371.79 	 -0.0079712518 	-0.0013126579 	0.035736848 	 -0.0066665723 	-0.0026624513 	0.001661829 	 -8386.4835 	-7857.8489 	-7285.3654 	 0.2265075 	0.092250877 	0.029744598 	 -1.6391857 	0.46668673 	0.28710436 		5.2475385e-17 -0.011409531 -0.082220551 650000.01 1
0.00125 40408.691 	-159239.89 	-58995.417 	 100182.86 	-575639.54 	-268016.89 	 -0.0076680027 	-0.0012345022 	0.03565752 	 -0.0060551731 	-0.0024889121 	0.0019389748 	 -3769.6824 	220.68948 	-2502.125 	 0.22750554 	0.4505523 	0.67739356 	 -1.5194122 	2.0168292 	2.6185406 		0.00125 -0.011065684 -0.080509677 100000 1
0.0025 39161.382 	-156467.06 	-57607.874 	 93907.42 	-594189.5 	-258004.27 	 -0.0072172868 	-0.0011155421 	0.035536395 	 -0.0050763808 	-0.0022345005 	0.0020801646 	 -3720.6413 	70.374977 	-2197.6691 	 0.22771245 	0.47002756 	0.64507635 	 -1.3916084 	2.1644055 	2.526762 		0.0025 -0.010488898 -0.077886393 100000 1
0.00375 37830.292 	-154311.62 	-56003.345 	 88523.918 	-612506.33 	-247292.19 	 -0.006855067 	-0.0010139396 	0.03541413 	 -0.0042645192 	-0.0020160378 	0.0021612916 	 -3673.9074 	-45.732705 	-1941.4986 	 0.22841713 	0.49069684 	0.6132259 	 -1.2726969 	2.3132989 	2.4269306 		0.00375 -0.0098881988 -0.075083217 100000 1
0.005 36389.824 	-152707.38 	-53825.813 	 83705.726 	-630607.9 	-234841.21 	 -0.0065581825 	-0.00092250968 	0.035294677 	 -0.0035830374 	-0.0018157644 	0.0022038603 	 -3629.7031 	-136.25782 	-1721.9999 	 0.2298156 	0.51271644 	0.57819466 	 -1.1593501 	2.4631757 	2.308731 		0.005 -0.0092581693 -0.072092139 100000 1
0.00625 34914.452 	-151443.34 	-51065.78 	 79415.692 	-647661.74 	-220446.23 	 -0.0063077569 	-0.00084147986 	0.035175055 	 -0.0029978643 	-0.0016329065 	0.0022082219 	 -3581.4962 	-209.40049 	-1526.2529 	 0.23153339 	0.53401684 	0.53975721 	 -1.0514579 	2.6059574 	2.1701423 		0.00625 -0.0086024009 -0.06891216 100000 1
0.0075 33419.96 	-150195.26 	-47718.161 	 75382.089 	-663137.05 	-203966.05 	 -0.0060942135 	-0.00077009979 	0.035060005 	 -0.0024914453 	-0.0014639061 	0.0021899194 	 -3528.2386 	-267.92411 	-1350.0217 	 0.23354933 	0.55261344 	0.49751043 	 -0.94640373 	2.7353804 	2.0099138 		0.0075 -0.0079208832 -0.065559124 100000 1
0.00875 31914.719 	-148778.73 	-43863.522 	 71547.322 	-676237.09 	-185905.53 	 -0.0059119962 	-0.00070698186 	0.034950025 	 -0.0020560551 	-0.0013069639 	0.0021536004 	 -3466.6487 	-313.14726 	-1191.509 	 0.23585213 	0.5670007 	0.45201513 	 -0.84357638 	2.8432939 	1.8331889 		0.00875 -0.0072196789 -0.062064965 100000 1
0.01 30387.307 	-146968.1 	-39632.152 	 67838.87 	-686206.43 	-166710.55 	 -0.0057584381 	-0.00065123786 	0.034846331 	 -0.0016887584 	-0.0011611429 	0.0021031618 	 -3393.3718 	-344.93531 	-1050.8158 	 0.2385722 	0.5751384 	0.40446274 	 -0.74213945 	2.9220724 	1.6444709 		0.01 -0.0065043258 -0.058460232 100000 1
0.01125 28919.786 	-144674.23 	-35204.587 	 64344.033 	-692771.31 	-146980.83 	 -0.0056301459 	-0.00060567246 	0.034749487 	 -0.0013822221 	-0.0010318685 	0.002040384 	 -3308.4335 	-366.24132 	-927.0782 	 0.24123994 	0.57653014 	0.35638739 	 -0.64330823 	2.9688261 	1.4498339 		0.01125 -0.005783783 -0.054770235 100000 1
0.0125 27491.586 	-141852.44 	-30838.843 	 61011.184 	-695893.47 	-127947.13 	 -0.0055213878 	-0.00056751769 	0.034659825 	 -0.0011241141 	-0.0009152212 	0.0019710736 	 -3212.9054 	-378.36235 	-817.70794 	 0.24396854 	0.57120408 	0.31001166 	 -0.54637592 	2.9827733 	1.2617203 		0.0125 -0.0050660516 -0.051045829 100000 1
0.01375 26103.34 	-138563.64 	-26627.028 	 57837.395 	-696166.45 	-109769.88 	 -0.0054298554 	-0.0005362089 	0.034578466 	 -0.0009085965 	-0.00081075475 	0.0018991243 	 -3110.1515 	-382.84391 	-722.36683 	 0.24676921 	0.56008543 	0.26606336 	 -0.45126724 	2.9696206 	1.0818001 		0.01375 -0.0043576788 -0.047321421 100000 1
0.015 24765.622 	-134892.63 	-22742.699 	 54887.494 	-693664.33 	-93260.591 	 -0.005352665 	-0.00051120545 	0.034503647 	 -0.00073262213 	-0.00071813557 	0.0018223098 	 -2999.9917 	-381.23463 	-640.89411 	 0.24957614 	0.5437301 	0.22609776 	 -0.35862198 	2.9304361 	0.91823466 		0.015 -0.0036699177 -0.043645759 100000 1
0.01625 23513.732 	-130888.34 	-19280.574 	 52195.704 	-688890.29 	-78765.63 	 -0.0052884591 	-0.00049256444 	0.034437459 	 -0.00058834022 	-0.00063713616 	0.001746003 	 -2886.4448 	-375.31647 	-571.03029 	 0.25214681 	0.52321061 	0.190867 	 -0.26885872 	2.8697629 	0.77455829 		0.01625 -0.0030044983 -0.040023024 100000 1
0.0175 22326.014 	-126743.45 	-16167.737 	 49728.89 	-682857.82 	-65767.264 	 -0.0052339202 	-0.0004787912 	0.034378514 	 -0.00046912485 	-0.00056541615 	0.0016703593 	 -2772.7028 	-366.69059 	-511.16537 	 0.25458806 	0.50048219 	0.15947411 	 -0.18152398 	2.7976697 	0.6456565 		0.0175 -0.0023650283 -0.036480213 100000 1
0.01875 21192.604 	-122453.86 	-13497.892 	 47461.702 	-675565.74 	-54830.951 	 -0.0051883769 	-0.00046953808 	0.034328446 	 -0.00037156149 	-0.00050240804 	0.0015989969 	 -2660.9193 	-355.34403 	-460.06477 	 0.25698106 	0.47577916 	0.13277193 	 -0.096305576 	2.7138798 	0.53721518 		0.01875 -0.0017536481 -0.033034064 100000 1
0.02 20134.514 	-118202.34 	-11231.58 	 45464.91 	-667483.12 	-45637.792 	 -0.0051487785 	-0.00046420975 	0.034282691 	 -0.00029264892 	-0.00044709688 	0.0015245563 	 -2549.194 	-343.45308 	-416.91511 	 0.25914574 	0.45029823 	0.11025825 	 -0.013867733 	2.6237387 	0.44607176 		0.02 -0.0011780026 -0.029711212 100000 1
0.02125 19152.386 	-113990.07 	-9280.8271 	 43692.544 	-659106.45 	-37726.389 	 -0.0051155509 	-0.00046268784 	0.034245147 	 -0.00022821714 	-0.00039866302 	0.0014546996 	 -2442.1696 	-330.98089 	-380.03936 	 0.26107435 	0.42481511 	0.091002358 	 0.066200473 	2.5314467 	0.36764511 		0.02125 -0.00063237014 -0.026492138 100000 1
0.0225 18231.735 	-109828.56 	-7666.6521 	 42119.808 	-650297.42 	-31340.005 	 -0.0050868251 	-0.0004642128 	0.034213788 	 -0.00017514131 	-0.00035582383 	0.001387156 	 -2338.3511 	-318.22397 	-348.12165 	 0.26283599 	0.39929598 	0.075163143 	 0.14425463 	2.4357385 	0.30439018 		0.0225 -0.00011713458 -0.023385097 100000 1
0.02375 17359.648 	-105782.51 	-6298.7825 	 40723.728 	-641514.67 	-25927.707 	 -0.0050625499 	-0.00046865212 	0.034189504 	 -0.00013173729 	-0.0003181681 	0.0013237719 	 -2240.174 	-305.29835 	-320.73006 	 0.26453386 	0.37452386 	0.061817101 	 0.22063823 	2.3410919 	0.25080764 		0.02375 0.00036699182 -0.020400868 100000 1
0.025 16560.216 	-101898.01 	-5166.6242 	 39545.614 	-632708.78 	-21463.942 	 -0.0050406148 	-0.00047579074 	0.034169845 	 -9.6628311e-05 	-0.00028515036 	0.0012600876 	 -2145.1183 	-293.22458 	-297.15485 	 0.26596957 	0.35064684 	0.050819908 	 0.2948655 	2.2473333 	0.206654 		0.025 0.0008179938 -0.017541919 100000 1
0.02625 15819.532 	-98112.552 	-4246.9967 	 38540.114 	-623814.84 	-17944.738 	 -0.0050217297 	-0.00048534582 	0.034156426 	 -6.7574276e-05 	-0.00025588176 	0.0011998315 	 -2054.3066 	-281.48963 	-276.37346 	 0.26722571 	0.32745289 	0.041935582 	 0.36746901 	2.153393 	0.1719026 		0.02625 0.0012412167 -0.014791577 100000 1
0.0275 15129.615 	-94474.05 	-3454.392 	 37693.358 	-615109.95 	-14850.974 	 -0.0050049938 	-0.00049706219 	0.034148315 	 -4.3413311e-05 	-0.0002298398 	0.0011418853 	 -1967.8846 	-270.35526 	-258.0185 	 0.26834243 	0.30537004 	0.034301188 	 0.43864546 	2.0620883 	0.14136924 		0.0275 0.0016374863 -0.012151608 100000 1
0.02875 14480.746 	-90966.96 	-2820.6849 	 37000.97 	-606411.9 	-12446.11 	 -0.0049899107 	-0.0005109385 	0.034145786 	 -2.3739057e-05 	-0.00020690097 	0.0010864667 	 -1885.7778 	-259.64029 	-241.88792 	 0.26940446 	0.2842249 	0.028231114 	 0.50853002 	1.9716253 	0.11769068 		0.02875 0.0020054636 -0.0096374234 100000 1
0.03 13894.657 	-87589.599 	-2310.1513 	 36480.032 	-597725.14 	-10555.296 	 -0.004976392 	-0.00052690742 	0.034148282 	 -7.3994475e-06 	-0.00018653815 	0.0010324661 	 -1806.8298 	-249.81769 	-227.40868 	 0.27022703 	0.26403619 	0.023358886 	 0.57691748 	1.8820695 	0.099125039 		0.03 0.0023469023 -0.0072320497 100000 1
0.03125 13352.906 	-84340.729 	-1869.3356 	 36100.353 	-589173.78 	-8866.5418 	 -0.0049639967 	-0.00054472388 	0.034155671 	 6.2604328e-06 	-0.00016831957 	0.00098039662 	 -1731.4601 	-240.67248 	-214.33915 	 0.27092522 	0.24487715 	0.019156231 	 0.64416669 	1.7945301 	0.082557078 		0.03125 0.0026648694 -0.004932208 100000 1
0.0325 12850.551 	-81184.19 	-1521.9526 	 35857.15 	-580585.34 	-7610.7128 	 -0.0049529335 	-0.00056439324 	0.034168669 	 1.761244e-05 	-0.0001520347 	0.00093140221 	 -1659.6802 	-231.96816 	-202.45474 	 0.27153552 	0.22649666 	0.015861861 	 0.71038457 	1.7071751 	0.070297629 		0.0325 0.0029604148 -0.0027387372 100000 1
0.03375 12388.184 	-78167.431 	-1234.3572 	 35767.78 	-572017.55 	-6558.7772 	 -0.0049418968 	-0.00058587503 	0.034185178 	 2.7250912e-05 	-0.0001374514 	0.0008819513 	 -1590.2837 	-224.12595 	-191.63337 	 0.27204615 	0.20910126 	0.013136898 	 0.7755081 	1.6209202 	0.060057025 		0.03375 0.0032317828 -0.00066540795 100000 1
0.035 11972.885 	-75245.069 	-993.40096 	 35819.267 	-563459.13 	-5655.7809 	 -0.0049318159 	-0.00060922782 	0.034207214 	 3.5224686e-05 	-0.00012441328 	0.00083490739 	 -1523.8783 	-216.96054 	-181.67671 	 0.27239181 	0.19255191 	0.010852535 	 0.83960251 	1.5353272 	0.05128924 		0.035 0.0034820621 0.0013058261 100000 1
0.03625 11593.411 	-72404.56 	-806.16891 	 36003.747 	-554797.9 	-5014.0381 	 -0.004922216 	-0.0006342906 	0.03423376 	 4.2038734e-05 	-0.00011260498 	0.00078927363 	 -1459.7592 	-210.36189 	-172.39733 	 0.27263708 	0.17667114 	0.0090840871 	 0.90282215 	1.4493112 	0.045119379 		0.03625 0.0037129991 0.0031747165 100000 1
0.0375 11244.971 	-69633.03 	-644.30128 	 36326.144 	-546123.22 	-4429.1862 	 -0.0049139383 	-0.00066122898 	0.034266374 	 4.7860556e-05 	-0.00010192433 	0.00074749872 	 -1399.1156 	-204.11097 	-163.74488 	 0.27282485 	0.16152897 	0.0075517983 	 0.96521049 	1.3635848 	0.039504466 		0.0375 0.0039255078 0.0049384752 100000 1
0.03875 10934.374 	-66981.098 	-516.38737 	 36809.125 	-537285.12 	-3975.7572 	 -0.0049040687 	-0.00068991804 	0.034301239 	 5.2777162e-05 	-9.2272346e-05 	0.00070280087 	 -1338.9722 	-198.89235 	-155.70614 	 0.27287986 	0.1471306 	0.0063384062 	 1.026578 	1.2772251 	0.035189728 		0.03875 0.0041170871 0.0065802982 100000 1
0.04 10658.488 	-64375.26 	-416.502 	 37425.635 	-528295.26 	-3657.295 	 -0.0048953393 	-0.00072053003 	0.034342045 	 5.7041789e-05 	-8.3480683e-05 	0.00066130171 	 -1281.3202 	-194.07067 	-148.06254 	 0.27282024 	0.13328448 	0.0053905675 	 1.0872032 	1.1897765 	0.032213399 		0.04 0.0042919525 0.0081224258 100000 1
0.04125 10412.021 	-61831.826 	-328.56609 	 38183.279 	-519164.09 	-3347.1827 	 -0.004886719 	-0.00075296676 	0.034387385 	 6.0756913e-05 	-7.5415311e-05 	0.00062104033 	 -1225.4185 	-189.7779 	-140.80776 	 0.27266816 	0.12001186 	0.0045500515 	 1.1470525 	1.1014836 	0.029309937 		0.04125 0.0044506285 0.0095596853 100000 1
0.0425 10191.805 	-59333.329 	-261.94755 	 39108.177 	-509820.86 	-3145.5106 	 -0.0048785294 	-0.00078744509 	0.034438547 	 6.3845642e-05 	-6.8070451e-05 	0.00058370587 	 -1171.9076 	-185.83268 	-133.95303 	 0.27245613 	0.1072458 	0.0039129966 	 1.2059773 	1.0115394 	0.027480081 		0.0425 0.0045930866 0.010881116 100000 1
0.04375 10003.757 	-56903.418 	-208.80922 	 40196.041 	-500182.85 	-2989.2089 	 -0.0048695185 	-0.0008239868 	0.034493181 	 6.6691352e-05 	-6.1263698e-05 	0.00054518736 	 -1118.8601 	-182.66384 	-127.37442 	 0.27210627 	0.094986316 	0.0034001698 	 1.2640655 	0.91947053 	0.026093848 		0.04375 0.0047186218 0.012082763 100000 1
0.045 9842.2423 	-54506.125 	-163.29331 	 41436.63 	-490285.51 	-2845.7152 	 -0.0048608304 	-0.00086262457 	0.034553392 	 6.9111917e-05 	-5.4993135e-05 	0.00050894435 	 -1067.4454 	-179.87675 	-121.05462 	 0.27165422 	0.083145642 	0.0029570018 	 1.3214031 	0.82528063 	0.024827015 		0.045 0.0048297853 0.01317487 100000 1
0.04625 9704.6278 	-52141.024 	-129.48395 	 42843.846 	-480064.9 	-2765.5561 	 -0.0048520666 	-0.00090339175 	0.034618604 	 7.1215814e-05 	-4.9163604e-05 	0.00047421403 	 -1017.2581 	-177.50308 	-114.96325 	 0.27110627 	0.071665493 	0.0026259211 	 1.3779067 	0.72839454 	0.02418528 		0.04625 0.0049270191 0.014152716 100000 1
0.0475 9589.5326 	-49808.229 	-100.72677 	 44473.219 	-469474.93 	-2687.4475 	 -0.0048432116 	-0.00094662886 	0.03468921 	 7.3138723e-05 	-4.3696056e-05 	0.00044156701 	 -968.62099 	-175.54937 	-109.105 	 0.27047361 	0.060563765 	0.0023424804 	 1.4332041 	0.62840213 	0.023555336 		0.0475 0.0050096666 0.01499762 100000 1
0.04875 9499.8077 	-47502.333 	-77.961839 	 46275.942 	-458442.73 	-2628.3067 	 -0.0048339523 	-0.00099235882 	0.034765183 	 7.4750662e-05 	-3.8616944e-05 	0.0004098005 	 -920.57918 	-174.08965 	-103.41979 	 0.26969804 	0.049778806 	0.0021160428 	 1.4877361 	0.52462112 	0.023107436 		0.04875 0.0050780324 0.015715492 100000 1
0.05 9429.9481 	-45213.254 	-60.634826 	 48277.192 	-446961.52 	-2592.3219 	 -0.004824567 	-0.0010405935 	0.034846507 	 7.6196607e-05 	-3.3810154e-05 	0.00037982339 	 -873.45571 	-172.99348 	-97.880873 	 0.2688119 	0.039251681 	0.0019435182 	 1.541287 	0.41689757 	0.022884204 		0.05 0.0051336798 0.016307318 100000 1
0.05125 9378.2379 	-42930.885 	-45.589085 	 50505.965 	-435004.06 	-2552.2632 	 -0.0048154433 	-0.00109156 	0.034934101 	 7.7470107e-05 	-2.9257548e-05 	0.00035301236 	 -827.6475 	-172.14507 	-92.484083 	 0.26781975 	0.028963084 	0.0017951699 	 1.5936544 	0.30488203 	0.022613554 		0.05125 0.0051769397 0.016766687 100000 1
0.0525 9345.4077 	-40674.318 	-34.224102 	 53021.463 	-422427.38 	-2516.2321 	 -0.0048049454 	-0.0011455 	0.035026565 	 7.8535457e-05 	-2.4912117e-05 	0.00032683794 	 -782.2475 	-171.88679 	-87.272076 	 0.26668855 	0.018911062 	0.0016857535 	 1.644391 	0.18744248 	0.022376102 		0.0525 0.0052064877 0.017068569 100000 1
0.05375 9328.8147 	-38416.202 	-24.742921 	 55766.192 	-409214.49 	-2473.9484 	 -0.004794641 	-0.0012026166 	0.035125745 	 7.9462287e-05 	-2.0760203e-05 	0.00030352033 	 -737.55575 	-171.88386 	-82.138349 	 0.26541364 	0.0090293937 	0.0015985886 	 1.6940613 	0.064189614 	0.022070191 		0.05375 0.0052235456 0.017224488 100000 1
0.055 9325.3822 	-36160.457 	-16.63011 	 58788.235 	-395339.23 	-2420.7228 	 -0.0047839458 	-0.0012628844 	0.035230986 	 8.0208794e-05 	-1.6764249e-05 	0.00028286675 	 -693.5272 	-172.1923 	-77.117922 	 0.26400335 	-0.00070301751 	0.0015298033 	 1.7422031 	-0.065113173 	0.021649287 		0.055 0.0052288902 0.017229648 100000 1
0.05625 9332.9518 	-33892.289 	-9.3782813 	 62152.009 	-380770.27 	-2351.529 	 -0.0047736636 	-0.0013266962 	0.035344293 	 8.0658548e-05 	-1.2972792e-05 	0.00026782888 	 -650.95314 	-172.58939 	-72.226649 	 0.26246427 	-0.010300009 	0.001476492 	 1.7883028 	-0.20095342 	0.021063197 		0.05625 0.0052227914 0.017074324 100000 1
0.0575 9351.7463 	-31644.472 	-2.6515071 	 65917.14 	-365232.17 	-2240.9563 	 -0.0047612492 	-0.0013944018 	0.035462017 	 8.107298e-05 	-9.1646112e-06 	0.00025300046 	 -607.97311 	-173.74986 	-67.452803 	 0.26073187 	-0.019774292 	0.0014352809 	 1.8319312 	-0.3454817 	0.020057589 		0.0575 0.0052032822 0.016722707 100000 1
0.05875 9375.6973 	-29379.713 	3.6723277 	 70033.544 	-348810.11 	-2102.4113 	 -0.0047491286 	-0.0014660949 	0.03558816 	 8.1141458e-05 	-5.5344205e-06 	0.00024372275 	 -565.83738 	-174.98152 	-62.765073 	 0.25884571 	-0.0291703 	0.0014066177 	 1.8735238 	-0.49838112 	0.01876757 		0.05875 0.0051724328 0.016195559 100000 1
0.06 9402.4462 	-27108.836 	10.685026 	 74583.144 	-331422.03 	-1907.6634 	 -0.0047364953 	-0.0015419047 	0.035721483 	 8.0925367e-05 	-1.993514e-06 	0.00023924106 	 -524.24067 	-176.49368 	-58.181161 	 0.25679705 	-0.038494588 	0.0013801504 	 1.9123179 	-0.66033089 	0.01691102 		0.06 0.0051304013 0.01548056 100000 1
0.06125 9428.155 	-24824.847 	18.149552 	 79725.583 	-312958.69 	-1651.1406 	 -0.0047238782 	-0.0016225085 	0.035863594 	 8.0360677e-05 	1.452836e-06 	0.00024284642 	 -483.7978 	-178.21467 	-53.72641 	 0.25458205 	-0.047749808 	0.0013603094 	 1.9469393 	-0.83249258 	0.014432096 		0.06125 0.0050769673 0.01455486 100000 1
0.0625 9448.2293 	-22544.527 	26.274825 	 85474.029 	-293139.29 	-1303.5696 	 -0.0047095437 	-0.0017081689 	0.036012818 	 7.9351685e-05 	4.8182163e-06 	0.00025125603 	 -443.18745 	-180.49637 	-49.390736 	 0.25216458 	-0.056958064 	0.0013445629 	 1.9773306 	-1.0173258 	0.011038301 		0.0625 0.0050109441 0.013390333 100000 1
0.06375 9455.9294 	-20253.305 	35.893022 	 91874.729 	-272007.42 	-846.29873 	 -0.0046951015 	-0.001799061 	0.036171054 	 7.7799117e-05 	8.0586064e-06 	0.00026827641 	 -403.03059 	-182.99778 	-45.151025 	 0.24958222 	-0.066134179 	0.0013245158 	 2.0030064 	-1.2146893 	0.0065437691 		0.06375 0.0049338708 0.011998017 100000 1
0.065 9445.4335 	-17957.81 	46.289039 	 99076.375 	-249444.15 	-268.02514 	 -0.0046800919 	-0.0018954468 	0.036337994 	 7.5602062e-05 	1.1156203e-05 	0.00029491965 	 -363.20457 	-185.88699 	-41.025278 	 0.2468394 	-0.075280434 	0.0013066641 	 2.0225531 	-1.4257086 	0.00083565218 		0.065 0.0048458599 0.010362065 100000 1
0.06625 9405.5736 	-15662.146 	58.428615 	 107456.35 	-225252.77 	487.09457 	 -0.0046642263 	-0.0019982559 	0.03651503 	 7.2464836e-05 	1.3988537e-05 	0.00033581106 	 -324.00486 	-189.43882 	-37.060146 	 0.24394289 	-0.084388276 	0.0012811792 	 2.0325054 	-1.6523264 	-0.0066446861 		0.06625 0.0047462855 0.0084416257 100000 1
0.0675 9324.1043 	-13371.601 	71.881847 	 117002.07 	-199079.69 	1460.1385 	 -0.0046475537 	-0.0021079229 	0.036701962 	 6.8215802e-05 	1.6542804e-05 	0.00038954227 	 -284.13833 	-193.65404 	-33.167684 	 0.24091336 	-0.093491918 	0.0012477777 	 2.0329977 	-1.8979236 	-0.016307415 		0.0675 0.0046345914 0.0062150722 100000 1
0.06875 9189.4884 	-11090.053 	86.052831 	 128023.39 	-170988.45 	2672.215 	 -0.0046301294 	-0.0022244351 	0.036899052 	 6.2595207e-05 	1.8656659e-05 	0.00045994524 	 -243.73077 	-198.80289 	-29.353177 	 0.23781206 	-0.10259465 	0.0012075956 	 2.020914 	-2.1619937 	-0.028363262 		0.06875 0.0045120169 0.0036839457 100000 1
0.07 8981.3884 	-8820.8344 	100.91961 	 140934.54 	-140898.82 	4178.9106 	 -0.004612329 	-0.0023484731 	0.037107779 	 5.5174101e-05 	2.0119224e-05 	0.00055222218 	 -202.33142 	-205.35222 	-25.579026 	 0.23470817 	-0.11172564 	0.0011530935 	 1.9922722 	-2.4454087 	-0.043367893 		0.07 0.0043786486 0.00082683796 100000 1
0.07125 8668.1273 	-6578.2141 	115.29529 	 156593.68 	-108522.39 	6061.5498 	 -0.0045927863 	-0.0024812416 	0.037327377 	 4.5463494e-05 	2.0728558e-05 	0.00067150107 	 -158.82702 	-214.45419 	-21.769833 	 0.23170542 	-0.12095542 	0.0010840807 	 1.9388062 	-2.750716 	-0.062134572 		0.07125 0.0042330695 -0.0024243449 100000 1
0.0725 8219.0766 	-4361.0109 	127.4843 	 175324.25 	-73817.246 	8373.4497 	 -0.0045723024 	-0.0026258193 	0.037568957 	 3.2277332e-05 	1.9922742e-05 	0.0008281764 	 -111.61071 	-227.41217 	-17.77766 	 0.22896068 	-0.13039015 	0.00099708412 	 1.8572541 	-3.0785239 	-0.085195794 		0.0725 0.0040756462 -0.0060769165 100000 1
0.07375 7600.3477 	-2172.0521 	137.71896 	 198117.47 	-37369.714 	11220.227 	 -0.0045511144 	-0.0027836507 	0.037840055 	 1.5231975e-05 	1.7271706e-05 	0.001031941 	 -59.79874 	-246.49235 	-13.487787 	 0.22665675 	-0.14019981 	0.00086971065 	 1.7377815 	-3.4229406 	-0.11360753 		0.07375 0.0039065181 -0.01014213 100000 1
0.075 6731.1847 	-214.77931 	139.01132 	 222006.5 	-7032.4196 	13903.03 	 -0.0045359573 	-0.0029047098 	0.038017608 	 1.2187909e-06 	1.4630495e-05 	0.0011842086 	 -8.1460691 	-259.75143 	-8.6398525 	 0.2251974 	-0.1485688 	0.0007349478 	 1.6103166 	-3.7055229 	-0.14038104 		0.075 0.003724941 -0.014632955 100000 1
