# y jRe_x jRe_y jRe_z jIm_x jIm_y jIm_z BRe_x BRe_y BRe_z BIm_x BIm_y BIm_z F_x F_y F_z VReGrad_x VReGrad_y VReGrad_z VImGrad_x VImGrad_y VImGrad_z s VRe VIm sigma mur
-0.075 -517750.05 	-15486.126 	-17073.322 	 -2183328.5 	-65855.026 	-164163.57 	 -0.0045088605 	0.002821228 	0.04159261 	 9.3377141e-05 	-0.0003930537 	0.0053089386 	 -505.01584 	16596.283 	-333.38067 	 -0.46644399 	-0.63708089 	0.0029932497 	 -1.5210696 	-3.2888989 	0.13847559 		-0.075 -0.00044474816 -0.0031429431 1200000 1
-0.07375 -561790.88 	-148729.73 	-16534.373 	 -1866297.6 	-309250.06 	-133045.89 	 -0.0045024637 	0.0026930486 	0.041124547 	 0.00025954183 	-0.00043508894 	0.0035795937 	 -3570.2776 	14949.714 	-641.94988 	 -0.47040727 	-0.58726876 	0.0015028407 	 -1.6506862 	-3.0676091 	0.11272313 		-0.07375 -0.0012165477 -0.0071425522 1200000 1
-0.0725 -584568.29 	-297074.29 	-14626.425 	 -1568239.6 	-606744.62 	-99753.61 	 -0.0044921075 	0.0025289189 	0.04033783 	 0.00046675645 	-0.00047332084 	0.0013205961 	 -6321.2777 	12881.783 	-889.20298 	 -0.47480668 	-0.52979526 	2.8635699e-05 	 -1.7723188 	-2.7969809 	0.085021008 		-0.0725 -0.0019141982 -0.010809871 1200000 1
-0.07125 -592864.58 	-444331.04 	-12283.247 	 -1324696.9 	-882203.58 	-72200.547 	 -0.0044843808 	0.0023798816 	0.039625962 	 0.00062635628 	-0.00049369911 	-0.0004087499 	 -8598.6622 	11487.79 	-1097.811 	 -0.47850704 	-0.47613912 	-0.001088218 	 -1.8558034 	-2.5411329 	0.061995724 		-0.07125 -0.0025440396 -0.014153421 1200000 1
-0.07 -589292.91 	-588698.73 	-9727.0619 	 -1123318.3 	-1128724.3 	-49887.846 	 -0.004479422 	0.0022449502 	0.038966886 	 0.00074449773 	-0.00049928084 	-0.001709524 	 -10497.88 	10505.149 	-1279.0273 	 -0.48116172 	-0.42581786 	-0.0019059136 	 -1.9115655 	-2.306516 	0.043247683 		-0.07 -0.0031088054 -0.017184306 1200000 1
-0.06875 -577579.26 	-729796.88 	-7199.7732 	 -959636.17 	-1346843.3 	-32167.977 	 -0.0044755293 	0.0021205469 	0.038355266 	 0.00083548535 	-0.00049499537 	-0.0027145695 	 -12162.107 	9760.0875 	-1445.5577 	 -0.48199032 	-0.37826796 	-0.0024647585 	 -1.9435528 	-2.0930579 	0.02826237 		-0.06875 -0.0036078418 -0.019916043 1200000 1
-0.0675 -560197.21 	-866382.37 	-4799.6189 	 -822399.4 	-1540724.7 	-17985.401 	 -0.0044741981 	0.0020051586 	0.037793192 	 0.00090570107 	-0.00048405124 	-0.0034843885 	 -13696.274 	9133.2587 	-1604.6462 	 -0.48106479 	-0.3329849 	-0.0028275113 	 -1.9602239 	-1.8985552 	0.016182331 		-0.0675 -0.0040514818 -0.022405265 1200000 1
-0.06625 -538847.65 	-997960.22 	-2598.8618 	 -705970.97 	-1711638.3 	-6749.1045 	 -0.0044747167 	0.0018977043 	0.03727529 	 0.00096017302 	-0.00046896889 	-0.004077932 	 -15139.338 	8575.296 	-1759.9306 	 -0.47833911 	-0.28989431 	-0.0030271931 	 -1.9658022 	-1.7222479 	0.0065315296 		-0.06625 -0.0044422937 -0.024672805 1200000 1
-0.065 -514107.33 	-1123493 	-647.88633 	 -606391.97 	-1859298.6 	1869.1171 	 -0.0044767695 	0.0017978689 	0.036793853 	 0.0010016089 	-0.00045140673 	-0.0045328876 	 -16480.997 	8057.4955 	-1911.431 	 -0.4738165 	-0.24927671 	-0.0030813387 	 -1.9637194 	-1.5645504 	-0.00095293546 		-0.065 -0.0047790831 -0.026723373 1200000 1
-0.06375 -487999.61 	-1242825.2 	1029.1719 	 -523235.54 	-1988284.6 	8407.5582 	 -0.0044803301 	0.0017050566 	0.036368783 	 0.0010330074 	-0.00043234521 	-0.0048551776 	 -17805.706 	7578.2525 	-2063.4583 	 -0.46725873 	-0.21082468 	-0.0030191019 	 -1.9539543 	-1.4224946 	-0.0067054005 		-0.06375 -0.005064084 -0.028579679 1200000 1
-0.0625 -460895.23 	-1355982 	2463.5138 	 -451452.93 	-2101382.5 	13400.271 	 -0.0044850908 	0.0016180386 	0.035984056 	 0.0010572095 	-0.00041280676 	-0.0050874709 	 -19094.855 	7116.6928 	-2214.063 	 -0.45907533 	-0.17449562 	-0.0028715308 	 -1.9398759 	-1.2939995 	-0.011164311 		-0.0625 -0.0053043961 -0.030274763 1200000 1
-0.06125 -433065.99 	-1462358.5 	3667.5184 	 -389047.76 	-2200558.4 	17151.885 	 -0.0044913596 	0.0015364139 	0.035637063 	 0.0010752923 	-0.00039311381 	-0.0052395775 	 -20356.59 	6661.1672 	-2361.9769 	 -0.44945354 	-0.14032692 	-0.0026578321 	 -1.9229085 	-1.1779454 	-0.014577971 		-0.06125 -0.0055028008 -0.03182397 1200000 1
-0.06 -404947.76 	-1562579.7 	4643.4231 	 -335173.98 	-2284856.3 	19775.889 	 -0.0044971666 	0.0014598528 	0.035318401 	 0.0010896947 	-0.00037432817 	-0.0053533269 	 -21523.758 	6230.0966 	-2505.8894 	 -0.43834422 	-0.10859602 	-0.00238339 	 -1.9038315 	-1.0745279 	-0.017037737 		-0.06 -0.0056571965 -0.033226347 1200000 1
-0.05875 -377428.83 	-1655802.6 	5417.114 	 -289241.14 	-2358660 	21596.286 	 -0.0045041748 	0.0013880027 	0.035042029 	 0.0011002197 	-0.00035596689 	-0.0054048139 	 -22689.91 	5806.9432 	-2647.0441 	 -0.42582662 	-0.078966063 	-0.0020713768 	 -1.8824719 	-0.98147378 	-0.018807807 		-0.05875 -0.0057725129 -0.034505147 1200000 1
-0.0575 -350319.25 	-1742808.7 	6025.9865 	 -249136.76 	-2422989 	22806.834 	 -0.0045115393 	0.0013201185 	0.034793817 	 0.0011083092 	-0.00033836182 	-0.0054221062 	 -23810.562 	5394.0031 	-2783.4717 	 -0.41220791 	-0.051412518 	-0.001733065 	 -1.8601184 	-0.8976167 	-0.020051035 		-0.0575 -0.0058536683 -0.035678497 1200000 1
-0.05625 -323450.88 	-1822632.4 	6488.614 	 -213873.16 	-2479652.7 	23574.541 	 -0.0045202413 	0.00125609 	0.034573886 	 0.0011136012 	-0.00032118011 	-0.0053943016 	 -24912.397 	4979.4048 	-2913.5316 	 -0.3977252 	-0.025948447 	-0.001381945 	 -1.8374906 	-0.82225012 	-0.020904403 		-0.05625 -0.0059038757 -0.036757586 1200000 1
-0.055 -297424.47 	-1897547.2 	6815.499 	 -183546.48 	-2526099.2 	23842.147 	 -0.0045268072 	0.0011955756 	0.034368991 	 0.0011191039 	-0.00030567111 	-0.0053829762 	 -25867.339 	4596.812 	-3036.7373 	 -0.38218222 	-0.0028379334 	-0.0010105675 	 -1.814478 	-0.75586818 	-0.021323064 		-0.055 -0.0059199684 -0.037737777 1200000 1
-0.05375 -272381.83 	-1965638.8 	7032.1747 	 -157338.72 	-2567192.1 	23852.621 	 -0.0045345292 	0.0011383646 	0.034193532 	 0.0011226845 	-0.00029064898 	-0.0053349291 	 -26820.993 	4216.7678 	-3153.7912 	 -0.36582534 	0.018342272 	-0.00063930144 	 -1.7910755 	-0.69651511 	-0.021506145 		-0.05375 -0.0059088755 -0.038641927 1200000 1
-0.0525 -248100.16 	-2028089.2 	7161.2666 	 -134370.85 	-2602684.1 	23645.13 	 -0.0045421818 	0.0010840144 	0.034036024 	 0.0011255076 	-0.00027640997 	-0.0052763169 	 -27715.154 	3847.2207 	-3263.6636 	 -0.34881866 	0.037591656 	-0.00026845224 	 -1.7677928 	-0.64369038 	-0.021490017 		-0.0525 -0.0058736226 -0.039479163 1200000 1
-0.05125 -224258.86 	-2084233.6 	7215.7443 	 -114103.3 	-2633441.2 	23297.583 	 -0.0045502731 	0.0010325157 	0.033895039 	 0.0011272802 	-0.00026271028 	-0.0052009045 	 -28557.439 	3482.1934 	-3364.7876 	 -0.33136791 	0.054837081 	9.5170335e-05 	 -1.7451469 	-0.59717778 	-0.021339411 		-0.05125 -0.0058169742 -0.040256165 1200000 1
-0.05 -201522.34 	-2135584.6 	7203.8878 	 -96721.894 	-2658403.9 	22767.2 	 -0.0045569791 	0.00098363409 	0.033765669 	 0.0011295514 	-0.0002501647 	-0.0051410085 	 -29285.713 	3137.8285 	-3457.8073 	 -0.31327811 	0.070024515 	0.00045734084 	 -1.7226469 	-0.5569963 	-0.021021456 		-0.05 -0.0057375211 -0.040973744 1200000 1
-0.04875 -179657.62 	-2181250.7 	7141.6522 	 -81563.332 	-2680160.6 	22164.377 	 -0.004564068 	0.0009371277 	0.033652697 	 0.0011310929 	-0.00023812428 	-0.0050680705 	 -29978.352 	2800.6936 	-3543.0015 	 -0.29475808 	0.083425425 	0.00080969726 	 -1.7004518 	-0.52204639 	-0.020628207 		-0.04875 -0.0056405383 -0.041645999 1200000 1
-0.0475 -158484.02 	-2221893 	7040.8071 	 -68222.618 	-2698655.6 	21503.034 	 -0.0045709822 	0.00089277193 	0.033550546 	 0.0011323959 	-0.00022665815 	-0.0049937378 	 -30607.063 	2472.6514 	-3619.986 	 -0.2759156 	0.095064858 	0.0011532108 	 -1.6787619 	-0.49201017 	-0.020173954 		-0.0475 -0.0055286466 -0.042279521 1200000 1
-0.04625 -137635.19 	-2257402.4 	6910.5654 	 -56382.668 	-2713846.5 	20811.491 	 -0.0045775097 	0.0008505796 	0.033455471 	 0.0011336319 	-0.00021570894 	-0.00492302 	 -31149.316 	2151.5721 	-3687.3506 	 -0.25692977 	0.10481406 	0.0014862348 	 -1.6580045 	-0.46695941 	-0.019683623 		-0.04625 -0.0054046959 -0.042879299 1200000 1
-0.045 -117845.1 	-2287952.2 	6752.6199 	 -46207.779 	-2726242.6 	20076.825 	 -0.0045836775 	0.0008104093 	0.033371104 	 0.0011348625 	-0.000205412 	-0.0048557239 	 -31624.3 	1842.9848 	-3746.3584 	 -0.23756903 	0.11275415 	0.0018113193 	 -1.6374842 	-0.44668665 	-0.019147197 		-0.045 -0.0052674283 -0.043447799 1200000 1
-0.04375 -98616.6 	-2313928.3 	6578.1589 	 -37170.506 	-2736433.3 	19333.856 	 -0.0045896309 	0.00077199414 	0.033293866 	 0.0011360117 	-0.00019555182 	-0.0047907465 	 -32034.124 	1541.8675 	-3797.0064 	 -0.21804804 	0.11904219 	0.0021280128 	 -1.6175269 	-0.43056042 	-0.018596191 		-0.04375 -0.0051216215 -0.043994599 1200000 1
-0.0425 -79776.356 	-2334918.6 	6392.6099 	 -29065.657 	-2745134 	18610.245 	 -0.0045958816 	0.00073528167 	0.033225176 	 0.0011367008 	-0.00018595271 	-0.0047195323 	 -32400.875 	1245.5485 	-3839.0842 	 -0.19846008 	0.12370196 	0.0024349279 	 -1.5982464 	-0.41839812 	-0.018054329 		-0.0425 -0.0049698125 -0.044524987 1200000 1
-0.04125 -61216.688 	-2352282.1 	6202.3891 	 -21757.312 	-2750640.9 	17872.127 	 -0.0046006066 	0.0007002032 	0.033155221 	 0.0011383317 	-0.00017696699 	-0.004675426 	 -32632.694 	956.93923 	-3871.6715 	 -0.17885673 	0.12654834 	0.0027380064 	 -1.5797774 	-0.41051106 	-0.017497072 		-0.04125 -0.0048139033 -0.045042797 1200000 1
-0.04 -43316.674 	-2364676.2 	6007.1472 	 -15221.538 	-2754998 	17154.3 	 -0.0046056428 	0.00066668665 	0.033093866 	 0.0011395348 	-0.00016827171 	-0.0046261234 	 -32824.126 	674.96221 	-3895.7468 	 -0.1591156 	0.1277475 	0.0030345872 	 -1.5616735 	-0.40650195 	-0.016952139 		-0.04 -0.0046539639 -0.045551879 1200000 1
-0.03875 -25693.556 	-2372960.3 	5813.4283 	 -9166.5545 	-2757829.4 	16457.636 	 -0.0046104016 	0.00063453372 	0.033036168 	 0.0011407749 	-0.00015986338 	-0.0045825949 	 -32946.63 	397.23812 	-3911.4387 	 -0.1393819 	0.12737582 	0.0033271603 	 -1.544153 	-0.40607143 	-0.016422888 		-0.03875 -0.00449354 -0.046058357 1200000 1
-0.0375 -8102.7999 	-2376067.1 	5625.1487 	 -3425.6365 	-2760306.3 	15818.486 	 -0.0046160011 	0.00060375622 	0.032987603 	 0.0011411897 	-0.00015147008 	-0.0045249458 	 -33052.19 	121.09366 	-3918.565 	 -0.11976538 	0.1254451 	0.0036132013 	 -1.5273709 	-0.40912981 	-0.015939584 		-0.0375 -0.0043355114 -0.046567219 1200000 1
-0.03625 9351.7309 	-2376719.8 	5447.7508 	 2092.341 	-2759059.4 	15165.554 	 -0.0046190701 	0.00057423941 	0.032930891 	 0.0011433802 	-0.00014371531 	-0.0045144286 	 -32974.264 	-151.94845 	-3916.1562 	 -0.10022931 	0.12168272 	0.0039038057 	 -1.5112431 	-0.41622182 	-0.015448287 		-0.03625 -0.0041814445 -0.047083137 1200000 1
-0.035 26557.458 	-2372246.2 	5280.0681 	 7465.9242 	-2757546.4 	14567.285 	 -0.0046230278 	0.00054594496 	0.032882934 	 0.0011447343 	-0.00013598377 	-0.0044900291 	 -32880.499 	-422.15552 	-3905.2842 	 -0.080728166 	0.11635392 	0.0041917994 	 -1.495532 	-0.42676629 	-0.015002914 		-0.035 -0.0040318253 -0.047608923 1200000 1
-0.03375 43779.899 	-2363786 	5127.1738 	 12883.751 	-2754715.6 	14010.286 	 -0.0046267665 	0.00051873638 	0.032837734 	 0.0011461104 	-0.00012839045 	-0.0044716329 	 -32719.017 	-691.91385 	-3886.0056 	 -0.061363015 	0.10945293 	0.004480793 	 -1.4803796 	-0.44072467 	-0.014594981 		-0.03375 -0.0038895037 -0.048149338 1200000 1
-0.0325 61366.003 	-2350571.3 	4995.0883 	 18559.882 	-2751095.4 	13522.075 	 -0.004630885 	0.00049263984 	0.032799476 	 0.0011470337 	-0.00012076546 	-0.0044483607 	 -32518.015 	-963.5933 	-3857.9865 	 -0.042283482 	0.10091104 	0.0047697309 	 -1.4660384 	-0.45822834 	-0.014248457 		-0.0325 -0.0037582939 -0.048710445 1200000 1
-0.03125 78972.815 	-2333990.2 	4887.1611 	 24543.609 	-2744741.5 	13066.813 	 -0.0046336205 	0.00046757598 	0.032758121 	 0.0011488706 	-0.00011341864 	-0.0044527661 	 -32185.391 	-1237.3744 	-3820.5243 	 -0.023361611 	0.090545114 	0.0050652854 	 -1.4521711 	-0.4796728 	-0.013936548 		-0.03125 -0.0036388793 -0.049297072 1200000 1
-0.03 96715.761 	-2312724.6 	4805.1648 	 30954.174 	-2737440.3 	12683.744 	 -0.004636816 	0.00044347101 	0.03272299 	 0.001150199 	-0.00010601942 	-0.0044517913 	 -31812.727 	-1511.7161 	-3774.4524 	 -0.0046323046 	0.078540798 	0.0053634439 	 -1.4387837 	-0.50467598 	-0.013690743 		-0.03 -0.0035323273 -0.049911184 1200000 1
-0.02875 114775.81 	-2287247.4 	4754.5182 	 37967.613 	-2728602.8 	12375.768 	 -0.0046399752 	0.00042025377 	0.032692188 	 0.0011513937 	-9.8585556e-05 	-0.004454124 	 -31378.036 	-1789.1776 	-3719.8689 	 0.013824332 	0.064874777 	0.0056654534 	 -1.4259724 	-0.53330206 	-0.013515147 		-0.02875 -0.0034411489 -0.050557316 1200000 1
-0.0275 133601.78 	-2257289.9 	4746.4087 	 45952.48 	-2717874.6 	12168.301 	 -0.0046429695 	0.00039794711 	0.032668182 	 0.0011525223 	-9.1049561e-05 	-0.0044613121 	 -30878.146 	-2074.2928 	-3656.4372 	 0.031798624 	0.049390898 	0.0059711599 	 -1.4140999 	-0.56594059 	-0.013433422 		-0.0275 -0.0033706279 -0.051244279 1200000 1
-0.02625 152550.38 	-2222683.9 	4783.1109 	 54832.892 	-2704838.1 	12064.529 	 -0.0046458748 	0.0003765105 	0.032647469 	 0.0011534975 	-8.3432757e-05 	-0.0044739283 	 -30297.584 	-2362.0564 	-3583.352 	 0.049540579 	0.031985562 	0.0062819764 	 -1.4025793 	-0.60286061 	-0.013448405 		-0.02625 -0.0033197322 -0.051975308 1200000 1
-0.025 171984.05 	-2183573.3 	4870.6508 	 64853.95 	-2689645.4 	12086.767 	 -0.0046488857 	0.00035584376 	0.032633241 	 0.0011541429 	-7.5633415e-05 	-0.0044873319 	 -29657.101 	-2655.1028 	-3501.6995 	 0.066895028 	0.01278897 	0.0065955234 	 -1.3916838 	-0.64385151 	-0.013579145 		-0.025 -0.0032906569 -0.052752867 1200000 1
-0.02375 192077.96 	-2139346.8 	5018.1777 	 76301.941 	-2672528.2 	12270.691 	 -0.0046525888 	0.00033593015 	0.032630223 	 0.0011539406 	-6.7534491e-05 	-0.0044907234 	 -28984.173 	-2952.2747 	-3411.6374 	 0.083768571 	-0.0082328748 	0.0069091684 	 -1.3815826 	-0.68908799 	-0.013856014 		-0.02375 -0.003286038 -0.053582133 1200000 1
-0.0225 213070.28 	-2091019.9 	5244.1076 	 89678.658 	-2651250.2 	12640.174 	 -0.0046552603 	0.00031676148 	0.032632765 	 0.0011541332 	-5.9256536e-05 	-0.00451339 	 -28200.051 	-3264.9182 	-3312.6284 	 0.099983565 	-0.03137177 	0.0072238291 	 -1.3725098 	-0.73937259 	-0.014302872 		-0.0225 -0.0033120375 -0.054476089 1200000 1
-0.02125 234397.83 	-2037026.9 	5551.8194 	 104879.29 	-2626966.9 	13251.682 	 -0.0046588125 	0.00029831542 	0.032645825 	 0.0011531042 	-5.0543518e-05 	-0.0045237395 	 -27370.206 	-3579.6884 	-3204.3517 	 0.11575772 	-0.056589161 	0.0075338344 	 -1.3640141 	-0.79473729 	-0.014963852 		-0.02125 -0.003366942 -0.055435367 1200000 1
-0.02 256382.83 	-1978048.6 	5951.656 	 122305.67 	-2598969.4 	14137.423 	 -0.0046627186 	0.00028050331 	0.032670284 	 0.0011511519 	-4.1413984e-05 	-0.0045289447 	 -26484.405 	-3902.1771 	-3087.9842 	 0.13091422 	-0.083826459 	0.0078359049 	 -1.356455 	-0.85522858 	-0.015866534 		-0.02 -0.0034531837 -0.056463807 1200000 1
-0.01875 279253.59 	-1912912.7 	6459.5943 	 142567.69 	-2567775.5 	15383.372 	 -0.0046682438 	0.00026330791 	0.032716147 	 0.0011470524 	-3.1700523e-05 	-0.0045052501 	 -25599.226 	-4226.1836 	-2964.1232 	 0.14530409 	-0.11311097 	0.008122195 	 -1.3502455 	-0.92114273 	-0.017081937 		-0.01875 -0.0035738801 -0.057567968 1200000 1
-0.0175 302953.79 	-1843676.4 	7106.3534 	 166351 	-2529114.8 	17059.215 	 -0.0046721745 	0.0002467141 	0.032768921 	 0.0011429873 	-2.1634582e-05 	-0.0045066898 	 -24568.703 	-4576.1642 	-2831.9627 	 0.1587632 	-0.14491814 	0.0083907822 	 -1.3455119 	-0.99397657 	-0.018672617 		-0.0175 -0.0037373788 -0.058768857 1200000 1
-0.01625 326987.77 	-1767873.1 	7889.8606 	 193583.24 	-2485560.6 	19282.859 	 -0.0046780422 	0.0002306687 	0.032841659 	 0.0011358224 	-1.0808544e-05 	-0.0044734639 	 -23525.239 	-4924.3095 	-2692.2161 	 0.17149266 	-0.17899609 	0.0086285993 	 -1.3420516 	-1.073347 	-0.020729276 		-0.01625 -0.0039396043 -0.060060832 1200000 1
-0.015 351560.89 	-1686457.1 	8825.7965 	 225010.55 	-2435590.6 	22138.777 	 -0.0046848608 	0.00021508528 	0.032933771 	 0.0011259296 	6.4998068e-07 	-0.0044185945 	 -22439.163 	-5280.56 	-2546.174 	 0.18329642 	-0.21537755 	0.0088287279 	 -1.3404028 	-1.1597003 	-0.023322212 		-0.015 -0.0041839046 -0.06145166 1200000 1
-0.01375 376936.5 	-1598590.9 	9941.0725 	 262155.84 	-2378706.6 	25821.611 	 -0.0046935285 	0.00019990062 	0.033057287 	 0.0011117924 	1.2755549e-05 	-0.004319731 	 -21353.287 	-5642.3237 	-2395.2439 	 0.19389559 	-0.25417168 	0.0089748715 	 -1.3416011 	-1.2538045 	-0.026611062 		-0.01375 -0.0044758474 -0.062954653 1200000 1
-0.0125 402411.56 	-1505096.2 	11259.953 	 305596.12 	-2311273.2 	30551.606 	 -0.004702513 	0.00018507607 	0.033199295 	 0.0010935778 	2.544001e-05 	-0.0042019823 	 -20177.841 	-6023.0024 	-2238.7076 	 0.20332888 	-0.29579527 	0.0090532259 	 -1.3455986 	-1.3574368 	-0.030776602 		-0.0125 -0.0048215521 -0.064590854 1200000 1
-0.01125 427673.32 	-1405063.5 	12771.76 	 355960.46 	-2234343.6 	36515.471 	 -0.0047137943 	0.00017048624 	0.033369037 	 0.0010687419 	3.8773171e-05 	-0.0040272212 	 -18985.815 	-6405.4656 	-2078.2061 	 0.2116481 	-0.34002257 	0.0090474868 	 -1.3528912 	-1.4703893 	-0.035965005 		-0.01125 -0.0052183525 -0.066356854 1200000 1
-0.01 452581.62 	-1298930.5 	14481.25 	 414766.71 	-2146403.8 	43943.985 	 -0.004727093 	0.00015600348 	0.033568835 	 0.0010361539 	5.2470081e-05 	-0.0037907742 	 -17770.947 	-6796.8583 	-1915.2307 	 0.21871389 	-0.38692528 	0.0089409294 	 -1.3645585 	-1.5934277 	-0.042362921 		-0.01 -0.0056695699 -0.068263501 1200000 1
-0.00875 477045.22 	-1186385.5 	16404.193 	 485771.44 	-2045552.2 	53278.388 	 -0.0047428038 	0.00014144769 	0.033812627 	 0.00099284405 	6.5989586e-05 	-0.0034632268 	 -16558.02 	-7207.1935 	-1752.0189 	 0.22416818 	-0.43678124 	0.0087004298 	 -1.3832399 	-1.7279541 	-0.050328216 		-0.00875 -0.0061840688 -0.070335165 1200000 1
-0.0075 499318.86 	-1067154.8 	18504.25 	 569519.9 	-1928238.5 	65035.082 	 -0.0047611657 	0.00012669446 	0.034083465 	 0.00093555046 	7.9250457e-05 	-0.0030393734 	 -15284.795 	-7632.9614 	-1586.7287 	 0.22842213 	-0.4900355 	0.0082948394 	 -1.4089916 	-1.8763172 	-0.060274454 		-0.0075 -0.0067650438 -0.072592633 1200000 1
-0.00625 519034.4 	-941804.32 	20723.03 	 668982.62 	-1794754.6 	79469.845 	 -0.0047824591 	0.00011152569 	0.034389195 	 0.00086143143 	9.1432858e-05 	-0.0024912333 	 -13976.734 	-8085.4509 	-1420.8301 	 0.23146307 	-0.54659983 	0.0077040491 	 -1.4443223 	-2.0380555 	-0.07240291 		-0.00625 -0.0074116002 -0.075035598 1200000 1
-0.005 534941.83 	-810079.56 	22974.315 	 788449.59 	-1644326.7 	97117.367 	 -0.0048075016 	9.5721545e-05 	0.034735655 	 0.00076515782 	0.00010175079 	-0.0017740413 	 -12630.968 	-8581.666 	-1253.5252 	 0.23338879 	-0.60686388 	0.0068868894 	 -1.4924613 	-2.2136112 	-0.087138288 		-0.005 -0.0081279035 -0.07767857 1200000 1
-0.00375 545162.67 	-672333.36 	25149.128 	 936535.32 	-1473784.8 	118756.88 	 -0.0048350238 	7.8983914e-05 	0.035121717 	 0.00063991335 	0.00010839114 	-0.0008506241 	 -11188.415 	-9184.6534 	-1081.9697 	 0.23430911 	-0.67194863 	0.0057809463 	 -1.5599636 	-2.4044184 	-0.10510727 		-0.00375 -0.0089283335 -0.080565023 1200000 1
-0.0025 546426.21 	-527541.08 	26990.931 	 1116822.1 	-1282868.2 	145083.03 	 -0.0048675871 	6.0788764e-05 	0.035547299 	 0.00046971248 	0.00011076495 	0.00038314633 	 -9602.1103 	-9966.5776 	-901.11826 	 0.23520416 	-0.74282186 	0.0043253619 	 -1.649875 	-2.6105315 	-0.12685558 		-0.0025 -0.0098134974 -0.08370628 1200000 1
-0.00125 536688.58 	-376615.92 	28307.495 	 1338670.8 	-1076668.4 	176502.23 	 -0.0049052126 	4.1059565e-05 	0.036026551 	 0.00024815907 	0.00010781617 	0.0019924999 	 -7844.5436 	-11060.18 	-704.37305 	 0.23647196 	-0.82044892 	0.0024428065 	 -1.7700939 	-2.8268625 	-0.1527071 		-0.00125 -0.010789289 -0.087107212 1200000 1
5.2475385e-17 280467.99 	-232711.58 	15518.065 	 840597.27 	-882823.8 	111365.45 	 -0.0049351968 	2.1838589e-05 	0.036322589 	 4.5873679e-05 	0.00010091045 	0.003412489 	 -5737.5426 	-6492.91 	-507.37868 	 0.23784892 	0.092276794 	0.00050588292 	 -1.8822718 	0.91021861 	-0.17646657 		5.2475385e-17 -0.01162049 -0.089795406 650000 1
0.00125 40169.086 	-205304.31 	1923.0512 	 115938.01 	-844837.27 	14724.334 	 -0.0049355423 	2.2296173e-06 	0.036125616 	 2.1770985e-05 	9.1115452e-05 	0.0034603403 	 -5172.6571 	-930.38991 	-492.47321 	 0.2378965 	1.0059079 	0.0019304482 	 -1.6732899 	4.645668 	-0.15178222 		0.00125 -0.010558329 -0.084834685 100000 1
0.0025 37832.027 	-193989.82 	1550.0554 	 101229.08 	-826112.29 	12094.485 	 -0.0049314852 	-1.8697357e-05 	0.03584868 	 3.0908727e-05 	7.8871827e-05 	0.003243806 	 -4820.0359 	-845.2283 	-462.31165 	 0.23836855 	0.93068869 	0.0033158767 	 -1.4563637 	4.4249213 	-0.125003 		0.0025 -0.0093494423 -0.079159617 100000 1
0.00375 35576.736 	-183826.84 	1250.9506 	 89492.215 	-807819.78 	9868.3464 	 -0.0049288611 	-3.8822927e-05 	0.035608372 	 3.7800969e-05 	6.6879306e-05 	0.0030375949 	 -4501.9433 	-771.37007 	-435.74668 	 0.23992807 	0.86348682 	0.0043026149 	 -1.2702261 	4.2117949 	-0.10233084 		0.00375 -0.0082275066 -0.07375105 100000 1
0.005 33380.048 	-174627.53 	1010.6256 	 79999.72 	-790515.1 	8015.8337 	 -0.0049272093 	-5.8163436e-05 	0.035400688 	 4.2773683e-05 	5.6494602e-05 	0.0028482077 	 -4219.5306 	-705.95424 	-412.34698 	 0.24249648 	0.80314579 	0.0049803272 	 -1.1073883 	4.0113338 	-0.083451376 		0.005 -0.0071852892 -0.068615302 100000 1
0.00625 31338.224 	-166291.98 	818.42728 	 72429.554 	-774163.56 	6482.339 	 -0.0049247464 	-7.7195129e-05 	0.035216214 	 4.6818257e-05 	4.7349779e-05 	0.0026687882 	 -3963.3123 	-649.54804 	-391.13425 	 0.24523522 	0.74859878 	0.0054187157 	 -0.96478275 	3.8233425 	-0.067811395 		0.00625 -0.0062198609 -0.063733158 100000 1
0.0075 29434.024 	-158577.24 	661.74786 	 66147.916 	-758753.26 	5206.0693 	 -0.0049228686 	-9.6020671e-05 	0.035053451 	 5.0277058e-05 	3.9524285e-05 	0.0025041095 	 -3731.1448 	-599.44728 	-371.58864 	 0.24799962 	0.6983519 	0.0056821332 	 -0.83591143 	3.6468595 	-0.0547804 		0.0075 -0.0053167585 -0.059064616 100000 1
0.00875 27652.283 	-151406.06 	533.49943 	 60863.174 	-744270.67 	4145.6831 	 -0.0049210892 	-0.00011471182 	0.034908865 	 5.3348323e-05 	3.2935574e-05 	0.0023522621 	 -3519.4988 	-554.63947 	-353.45512 	 0.25072937 	0.65177979 	0.0058118257 	 -0.71768903 	3.4815957 	-0.043938637 		0.00875 -0.004471433 -0.05460083 100000 1
0.01 25969.773 	-144754.58 	429.9697 	 56370.329 	-730770.03 	3282.5513 	 -0.0049192432 	-0.00013333161 	0.034781303 	 5.6161268e-05 	2.7620929e-05 	0.0022133762 	 -3327.919 	-514.24007 	-336.71452 	 0.25351921 	0.60870249 	0.0058305644 	 -0.60791037 	3.3280523 	-0.035096681 		0.01 -0.0036845704 -0.050355179 100000 1
0.01125 24446.173 	-138555.51 	346.46082 	 52613.719 	-718023.91 	2573.1499 	 -0.0049173168 	-0.0001519867 	0.034669404 	 5.8753907e-05 	2.3144607e-05 	0.0020857815 	 -3152.233 	-478.75108 	-321.01787 	 0.25588699 	0.56866245 	0.0057675934 	 -0.50620472 	3.1838287 	-0.027816273 		0.01125 -0.0029512377 -0.046291776 100000 1
0.0125 23031.762 	-132728.32 	277.84054 	 49360.204 	-705959.41 	1983.0339 	 -0.0049154133 	-0.00017072473 	0.034570368 	 6.1194191e-05 	1.9424917e-05 	0.0019681277 	 -2990.2914 	-446.66257 	-306.25805 	 0.25804383 	0.5311528 	0.0056480843 	 -0.40999703 	3.0478709 	-0.021747444 		0.0125 -0.0022641293 -0.042395153 100000 1
0.01375 21712.106 	-127230.93 	221.59777 	 46512.356 	-694529.12 	1493.4419 	 -0.0049139577 	-0.00018960309 	0.034483824 	 6.347591e-05 	1.6378377e-05 	0.0018608997 	 -2841.5648 	-417.31156 	-292.39506 	 0.26004999 	0.49596775 	0.0054857351 	 -0.3182305 	2.9195139 	-0.016700277 		0.01375 -0.0016205444 -0.038659383 100000 1
0.015 20484.919 	-122101.32 	176.15012 	 44044.517 	-683708.79 	1091.6665 	 -0.004911433 	-0.00020868572 	0.034406922 	 6.5697553e-05 	1.3949941e-05 	0.0017595551 	 -2703.5356 	-390.97801 	-279.40488 	 0.26188762 	0.46317494 	0.005292359 	 -0.23057078 	2.7988242 	-0.012546882 		0.015 -0.0010229038 -0.035095915 100000 1
0.01625 19368.343 	-117251.22 	139.20867 	 41918.723 	-673371.51 	756.15471 	 -0.004909335 	-0.00022802872 	0.034340833 	 6.7754094e-05 	1.1944847e-05 	0.0016665715 	 -2575.6801 	-367.25778 	-267.11735 	 0.26339536 	0.43239093 	0.0050785738 	 -0.1467142 	2.6840968 	-0.0090694619 		0.01625 -0.00046465385 -0.031672005 100000 1
0.0175 18331.615 	-112657.47 	108.75479 	 40050.39 	-663462.19 	472.56074 	 -0.0049071587 	-0.00024765983 	0.034283281 	 6.9700081e-05 	1.0320407e-05 	0.0015796601 	 -2456.2941 	-345.58242 	-255.48781 	 0.26472168 	0.40340491 	0.0048532249 	 -0.065655155 	2.5747248 	-0.0061221698 		0.0175 5.7931473e-05 -0.028381843 100000 1
0.01875 17360.639 	-108282.89 	83.761442 	 38393.923 	-653963.47 	232.87681 	 -0.0049058355 	-0.00026764031 	0.034235349 	 7.1472154e-05 	9.0447158e-06 	0.0015010465 	 -2346.2325 	-325.37047 	-244.53365 	 0.26596309 	0.3761069 	0.004621334 	 0.013138982 	2.4703004 	-0.0036238475 		0.01875 0.00054676543 -0.025224079 100000 1
0.02 16468.549 	-104200.14 	63.530581 	 36979.411 	-644819.66 	31.672062 	 -0.0049025294 	-0.0002880324 	0.034192502 	 7.3260934e-05 	8.0820476e-06 	0.0014227597 	 -2241.4208 	-307.52725 	-234.17972 	 0.26699166 	0.35062595 	0.0043889174 	 0.08939785 	2.3708609 	-0.0015200912 		0.02 0.00099864583 -0.022208683 100000 1
0.02125 15651.075 	-100297.21 	46.88702 	 35758.396 	-635971.04 	-142.74687 	 -0.004900059 	-0.00030886544 	0.03415806 	 7.4871239e-05 	7.3315861e-06 	0.0013511105 	 -2143.7698 	-291.11536 	-224.34272 	 0.2678206 	0.3265761 	0.0041585038 	 0.16359653 	2.2751124 	0.00030790883 		0.02125 0.0014210774 -0.01930566 100000 1
0.0225 14892.9 	-96579.015 	33.061883 	 34703.088 	-627375.99 	-295.24829 	 -0.0048974817 	-0.00033016625 	0.034129923 	 7.6382351e-05 	6.7805405e-06 	0.0012832545 	 -2051.6736 	-276.05075 	-214.99103 	 0.26852032 	0.30387261 	0.0039328511 	 0.23611346 	2.1827471 	0.0019098601 		0.0225 0.0018155966 -0.016514948 100000 1
0.02375 14182.403 	-93030.071 	21.645757 	 33795.298 	-619029.37 	-428.76729 	 -0.0048952897 	-0.00035201966 	0.034108912 	 7.775901e-05 	6.4259496e-06 	0.0012206001 	 -1965.8661 	-261.99454 	-206.16243 	 0.26918256 	0.28249056 	0.0037141189 	 0.30722364 	2.0936089 	0.0033155349 		0.02375 0.002182558 -0.013843229 100000 1
0.025 13536.763 	-89677.353 	12.253006 	 33059.24 	-610863.49 	-546.61522 	 -0.0048919585 	-0.00037447891 	0.034092491 	 7.9108369e-05 	6.2286955e-06 	0.0011585221 	 -1883.6648 	-249.53205 	-197.75287 	 0.26965631 	0.26242026 	0.003504329 	 0.37666435 	2.0073254 	0.0045583241 		0.025 0.0025216015 -0.011286036 100000 1
0.02625 12943.742 	-86459.001 	4.3665098 	 32461.423 	-602852 	-654.09244 	 -0.0048889957 	-0.00039755897 	0.034082245 	 8.0330733e-05 	6.1486879e-06 	0.00110036 	 -1806.0829 	-238.06331 	-189.72534 	 0.27000919 	0.243431 	0.0033034764 	 0.44481473 	1.9232376 	0.00569236 		0.02625 0.0028373769 -0.0088285382 100000 1
0.0275 12395.862 	-83373.03 	-2.3208705 	 31991.834 	-594962.92 	-752.87948 	 -0.0048859586 	-0.00042129783 	0.034077236 	 8.1466686e-05 	6.1804183e-06 	0.0010448392 	 -1732.3604 	-227.53138 	-182.05839 	 0.27027597 	0.22545593 	0.003112077 	 0.51183885 	1.841068 	0.0067349769 		0.0275 0.0031310727 -0.006470575 100000 1
0.02875 11884.967 	-80421.912 	-7.9774609 	 31651.695 	-587182.07 	-843.29958 	 -0.0048827092 	-0.00044581507 	0.034077596 	 8.2527407e-05 	6.3363494e-06 	0.000991995 	 -1662.7051 	-217.81432 	-174.79093 	 0.27052662 	0.20851297 	0.0029313073 	 0.57783617 	1.7607113 	0.0076895248 		0.02875 0.0034020637 -0.0042246338 100000 1
0.03 11427.708 	-77593.395 	-12.797121 	 31448.66 	-579454.88 	-928.97338 	 -0.0048792223 	-0.00047115147 	0.034082953 	 8.3511774e-05 	6.5679857e-06 	0.00094078142 	 -1595.9337 	-209.16387 	-167.81017 	 0.27061661 	0.19250947 	0.0027612182 	 0.64267178 	1.6816301 	0.0085925707 		0.03 0.0036517255 -0.0020756089 100000 1
0.03125 11008.741 	-74866.193 	-17.007661 	 31363.292 	-571760.25 	-1010.8746 	 -0.0048756342 	-0.00049731098 	0.034093065 	 8.4424183e-05 	6.8747351e-06 	0.0008915516 	 -1532.0464 	-201.26915 	-161.10916 	 0.27063451 	0.17731415 	0.0026009915 	 0.70661487 	1.6034977 	0.0094545373 		0.03125 0.0038827774 -2.0193407e-05 100000 1
0.0325 10624.033 	-72224.129 	-20.714439 	 31394.874 	-564082.65 	-1090.3437 	 -0.0048723763 	-0.00052437121 	0.034108589 	 8.5234584e-05 	7.2483953e-06 	0.00084536567 	 -1471.3974 	-193.96781 	-154.68542 	 0.2706082 	0.1628739 	0.0024506629 	 0.76973225 	1.5260614 	0.010289085 		0.0325 0.0040961185 0.001940416 100000 1
0.03375 10273.929 	-69696.49 	-24.003771 	 31559.992 	-556366.02 	-1165.3492 	 -0.0048679212 	-0.00055246166 	0.034127625 	 8.6060324e-05 	7.7130264e-06 	0.00079873867 	 -1412.5408 	-187.5392 	-148.53445 	 0.27052932 	0.14922045 	0.0023107631 	 0.83195 	1.4490704 	0.01107591 		0.03375 0.0042904979 0.0037937701 100000 1
0.035 9963.4252 	-67239.866 	-26.959753 	 31844.272 	-548595.33 	-1240.4557 	 -0.0048637557 	-0.00058161717 	0.034152008 	 8.6788449e-05 	8.2189138e-06 	0.00075449213 	 -1356.119 	-181.77322 	-142.5869 	 0.27034651 	0.13622706 	0.002180642 	 0.89337535 	1.3720804 	0.011861054 		0.035 0.0044682974 0.0055561378 100000 1
0.03625 9683.5012 	-64852.588 	-29.666327 	 32245.721 	-540744.32 	-1314.6033 	 -0.0048593875 	-0.00061185167 	0.034180799 	 8.7466752e-05 	8.7781947e-06 	0.00071160422 	 -1301.6368 	-176.59598 	-136.83836 	 0.27010658 	0.12382153 	0.0020594682 	 0.9540881 	1.2948598 	0.012634277 		0.03625 0.004630939 0.0072264489 100000 1
0.0375 9430.7575 	-62511.633 	-32.142858 	 32773.116 	-532806.83 	-1389.4085 	 -0.0048557478 	-0.00064329296 	0.034215556 	 8.8024275e-05 	9.3793609e-06 	0.00067246945 	 -1250.0414 	-171.77149 	-131.29997 	 0.26984125 	0.11196257 	0.0019472983 	 1.0140795 	1.2171683 	0.013411874 		0.0375 0.0047790913 0.0088008946 100000 1
0.03875 9209.8184 	-60267.836 	-34.453116 	 33444.238 	-524675.76 	-1459.8999 	 -0.0048499764 	-0.00067608107 	0.034252477 	 8.8681138e-05 	1.0068512e-05 	0.00063037938 	 -1198.514 	-167.88584 	-125.93737 	 0.26949222 	0.10068228 	0.0018441776 	 1.0732505 	1.1385029 	0.01414411 		0.03875 0.0049110223 0.010266048 100000 1
0.04 9018.1535 	-58056.072 	-36.600391 	 34235.199 	-516385.34 	-1532.5535 	 -0.004844893 	-0.00071023283 	0.03429526 	 8.9222337e-05 	1.0781532e-05 	0.00059142069 	 -1149.1211 	-164.3809 	-120.71518 	 0.26907201 	0.08984657 	0.001749353 	 1.131809 	1.0586461 	0.014896117 		0.04 0.0050297594 0.011639638 100000 1
0.04125 8851.5247 	-55886.68 	-38.609616 	 35155.989 	-507895.86 	-1604.8036 	 -0.0048395593 	-0.00074579058 	0.03434251 	 8.9725731e-05 	1.1540701e-05 	0.00055362928 	 -1101.0401 	-161.34527 	-115.62954 	 0.26859449 	0.079419719 	0.0016621824 	 1.18971 	0.97733946 	0.015642408 		0.04125 0.0051358029 0.012917033 100000 1
0.0425 8707.9163 	-53747.054 	-40.454624 	 36235.777 	-499181.75 	-1676.635 	 -0.004834462 	-0.00078296337 	0.034395388 	 9.0152285e-05 	1.2347282e-05 	0.00051862948 	 -1054.9466 	-158.64341 	-110.70112 	 0.26808181 	0.069384714 	0.0015828611 	 1.246783 	0.89424193 	0.016382859 		0.0425 0.0052291329 0.014087425 100000 1
0.04375 8591.099 	-51658.577 	-42.165914 	 37465.421 	-490146.82 	-1745.5173 	 -0.0048280477 	-0.00082187434 	0.034451801 	 9.0619e-05 	1.322091e-05 	0.00048242268 	 -1008.9955 	-156.62504 	-105.87625 	 0.26747424 	0.059720815 	0.0015110576 	 1.3031491 	0.8087164 	0.017092232 		0.04375 0.0053091404 0.015147073 100000 1
0.045 8496.6076 	-49587.018 	-43.712802 	 38838.354 	-480815.41 	-1814.4056 	 -0.0048218314 	-0.00086253665 	0.034513663 	 9.1011252e-05 	1.4128449e-05 	0.00044840971 	 -964.3279 	-154.93406 	-101.14544 	 0.26679685 	0.05034981 	0.0014461267 	 1.3588708 	0.72068327 	0.017800311 		0.045 0.0053777805 0.016104626 100000 1
0.04625 8422.3902 	-47534.806 	-45.077053 	 40369.722 	-471149.25 	-1881.0951 	 -0.0048153696 	-0.00090503747 	0.034580422 	 9.1363813e-05 	1.5084096e-05 	0.00041582773 	 -920.59872 	-153.61031 	-96.506814 	 0.26605109 	0.04124242 	0.0013876 	 1.4138498 	0.6298222 	0.018485144 		0.04625 0.0054353891 0.01695523 100000 1
0.0475 8368.0693 	-45500.085 	-46.188876 	 42116.692 	-461085.28 	-1942.5192 	 -0.0048085145 	-0.00094968769 	0.034652573 	 9.1682575e-05 	1.6107741e-05 	0.00038523041 	 -878.07875 	-152.65962 	-91.986641 	 0.26524064 	0.032393775 	0.0013356037 	 1.4676828 	0.53553888 	0.019116034 		0.0475 0.0054814183 0.017680483 100000 1
0.04875 8334.3111 	-43478.349 	-47.043504 	 44026.947 	-450554.65 	-1999.874 	 -0.0048012031 	-0.0009965956 	0.034729972 	 9.1962773e-05 	1.7180212e-05 	0.00035545882 	 -835.88713 	-152.12584 	-87.517 	 0.2643238 	0.023755519 	0.0012898136 	 1.5208703 	0.43721 	0.019705054 		0.04875 0.0055160233 0.018285987 100000 1
0.05 8317.2021 	-41462.199 	-47.586455 	 46128.655 	-439561.51 	-2050.7829 	 -0.004793591 	-0.0010457605 	0.034812677 	 9.2193648e-05 	1.8307128e-05 	0.00032740802 	 -794.37423 	-151.9051 	-83.113926 	 0.26332033 	0.015288719 	0.0012494043 	 1.5731493 	0.33478344 	0.020228582 		0.05 0.0055404157 0.018771792 100000 1
0.05125 8315.5134 	-39441.665 	-47.73516 	 48451.793 	-428073.28 	-2093.9124 	 -0.0047861015 	-0.0010973896 	0.034901614 	 9.2333284e-05 	1.9481829e-05 	0.00030244202 	 -753.9266 	-151.88903 	-78.783064 	 0.26223095 	0.0069719276 	0.0012142021 	 1.6243042 	0.22785577 	0.020673317 		0.05125 0.0055548201 0.019131203 100000 1
0.0525 8329.8689 	-37434.387 	-47.394179 	 51055.428 	-415945.79 	-2119.8848 	 -0.0047771848 	-0.0011518344 	0.034995317 	 9.2485854e-05 	2.075948e-05 	0.00027802244 	 -713.6297 	-152.39795 	-74.532116 	 0.26102364 	-0.0012022766 	0.0011837287 	 1.673911 	0.11529134 	0.020945461 		0.0525 0.0055581434 0.019340219 100000 1
0.05375 8356.8445 	-35415.864 	-46.498421 	 53880.527 	-403169.64 	-2132.1871 	 -0.0047682988 	-0.0012092062 	0.035095729 	 9.2519212e-05 	2.2083079e-05 	0.00025641054 	 -673.85252 	-153.10646 	-70.31581 	 0.25969919 	-0.0092813292 	0.0011577733 	 1.7225255 	-0.0032333765 	0.021079995 		0.05375 0.0055512505 0.019409009 100000 1
0.055 8394.3899 	-33390.415 	-44.965882 	 56977.271 	-389717.87 	-2124.2518 	 -0.0047589671 	-0.0012695448 	0.035202149 	 9.2460541e-05 	2.3473897e-05 	0.00023739058 	 -634.54575 	-154.07778 	-66.154024 	 0.25825833 	-0.017282233 	0.0011353979 	 1.7696753 	-0.12795503 	0.021011327 		0.055 0.0055347557 0.019332594 100000 1
0.05625 8440.8407 	-31343.622 	-42.63122 	 60411.294 	-375555.82 	-2092.4716 	 -0.00475011 	-0.0013332108 	0.035316454 	 9.2208478e-05 	2.4905546e-05 	0.00022388297 	 -596.48143 	-155.104 	-62.063986 	 0.25670293 	-0.025215952 	0.0011163934 	 1.8148333 	-0.25938267 	0.020703387 		0.05625 0.0055088379 0.019100942 100000 1
0.0575 8495.7396 	-29307.558 	-39.346276 	 64239.762 	-360416.17 	-2016.4552 	 -0.0047388276 	-0.0014006082 	0.035435327 	 9.1945141e-05 	2.6478338e-05 	0.00021053313 	 -557.84935 	-156.81898 	-58.040268 	 0.2549756 	-0.033098356 	0.0010993334 	 1.857595 	-0.3996179 	0.019952265 		0.0575 0.005471814 0.018679445 100000 1
0.05875 8553.186 	-27247 	-35.02234 	 68414.047 	-344380.78 	-1900.9222 	 -0.0047279269 	-0.0014718179 	0.035562465 	 9.1413394e-05 	2.8082383e-05 	0.00020265631 	 -519.90481 	-158.56478 	-54.059474 	 0.25311285 	-0.040958823 	0.0010840894 	 1.8983821 	-0.54834471 	0.018805266 		0.05875 0.0054253043 0.018087224 100000 1
0.06 8611.3249 	-25172.975 	-29.543799 	 73016.549 	-327367.5 	-1731.9192 	 -0.0047164778 	-0.0015469748 	0.035696718 	 9.0645535e-05 	2.9745898e-05 	0.00019950018 	 -482.35444 	-160.54494 	-50.142621 	 0.25110259 	-0.048801907 	0.0010694004 	 1.9364253 	-0.70625147 	0.017122911 		0.06 0.0053694145 0.017312049 100000 1
0.06125 8666.8218 	-23079.159 	-22.651935 	 78207.282 	-309274.39 	-1492.9672 	 -0.0047049517 	-0.001626688 	0.035839755 	 8.9515726e-05 	3.1438679e-05 	0.0002043311 	 -445.81005 	-162.6968 	-46.322563 	 0.24893743 	-0.05662601 	0.0010543227 	 1.9703394 	-0.87443587 	0.014740399 		0.06125 0.005303937 0.016331249 100000 1
0.0625 8714.335 	-20981.5 	-14.19521 	 83998.416 	-289812.59 	-1157.1685 	 -0.0046917369 	-0.0017113582 	0.035989816 	 8.8042464e-05 	3.3200016e-05 	0.00021388948 	 -408.97384 	-165.34832 	-42.572442 	 0.24658705 	-0.064455485 	0.0010369404 	 2.0000945 	-1.0554238 	0.011388819 		0.0625 0.0052277667 0.01511683 100000 1
0.06375 8747.6392 	-18867.278 	-4.1600821 	 90436.634 	-269032.42 	-715.37138 	 -0.0046783555 	-0.0018010675 	0.036148859 	 8.6019583e-05 	3.4937468e-05 	0.00023198026 	 -372.49106 	-168.17738 	-38.893131 	 0.24408475 	-0.072293423 	0.0010163834 	 2.025185 	-1.2490159 	0.0069767556 		0.06375 0.0051421725 0.013679183 100000 1
0.065 8761.2745 	-16743.464 	7.5218195 	 97671.064 	-246817.28 	-142.42789 	 -0.0046643616 	-0.0018961036 	0.036316593 	 8.3357628e-05 	3.6622533e-05 	0.00025960271 	 -336.24688 	-171.35172 	-35.298257 	 0.24143266 	-0.080138387 	0.00099098691 	 2.0441969 	-1.4563142 	0.0012527925 		0.065 0.0050472189 0.0120024 100000 1
0.06625 8744.528 	-14613.624 	21.044815 	 106079.56 	-222963.03 	606.02184 	 -0.004649589 	-0.0019974035 	0.036494265 	 7.9814385e-05 	3.8165547e-05 	0.00030134536 	 -300.51954 	-175.13981 	-31.821602 	 0.23863406 	-0.087984707 	0.00095832495 	 2.0536625 	-1.6793228 	-0.0062266376 		0.06625 0.0049423504 0.010045823 100000 1
0.0675 8684.5829 	-12483.994 	36.205286 	 115647.82 	-197125.7 	1573.8897 	 -0.0046338854 	-0.002105391 	0.036681887 	 7.5142981e-05 	3.948178e-05 	0.00035584445 	 -264.0754 	-179.53901 	-28.394165 	 0.23571371 	-0.095858683 	0.00091587253 	 2.0537308 	-1.9213462 	-0.015900505 		0.0675 0.0048269956 0.0077878851 100000 1
0.06875 8570.6937 	-10358.968 	52.636359 	 126687.03 	-169365.57 	2787.6646 	 -0.004617449 	-0.0022201098 	0.036879598 	 6.9120112e-05 	4.0430667e-05 	0.00042690385 	 -227.03918 	-184.82397 	-25.013682 	 0.23272683 	-0.10375911 	0.00086200454 	 2.0412733 	-2.1818962 	-0.028033583 		0.06875 0.0047022104 0.0052295705 100000 1
0.07 8382.9451 	-8242.1814 	69.806205 	 139611.25 	-139601.93 	4295.4428 	 -0.0046006858 	-0.0023422423 	0.037088813 	 6.1326536e-05 	4.0797496e-05 	0.00051970965 	 -188.97286 	-191.45759 	-21.640619 	 0.22973921 	-0.11171211 	0.00079399022 	 2.012306 	-2.4618466 	-0.043106708 		0.07 0.0045680494 0.0023494588 100000 1
0.07125 8090.1791 	-6148.071 	86.982383 	 155278.04 	-107550.88 	6183.9782 	 -0.0045820104 	-0.002472916 	0.03730903 	 5.1233134e-05 	4.0311131e-05 	0.00063937004 	 -148.78691 	-200.57744 	-18.201417 	 0.22685087 	-0.11978462 	0.00070688017 	 1.9585763 	-2.7637204 	-0.061987281 		0.07125 0.0044232503 -0.00091998889 100000 1
0.0725 7661.9959 	-4076.1724 	102.45529 	 174010.57 	-73168.054 	8505.3011 	 -0.0045625289 	-0.0026151973 	0.037551074 	 3.7648605e-05 	3.8555959e-05 	0.00079628453 	 -104.91022 	-213.4834 	-14.539611 	 0.2242148 	-0.12807571 	0.00059712639 	 1.8768173 	-3.0881277 	-0.085195383 		0.0725 0.0042680461 -0.0045865837 100000 1
0.07375 7065.4297 	-2030.2085 	114.66704 	 196799.63 	-37045.061 	11300.308 	 -0.0045425044 	-0.0027700705 	0.037822386 	 2.0068903e-05 	3.5279721e-05 	0.0010001285 	 -56.480582 	-232.41972 	-10.517265 	 0.22200642 	-0.13674645 	0.0004597954 	 1.7571998 	-3.4291318 	-0.11313985 		0.07375 0.004102528 -0.0086616043 100000 1
0.075 6221.6833 	-192.02734 	116.87922 	 220675.75 	-6965.0273 	13900.792 	 -0.0045279398 	-0.0028898224 	0.037994174 	 5.9978388e-06 	3.1688818e-05 	0.0011523943 	 -7.7120947 	-245.61136 	-5.9115228 	 0.22061181 	-0.14419609 	0.00032546589 	 1.6296668 	-3.7089696 	-0.13913843 		0.075 0.0039259697 -0.013157911 100000 1
