# y jRe_x jRe_y jRe_z jIm_x jIm_y jIm_z BRe_x BRe_y BRe_z BIm_x BIm_y BIm_z F_x F_y F_z VReGrad_x VReGrad_y VReGrad_z VImGrad_x VImGrad_y VImGrad_z s VRe VIm sigma mur
-0.075 -500119.32 	-68708.352 	-14504.719 	 -1954641.1 	-323159.8 	-130396.85 	 -0.0044966107 	0.002684094 	0.040967062 	 0.00024620155 	-0.00042497327 	0.0035085339 	 -1986.8721 	13644.891 	-377.51583 	 -0.48391388 	-0.60012463 	0.0013241119 	 -1.6868053 	-3.0573167 	0.11032936 		-0.075 -0.00049587006 -0.0031223301 1200000 1
-0.07375 -549314.36 	-156789.1 	-15721.127 	 -1789809.5 	-379416.12 	-124252.78 	 -0.0044858802 	0.0026495286 	0.040843149 	 0.00028714948 	-0.00043071686 	0.0031102841 	 -3694.5043 	14101.486 	-639.70836 	 -0.48486261 	-0.587852 	0.0010978301 	 -1.6906025 	-2.9892913 	0.10540391 		-0.07375 -0.0012535415 -0.0069762713 1200000 1
-0.0725 -568065.23 	-291823.59 	-14132.097 	 -1518139.3 	-619646.6 	-98692.234 	 -0.0044871 	0.0025236871 	0.040329907 	 0.00043129905 	-0.00044954971 	0.0015966651 	 -6146.693 	12755.879 	-881.98611 	 -0.49073701 	-0.53824939 	-2.6558046e-05 	 -1.7904519 	-2.7676548 	0.084125817 		-0.0725 -0.0019797028 -0.010683728 1200000 1
-0.07125 -577436.04 	-441686.61 	-11986.789 	 -1295398.9 	-901824.09 	-72311.604 	 -0.0044759279 	0.0023803302 	0.039831866 	 0.00057793059 	-0.00046119626 	0.0001034105 	 -8763.9276 	11556.959 	-1119.4637 	 -0.49393698 	-0.48179292 	-0.0011064615 	 -1.8575143 	-2.5039028 	0.062085911 		-0.07125 -0.0026025922 -0.013910568 1200000 1
-0.07 -573685.96 	-567747.72 	-9347.0921 	 -1106881.4 	-1099571.2 	-50797.019 	 -0.004497692 	0.0022609301 	0.039425314 	 0.00064181455 	-0.00044999479 	-0.00057959582 	 -10799.539 	10863.779 	-1335.072 	 -0.49370634 	-0.43728378 	-0.001926724 	 -1.90813 	-2.3135799 	0.043982449 		-0.07 -0.0031690003 -0.016845809 1200000 1
-0.06875 -554499.64 	-712308.38 	-6537.1264 	 -932363.82 	-1343289.3 	-30537.38 	 -0.0045387338 	0.0021343148 	0.039049128 	 0.00071123731 	-0.00043315666 	-0.0011622488 	 -13094.121 	10153.89 	-1554.7569 	 -0.49602107 	-0.38690946 	-0.0026393671 	 -1.9462862 	-2.0991157 	0.026863994 		-0.06875 -0.0037811383 -0.019997985 1200000 1
-0.0675 -539524.9 	-847988.99 	-4174.944 	 -807402.98 	-1559306.3 	-14894.013 	 -0.0045563111 	0.0020193656 	0.038614769 	 0.00077419292 	-0.00041824883 	-0.0016978717 	 -15134.843 	9579.7752 	-1750.9517 	 -0.49394779 	-0.33918332 	-0.0030836767 	 -1.9535968 	-1.8963396 	0.013585597 		-0.0675 -0.0042725568 -0.022653607 1200000 1
-0.06625 -536528.43 	-976130.67 	-2441.6544 	 -732227.43 	-1704866.6 	-5754.5273 	 -0.0045192215 	0.0019159999 	0.038051249 	 0.00081353409 	-0.00040126536 	-0.0023106714 	 -16744.281 	9226.585 	-1942.4413 	 -0.48388948 	-0.2942188 	-0.0031445298 	 -1.9240325 	-1.7156287 	0.0057213942 		-0.06625 -0.0045664523 -0.02450658 1200000 1
-0.065 -504192.07 	-1095845.9 	-615.46395 	 -609994.87 	-1829263.7 	2025.5962 	 -0.0045237059 	0.001808016 	0.037342682 	 0.00085395009 	-0.00038564522 	-0.0030688212 	 -17780.818 	8317.3398 	-2090.9191 	 -0.48227297 	-0.2565936 	-0.0031366608 	 -1.9415466 	-1.5747631 	-0.001068829 		-0.065 -0.0049127486 -0.026534854 1200000 1
-0.06375 -465532.6 	-1219861.7 	1212.44 	 -509958.38 	-2002887.4 	9865.4121 	 -0.0045709532 	0.0017101671 	0.037088249 	 0.00089560104 	-0.00036539919 	-0.0032284594 	 -19683.833 	7589.909 	-2260.5315 	 -0.48138277 	-0.2146639 	-0.0031512823 	 -1.9485693 	-1.4244865 	-0.0079133748 		-0.06375 -0.0052942787 -0.028754767 1200000 1
-0.0625 -445621.56 	-1330397.8 	2428.0108 	 -448706.07 	-2107279.8 	14295.574 	 -0.004566481 	0.0016238125 	0.036731442 	 0.00091660445 	-0.0003472989 	-0.0034638528 	 -21201.601 	7154.9359 	-2434.3531 	 -0.47060198 	-0.17759432 	-0.0029604763 	 -1.925798 	-1.2974892 	-0.011875123 		-0.0625 -0.0055038952 -0.030322535 1200000 1
-0.06125 -428486.84 	-1428016 	3407.4491 	 -398497.59 	-2187661.3 	17407.285 	 -0.004544184 	0.0015449133 	0.036250049 	 0.00093016945 	-0.00033109567 	-0.0037395312 	 -22430.199 	6669.9593 	-2578.2976 	 -0.45709477 	-0.1432132 	-0.0027071887 	 -1.8968761 	-1.1815384 	-0.014723887 		-0.06125 -0.0056517876 -0.031638418 1200000 1
-0.06 -393292.33 	-1531011.8 	4333.679 	 -334223.26 	-2263650.9 	19640.728 	 -0.0045588978 	0.0014677161 	0.036032805 	 0.00093878707 	-0.00031419196 	-0.0038086038 	 -23653.029 	6258.849 	-2747.5753 	 -0.44802294 	-0.11283169 	-0.0023779489 	 -1.8892841 	-1.0848755 	-0.016870885 		-0.06 -0.0058194172 -0.033074156 1200000 1
-0.05875 -356272.95 	-1631179.5 	5330.2545 	 -278381.82 	-2386674.1 	22732.784 	 -0.0046103154 	0.0013934108 	0.036007718 	 0.00095897656 	-0.00029490564 	-0.0035886951 	 -25565.85 	5706.3379 	-2910.2514 	 -0.43952407 	-0.078607379 	-0.0021393913 	 -1.8776184 	-0.98161613 	-0.019718515 		-0.05875 -0.0060272381 -0.03473356 1200000 1
-0.0575 -342315.97 	-1711401.3 	5650.5832 	 -252248.82 	-2416006.6 	22782.624 	 -0.0045855144 	0.0013281438 	0.035684026 	 0.00095898247 	-0.00028126621 	-0.003739465 	 -26569.131 	5420.8323 	-3059.5265 	 -0.42068422 	-0.052924622 	-0.0017212032 	 -1.8426991 	-0.90600184 	-0.019959971 		-0.0575 -0.0060235845 -0.035588667 1200000 1
-0.05625 -318248.17 	-1778947.4 	6109.6366 	 -216632.43 	-2473408.6 	24010.076 	 -0.0045763002 	0.0012650706 	0.035209818 	 0.00096857467 	-0.00026851008 	-0.0038814439 	 -27488.99 	4821.0189 	-3142.3471 	 -0.40560415 	-0.026572537 	-0.0014223138 	 -1.8192092 	-0.82605328 	-0.021177707 		-0.05625 -0.0060683738 -0.036586561 1200000 1
-0.055 -286484.97 	-1864166.7 	6424.1346 	 -182320.06 	-2516801.8 	23842.102 	 -0.0046016339 	0.0012038248 	0.035290542 	 0.0009669638 	-0.00025293575 	-0.0036873756 	 -28753.366 	4565.6083 	-3324.2223 	 -0.39135043 	-0.0041815981 	-0.00098224722 	 -1.8032025 	-0.7652341 	-0.021256944 		-0.055 -0.0060993626 -0.037660135 1200000 1
-0.05375 -257178.39 	-1937940.1 	6786.382 	 -152348.85 	-2593909.1 	24565.975 	 -0.0046426924 	0.0011449191 	0.03532279 	 0.00097752253 	-0.00023768009 	-0.0034198818 	 -30347.216 	4124.3042 	-3462.9553 	 -0.37657654 	0.020780383 	-0.00064983967 	 -1.7833527 	-0.6992678 	-0.02204956 		-0.05375 -0.0061421702 -0.038828325 1200000 1
-0.0525 -245767.31 	-1992459 	6674.3737 	 -139091.3 	-2583663.6 	23227.345 	 -0.0046066322 	0.0010924982 	0.034988538 	 0.00097060721 	-0.00022823881 	-0.0036055845 	 -30813.279 	3885.3475 	-3572.3856 	 -0.35469853 	0.03670317 	-0.00020174727 	 -1.7503636 	-0.65522482 	-0.021064772 		-0.0525 -0.0060132958 -0.039300481 1200000 1
-0.05125 -219461.31 	-2041318.1 	6778.3035 	 -115577.58 	-2615098.5 	23303.447 	 -0.0046063157 	0.0010410641 	0.034684546 	 0.00097499209 	-0.00021753964 	-0.0036300152 	 -31473.717 	3406.2238 	-3639.8603 	 -0.33828311 	0.054151059 	0.00011887328 	 -1.7318403 	-0.60656261 	-0.021265343 		-0.05125 -0.0059681488 -0.04005896 1200000 1
-0.05 -192508.81 	-2101673.5 	6841.4188 	 -95820.132 	-2660213.4 	22927.92 	 -0.0046437982 	0.00099150692 	0.034852878 	 0.00097768207 	-0.00020451305 	-0.0033278216 	 -32759.016 	3087.4417 	-3778.1782 	 -0.32122191 	0.070996797 	0.00049145413 	 -1.7134922 	-0.56577816 	-0.021097188 		-0.05 -0.0059201678 -0.040980576 1200000 1
-0.04875 -171660.3 	-2148933.1 	6813.6398 	 -80830.834 	-2693682.2 	22448.254 	 -0.0046621373 	0.00094446821 	0.034829165 	 0.00098139279 	-0.00019368544 	-0.0031739603 	 -33741.491 	2753.1738 	-3875.7965 	 -0.30215839 	0.085832843 	0.00083984945 	 -1.6908953 	-0.52935927 	-0.020812074 		-0.04875 -0.0058274406 -0.041730296 1200000 1
-0.0475 -159284.52 	-2182654.4 	6563.5955 	 -72131.869 	-2670655.8 	20976.698 	 -0.0046267764 	0.00090088374 	0.034502786 	 0.00097417876 	-0.00018654261 	-0.0033652193 	 -33827.794 	2509.6656 	-3941.0127 	 -0.28017053 	0.094358688 	0.0012395276 	 -1.6638751 	-0.50517384 	-0.019671033 		-0.0475 -0.0056454059 -0.042058581 1200000 1
-0.04625 -132951.18 	-2217826.4 	6501.6732 	 -56818.096 	-2685150.8 	20561.621 	 -0.0046332466 	0.00085848062 	0.034393968 	 0.00097461613 	-0.00017695592 	-0.0033000031 	 -34308.638 	2123.3198 	-4004.3941 	 -0.26318178 	0.10397417 	0.0015517455 	 -1.6494202 	-0.47939112 	-0.01942326 		-0.04625 -0.0055484962 -0.042696909 1200000 1
-0.045 -111539.69 	-2254367.9 	6453.1991 	 -45581.901 	-2738694.2 	20351.193 	 -0.0046821197 	0.00081756606 	0.034589957 	 0.00098400459 	-0.0001662002 	-0.0029468989 	 -35542.17 	1797.2323 	-4089.9956 	 -0.24389809 	0.11553586 	0.0018438737 	 -1.6299649 	-0.45501777 	-0.019334965 		-0.045 -0.0054410402 -0.043542395 1200000 1
-0.04375 -95742.555 	-2278284.3 	6247.5085 	 -37785.68 	-2737689 	19361.793 	 -0.0046771434 	0.00077928879 	0.034464776 	 0.00098262287 	-0.00015863596 	-0.0029494942 	 -35831.26 	1529.9764 	-4139.8092 	 -0.2230517 	0.12090643 	0.0021798174 	 -1.6085893 	-0.44091846 	-0.01858004 		-0.04375 -0.0052699386 -0.044013851 1200000 1
-0.0425 -79960.167 	-2288977.9 	6021.5902 	 -30593.841 	-2725528.3 	18487.442 	 -0.0046526491 	0.00074265389 	0.034099266 	 0.00098231849 	-0.00015268342 	-0.0031204119 	 -35680.701 	1236.6147 	-4138.0889 	 -0.20256202 	0.12399278 	0.0024807682 	 -1.588678 	-0.43021073 	-0.017904267 		-0.0425 -0.0050864008 -0.044351712 1200000 1
-0.04125 -57710.464 	-2313523.4 	5875.4989 	 -21630.167 	-2729614.9 	17737.186 	 -0.0046660428 	0.0007074566 	0.03420348 	 0.00097960985 	-0.00014391555 	-0.0029756706 	 -36092.906 	929.85549 	-4206.4868 	 -0.18416244 	0.12667325 	0.0027984754 	 -1.5744248 	-0.4230218 	-0.017356168 		-0.04125 -0.00495312 -0.044951317 1200000 1
-0.04 -40486.535 	-2332195.5 	5771.0841 	 -14848.082 	-2778034.3 	17492.924 	 -0.0047155899 	0.00067300827 	0.034413383 	 0.00099015614 	-0.00013477915 	-0.0026360634 	 -37063.417 	651.32805 	-4255.1299 	 -0.1634969 	0.13194697 	0.0030629769 	 -1.5553242 	-0.41416395 	-0.017212766 		-0.04 -0.0048072216 -0.045731706 1200000 1
-0.03875 -26244.613 	-2335146.8 	5510.9541 	 -9762.6758 	-2747505.9 	16317.803 	 -0.0046871858 	0.00064137227 	0.034162854 	 0.00098413356 	-0.00012937179 	-0.0028097238 	 -36634.484 	408.95778 	-4255.1414 	 -0.14272604 	0.12838785 	0.0033921301 	 -1.5372712 	-0.41829507 	-0.016287089 		-0.03875 -0.0046118653 -0.046036143 1200000 1
-0.0375 -7937.053 	-2324279.4 	5349.1446 	 -3493.484 	-2749647.9 	15994.629 	 -0.0046736022 	0.00061014937 	0.03376182 	 0.00099126027 	-0.00012402069 	-0.0029613777 	 -36319.628 	113.91447 	-4190.5868 	 -0.12358682 	0.12659446 	0.0036238018 	 -1.5225695 	-0.41929956 	-0.016056304 		-0.0375 -0.0044461048 -0.046433619 1200000 1
-0.03625 10731.288 	-2338986.7 	5198.0341 	 2666.6868 	-2748903.9 	15150.029 	 -0.0046958579 	0.000580742 	0.034058163 	 0.00098643824 	-0.00011563007 	-0.0027422252 	 -36661.256 	-168.93015 	-4259.7636 	 -0.10419944 	0.12270875 	0.0039555301 	 -1.5082512 	-0.428071 	-0.015429222 		-0.03625 -0.0043088147 -0.047091146 1200000 1
-0.035 25172.283 	-2339552.6 	5077.2214 	 7439.4381 	-2780255.3 	14820.852 	 -0.0047332841 	0.00055174505 	0.034205659 	 0.00099481213 	-0.00010791396 	-0.0025026839 	 -37126.223 	-411.07068 	-4266.7283 	 -0.083010533 	0.12043074 	0.0042246514 	 -1.4902803 	-0.43494607 	-0.015209933 		-0.035 -0.0041523912 -0.047805192 1200000 1
-0.03375 41098.301 	-2324826.1 	4860.5286 	 12873.951 	-2733398.4 	13757.919 	 -0.0046927399 	0.00052494172 	0.033890285 	 0.00098653476 	-0.00010327163 	-0.0027757069 	 -36191.87 	-669.27977 	-4224.0012 	 -0.063599123 	0.10939098 	0.0045546407 	 -1.4764398 	-0.4538778 	-0.014386798 		-0.03375 -0.0039863376 -0.048098554 1200000 1
-0.0325 61963.575 	-2304660 	4769.0056 	 19809.154 	-2731603 	13517.244 	 -0.0046879723 	0.00049844286 	0.033676015 	 0.00099143553 	-9.743364e-05 	-0.0028536213 	 -35801.054 	-962.93573 	-4158.1996 	 -0.045903391 	0.10111156 	0.0048067755 	 -1.4661172 	-0.46969918 	-0.01424656 		-0.0325 -0.00386566 -0.048620302 1200000 1
-0.03125 77226.337 	-2298148.6 	4691.8713 	 25265.004 	-2745791.8 	13122.57 	 -0.0047217313 	0.0004733196 	0.033935694 	 0.00099404007 	-8.9551078e-05 	-0.0026166517 	 -35997.868 	-1232.2366 	-4166.9928 	 -0.025553534 	0.092213057 	0.0051125757 	 -1.4506728 	-0.49032719 	-0.013994958 		-0.03125 -0.0037465131 -0.049396516 1200000 1
-0.03 91965.434 	-2278645.2 	4615.5647 	 30884.623 	-2749219.2 	12779.318 	 -0.0047361701 	0.00044893059 	0.033951917 	 0.00099764369 	-8.2815399e-05 	-0.0025490637 	 -35758.486 	-1476.5656 	-4124.2087 	 -0.0053195051 	0.081011569 	0.0054099833 	 -1.4355193 	-0.51419259 	-0.013782702 		-0.03 -0.0036247491 -0.050070425 1200000 1
-0.02875 111093.56 	-2247415.1 	4521.2974 	 38752.325 	-2699718.2 	12095.447 	 -0.0046967002 	0.00042575184 	0.033640915 	 0.00099028538 	-7.7845982e-05 	-0.0028367016 	 -34571.383 	-1765.4305 	-4042.9041 	 0.012237226 	0.063755638 	0.0057413569 	 -1.4256626 	-0.54629426 	-0.013301 		-0.02875 -0.0035251606 -0.050489875 1200000 1
-0.0275 134925.66 	-2218169.2 	4558.4892 	 49151.553 	-2690425.9 	12014.089 	 -0.0046994345 	0.00040318312 	0.033628912 	 0.00099179484 	-7.1178655e-05 	-0.00283921 	 -34121.379 	-2109.9215 	-3980.5138 	 0.028151893 	0.048492397 	0.0060328499 	 -1.4192051 	-0.57812707 	-0.013335284 		-0.0275 -0.0034803433 -0.051202991 1200000 1
-0.02625 146361.4 	-2189653.6 	4600.2154 	 54876.533 	-2717484.1 	12134.602 	 -0.004745176 	0.00038156007 	0.033841149 	 0.0010011635 	-6.2999586e-05 	-0.0025853718 	 -34114.899 	-2324.0432 	-3925.1154 	 0.049733245 	0.03401063 	0.0063326408 	 -1.4013297 	-0.61163395 	-0.013527596 		-0.02625 -0.0033996775 -0.052150808 1200000 1
-0.025 164867.16 	-2148987.3 	4677.6505 	 64940.595 	-2690864.9 	12068.204 	 -0.0047371835 	0.00036087628 	0.033740363 	 0.00099926337 	-5.6223722e-05 	-0.0026782248 	 -33203.582 	-2613.1113 	-3832.5351 	 0.067384001 	0.013366768 	0.0066582191 	 -1.3908622 	-0.65403043 	-0.01358757 		-0.025 -0.003366303 -0.052880704 1200000 1
-0.02375 188460 	-2095902.8 	4809.4844 	 78027.557 	-2653924.6 	12191.252 	 -0.0047098756 	0.00034053085 	0.03343492 	 0.0009981492 	-5.0387852e-05 	-0.0029259945 	 -31967.05 	-2890.3634 	-3694.0828 	 0.08257313 	-0.0092015165 	0.0069644118 	 -1.3855223 	-0.6990417 	-0.013812411 		-0.02375 -0.0033610851 -0.053531816 1200000 1
-0.0225 211863.41 	-2055153.3 	5054.8712 	 93734.847 	-2632762.5 	12482.204 	 -0.0047209531 	0.00032144222 	0.033605799 	 0.0009952992 	-4.2182993e-05 	-0.0028467364 	 -31376.153 	-3299.3528 	-3628.6752 	 0.097821373 	-0.032605745 	0.0072985395 	 -1.3796315 	-0.75035233 	-0.014209777 		-0.0225 -0.0034095337 -0.054513255 1200000 1
-0.02125 222097.39 	-2007802.2 	5298.1029 	 102353.13 	-2651747.9 	13222.446 	 -0.0047688707 	0.00030280973 	0.033811416 	 0.0010040011 	-3.2638928e-05 	-0.0026039665 	 -31033.008 	-3500.6447 	-3530.2944 	 0.1191391 	-0.054591941 	0.0076053145 	 -1.3610285 	-0.80072931 	-0.014953564 		-0.02125 -0.00341151 -0.055662661 1200000 1
-0.02 247817.72 	-1943764.2 	5704.669 	 122651.97 	-2589682.4 	14023.988 	 -0.0047395401 	0.00028509052 	0.033627537 	 0.00099442461 	-2.4701838e-05 	-0.002826414 	 -29525.039 	-3875.4701 	-3390.4277 	 0.13212118 	-0.085520639 	0.0079217072 	 -1.3584692 	-0.86573154 	-0.015795538 		-0.02 -0.0035235253 -0.05655803 1200000 1
-0.01875 275575.49 	-1867894.4 	6176.3127 	 145365.42 	-2560671.1 	15368.107 	 -0.0047256652 	0.00026685906 	0.033374568 	 0.0009969355 	-1.7613234e-05 	-0.0029980676 	 -28305.896 	-4094.3829 	-3200.7346 	 0.14458731 	-0.11392577 	0.0081744267 	 -1.3583758 	-0.92617891 	-0.01707644 		-0.01875 -0.0036328257 -0.057498597 1200000 1
-0.0175 297185.88 	-1811240.7 	6805.8241 	 169791.71 	-2522427 	16783.878 	 -0.0047480716 	0.00025094384 	0.03370226 	 0.00098806485 	-6.3669236e-06 	-0.0028135747 	 -27515.327 	-4599.0971 	-3121.6118 	 0.15894408 	-0.14681911 	0.0084971754 	 -1.3524752 	-1.0028755 	-0.018467758 		-0.0175 -0.0038163625 -0.058868604 1200000 1
-0.01625 309756.32 	-1740992.7 	7449.3828 	 187530.73 	-2511293 	18943.681 	 -0.0047867488 	0.00023492343 	0.033871965 	 0.00098896951 	5.5863221e-06 	-0.0026247644 	 -26672.62 	-4837.2938 	-2980.1157 	 0.17735184 	-0.17888039 	0.0087525582 	 -1.3373725 	-1.0778692 	-0.020440452 		-0.01625 -0.0039636355 -0.060277714 1200000 1
-0.015 342803.66 	-1653456 	8404.4987 	 226254.85 	-2415597.9 	21850.832 	 -0.0047490469 	0.00021923451 	0.033709843 	 0.00096844282 	1.5805631e-05 	-0.0028426274 	 -24847.921 	-5306.4289 	-2806.0353 	 0.18442129 	-0.2197846 	0.0089529136 	 -1.3461206 	-1.1704369 	-0.0230849 		-0.015 -0.0042609034 -0.06150222 1200000 1
-0.01375 374675.07 	-1562285.1 	9447.0907 	 270454.51 	-2365909.4 	25306.411 	 -0.0047481053 	0.00020314976 	0.033722228 	 0.00095947615 	2.5422897e-05 	-0.0028096245 	 -23692.68 	-5645.8967 	-2620.3395 	 0.19230094 	-0.25725436 	0.0090958542 	 -1.3563468 	-1.2579374 	-0.026174461 		-0.01375 -0.0045524081 -0.062907133 1200000 1
-0.0125 390883.07 	-1477188.6 	10640.795 	 305848.22 	-2316904.6 	29738.468 	 -0.0047866253 	0.00018913227 	0.034030497 	 0.00094538342 	4.0510309e-05 	-0.0025286818 	 -22650.581 	-6056.9993 	-2479.1276 	 0.20612097 	-0.29902329 	0.0092306088 	 -1.3498683 	-1.3631969 	-0.030083084 		-0.0125 -0.0048805571 -0.064721136 1200000 1
-0.01125 409873.44 	-1379060.3 	11991.796 	 349328.02 	-2248194.6 	35643.512 	 -0.0048079983 	0.0001745403 	0.034184623 	 0.00092299202 	5.5243234e-05 	-0.0023325898 	 -21304.565 	-6412.5738 	-2302.215 	 0.21717071 	-0.3436894 	0.0092442296 	 -1.3501043 	-1.4761484 	-0.035195837 		-0.01125 -0.00525575 -0.066522297 1200000 1
-0.01 446269.05 	-1268542 	13648.852 	 420674.31 	-2118904 	43111.33 	 -0.0047780324 	0.00015910331 	0.034188861 	 0.00087795685 	6.7554678e-05 	-0.0022976641 	 -19496.961 	-6992.1213 	-2111.1807 	 0.21770179 	-0.39405011 	0.0091254623 	 -1.3773189 	-1.6032921 	-0.041623201 		-0.01 -0.00576219 -0.068252053 1200000 1
-0.00875 478743.05 	-1161469.2 	15440.638 	 508124.64 	-2037697.9 	51229.156 	 -0.0047930664 	0.00014300916 	0.03459931 	 0.0008318573 	7.9199478e-05 	-0.0017772447 	 -18579.665 	-7645.9491 	-1942.2579 	 0.21918073 	-0.44108887 	0.0089412929 	 -1.4107179 	-1.7230982 	-0.048577543 		-0.00875 -0.0062855059 -0.070278045 1200000 1
-0.0075 484204.18 	-1044802.2 	17302.599 	 563156.91 	-1945383.4 	62583.042 	 -0.0048509585 	0.00012916637 	0.034942147 	 0.00078900105 	9.800524e-05 	-0.0012591978 	 -17241.938 	-7928.0885 	-1755.8968 	 0.2315784 	-0.49541299 	0.0086091621 	 -1.4078319 	-1.8790471 	-0.058163224 		-0.0075 -0.0068059934 -0.072713883 1200000 1
-0.00625 500596.48 	-920068.16 	19463.373 	 652282.06 	-1794023.2 	78114.171 	 -0.0048534133 	0.00011296326 	0.035105904 	 0.00072304442 	0.00010624826 	-0.00094895231 	 -15412.55 	-8322.6928 	-1553.687 	 0.23643943 	-0.55446559 	0.0079438545 	 -1.4358337 	-2.0456603 	-0.071190204 		-0.00625 -0.0074908161 -0.075181835 1200000 1
-0.005 522269.44 	-785904.43 	21980.407 	 776737.64 	-1621348.9 	97529.868 	 -0.004831857 	9.454126e-05 	0.035179431 	 0.00065344243 	0.00010662576 	-0.00071843385 	 -13324.132 	-8735.5395 	-1323.6278 	 0.23711412 	-0.61818816 	0.0069539403 	 -1.4899282 	-2.2186705 	-0.087416958 		-0.005 -0.0083012623 -0.077820656 1200000 1
-0.00375 530158.01 	-668895.23 	24479.863 	 915793.77 	-1491645.4 	118267.11 	 -0.0048288848 	7.6655565e-05 	0.03531532 	 0.00058992427 	9.7651335e-05 	-0.0004189874 	 -11523.476 	-9112.1782 	-1116.7576 	 0.24176896 	-0.67618373 	0.0058331165 	 -1.5531199 	-2.3701311 	-0.10470773 		-0.00375 -0.0090959723 -0.080603886 1200000 1
-0.0025 530629.64 	-520101.5 	26163.54 	 1080503.9 	-1293263.5 	144172.53 	 -0.0048647598 	5.9552424e-05 	0.035585644 	 0.00043272469 	0.00010672568 	0.00065485664 	 -9625.9858 	-9739.7194 	-904.62034 	 0.24281289 	-0.74939894 	0.0043720976 	 -1.6303251 	-2.585128 	-0.1260875 		-0.0025 -0.0099668633 -0.083651845 1200000 1
-0.00125 492434.07 	-382750.07 	25300.44 	 1164242.3 	-1099766 	152845.17 	 -0.0048882215 	4.0956608e-05 	0.035901051 	 0.00026060174 	0.00010445216 	0.0018199533 	 -7839.3117 	-9808.338 	-718.73276 	 0.24075494 	-0.64780228 	0.0029462686 	 -1.7204192 	-2.0730762 	-0.14535905 		-0.00125 -0.01075972 -0.086223758 1100476.2 1
5.2475385e-17 284809.42 	-283298.86 	14819.277 	 700831.61 	-956945.32 	94351.857 	 -0.0049168572 	2.1228795e-05 	0.036039047 	 0.00013086888 	0.00010038003 	0.0026988868 	 -6398.7964 	-5799.4506 	-591.58026 	 0.24076002 	0.094608948 	0.0023759331 	 -1.6922345 	0.90304812 	-0.15036167 		5.2475385e-17 -0.010849006 -0.086016384 650000 1
0.00125 77562.662 	-218963.84 	4116.7508 	 208489.29 	-858317.11 	28778.234 	 -0.0049198328 	8.6892269e-07 	0.036054876 	 4.7304975e-05 	8.7032491e-05 	0.0031977447 	 -5322.3096 	-1692.8651 	-507.97558 	 0.24155336 	0.83841184 	0.0024040259 	 -1.6238896 	3.8727751 	-0.14443817 		0.00125 -0.010523306 -0.083963222 199523.81 1
0.0025 36907.412 	-195559.92 	1509.8591 	 98370.221 	-819992.56 	12016.74 	 -0.0049267725 	-1.8988729e-05 	0.035907582 	 3.2422416e-05 	7.8269706e-05 	0.0032213748 	 -4850.8553 	-816.03183 	-467.70537 	 0.24483044 	0.94193436 	0.0033108017 	 -1.4379567 	4.3783655 	-0.12425103 		0.0025 -0.0094931803 -0.079146022 100000 1
0.00375 34759.187 	-185461.55 	1227.5479 	 87926.196 	-799749.4 	9828.4828 	 -0.0049177123 	-3.8186495e-05 	0.035748076 	 3.5368309e-05 	6.8365567e-05 	0.0031139204 	 -4569.1597 	-757.49428 	-441.92205 	 0.24630441 	0.87286915 	0.0042762717 	 -1.2643037 	4.1469753 	-0.10197201 		0.00375 -0.0083789037 -0.073849981 100000 1
0.005 32917.482 	-176790.56 	995.24371 	 78520.697 	-788174.62 	8054.2601 	 -0.0049326714 	-5.5562419e-05 	0.035514432 	 3.2503e-05 	5.8586241e-05 	0.0030119932 	 -4347.1022 	-696.56773 	-426.26515 	 0.24594865 	0.81958458 	0.004939947 	 -1.1045251 	4.0025553 	-0.083878686 		0.005 -0.0073506805 -0.068960777 100000 1
0.00625 30479.967 	-167939.36 	782.50748 	 70612.881 	-775818.27 	6362.754 	 -0.0049690588 	-7.422658e-05 	0.035371803 	 3.222757e-05 	5.0048108e-05 	0.0029517533 	 -4133.297 	-638.26711 	-409.22633 	 0.24950505 	0.76293343 	0.0054842747 	 -0.95293807 	3.8312743 	-0.066626005 		0.00625 -0.006272179 -0.063904939 100000 1
0.0075 28867.443 	-159962.62 	620.19934 	 65141.248 	-761453.35 	4985.1012 	 -0.0049821868 	-9.3036458e-05 	0.035215534 	 3.4768805e-05 	4.0871861e-05 	0.0028230393 	 -3905.0711 	-594.82212 	-389.89193 	 0.2500206 	0.71128851 	0.0058025261 	 -0.83248595 	3.6567407 	-0.052575805 		0.0075 -0.0053203792 -0.059118443 100000 1
0.00875 28259.087 	-152814.13 	510.93817 	 62499.433 	-741750.27 	3963.4846 	 -0.0049375612 	-0.00011220201 	0.035033224 	 3.7013276e-05 	3.2824117e-05 	0.0026259754 	 -3661.934 	-571.85174 	-368.0707 	 0.24640201 	0.663714 	0.0058762981 	 -0.74474924 	3.4678066 	-0.042147752 		0.00875 -0.0045243726 -0.054528649 100000 1
0.01 26043.604 	-146344.23 	416.36403 	 56951.839 	-729926.9 	3223.5282 	 -0.0049363724 	-0.00013174416 	0.034889385 	 4.1101503e-05 	2.9078371e-05 	0.0024896464 	 -3480.0257 	-519.9149 	-352.06323 	 0.25367785 	0.6218351 	0.0058347024 	 -0.62259377 	3.3304011 	-0.034533881 		0.01 -0.0037331299 -0.050472406 100000 1
0.01125 23778.913 	-139962.33 	331.31565 	 51326.713 	-720786.07 	2486.0972 	 -0.004979286 	-0.00015052244 	0.034828722 	 4.4828549e-05 	2.4720461e-05 	0.0024255523 	 -3324.9486 	-470.93164 	-337.45867 	 0.26152098 	0.58038782 	0.0057843455 	 -0.5005905 	3.1935535 	-0.026967044 		0.01125 -0.0029252853 -0.046388275 100000 1
0.0125 22719.862 	-134153.48 	267.91296 	 48698.013 	-707518.9 	1901.4293 	 -0.0049661893 	-0.00016950182 	0.034719814 	 4.6832533e-05 	2.0492616e-05 	0.0022990892 	 -3153.1389 	-445.00177 	-321.48599 	 0.2619801 	0.54252645 	0.0056600058 	 -0.4118364 	3.0528584 	-0.020959281 		0.0125 -0.0022451739 -0.042456477 100000 1
0.01375 21986.042 	-128440.37 	217.77158 	 46992.032 	-693153.55 	1441.6585 	 -0.0049342897 	-0.00018868502 	0.034590063 	 4.9091777e-05 	1.6717736e-05 	0.0021318484 	 -2977.5018 	-422.31404 	-304.83592 	 0.26085183 	0.50626341 	0.0054715922 	 -0.33321015 	2.9138049 	-0.016214695 		0.01375 -0.0016178501 -0.038654181 100000 1
0.015 20378.746 	-123575.41 	174.77228 	 43907.523 	-683685.96 	1083.2477 	 -0.0049392465 	-0.00020749427 	0.034535289 	 5.1058289e-05 	1.5003674e-05 	0.0020730302 	 -2856.5455 	-392.60759 	-293.42863 	 0.26560956 	0.47418275 	0.0052732371 	 -0.23786063 	2.8020096 	-0.012494012 		0.015 -0.0010184084 -0.03525663 100000 1
0.01625 18661.17 	-118455.07 	134.36804 	 40301.682 	-676931.5 	705.94123 	 -0.00498342 	-0.00022642915 	0.034521903 	 5.4118831e-05 	1.2705698e-05 	0.0020335777 	 -2743.655 	-358.16419 	-281.8435 	 0.27115432 	0.44159411 	0.0050723216 	 -0.13803594 	2.6931259 	-0.0085909761 		0.01625 -0.00037722806 -0.031725359 100000 1
0.0175 18278.402 	-113997.76 	108.76407 	 39805.747 	-664160.09 	445.7435 	 -0.0049465928 	-0.00024636912 	0.03442603 	 5.509921e-05 	1.0641059e-05 	0.0019058351 	 -2604.3777 	-347.89799 	-268.58716 	 0.26864129 	0.41306775 	0.0048434062 	 -0.072274057 	2.5772788 	-0.0058849647 		0.0175 9.9108736e-05 -0.028458235 100000 1
0.01875 17495.019 	-109145.03 	84.926727 	 38482.906 	-652948.39 	218.05495 	 -0.0049283983 	-0.00026669782 	0.034336014 	 5.7861347e-05 	8.8933654e-06 	0.0017580914 	 -2470.0648 	-324.94292 	-255.10765 	 0.26926023 	0.38393659 	0.0045960619 	 0.0027836399 	2.4649833 	-0.0035029422 		0.01875 0.00059781762 -0.025253472 100000 1
0.02 16280.301 	-105472.92 	65.401239 	 36536.297 	-645730.28 	34.659674 	 -0.0049419637 	-0.00028662953 	0.034335266 	 5.8919221e-05 	8.2896244e-06 	0.0017501413 	 -2387.518 	-307.19381 	-246.99933 	 0.27249839 	0.35949334 	0.0043748409 	 0.08551922 	2.3748118 	-0.0015785522 		0.02 0.001055411 -0.022363207 100000 1
0.02125 15108.768 	-101369.46 	46.886297 	 34390.422 	-639558.93 	-170.62703 	 -0.0049741484 	-0.00030698179 	0.034339032 	 6.1265202e-05 	7.2356162e-06 	0.0017144524 	 -2298.183 	-284.64107 	-237.41799 	 0.27558994 	0.33407766 	0.0041497436 	 0.16942262 	2.2834254 	0.00056285508 		0.02125 0.0015403817 -0.019333923 100000 1
0.0225 15016.271 	-97785.193 	35.75597 	 34788.902 	-627201.87 	-299.36969 	 -0.0049253183 	-0.00032875034 	0.034256335 	 6.1703959e-05 	6.3440319e-06 	0.0015909346 	 -2181.8756 	-280.83727 	-226.35305 	 0.27234314 	0.31186173 	0.0039245728 	 0.22619241 	2.1827059 	0.0019231669 		0.0225 0.0018760512 -0.016611142 100000 1
0.02375 14271.521 	-93988.987 	24.490343 	 33918.585 	-618240.88 	-421.44623 	 -0.0049157141 	-0.00035079319 	0.034214605 	 6.3670936e-05 	5.8806266e-06 	0.001495207 	 -2086.5404 	-263.3905 	-216.58366 	 0.27371369 	0.28955264 	0.0037020084 	 0.29740989 	2.0911985 	0.003217244 		0.02375 0.0022496233 -0.013985481 100000 1
0.025 13294.839 	-90750.313 	14.696722 	 32410.531 	-612719.94 	-545.61697 	 -0.0049428948 	-0.00037268562 	0.034245203 	 6.5092937e-05 	5.6548535e-06 	0.0014910665 	 -2020.9048 	-247.99232 	-209.48888 	 0.27628093 	0.26942095 	0.0034995915 	 0.37516027 	2.0123475 	0.0045239214 		0.025 0.0026248716 -0.011401737 100000 1
0.02625 12643.353 	-87446.858 	6.4041879 	 31563.439 	-605583.24 	-666.75433 	 -0.004951439 	-0.00039550259 	0.034246698 	 6.6545206e-05 	5.3233382e-06 	0.0014417981 	 -1942.6849 	-235.51665 	-201.20573 	 0.27703011 	0.24977619 	0.0033010963 	 0.44572645 	1.9294906 	0.0057962743 		0.02625 0.0029648614 -0.008869944 100000 1
0.0275 12605.68 	-84407.709 	0.80936168 	 32278.155 	-594071.27 	-744.51814 	 -0.0049041313 	-0.00041968115 	0.034186185 	 6.6839002e-05 	5.0994055e-06 	0.0013299454 	 -1845.8497 	-233.10902 	-191.98199 	 0.27434605 	0.23187688 	0.003108814 	 0.50029988 	1.8387483 	0.0066281312 		0.0275 0.0032096479 -0.0065921076 100000 1
0.02875 11947.229 	-81415.575 	-4.8817993 	 31859.296 	-586431.16 	-815.24655 	 -0.0049009749 	-0.00044416899 	0.034186646 	 6.8030335e-05 	5.2819055e-06 	0.0012790721 	 -1778.1169 	-220.78463 	-184.99001 	 0.27592813 	0.21462903 	0.002929202 	 0.56802052 	1.7592924 	0.0073872795 		0.02875 0.0034864119 -0.0044491324 100000 1
0.03 11142.059 	-78480.98 	-10.439808 	 30584.791 	-582267.48 	-935.50267 	 -0.004941623 	-0.00046872995 	0.034244493 	 6.9812069e-05 	5.2948775e-06 	0.0012751629 	 -1724.1377 	-206.78986 	-178.54084 	 0.27802815 	0.19790548 	0.0027636141 	 0.64350718 	1.6880312 	0.0086375045 		0.03 0.003795801 -0.0021222528 100000 1
0.03125 10872.591 	-75746.846 	-14.470387 	 30804.033 	-573599.46 	-1014.4161 	 -0.0049264139 	-0.00049502041 	0.034239686 	 7.0496081e-05 	5.4065938e-06 	0.00120926 	 -1651.6175 	-201.35205 	-171.2149 	 0.27723868 	0.18252523 	0.0026047959 	 0.70428547 	1.6073341 	0.0094701115 		0.03125 0.004016904 -8.0254503e-05 100000 1
0.0325 10768.052 	-72950.396 	-17.806238 	 31597.87 	-563438.39 	-1086.352 	 -0.0048926691 	-0.00052261162 	0.03420687 	 7.1277568e-05 	5.6288431e-06 	0.0011040784 	 -1571.6313 	-196.42432 	-163.25532 	 0.27582888 	0.16766017 	0.0024525752 	 0.75978093 	1.5235754 	0.010230623 		0.0325 0.0042035821 0.001809346 100000 1
0.03375 10275.994 	-70548.154 	-21.052687 	 31619.038 	-556420.46 	-1138.0757 	 -0.0048956943 	-0.00055029493 	0.034245443 	 7.1776038e-05 	6.0448892e-06 	0.001088853 	 -1520.7454 	-189.76312 	-158.01923 	 0.2767898 	0.15404341 	0.0023151706 	 0.82412034 	1.4489154 	0.01078489 		0.03375 0.0044064217 0.0035923601 100000 1
0.035 9635.6315 	-67959.899 	-24.765429 	 30697.463 	-552375.6 	-1258.7819 	 -0.0049375924 	-0.00057824576 	0.034321901 	 7.3395589e-05 	6.2795288e-06 	0.0010883467 	 -1475.0891 	-178.76023 	-152.34796 	 0.27835974 	0.14023608 	0.0021872616 	 0.89703205 	1.380181 	0.012027496 		0.035 0.0046478099 0.0056086313 100000 1
0.03625 9660.4703 	-65614.691 	-26.974366 	 31954.782 	-541652.82 	-1308.6555 	 -0.0048985063 	-0.00060923015 	0.034309318 	 7.3418684e-05 	6.7147715e-06 	0.0010046712 	 -1404.9845 	-178.53121 	-145.72553 	 0.27652331 	0.12793278 	0.0020664601 	 0.94945663 	1.2959192 	0.012558168 		0.03625 0.00476932 0.0071389716 100000 1
0.0375 9533.106 	-62965.051 	-29.355059 	 32968.844 	-532463.19 	-1397.2287 	 -0.0048782146 	-0.00064129636 	0.034303788 	 7.4689562e-05 	7.2459103e-06 	0.00090569598 	 -1338.0668 	-171.76967 	-138.61487 	 0.27591353 	0.11538977 	0.0019531773 	 1.0048671 	1.2151872 	0.013475248 		0.0375 0.0049098449 0.0086758627 100000 1
0.03875 9149.9593 	-60958.96 	-31.624425 	 33261.447 	-525645.6 	-1441.0347 	 -0.0048891657 	-0.00067315037 	0.034379703 	 7.4713492e-05 	7.7655171e-06 	0.0009200236 	 -1298.5969 	-169.2096 	-134.59844 	 0.27646045 	0.10426618 	0.0018522492 	 1.068124 	1.1396402 	0.013940196 		0.03875 0.0050571652 0.010131019 100000 1
0.04 8729.3289 	-58652.524 	-34.353697 	 33015.117 	-520174.66 	-1555.8423 	 -0.0049185697 	-0.00070600567 	0.034460351 	 7.591685e-05 	8.2002847e-06 	0.00091056356 	 -1254.985 	-162.17252 	-129.39123 	 0.27717548 	0.09279788 	0.0017587069 	 1.1362474 	1.0663362 	0.015114826 		0.04 0.0052234185 0.011742946 100000 1
0.04125 8909.421 	-56525.079 	-35.709931 	 35108.036 	-507835.52 	-1586.5163 	 -0.0048670338 	-0.00074268604 	0.034452913 	 7.5578869e-05 	8.8939044e-06 	0.0008211304 	 -1188.7053 	-164.69138 	-123.4029 	 0.27496349 	0.082462648 	0.0016695279 	 1.1831803 	0.9752659 	0.015445906 		0.04125 0.0052755066 0.012791773 100000 1
0.0425 8799.9137 	-54215.638 	-37.338733 	 36622.911 	-498678.01 	-1657.5687 	 -0.0048547471 	-0.00078021273 	0.034487018 	 7.6445197e-05 	9.6519381e-06 	0.00075892824 	 -1136.8045 	-160.37327 	-117.82902 	 0.27460159 	0.072049263 	0.001590196 	 1.2364947 	0.89155495 	0.01617951 		0.0425 0.005366953 0.013898757 100000 1
0.04375 8468.7383 	-52198.857 	-39.407636 	 36936.534 	-492009.07 	-1740.0395 	 -0.0048786069 	-0.00081779956 	0.034587866 	 7.6981157e-05 	1.0244797e-05 	0.00076852049 	 -1099.825 	-157.18936 	-113.65406 	 0.27503452 	0.06214566 	0.0015209253 	 1.3015439 	0.81109906 	0.017024743 		0.04375 0.0054813266 0.01510847 100000 1
0.045 8305.7705 	-50079.578 	-41.217888 	 37812.229 	-483579.67 	-1830.3233 	 -0.004883772 	-0.00085777643 	0.034661071 	 7.7603872e-05 	1.0926197e-05 	0.00073943948 	 -1053.5979 	-154.55123 	-108.65548 	 0.2746744 	0.052391191 	0.0014567272 	 1.3617953 	0.7249536 	0.017947485 		0.045 0.0055664607 0.016177594 100000 1
0.04625 8531.224 	-48030.799 	-41.890273 	 40547.199 	-470261.51 	-1851.2831 	 -0.0048331933 	-0.00090126977 	0.034673878 	 7.7245845e-05 	1.1844415e-05 	0.0006564073 	 -993.222 	-157.70135 	-103.20016 	 0.27251473 	0.043225142 	0.0013941025 	 1.4056824 	0.62478623 	0.01817597 		0.04625 0.0055753939 0.016791205 100000 1
0.0475 8459.862 	-45954.62 	-42.601536 	 42802.672 	-460287.33 	-1888.0762 	 -0.0048266261 	-0.00094575433 	0.034746546 	 7.7659403e-05 	1.2764939e-05 	0.00062860744 	 -952.11438 	-156.41902 	-98.80277 	 0.27205103 	0.034191655 	0.0013415371 	 1.4551858 	0.53078994 	0.018560825 		0.0475 0.0056245328 0.017435546 100000 1
0.04875 8143.8656 	-43878.628 	-44.476769 	 42974.275 	-453299.01 	-2015.8763 	 -0.0048630716 	-0.00099081017 	0.034873821 	 7.8686023e-05 	1.3473442e-05 	0.00063372181 	 -915.85212 	-151.9922 	-94.318756 	 0.27241637 	0.02505972 	0.0013009142 	 1.5242736 	0.4409265 	0.019854493 		0.04875 0.0057099438 0.018376319 100000 1
0.05 8202.551 	-41841.759 	-44.830104 	 45294.599 	-441210.97 	-2056.0134 	 -0.0048437947 	-0.0010402841 	0.034942026 	 7.8731483e-05 	1.4462112e-05 	0.00058835386 	 -866.84655 	-153.07645 	-89.479628 	 0.27105547 	0.01635793 	0.0012596925 	 1.574708 	0.33473978 	0.02027088 		0.05 0.0057213146 0.018800513 100000 1
0.05125 8406.4147 	-39709.749 	-44.4838 	 48719.87 	-427466.75 	-2084.6088 	 -0.0048061103 	-0.0010930908 	0.034985673 	 7.8868962e-05 	1.563189e-05 	0.00051557685 	 -814.01061 	-154.01394 	-84.255471 	 0.26916893 	0.0078728379 	0.0012229525 	 1.6157956 	0.22346039 	0.020571187 		0.05125 0.0057049716 0.018995225 100000 1
0.0525 8363.9208 	-37765.166 	-43.864733 	 51522.514 	-415736.55 	-2074.7101 	 -0.0048046607 	-0.0011464447 	0.035096714 	 7.8786434e-05 	1.6668308e-05 	0.00051446756 	 -777.3023 	-155.98181 	-80.481378 	 0.26828539 	-0.00046592238 	0.0011911655 	 1.6637779 	0.11019377 	0.02048457 		0.0525 0.0057161637 0.019166173 100000 1
0.05375 8090.7466 	-35686.817 	-44.62391 	 52015.303 	-406801.8 	-2186.0416 	 -0.0048413903 	-0.0012008568 	0.035245341 	 7.9679835e-05 	1.758796e-05 	0.00052055685 	 -740.81388 	-152.2885 	-76.005329 	 0.26829694 	-0.0091140258 	0.0011711278 	 1.7334425 	0.0020764959 	0.021609763 		0.05375 0.0057623419 0.019666106 100000 1
0.055 8345.9041 	-33653.468 	-42.16035 	 56388.644 	-390147.59 	-2116.2078 	 -0.0047974278 	-0.0012630516 	0.035312219 	 7.9018324e-05 	1.8962724e-05 	0.00046568692 	 -689.8727 	-156.74313 	-71.367181 	 0.26585349 	-0.017247608 	0.0011451605 	 1.7693964 	-0.13337661 	0.020922651 		0.055 0.0057044166 0.019302507 100000 1
0.05625 8522.8947 	-31419.809 	-39.859671 	 60841.514 	-375429.57 	-2120.3688 	 -0.0047723663 	-0.0013280895 	0.035389996 	 7.9441435e-05 	2.037697e-05 	0.00041122652 	 -643.97688 	-155.4577 	-66.334898 	 0.26397027 	-0.025338364 	0.001128955 	 1.8050833 	-0.26110785 	0.020974878 		0.05625 0.0056652075 0.01903084 100000 1
0.0575 8455.9588 	-29506.838 	-36.679209 	 64187.65 	-360909.36 	-2006.8661 	 -0.0047774525 	-0.0013930937 	0.035542207 	 7.8778818e-05 	2.1587193e-05 	0.0004326796 	 -608.67453 	-159.92936 	-62.885323 	 0.26266106 	-0.033513077 	0.0011105382 	 1.8524086 	-0.40492687 	0.019848685 		0.0575 0.0056422663 0.018625791 100000 1
0.05875 8283.641 	-27401.515 	-34.356744 	 65993.228 	-347768.8 	-1993.4809 	 -0.0048005657 	-0.0014610393 	0.035702423 	 7.8967447e-05 	2.2859037e-05 	0.00043613621 	 -569.72626 	-158.25969 	-58.466545 	 0.26181629 	-0.041937894 	0.0011012634 	 1.9146013 	-0.54547993 	0.019723605 		0.05875 0.0056339557 0.018415741 100000 1
0.06 8631.7467 	-25323.505 	-27.424355 	 72855.03 	-326471.93 	-1715.0796 	 -0.0047430986 	-0.0015389896 	0.035783753 	 7.737456e-05 	2.4569915e-05 	0.00039184465 	 -520.15526 	-164.92785 	-54.168376 	 0.25845873 	-0.049859268 	0.0010796218 	 1.9324439 	-0.71814681 	0.016947872 		0.06 0.0055238206 0.017210249 100000 1
0.06125 8758.447 	-23133.53 	-20.825086 	 79383.537 	-308707.92 	-1509.0249 	 -0.0047247721 	-0.0016193616 	0.035907957 	 7.6787182e-05 	2.6099373e-05 	0.00038475226 	 -481.45302 	-166.34935 	-49.966143 	 0.25612666 	-0.057759941 	0.0010679643 	 1.9537276 	-0.87950595 	0.014894659 		0.06125 0.0054535714 0.016208612 100000 1
0.0625 8604.9021 	-21061.656 	-13.947863 	 83142.558 	-291024.91 	-1230.5458 	 -0.0047410832 	-0.0017006777 	0.036094776 	 7.5705667e-05 	2.7580746e-05 	0.00041183368 	 -444.26737 	-168.28623 	-46.110345 	 0.25454575 	-0.066131184 	0.0010552976 	 2.0021562 	-1.0605573 	0.012116274 		0.0625 0.0054052225 0.015220466 100000 1
0.06375 8563.7069 	-18916.238 	-5.4526889 	 88325.527 	-270871.75 	-839.36481 	 -0.0047381898 	-0.0017897772 	0.036265178 	 7.3988056e-05 	2.9199155e-05 	0.00042469692 	 -402.96093 	-170.33824 	-41.950918 	 0.25231117 	-0.074451813 	0.0010377489 	 2.0386767 	-1.2545329 	0.0082108206 		0.06375 0.0053289956 0.013931377 100000 1
0.065 8865.8431 	-16787.849 	7.2005476 	 98527.01 	-244831.03 	-155.57236 	 -0.0046793073 	-0.0018903313 	0.036391833 	 7.0479539e-05 	3.0964496e-05 	0.00042677118 	 -357.83706 	-179.20807 	-38.089865 	 0.24828457 	-0.082333221 	0.0010044801 	 2.0302915 	-1.4736227 	0.001379056 		0.065 0.0051840853 0.011844421 100000 1
0.06625 8868.6974 	-14650.015 	19.916628 	 109044.27 	-223014.69 	522.03251 	 -0.004662831 	-0.00199981 	0.036602961 	 6.7073837e-05 	3.235686e-05 	0.00050785896 	 -325.99996 	-187.55752 	-34.65211 	 0.24533503 	-0.090108912 	0.00097695988 	 2.0192417 	-1.6772148 	-0.0053918975 		0.06625 0.005081057 0.0098937328 100000 1
0.0675 8558.8306 	-12452.556 	31.88661 	 113860.51 	-198977.21 	1308.7851 	 -0.0046881506 	-0.0021047025 	0.036842841 	 6.3729799e-05 	3.3861214e-05 	0.00056118173 	 -285.68712 	-187.31611 	-30.528336 	 0.24338997 	-0.098996053 	0.00094625138 	 2.0633749 	-1.9267879 	-0.013254512 		0.0675 0.0050049163 0.0080904069 100000 1
0.06875 8462.383 	-10350.751 	48.008846 	 123984.35 	-169364.13 	2643.9259 	 -0.0046562022 	-0.0022204102 	0.037029774 	 5.8387537e-05 	3.515722e-05 	0.00060622547 	 -242.05417 	-192.13229 	-26.656036 	 0.24051494 	-0.10704505 	0.00088506612 	 2.0607287 	-2.1984329 	-0.026600801 		0.06875 0.0048604181 0.00532505 100000 1
0.07 8391.2607 	-8190.5793 	67.110848 	 138390.18 	-137068.98 	4367.9093 	 -0.0046011083 	-0.0023481473 	0.037183642 	 5.2513245e-05 	3.6612585e-05 	0.00065464288 	 -195.83703 	-199.20266 	-22.646978 	 0.23724016 	-0.11516866 	0.00080220517 	 2.0238467 	-2.4839899 	-0.043835357 		0.07 0.0046817431 0.0019584781 100000 1
0.07125 8081.5879 	-6317.5814 	84.962343 	 152519.34 	-110061.67 	6192.1911 	 -0.0045680955 	-0.0024680591 	0.037340957 	 4.7128542e-05 	3.7615563e-05 	0.00072067696 	 -156.68421 	-205.37334 	-18.982526 	 0.23498782 	-0.12221608 	0.00071576468 	 1.9813082 	-2.7359322 	-0.062073772 		0.07125 0.0045373939 -0.001246147 100000 1
0.0725 7658.6514 	-4134.8698 	99.100785 	 169559.12 	-74606.567 	8414.608 	 -0.0045554243 	-0.0026065519 	0.037532314 	 3.465201e-05 	3.6597452e-05 	0.00084195818 	 -106.60725 	-215.19679 	-14.844364 	 0.23220996 	-0.13144519 	0.00060827578 	 1.9160685 	-3.0724652 	-0.084292572 		0.0725 0.0043805101 -0.0047914593 100000 1
0.07375 7063.9972 	-2186.2116 	108.90588 	 190416.25 	-44184.614 	10561.762 	 -0.0045316419 	-0.0027267288 	0.037699049 	 2.2385472e-05 	3.4966813e-05 	0.00097409587 	 -61.767949 	-226.57268 	-10.796087 	 0.2299829 	-0.13933941 	0.00050234251 	 1.8155561 	-3.3555521 	-0.10575857 		0.07375 0.0042077724 -0.008949 100000 1
0.075 6148.8992 	-874.77783 	98.299659 	 201917.27 	-33844.457 	11058.678 	 -0.0045360677 	-0.0027594922 	0.037755444 	 1.8905663e-05 	3.4465183e-05 	0.0010055359 	 -33.577513 	-217.42444 	-6.7718878 	 0.22912258 	-0.14131861 	0.00047903806 	 1.811055 	-3.4397822 	-0.11072117 		0.075 0.0040299761 -0.013288757 100000 1
