# y jRe_x jRe_y jRe_z jIm_x jIm_y jIm_z BRe_x BRe_y BRe_z BIm_x BIm_y BIm_z F_x F_y F_z VReGrad_x VReGrad_y VReGrad_z VImGrad_x VImGrad_y VImGrad_z s VRe VIm sigma mur
-0.075 -505771.67 	-47697.512 	-15818.009 	 -2054724 	-217272.11 	-146369.97 	 -0.0045064156 	0.0027437886 	0.041246042 	 0.00019438832 	-0.00041710873 	0.004221331 	 -1450.8368 	14783.453 	-353.18446 	 -0.47502117 	-0.61168554 	0.0021144269 	 -1.6212755 	-3.1577672 	0.12364773 		-0.075 -0.00047516058 -0.0031025988 1200000 1
-0.07375 -553181.84 	-148130.39 	-16524.096 	 -1844444 	-322598.9 	-133707.27 	 -0.0045001815 	0.0026830587 	0.040987165 	 0.00027218402 	-0.00043224931 	0.0034227734 	 -3475.1983 	14601.339 	-625.63921 	 -0.47679555 	-0.58918755 	0.0015588965 	 -1.6624591 	-3.0506147 	0.11328077 		-0.07375 -0.0012424472 -0.0070628651 1200000 1
-0.0725 -577312.95 	-295216.95 	-14782.935 	 -1563017 	-604659.4 	-101567.83 	 -0.0044938204 	0.0025278372 	0.040252486 	 0.00046598967 	-0.00047585516 	0.0013885774 	 -6361.8337 	12705.678 	-881.41054 	 -0.48080261 	-0.53124022 	0.00012016358 	 -1.7740435 	-2.7923632 	0.086551031 		-0.0725 -0.0019172644 -0.010583663 1200000 1
-0.07125 -585611.9 	-439549.66 	-12133.671 	 -1338757.2 	-886039.29 	-73367.781 	 -0.0045224615 	0.0023987881 	0.040209227 	 0.00056583618 	-0.00047812129 	0.00084736332 	 -9181.1799 	12335.738 	-1129.749 	 -0.48166531 	-0.47808701 	-0.0010340911 	 -1.8426716 	-2.5326802 	0.062956487 		-0.07125 -0.0025569526 -0.013956342 1200000 1
-0.07 -583386.76 	-583973.98 	-9549.1537 	 -1127826.9 	-1118987.5 	-50026.92 	 -0.0045335552 	0.0022642211 	0.039694525 	 0.00066953406 	-0.00048161907 	-0.00017706287 	 -11390.839 	11438.899 	-1335.9399 	 -0.48365321 	-0.42743977 	-0.0019246697 	 -1.9024684 	-2.3082253 	0.043354094 		-0.07 -0.0031432289 -0.017061813 1200000 1
-0.06875 -569644.44 	-713953.33 	-6835.7678 	 -952271.41 	-1359444.8 	-30626.231 	 -0.0045290914 	0.0021343666 	0.038916616 	 0.00076156285 	-0.00046797627 	-0.0012630092 	 -13157.318 	10172.463 	-1482.7142 	 -0.48682647 	-0.37978461 	-0.0026025969 	 -1.943115 	-2.0842071 	0.026965903 		-0.06875 -0.0036924545 -0.019996761 1200000 1
-0.0675 -554188.34 	-858246.04 	-4732.6336 	 -829612.57 	-1523571.6 	-18358.702 	 -0.0045356111 	0.0020111667 	0.038484369 	 0.00084996084 	-0.0004569304 	-0.0019925728 	 -15014.829 	9742.4801 	-1678.0404 	 -0.48444012 	-0.33550348 	-0.0028260175 	 -1.9498615 	-1.9074492 	0.016488516 		-0.0675 -0.0040930591 -0.022296481 1200000 1
-0.06625 -530935.79 	-983963.64 	-2570.4788 	 -701219.28 	-1693709.8 	-6832.6457 	 -0.0045332874 	0.0018996486 	0.037806398 	 0.00091096039 	-0.00044192195 	-0.0028138284 	 -16441.325 	8781.8067 	-1818.567 	 -0.48325304 	-0.29284698 	-0.0030577478 	 -1.9646936 	-1.7337746 	0.006605732 		-0.06625 -0.0044978548 -0.024595292 1200000 1
-0.065 -509095.42 	-1110262.5 	-693.28587 	 -612644.59 	-1847500.7 	1567.8944 	 -0.0045367424 	0.0018019032 	0.037487402 	 0.00095135942 	-0.00042060495 	-0.0030751695 	 -18325.129 	8288.7416 	-1992.6178 	 -0.47772411 	-0.25123254 	-0.0030891276 	 -1.9539604 	-1.5719152 	-0.00069150735 		-0.065 -0.0048324898 -0.026642922 1200000 1
-0.06375 -481269.7 	-1231025.4 	922.11742 	 -523883.13 	-1964834.3 	7738.9983 	 -0.0045422566 	0.0017084209 	0.037125333 	 0.00098729398 	-0.00040230384 	-0.0033657122 	 -19766.076 	7865.0466 	-2151.3296 	 -0.47160964 	-0.21391793 	-0.0029896548 	 -1.9495248 	-1.4363894 	-0.0061396971 		-0.06375 -0.0051108388 -0.028463 1200000 1
-0.0625 -454606.3 	-1331722.5 	2399.2242 	 -450212.83 	-2105834.4 	14062.258 	 -0.0045400803 	0.0016230139 	0.036540162 	 0.0010028223 	-0.00038179731 	-0.0037486999 	 -21151.476 	6971.181 	-2275.6523 	 -0.46450957 	-0.17519377 	-0.00296383 	 -1.9353726 	-1.2948219 	-0.011682471 		-0.0625 -0.0053861861 -0.030267941 1200000 1
-0.06125 -429073.84 	-1450466.1 	3470.0451 	 -394557.41 	-2179463 	16317.928 	 -0.0045535102 	0.0015413041 	0.036548247 	 0.0010306173 	-0.00036219975 	-0.0036159435 	 -22928.845 	6909.7267 	-2470.1592 	 -0.45283546 	-0.14278911 	-0.0026045521 	 -1.9147823 	-1.190171 	-0.013865289 		-0.06125 -0.0055454387 -0.031696618 1200000 1
-0.06 -398862.6 	-1545379.7 	4480.6264 	 -334687.18 	-2271055 	19518.977 	 -0.0045573392 	0.0014644257 	0.036130239 	 0.0010430117 	-0.00034398532 	-0.0038110758 	 -24072.993 	6325.5139 	-2598.4484 	 -0.44289181 	-0.11068831 	-0.0023766129 	 -1.900403 	-1.0837417 	-0.016799686 		-0.06 -0.0057168124 -0.033142344 1200000 1
-0.05875 -374714.97 	-1639190 	5210.0936 	 -293688.81 	-2347538 	21235.043 	 -0.0045648585 	0.0013932484 	0.035954616 	 0.0010535182 	-0.00032575072 	-0.0037820703 	 -25632.108 	5894.2341 	-2755.2376 	 -0.42916909 	-0.080276569 	-0.0020517511 	 -1.8744469 	-0.98911387 	-0.018476449 		-0.05875 -0.0058259427 -0.034413695 1200000 1
-0.0575 -345412.61 	-1729416 	5824.5014 	 -250633.61 	-2403548.6 	22197.787 	 -0.0045742067 	0.0013251391 	0.035799403 	 0.0010647353 	-0.00030847597 	-0.0037265608 	 -26866.48 	5557.0447 	-2898.4871 	 -0.41596769 	-0.053772946 	-0.0016787947 	 -1.8559456 	-0.90831029 	-0.019525204 		-0.0575 -0.0059044535 -0.035571957 1200000 1
-0.05625 -319832.3 	-1794675.3 	6294.7605 	 -215106.68 	-2483038.7 	24027.435 	 -0.0045743052 	0.0012612833 	0.03526448 	 0.0010621825 	-0.00029356807 	-0.0039671393 	 -27740.377 	4846.517 	-2993.4453 	 -0.40178069 	-0.026077501 	-0.0014408086 	 -1.831975 	-0.82554827 	-0.021231155 		-0.05625 -0.0059745465 -0.036707966 1200000 1
-0.055 -295560.19 	-1884121.5 	6586.5998 	 -187667.17 	-2508554.3 	23206.555 	 -0.0045897639 	0.0012009671 	0.035479536 	 0.0010758412 	-0.00027734481 	-0.0036202771 	 -29361.487 	4734.9437 	-3166.1497 	 -0.38480045 	-0.0046167161 	-0.00094673072 	 -1.8077456 	-0.76552295 	-0.020770546 		-0.055 -0.00596395 -0.037627324 1200000 1
-0.05375 -268098.68 	-1947163.3 	6844.6895 	 -157911.44 	-2556210 	23675.988 	 -0.0045949333 	0.0011432437 	0.035176918 	 0.0010770508 	-0.00026319647 	-0.0036689804 	 -30170.708 	4260.2628 	-3265.5606 	 -0.36948411 	0.016997868 	-0.00061637817 	 -1.7876658 	-0.70384199 	-0.021333066 		-0.05375 -0.0059686588 -0.03856494 1200000 1
-0.0525 -246907.33 	-2009568 	6944.9652 	 -137564.19 	-2592480.5 	23378.739 	 -0.004602836 	0.0010892151 	0.035083835 	 0.0010798608 	-0.00025024172 	-0.0035750345 	 -31314.636 	3886.245 	-3385.547 	 -0.35130294 	0.03659218 	-0.00023760538 	 -1.7615173 	-0.65098842 	-0.021237369 		-0.0525 -0.005922328 -0.039389944 1200000 1
-0.05125 -221354.21 	-2070632.5 	7022.6553 	 -115931.09 	-2615684.1 	22814.133 	 -0.0046124908 	0.0010376315 	0.035058202 	 0.0010847976 	-0.00023679063 	-0.0034198632 	 -32291.186 	3577.5277 	-3497.1149 	 -0.33421597 	0.053038125 	0.00015762092 	 -1.7414007 	-0.60618792 	-0.02092117 		-0.05125 -0.0058667449 -0.040164375 1200000 1
-0.05 -199639.1 	-2104567.5 	7014.6785 	 -98055.593 	-2663632.2 	23211.993 	 -0.0046120667 	0.00098824281 	0.034543248 	 0.0010779029 	-0.00022662747 	-0.0036462936 	 -32623.121 	3040.777 	-3547.9436 	 -0.31622083 	0.070308333 	0.00041236317 	 -1.7178813 	-0.56073305 	-0.021343904 		-0.05 -0.0057992208 -0.040918046 1200000 1
-0.04875 -178879.42 	-2167294.7 	6949.1526 	 -84176.588 	-2663845.4 	21698.916 	 -0.0046270376 	0.00094212498 	0.034877335 	 0.0010882044 	-0.00021410599 	-0.0032497076 	 -33985.538 	2875.5059 	-3683.8251 	 -0.29676113 	0.082010275 	0.00087374061 	 -1.6955436 	-0.53045531 	-0.020225149 		-0.04875 -0.0056838763 -0.041557313 1200000 1
-0.0475 -155647.96 	-2202510.7 	6878.2053 	 -69039.281 	-2688582.4 	21390.367 	 -0.004631382 	0.0008974108 	0.034638883 	 0.001086939 	-0.00020348342 	-0.0032737219 	 -34421.696 	2490.1295 	-3743.2737 	 -0.27873977 	0.094052974 	0.0011815386 	 -1.6762024 	-0.49888454 	-0.020061172 		-0.0475 -0.0055847935 -0.04221339 1200000 1
-0.04625 -137805.03 	-2238002.1 	6730.397 	 -58617.021 	-2704160.1 	20617.426 	 -0.0046380978 	0.00085522118 	0.034581268 	 0.0010881622 	-0.00019407864 	-0.0031890705 	 -35109.947 	2172.3474 	-3817.2667 	 -0.25858578 	0.10399276 	0.0015209804 	 -1.6531468 	-0.47401037 	-0.019500704 		-0.04625 -0.0054470918 -0.042803056 1200000 1
-0.045 -116107.09 	-2273796.1 	6600.5477 	 -47408.681 	-2710172.8 	19740.21 	 -0.0046466125 	0.00081501525 	0.034626174 	 0.0010919278 	-0.00018361053 	-0.0030252198 	 -35770.871 	1884.9344 	-3889.0213 	 -0.23979965 	0.1114012 	0.0018697363 	 -1.6348843 	-0.45453261 	-0.018860271 		-0.045 -0.0053171398 -0.043381055 1200000 1
-0.04375 -97738.882 	-2281628.7 	6424.7329 	 -38104.546 	-2741845.6 	19719.022 	 -0.0046447015 	0.00077590733 	0.03411361 	 0.0010842953 	-0.00017627113 	-0.0032770415 	 -35594.459 	1492.4456 	-3891.8881 	 -0.22014555 	0.11937063 	0.0020965714 	 -1.614295 	-0.43482333 	-0.018881928 		-0.04375 -0.0051733497 -0.043941756 1200000 1
-0.0425 -79849.071 	-2321047.3 	6245.7412 	 -30584.057 	-2728624.6 	18249.123 	 -0.0046583415 	0.00073971493 	0.03450474 	 0.0010941653 	-0.00016630874 	-0.0028915428 	 -36626.285 	1279.6228 	-3985.4084 	 -0.19991749 	0.12234915 	0.002496917 	 -1.5950031 	-0.42645351 	-0.017750124 		-0.0425 -0.0050109976 -0.044460112 1200000 1
-0.04125 -59738.135 	-2332565.3 	6076.3385 	 -22329.446 	-2741217 	17795.655 	 -0.0046612319 	0.00070425255 	0.034298703 	 0.0010926585 	-0.00015795949 	-0.0029338129 	 -36686.581 	961.72266 	-4002.0461 	 -0.18091311 	0.12575213 	0.002768866 	 -1.578163 	-0.41707076 	-0.017425689 		-0.04125 -0.0048647404 -0.044993611 1200000 1
-0.04 -44097.767 	-2345007.9 	5871.931 	 -16374.736 	-2745633.1 	17024.897 	 -0.0046664172 	0.00067061091 	0.034248801 	 0.0010938196 	-0.00015055792 	-0.0028819739 	 -36924.004 	682.51266 	-4028.7449 	 -0.16024939 	0.12701044 	0.0030696898 	 -1.5585696 	-0.41318861 	-0.016836099 		-0.04 -0.0046926043 -0.045497006 1200000 1
-0.03875 -24711.028 	-2358683.8 	5703.5656 	 -9605.2729 	-2742159.6 	16214.125 	 -0.004673505 	0.00063856614 	0.034328093 	 0.0010976525 	-0.00014197693 	-0.0027416551 	 -37243.959 	402.1639 	-4058.6159 	 -0.14113946 	0.12611068 	0.0033815974 	 -1.5430263 	-0.41357323 	-0.016224999 		-0.03875 -0.004542179 -0.04601692 1200000 1
-0.0375 -8145.8502 	-2344192.9 	5509.5881 	 -3925.155 	-2764596.8 	16114.879 	 -0.0046700497 	0.00060701156 	0.033814867 	 0.0010900824 	-0.00013609252 	-0.0030290065 	 -36620.673 	117.47481 	-4014.8131 	 -0.12112333 	0.12561864 	0.0035969101 	 -1.5256881 	-0.41381839 	-0.016167753 		-0.0375 -0.0043770554 -0.046523119 1200000 1
-0.03625 8452.2774 	-2362393.4 	5341.4446 	 1504.7788 	-2743362.3 	14903.501 	 -0.0046823357 	0.00057804279 	0.034223912 	 0.0011001591 	-0.00012758117 	-0.0026752372 	 -37275.556 	-151.07533 	-4064.1473 	 -0.10116529 	0.12036297 	0.0039608323 	 -1.5093892 	-0.42386575 	-0.015237603 		-0.03625 -0.0042203384 -0.047044645 1200000 1
-0.035 27359.553 	-2352687.3 	5191.7129 	 7562.9691 	-2748405.4 	14526.668 	 -0.004683863 	0.00054937148 	0.034037245 	 0.0010988199 	-0.00012046409 	-0.0027481596 	 -36977.727 	-428.29247 	-4038.0818 	 -0.082292975 	0.11559993 	0.0042233825 	 -1.4954286 	-0.43305655 	-0.0149738 		-0.035 -0.004078929 -0.047580005 1200000 1
-0.03375 42408.116 	-2344017.5 	5030.9572 	 12518.305 	-2745328.1 	13928.67 	 -0.0046877285 	0.00052210767 	0.033983135 	 0.0011001326 	-0.00011390144 	-0.0027342505 	 -36779.797 	-694.38886 	-4017.8573 	 -0.062018468 	0.10854464 	0.0045163686 	 -1.4789209 	-0.44737471 	-0.014531162 		-0.03375 -0.0039249104 -0.048116863 1200000 1
-0.0325 61517.827 	-2336839.9 	4923.0021 	 18944.684 	-2734993.4 	13335.83 	 -0.0046936448 	0.00049611508 	0.034080265 	 0.0011041288 	-0.00010622303 	-0.0026251817 	 -36749.353 	-989.90216 	-4005.0787 	 -0.043543878 	0.09947246 	0.0048232039 	 -1.4662658 	-0.46576596 	-0.014110333 		-0.0325 -0.0038050147 -0.048694699 1200000 1
-0.03125 78090.823 	-2301623.8 	4800.293 	 24485.017 	-2750117.6 	13335.015 	 -0.0046890211 	0.00047023884 	0.033577129 	 0.0010965521 	-0.0001007833 	-0.002945976 	 -35742.349 	-1198.2371 	-3916.3377 	 -0.024033834 	0.090727199 	0.0050570122 	 -1.4519661 	-0.48395294 	-0.01415334 		-0.03125 -0.0036702204 -0.049262069 1200000 1
-0.03 95227.128 	-2298613.5 	4735.0427 	 31198.327 	-2721764 	12501.567 	 -0.0047003535 	0.00044675424 	0.033982591 	 0.0011066887 	-9.2614325e-05 	-0.0026277743 	 -35980.49 	-1543.8623 	-3919.5123 	 -0.0051460259 	0.077008317 	0.0054175692 	 -1.4384383 	-0.51221549 	-0.013557214 		-0.03 -0.0035707394 -0.049899005 1200000 1
-0.02875 115013.22 	-2267993.8 	4699.6472 	 38926.745 	-2719452 	12372.749 	 -0.0047010252 	0.00042320869 	0.033819436 	 0.0011052022 	-8.577613e-05 	-0.0027280496 	 -35349.118 	-1806.4155 	-3850.7777 	 0.012695362 	0.063891088 	0.0056985325 	 -1.427518 	-0.53961901 	-0.013528852 		-0.02875 -0.0034852756 -0.050548826 1200000 1
-0.0275 131146.15 	-2237866 	4677.4636 	 46013.759 	-2708148.5 	12123.889 	 -0.0047041545 	0.00040088197 	0.033762897 	 0.0011062228 	-7.8898449e-05 	-0.0027480601 	 -34726.676 	-2086.0863 	-3783.0963 	 0.031816295 	0.048136594 	0.0060098537 	 -1.4137415 	-0.5726457 	-0.01341029 		-0.0275 -0.003401934 -0.051231968 1200000 1
-0.02625 152030.19 	-2208907 	4740.8444 	 56164.241 	-2689385.7 	11956.052 	 -0.0047095913 	0.00037954666 	0.033878747 	 0.0011097287 	-7.1046619e-05 	-0.0026628996 	 -34343.342 	-2422.2767 	-3726.4825 	 0.048727179 	0.030331899 	0.0063325904 	 -1.4042978 	-0.61030162 	-0.013383681 		-0.02625 -0.0033648257 -0.0519817 1200000 1
-0.025 170338.93 	-2152328.9 	4798.9256 	 65196.22 	-2694863.7 	12335.81 	 -0.0047046157 	0.00035802647 	0.03341188 	 0.0011012529 	-6.5026791e-05 	-0.0030030299 	 -33013.926 	-2574.5287 	-3593.9618 	 0.06688811 	0.01279547 	0.0065975605 	 -1.3929951 	-0.64759042 	-0.013788896 		-0.025 -0.0033131939 -0.052723927 1200000 1
-0.02375 189754.82 	-2125861.2 	4975.287 	 77232.343 	-2655828.2 	12164.274 	 -0.0047158917 	0.00033895292 	0.033806925 	 0.0011103517 	-5.5732194e-05 	-0.0027128694 	 -32796.922 	-3027.0215 	-3548.3484 	 0.083747506 	-0.010349851 	0.006964785 	 -1.3825009 	-0.69718901 	-0.013794012 		-0.02375 -0.0033261474 -0.053596581 1200000 1
-0.0225 212264.4 	-2072524.3 	5202.9752 	 91456.833 	-2641967.7 	12678.632 	 -0.0047168131 	0.0003193778 	0.033689623 	 0.0011071726 	-4.80319e-05 	-0.0028190202 	 -31865.528 	-3295.1723 	-3437.2146 	 0.099500911 	-0.032706274 	0.0072609339 	 -1.3753489 	-0.74564776 	-0.014357061 		-0.0225 -0.0033511559 -0.0544811 1200000 1
-0.02125 230912.45 	-2018414.8 	5486.7808 	 104984.62 	-2616827 	13254.721 	 -0.0047204258 	0.00030104207 	0.03364695 	 0.0011060201 	-3.9249819e-05 	-0.0028560479 	 -30830.377 	-3611.0209 	-3321.6654 	 0.11643493 	-0.058289381 	0.007578193 	 -1.3646236 	-0.80146987 	-0.014983997 		-0.02125 -0.0033958488 -0.055437023 1200000 1
-0.02 255166.61 	-1964744.9 	5922.3384 	 124884.15 	-2583065.2 	14105.084 	 -0.0047268914 	0.00028341784 	0.033800438 	 0.0011064084 	-2.9766446e-05 	-0.0027651936 	 -30105.552 	-4011.4609 	-3221.2868 	 0.13052042 	-0.086040035 	0.0078892753 	 -1.3598273 	-0.86322761 	-0.015869919 		-0.02 -0.003499365 -0.056490701 1200000 1
-0.01875 276378.18 	-1884340 	6363.3084 	 142985.07 	-2571368.1 	15643.587 	 -0.00472329 	0.00026521439 	0.033415948 	 0.0010937077 	-2.1843768e-05 	-0.0030836268 	 -28527.209 	-4113.5663 	-3048.2343 	 0.14611968 	-0.11363359 	0.0081385975 	 -1.3524917 	-0.92440113 	-0.01730061 		-0.01875 -0.0035895802 -0.057540073 1200000 1
-0.0175 299197.62 	-1830236.9 	7047.9144 	 167300.24 	-2511698.8 	17029.245 	 -0.004736463 	0.0002498782 	0.033808279 	 0.0010976213 	-9.1861645e-06 	-0.002792736 	 -27833.303 	-4703.4902 	-2953.8049 	 0.15946049 	-0.14776346 	0.0084528622 	 -1.34703 	-1.0030133 	-0.018672584 		-0.0175 -0.0037780684 -0.058800114 1200000 1
-0.01625 325241.77 	-1750881.3 	7809.6056 	 196437.06 	-2475953.8 	19346.917 	 -0.0047400276 	0.00023329902 	0.033780775 	 0.0010871227 	8.1875437e-07 	-0.0028423701 	 -26660.207 	-4988.8849 	-2804.8195 	 0.17155994 	-0.1808538 	0.0086761435 	 -1.3464235 	-1.0795149 	-0.020800518 		-0.01625 -0.0039756582 -0.060069438 1200000 1
-0.015 346852.16 	-1668789.8 	8709.0355 	 224591.69 	-2423706.8 	22183.014 	 -0.0047467373 	0.00021813212 	0.033786059 	 0.0010770259 	1.3756992e-05 	-0.0028446063 	 -25251.393 	-5352.8158 	-2646.4042 	 0.18461576 	-0.21797552 	0.0088874138 	 -1.3413988 	-1.1675107 	-0.023370706 		-0.015 -0.0042148091 -0.061464626 1200000 1
-0.01375 374377.92 	-1586407.8 	9856.8593 	 266069.36 	-2360593.7 	25823.137 	 -0.0047574594 	0.0002032919 	0.034016095 	 0.001064867 	2.6621069e-05 	-0.0026627381 	 -24229.449 	-5836.6735 	-2509.1059 	 0.19398906 	-0.25737891 	0.0090410569 	 -1.3463144 	-1.2633587 	-0.026635405 		-0.01375 -0.0045260125 -0.062998635 1200000 1
-0.0125 397736.29 	-1479089.7 	10997.746 	 304447.6 	-2315853.3 	30782.152 	 -0.0047587978 	0.00018710644 	0.033785213 	 0.0010364761 	3.7643849e-05 	-0.0028464928 	 -22505.786 	-5887.2639 	-2307.4998 	 0.20507551 	-0.29695486 	0.0090883475 	 -1.3473436 	-1.3585984 	-0.030945695 		-0.0125 -0.0048268586 -0.064533699 1200000 1
-0.01125 422831.51 	-1392620.2 	12597.525 	 356722.78 	-2214545.3 	36410.233 	 -0.0047779324 	0.00017456578 	0.034196872 	 0.001020296 	5.6175614e-05 	-0.0024625711 	 -21365.791 	-6635.7838 	-2174.1644 	 0.21265811 	-0.34389286 	0.0091318044 	 -1.3549449 	-1.4813598 	-0.035889363 		-0.01125 -0.0052647608 -0.066399717 1200000 1
-0.01 449702.79 	-1284183.2 	14219.031 	 419411.41 	-2136871.5 	43863.059 	 -0.0047888575 	0.00015945103 	0.03432505 	 0.00098305564 	6.8971415e-05 	-0.0022826623 	 -20035.3 	-6962.499 	-2002.4207 	 0.21886701 	-0.38980003 	0.0090092616 	 -1.3705779 	-1.5988865 	-0.042290222 		-0.01 -0.0057080761 -0.06826567 1200000 1
-0.00875 471297.83 	-1170894.2 	16077.466 	 482910.24 	-2031054.3 	53119.006 	 -0.0048037224 	0.00014568698 	0.034429065 	 0.00094026711 	8.6960347e-05 	-0.0020905984 	 -18349.318 	-7379.9987 	-1819.3744 	 0.22553575 	-0.44043743 	0.008791251 	 -1.3829906 	-1.7370837 	-0.050184841 		-0.00875 -0.0062199361 -0.070349802 1200000 1
-0.0075 496121.49 	-1057350 	18152.376 	 575594.13 	-1914199.1 	64477.548 	 -0.0048261195 	0.00013104316 	0.034844098 	 0.00087476443 	0.00010237059 	-0.0014828391 	 -17169.967 	-8075.6193 	-1668.5581 	 0.2279185 	-0.49373178 	0.0084010518 	 -1.4158012 	-1.8825829 	-0.059806682 		-0.0075 -0.0068178904 -0.072622775 1200000 1
-0.00625 514390.58 	-922011.76 	20032.067 	 664284.91 	-1805745.5 	79052.96 	 -0.0048405242 	0.00011306976 	0.034941524 	 0.00077974416 	0.00011275271 	-0.0010857879 	 -15490.673 	-8258.7136 	-1471.229 	 0.23179298 	-0.54854065 	0.0077826846 	 -1.4436119 	-2.0313393 	-0.071990034 		-0.00625 -0.0074129831 -0.074915122 1200000 1
-0.005 532005 	-803845.99 	22538.538 	 793786.46 	-1636407 	96379.981 	 -0.0048701558 	9.8483817e-05 	0.035437369 	 0.00067652756 	0.00013050913 	-0.00025866168 	 -14087.417 	-9237.2629 	-1331.258 	 0.23195902 	-0.6092874 	0.0070091592 	 -1.4990602 	-2.2140104 	-0.086519217 		-0.005 -0.0081881871 -0.077729577 1200000 1
-0.00375 541216.41 	-666343.28 	24830.737 	 948541.13 	-1476996.1 	119350.5 	 -0.0048799171 	8.011456e-05 	0.03567215 	 0.00056969559 	0.00012747525 	0.00033444632 	 -12236.931 	-9716.2436 	-1133.723 	 0.23383691 	-0.67495895 	0.0057656264 	 -1.5702655 	-2.3969246 	-0.10559427 		-0.00375 -0.0090204524 -0.080680255 1200000 1
-0.0025 539540.99 	-528187.98 	27144.212 	 1114144.8 	-1275511.8 	146719.14 	 -0.0048702965 	6.2096132e-05 	0.03552156 	 0.00046799544 	0.00011892701 	0.0004887957 	 -9720.726 	-9860.1899 	-906.4701 	 0.23912545 	-0.74350503 	0.004226061 	 -1.6489378 	-2.6103853 	-0.1282659 		-0.0025 -0.009916615 -0.083849409 1200000 1
-0.00125 528798.01 	-375704.06 	28287.69 	 1323347.6 	-1085790.2 	177417.22 	 -0.0049015269 	4.1840308e-05 	0.035968954 	 0.00026396094 	0.00010754873 	0.0019174374 	 -7770.2737 	-10820.199 	-690.56341 	 0.24032751 	-0.82238437 	0.0023673306 	 -1.7603496 	-2.8130611 	-0.1534989 		-0.00125 -0.010860052 -0.087119838 1200000 1
5.2475385e-17 282430.74 	-263066.41 	15353.737 	 761263.19 	-927270.32 	102634.36 	 -0.0049281647 	2.1600382e-05 	0.036179182 	 0.00010396012 	0.00010146056 	0.0030014309 	 -6151.6565 	-6067.6763 	-554.5043 	 0.24074035 	0.092528925 	0.001476478 	 -1.7720013 	0.90767735 	-0.16309753 		5.2475385e-17 -0.011149329 -0.087667818 650000 1
0.00125 39592.762 	-205750.4 	1918.8467 	 114782.76 	-842537.12 	14799.964 	 -0.0049347451 	9.2560784e-07 	0.036120391 	 2.9184294e-05 	9.0031396e-05 	0.003416281 	 -5162.1608 	-912.49125 	-490.90426 	 0.24130297 	1.0086255 	0.0018455069 	 -1.6648652 	4.6285231 	-0.15256372 		0.00125 -0.010628699 -0.084847617 100000 1
0.0025 37374.4 	-194632.44 	1560.8971 	 101190.14 	-826521.71 	12232.993 	 -0.0049337049 	-1.9230986e-05 	0.035771981 	 3.53203e-05 	7.5838035e-05 	0.0031436949 	 -4782.3847 	-829.53549 	-462.65124 	 0.24173684 	0.932826 	0.0032087095 	 -1.4611153 	4.4365332 	-0.12643132 		0.0025 -0.0094584636 -0.079373925 100000 1
0.00375 35655.805 	-184536.53 	1256.4661 	 90370.383 	-806003.46 	9915.008 	 -0.004962563 	-3.5858394e-05 	0.035821748 	 3.2434615e-05 	7.0055553e-05 	0.0033170388 	 -4649.5361 	-785.24036 	-443.21959 	 0.23836833 	0.86815512 	0.0042501263 	 -1.2843947 	4.2003283 	-0.1028388 		0.00375 -0.0083249008 -0.073923872 100000 1
0.005 33377.156 	-175144.68 	998.27537 	 80554.54 	-789590.8 	7957.5926 	 -0.0049750291 	-5.4610584e-05 	0.035676423 	 3.3444322e-05 	6.2064357e-05 	0.0032471779 	 -4422.333 	-722.95887 	-422.95009 	 0.24035519 	0.80730837 	0.005033409 	 -1.115031 	4.0074969 	-0.082886929 		0.005 -0.007243957 -0.068698821 100000 1
0.00625 31353.856 	-166157.36 	803.59075 	 71948.913 	-773287.41 	6432.5769 	 -0.0049692512 	-7.5415107e-05 	0.035418649 	 3.9799426e-05 	4.9840943e-05 	0.0029693048 	 -4119.6155 	-649.72095 	-398.29358 	 0.24378805 	0.75165123 	0.0054322216 	 -0.96304011 	3.8150531 	-0.067320206 		0.00625 -0.0062243399 -0.063612913 100000 1
0.0075 29498.17 	-159226.67 	656.49435 	 66449.337 	-758449.61 	5160.384 	 -0.0049767148 	-9.4718494e-05 	0.035301875 	 4.4943538e-05 	4.2853566e-05 	0.0028854236 	 -3917.3702 	-612.15813 	-380.49299 	 0.2464611 	0.70390742 	0.0057045145 	 -0.84175597 	3.6488903 	-0.054344985 		0.0075 -0.0053634094 -0.05909419 100000 1
0.00875 27487.957 	-151871.49 	528.14956 	 60579.23 	-744516.32 	4134.165 	 -0.0049723113 	-0.00011405272 	0.03512044 	 4.9290947e-05 	3.6195312e-05 	0.002690224 	 -3687.8056 	-557.63826 	-361.4263 	 0.25106729 	0.65668205 	0.00582159 	 -0.71694175 	3.4875101 	-0.043837678 		0.00875 -0.0045052667 -0.05466257 100000 1
0.01 26031.09 	-145213.7 	429.18068 	 56477.579 	-730557.35 	3271.5263 	 -0.004970576 	-0.00013278701 	0.034997782 	 5.1972233e-05 	2.9478106e-05 	0.0025492235 	 -3486.5874 	-520.29465 	-343.77497 	 0.25272368 	0.61342227 	0.0058220834 	 -0.61209379 	3.3294966 	-0.035006127 		0.01 -0.0037133449 -0.050343408 100000 1
0.01125 24347.708 	-139211.81 	345.9744 	 52515.521 	-718245.01 	2574.12 	 -0.0049713705 	-0.00015131207 	0.034904472 	 5.4766599e-05 	2.5602944e-05 	0.0024518323 	 -3323.404 	-484.90282 	-329.00078 	 0.25625914 	0.57388357 	0.0057663023 	 -0.50749479 	3.1906062 	-0.027843905 		0.01125 -0.0029890992 -0.046378346 100000 1
0.0125 22965.302 	-132724.32 	276.92572 	 49053.732 	-705759.81 	1983.887 	 -0.0049606879 	-0.0001704131 	0.034738405 	 5.6736969e-05 	2.0392536e-05 	0.002232684 	 -3116.5812 	-442.6977 	-311.5522 	 0.25866738 	0.53408855 	0.0056272103 	 -0.40974426 	3.0461307 	-0.021768602 		0.0125 -0.0022640877 -0.042345218 100000 1
0.01375 21728.366 	-127871.05 	223.80872 	 46595.551 	-694530.6 	1503.4598 	 -0.0049675559 	-0.00018898656 	0.034718286 	 5.9475846e-05 	1.783147e-05 	0.0022182065 	 -3000.0471 	-424.3367 	-299.54331 	 0.26001505 	0.50075455 	0.0054757621 	 -0.32175673 	2.9240748 	-0.01681958 		0.01375 -0.0016530457 -0.038721859 100000 1
0.015 20378.799 	-122524.95 	176.96724 	 43842.022 	-683777.27 	1100.7591 	 -0.0049628913 	-0.00020816403 	0.034620117 	 6.158793e-05 	1.5246096e-05 	0.0020880969 	 -2850.6295 	-392.81467 	-286.02281 	 0.26287906 	0.4671623 	0.0052827689 	 -0.23078666 	2.8024302 	-0.012652233 		0.015 -0.0010418699 -0.035161943 100000 1
0.01625 19397.453 	-117640.48 	141.08126 	 41929.474 	-673214.36 	762.51115 	 -0.0049607983 	-0.00022748723 	0.034553012 	 6.3569362e-05 	1.262058e-05 	0.0019884634 	 -2713.9632 	-370.80629 	-273.06239 	 0.26356963 	0.43601653 	0.0050657986 	 -0.14960561 	2.6854141 	-0.0091484341 		0.01625 -0.00047858779 -0.031685919 100000 1
0.0175 18263.046 	-113220.33 	110.61358 	 39957.159 	-663460.62 	488.76958 	 -0.0049612559 	-0.00024707227 	0.034514771 	 6.5753696e-05 	1.125106e-05 	0.0019295248 	 -2605.0295 	-349.83648 	-262.21189 	 0.26563836 	0.40749155 	0.0048456462 	 -0.066915631 	2.5786392 	-0.0062991012 		0.0175 3.5958926e-05 -0.028479178 100000 1
0.01875 17329.005 	-108317.69 	85.279048 	 38244.279 	-653866.08 	233.34554 	 -0.0049502011 	-0.00026732803 	0.034397459 	 6.6942283e-05 	9.2315477e-06 	0.0017511004 	 -2455.9472 	-322.7337 	-249.04817 	 0.26692057 	0.37858754 	0.0046073113 	 0.012063781 	2.4694271 	-0.0036403864 		0.01875 0.00055137317 -0.025217949 100000 1
0.02 16492.409 	-104719.04 	65.780524 	 37016.105 	-644655.67 	45.875823 	 -0.0049565992 	-0.00028740975 	0.034421207 	 6.927493e-05 	8.4294965e-06 	0.0017630522 	 -2379.3136 	-312.64338 	-240.20084 	 0.26744312 	0.3542496 	0.0043819573 	 0.086536573 	2.372997 	-0.001676381 		0.02 0.00098308652 -0.022272637 100000 1
0.02125 15580.053 	-100645.78 	48.356805 	 35631.157 	-635892.19 	-132.18459 	 -0.0049515097 	-0.00030834436 	0.034365679 	 7.0747697e-05 	7.6109647e-06 	0.0016634918 	 -2272.0625 	-292.53117 	-229.9638 	 0.26908177 	0.32965369 	0.0041522365 	 0.16277962 	2.2766916 	0.00019076083 		0.02125 0.0014154915 -0.019381928 100000 1
0.0225 14916.404 	-96910.76 	34.963151 	 34698.357 	-627187.39 	-286.86017 	 -0.0049488917 	-0.00032958457 	0.034335919 	 7.2212849e-05 	6.7249867e-06 	0.0015891641 	 -2173.1531 	-278.71677 	-220.11648 	 0.26918189 	0.30675543 	0.0039263766 	 0.23368355 	2.1832515 	0.0018140554 		0.0225 0.0018122039 -0.016552835 100000 1
0.02375 14150.826 	-93515.65 	23.404184 	 33764.781 	-618857.08 	-409.82623 	 -0.0049488309 	-0.00035141199 	0.034333434 	 7.3857811e-05 	6.4639299e-06 	0.0015514027 	 -2095.1505 	-265.75644 	-211.88036 	 0.27027879 	0.2856901 	0.0037113024 	 0.30548076 	2.0953896 	0.0031144414 		0.02375 0.0021734192 -0.013947098 100000 1
0.025 13522.678 	-89665.26 	13.720498 	 32962.706 	-610809.77 	-555.74617 	 -0.0049372336 	-0.00037411189 	0.034250728 	 7.4490959e-05 	5.8700838e-06 	0.0013987384 	 -1981.4312 	-247.30404 	-201.61941 	 0.27084883 	0.26434633 	0.0034985439 	 0.37529825 	2.0063022 	0.0046404319 		0.025 0.002535161 -0.011292822 100000 1
0.02625 12961.081 	-86889.297 	6.0143077 	 32476.019 	-602586.07 	-637.77624 	 -0.0049429856 	-0.00039684293 	0.03430434 	 7.6383977e-05 	5.8272899e-06 	0.0014234914 	 -1927.1907 	-242.14745 	-194.91115 	 0.27086746 	0.24621602 	0.0033014495 	 0.44246123 	1.9238264 	0.0055186789 		0.02625 0.0028346261 -0.0089023923 100000 1
0.0275 12352.407 	-83663.707 	-0.93879273 	 31939.575 	-594810.73 	-741.4957 	 -0.0049372865 	-0.00042073902 	0.034279422 	 7.7351944e-05 	5.8301149e-06 	0.0013419707 	 -1845.5282 	-228.92124 	-186.91095 	 0.27170547 	0.22789272 	0.003110912 	 0.51048065 	1.8415105 	0.0066119534 		0.0275 0.0031349646 -0.0065616938 100000 1
0.02875 11912.48 	-80694.134 	-6.5148281 	 31643.964 	-586938.71 	-836.27271 	 -0.0049339614 	-0.00044512311 	0.034277697 	 7.8389318e-05 	5.7376681e-06 	0.0012822131 	 -1769.4783 	-220.21227 	-179.18674 	 0.27146744 	0.21076171 	0.0029302008 	 0.57567716 	1.7602819 	0.0076102194 		0.02875 0.0034082023 -0.0042710506 100000 1
0.03 11409.31 	-77977.588 	-11.474753 	 31451.213 	-579172.13 	-908.13607 	 -0.0049331836 	-0.00047041381 	0.034302097 	 7.9601642e-05 	6.0019384e-06 	0.0012561154 	 -1709.9972 	-212.39951 	-172.72242 	 0.27192507 	0.19490274 	0.0027614249 	 0.64081248 	1.6817263 	0.0083755283 		0.03 0.0036551849 -0.0021794742 100000 1
0.03125 11000.958 	-74833.463 	-15.699076 	 31301.311 	-571748.14 	-1026.5409 	 -0.0049208555 	-0.00049687439 	0.034247106 	 7.9824257e-05 	6.1116178e-06 	0.0011206363 	 -1619.0619 	-199.389 	-164.45867 	 0.27205644 	0.17885815 	0.0026009375 	 0.7051719 	1.6025778 	0.0096040398 		0.03125 0.0039024728 -4.2572716e-05 100000 1
0.0325 10639.44 	-72589.941 	-19.46176 	 31410.503 	-563714.13 	-1069.9831 	 -0.0049257424 	-0.00052353095 	0.034324401 	 8.1362892e-05 	6.4271125e-06 	0.0011508023 	 -1577.4902 	-197.71447 	-159.16814 	 0.27175264 	0.16502313 	0.0024518263 	 0.7676523 	1.5253393 	0.010077515 		0.0325 0.0041024353 0.001853478 100000 1
0.03375 10253.488 	-69921.771 	-22.802947 	 31565.196 	-556139.12 	-1153.7469 	 -0.004919221 	-0.00055176489 	0.034324808 	 8.1964562e-05 	6.8595422e-06 	0.0010808724 	 -1512.0179 	-189.06189 	-152.68321 	 0.27204913 	0.15105879 	0.0023121818 	 0.83019493 	1.448392 	0.010952858 		0.03375 0.0043033757 0.0037028807 100000 1
0.035 9979.5003 	-67447.647 	-25.792106 	 31813.544 	-548301.27 	-1232.8327 	 -0.0049149633 	-0.00058071749 	0.03434707 	 8.2687054e-05 	7.1782274e-06 	0.001029763 	 -1450.0291 	-183.87284 	-146.3771 	 0.27160077 	0.13789959 	0.0021818086 	 0.89171245 	1.370769 	0.011778167 		0.035 0.0044831667 0.0055033618 100000 1
0.03625 9672.7518 	-65161.383 	-28.521041 	 32294.002 	-540356.69 	-1288.6225 	 -0.0049132309 	-0.00061095988 	0.034394831 	 8.3590156e-05 	7.7341318e-06 	0.00101049 	 -1401.7468 	-179.72694 	-141.08061 	 0.27159984 	0.12560308 	0.0020611101 	 0.95203172 	1.2935428 	0.012367892 		0.03625 0.0046430553 0.0071138992 100000 1
0.0375 9429.99 	-62474.61 	-30.891093 	 32739.359 	-532790.9 	-1409.3888 	 -0.0048999416 	-0.00064278686 	0.034364875 	 8.352718e-05 	8.2514879e-06 	0.00088797532 	 -1326.0195 	-170.29744 	-134.17057 	 0.27142964 	0.11318594 	0.0019507322 	 1.0126058 	1.216156 	0.013606039 		0.0375 0.0048031277 0.0087677055 100000 1
0.03875 9220.7665 	-60547.104 	-33.361873 	 33443.243 	-524200.86 	-1435.9699 	 -0.0049036914 	-0.00067498718 	0.034463789 	 8.4811982e-05 	8.777876e-06 	0.00091942202 	 -1291.0257 	-171.4115 	-129.76525 	 0.27086823 	0.10221295 	0.0018457937 	 1.0715636 	1.1362969 	0.013898931 		0.03875 0.0049259465 0.010179001 100000 1
0.04 9005.0486 	-58220.868 	-35.408925 	 34292.665 	-516089.69 	-1517.7927 	 -0.0048960883 	-0.00070932401 	0.034487987 	 8.5161727e-05 	9.4906353e-06 	0.00085821114 	 -1235.9579 	-165.98276 	-124.27661 	 0.27074265 	0.091169307 	0.0017514469 	 1.1297583 	1.0569532 	0.014743181 		0.04 0.0050498586 0.01154584 100000 1
0.04125 8858.8047 	-56038.737 	-37.481375 	 35110.214 	-507519.36 	-1594.7213 	 -0.0048906135 	-0.00074469086 	0.034533336 	 8.5663155e-05 	1.0081849e-05 	0.00081267316 	 -1182.3992 	-163.39024 	-118.87437 	 0.27010508 	0.080618768 	0.0016644116 	 1.1884753 	0.9749487 	0.015536525 		0.04125 0.0051564875 0.012853849 100000 1
0.0425 8703.8599 	-53993.385 	-39.286288 	 36326.334 	-498638.86 	-1642.7519 	 -0.0048876317 	-0.00078185442 	0.034604053 	 8.6350007e-05 	1.085768e-05 	0.00079814264 	 -1140.6331 	-162.05373 	-114.30794 	 0.26970134 	0.070631903 	0.0015843401 	 1.2445496 	0.891191 	0.016039009 		0.0425 0.0052474536 0.013967942 100000 1
0.04375 8589.2417 	-51576.034 	-40.825893 	 37424.86 	-490163.38 	-1773.3429 	 -0.0048730898 	-0.00082118072 	0.034599218 	 8.6083788e-05 	1.1680065e-05 	0.00068742724 	 -1075.3606 	-154.98599 	-108.29201 	 0.2692522 	0.060564414 	0.0015160053 	 1.3019265 	0.80762895 	0.017366188 		0.04375 0.0053385046 0.015123658 100000 1
0.045 8498.4072 	-49795.444 	-42.56324 	 38828.331 	-480194.56 	-1782.7933 	 -0.0048753578 	-0.00086111302 	0.034720263 	 8.7180318e-05 	1.239826e-05 	0.00071791461 	 -1042.8225 	-158.53053 	-104.38346 	 0.26839599 	0.051350206 	0.0014470995 	 1.3575276 	0.71674913 	0.01747979 		0.045 0.0053986235 0.01601005 100000 1
0.04625 8414.525 	-47645.6 	-43.723262 	 40498.122 	-470739.61 	-1860.7658 	 -0.0048663452 	-0.00090395667 	0.034769253 	 8.733732e-05 	1.3362021e-05 	0.00066524508 	 -994.48214 	-155.44705 	-99.525771 	 0.26785052 	0.04212173 	0.0013898013 	 1.4113622 	0.62676143 	0.018277699 		0.04625 0.0054600229 0.016853936 100000 1
0.0475 8367.1498 	-45597.823 	-44.971392 	 42012.186 	-460565.97 	-1929.455 	 -0.0048592877 	-0.00094827014 	0.034839065 	 8.7656564e-05 	1.4215537e-05 	0.0006243726 	 -945.65054 	-154.84009 	-94.66429 	 0.26694739 	0.033128198 	0.0013377952 	 1.4672441 	0.53155424 	0.018981547 		0.0475 0.0055062944 0.017615727 100000 1
0.04875 8328.613 	-43646.311 	-45.691835 	 44157.549 	-449856.94 	-1957.1134 	 -0.0048546805 	-0.00099508618 	0.034934598 	 8.8148776e-05 	1.5229257e-05 	0.00061485367 	 -907.34972 	-155.7595 	-90.527794 	 0.26608855 	0.024487147 	0.0012901096 	 1.5184441 	0.43225312 	0.019273671 		0.04875 0.0055396203 0.018166316 100000 1
0.05 8311.1099 	-41355.73 	-46.098385 	 46084.916 	-439573.83 	-2083.5355 	 -0.0048385099 	-0.0010448832 	0.034957189 	 8.7676408e-05 	1.635515e-05 	0.00051785305 	 -849.64091 	-150.18509 	-85.100003 	 0.26527994 	0.015782844 	0.0012554861 	 1.5721708 	0.33347316 	0.020552737 		0.05 0.0055728745 0.018756652 100000 1
0.05125 8309.1131 	-39589.777 	-46.417789 	 48431.996 	-427187.6 	-2049.9318 	 -0.0048388512 	-0.0010956252 	0.035102919 	 8.8558686e-05 	1.7335548e-05 	0.00054691534 	 -816.76984 	-155.92357 	-81.432126 	 0.26399738 	0.0074846158 	0.0012143006 	 1.6233353 	0.22118441 	0.02023014 		0.05125 0.0055786381 0.019020892 100000 1
0.0525 8321.4704 	-37491.409 	-45.86823 	 51210.317 	-415381.5 	-2093.5061 	 -0.0048280067 	-0.0011503748 	0.035179817 	 8.8457833e-05 	1.8587459e-05 	0.00050581617 	 -772.94139 	-154.57461 	-76.981672 	 0.26293206 	-0.00077352845 	0.0011854633 	 1.6713326 	0.11048113 	0.020678481 		0.0525 0.0055859956 0.019245232 100000 1
0.05375 8344.482 	-35459.355 	-45.193098 	 53702.446 	-402470.23 	-2114.0179 	 -0.0048188898 	-0.0012072373 	0.035277498 	 8.8496353e-05 	1.9781675e-05 	0.00047139027 	 -726.58279 	-155.47828 	-72.445584 	 0.26159491 	-0.0090067126 	0.0011596131 	 1.7229849 	-0.0092206172 	0.020895398 		0.05375 0.0055789606 0.01934576 100000 1
0.055 8384.4118 	-33493.277 	-43.423212 	 57188.537 	-388750.48 	-2067.3414 	 -0.0048121707 	-0.0012676166 	0.035401716 	 8.862986e-05 	2.1103889e-05 	0.00047052835 	 -689.91537 	-158.26722 	-68.579968 	 0.26013759 	-0.017021095 	0.0011348613 	 1.7666949 	-0.13581668 	0.020439307 		0.055 0.00556067 0.019202569 100000 1
0.05625 8428.3497 	-31229.575 	-41.183465 	 60320.303 	-375470.08 	-2126.5748 	 -0.0047938802 	-0.0013321588 	0.035456139 	 8.7722441e-05 	2.257571e-05 	0.00039381283 	 -638.27728 	-153.60689 	-63.593388 	 0.2587957 	-0.025105206 	0.0011235384 	 1.8145336 	-0.26161497 	0.02104176 		0.05625 0.0055420111 0.019095964 100000 1
0.0575 8478.3757 	-29384.745 	-38.022073 	 64135.811 	-359187.34 	-1962.6196 	 -0.0047917138 	-0.0013981658 	0.035631009 	 8.8097094e-05 	2.3957899e-05 	0.00042406364 	 -603.46858 	-161.272 	-60.062337 	 0.25687849 	-0.033081188 	0.0010990314 	 1.8576016 	-0.40996183 	0.019411377 		0.0575 0.0054972136 0.018565656 100000 1
0.05875 8539.0176 	-27257.284 	-33.605833 	 68638.655 	-343630.82 	-1867.5805 	 -0.0047784857 	-0.0014697605 	0.035740947 	 8.7312132e-05 	2.5532281e-05 	0.00040328457 	 -563.02026 	-161.33666 	-55.952727 	 0.25511729 	-0.040975294 	0.0010859504 	 1.89525 	-0.55522505 	0.018469408 		0.05875 0.0054544779 0.018000716 100000 1
0.06 8590.7678 	-25168.449 	-28.453504 	 72741.453 	-326304.92 	-1708.1776 	 -0.004766682 	-0.0015444352 	0.035871843 	 8.655385e-05 	2.7177861e-05 	0.00038220209 	 -518.17007 	-163.349 	-51.702838 	 0.25310715 	-0.048986268 	0.0010720111 	 1.9380323 	-0.71599708 	0.016883271 		0.06 0.0053969859 0.017240857 100000 1
0.06125 8648.4465 	-23129.023 	-21.365698 	 78494.245 	-307848.79 	-1420.8684 	 -0.0047572095 	-0.0016241072 	0.036030461 	 8.5587308e-05 	2.8824753e-05 	0.00040069553 	 -482.18335 	-167.88943 	-48.108771 	 0.25086615 	-0.056841654 	0.0010538613 	 1.9667706 	-0.8869386 	0.014017199 		0.06125 0.0053293552 0.01618643 100000 1
0.0625 8692.9462 	-20848.151 	-13.696598 	 83696.214 	-289804.97 	-1211.4351 	 -0.0047361442 	-0.0017096817 	0.036123114 	 8.3325491e-05 	3.0567027e-05 	0.0003602357 	 -435.9386 	-164.20156 	-43.59392 	 0.24876116 	-0.064805009 	0.0010462566 	 2.0018826 	-1.0571798 	0.011929535 		0.0625 0.0052608237 0.015161307 100000 1
0.06375 8725.962 	-18890.597 	-3.5098007 	 90302.624 	-267299.45 	-658.5241 	 -0.0047306948 	-0.0017975252 	0.036332939 	 8.2022563e-05 	3.239636e-05 	0.00040202443 	 -398.65943 	-173.47166 	-40.267006 	 0.24600801 	-0.072742487 	0.0010172507 	 2.0255299 	-1.26458 	0.0064064121 		0.06375 0.0051663808 0.013552001 100000 1
0.065 8740.278 	-16720.102 	7.7908218 	 98059.782 	-245910.19 	-116.92215 	 -0.0047143334 	-0.0018932427 	0.036482598 	 7.8985908e-05 	3.4014328e-05 	0.00042341666 	 -360.53977 	-175.64583 	-36.566474 	 0.24339941 	-0.080627931 	0.00099444719 	 2.0395109 	-1.4649516 	0.00099594269 		0.065 0.0050745094 0.011922066 100000 1
0.06625 8731.5593 	-14580.209 	20.79613 	 105580.86 	-221486.38 	612.48932 	 -0.0046989896 	-0.0019935137 	0.036652514 	 7.5550182e-05 	3.5879412e-05 	0.00043539877 	 -316.9258 	-178.83099 	-32.719182 	 0.24052918 	-0.088612388 	0.00096322826 	 2.0573801 	-1.6933135 	-0.0062929043 		0.06625 0.0049670118 0.0099713983 100000 1
0.0675 8668.649 	-12493.51 	35.66563 	 116191.16 	-195916.76 	1604.2095 	 -0.0046849069 	-0.0021053797 	0.036875626 	 7.0325892e-05 	3.7193578e-05 	0.00051696925 	 -280.89494 	-188.00464 	-29.486379 	 0.23748777 	-0.096499029 	0.00091851959 	 2.047371 	-1.932065 	-0.016205248 		0.0675 0.0048502409 0.0076590858 100000 1
0.06875 8569.5683 	-10243.798 	50.140111 	 126122.55 	-170176.23 	2655.1232 	 -0.0046584014 	-0.0022282469 	0.037051863 	 6.2799703e-05 	3.8139021e-05 	0.00057404363 	 -238.96694 	-190.32562 	-25.568925 	 0.2345231 	-0.10461386 	0.00087434839 	 2.0453752 	-2.1757274 	-0.026709411 		0.06875 0.004731642 0.005349821 100000 1
0.07 8398.6115 	-8269.3332 	68.516052 	 140157.03 	-139180.33 	4305.6122 	 -0.0046419209 	-0.0023573441 	0.037340447 	 5.4934129e-05 	3.931552e-05 	0.00067810715 	 -200.05416 	-203.05649 	-22.449825 	 0.23122084 	-0.11231903 	0.00079777804 	 2.0055433 	-2.4645175 	-0.043209739 		0.07 0.0045875205 0.0021962333 100000 1
0.07125 8060.1381 	-6119.4473 	85.883195 	 156374.61 	-107967.41 	6280.9556 	 -0.0046104656 	-0.0024886079 	0.037495429 	 4.6088405e-05 	3.901523e-05 	0.00077131591 	 -156.08688 	-210.98866 	-18.678466 	 0.22849132 	-0.12074262 	0.00070394111 	 1.9498903 	-2.7581232 	-0.062958176 		0.07125 0.0044379171 -0.0011637333 100000 1
0.0725 7622.9208 	-4030.7855 	103.51904 	 173228.06 	-73230.251 	8659.8874 	 -0.0045648869 	-0.0026148922 	0.037522539 	 3.7584317e-05 	3.8802312e-05 	0.00079495368 	 -104.75401 	-211.75593 	-14.450537 	 0.22628358 	-0.12942095 	0.00059108285 	 1.8868559 	-3.0859733 	-0.086742532 		0.0725 0.0042797468 -0.0048744466 100000 1
0.07375 7028.7742 	-2030.1024 	114.60327 	 194635.72 	-38323.445 	11357.362 	 -0.0045435171 	-0.0027602286 	0.037767039 	 2.1143991e-05 	3.5075185e-05 	0.0009892697 	 -56.132426 	-229.70669 	-10.421271 	 0.22416526 	-0.13788758 	0.00045689209 	 1.7775815 	-3.4161913 	-0.1137117 		0.07375 0.0041184305 -0.008791187 100000 1
0.075 6127.8775 	-593.69685 	107.687 	 209800.55 	-22800.072 	12403.993 	 -0.0045387762 	-0.0028173079 	0.037859235 	 1.4542745e-05 	3.3774482e-05 	0.0010612509 	 -23.372984 	-227.53274 	-6.2954549 	 0.22327603 	-0.1412476 	0.00040501586 	 1.736793 	-3.5510934 	-0.12417161 		0.075 0.0039414287 -0.013245587 100000 1
