# x jRe_x jRe_y jRe_z jIm_x jIm_y jIm_z BRe_x BRe_y BRe_z BIm_x BIm_y BIm_z F_x F_y F_z VReGrad_x VReGrad_y VReGrad_z VImGrad_x VImGrad_y VImGrad_z s VRe VIm sigma mur
-0.035 -19341.409 	50858.172 	7645.9854 	 -346586.32 	535674.52 	120729.28 	 0.0058134104 	0.0027038638 	0.042362916 	 -0.00020010662 	-0.00038116297 	0.0045530669 	 2310.7647 	1207.8034 	-56.33098 	 -0.66079497 	0.61616495 	0.0006550567 	 -3.0155345 	3.7367336 	-0.10152081 		-0.035 0.0040023384 0.018193384 1200000 1
-0.03375 -122841.18 	107690.23 	9359.8781 	 -621079.8 	540296.56 	110848.88 	 0.0056001043 	0.0026472358 	0.042160488 	 -0.0002657883 	-0.00038959553 	0.0042924213 	 3417.2208 	3914.8973 	-260.10575 	 -0.63856938 	0.59796545 	0.00078190713 	 -2.7607638 	3.4816828 	-0.093521109 		-0.03375 0.0031468405 0.01423874 1200000 1
-0.0325 -258034.02 	120745.78 	12211.58 	 -1134127.8 	429102.33 	124679.52 	 0.0052055452 	0.0026649494 	0.041830918 	 -0.00026928821 	-0.00039925613 	0.0039715847 	 3323.3914 	7685.7386 	-363.74166 	 -0.58679442 	0.59762849 	-0.00025750371 	 -2.3204686 	3.365494 	-0.10527858 		-0.0325 0.0023779089 0.011115253 1200000 1
-0.03125 -401103.7 	127477.49 	14561.232 	 -1556445.2 	354709.76 	133127.75 	 0.004839979 	0.0026817369 	0.041411081 	 -0.00026540545 	-0.00041479599 	0.0037216669 	 3222.7428 	11267.114 	-468.30193 	 -0.52998051 	0.59555514 	-0.0010974881 	 -1.9529055 	3.2258146 	-0.11254181 		-0.03125 0.0016784574 0.0084882581 1200000 1
-0.03 -545790.51 	127140.21 	16413.492 	 -1906058.4 	291664.32 	137325.37 	 0.0044996806 	0.0026989883 	0.041083196 	 -0.00025460722 	-0.00042773902 	0.0036257913 	 3050.713 	14778.148 	-572.71817 	 -0.47210661 	0.59290713 	-0.0017275626 	 -1.6431977 	3.0838892 	-0.11624917 		-0.03 0.0010529226 0.0062820052 1200000 1
-0.02875 -686902.66 	124039.33 	17794.959 	 -2192593.3 	239919.75 	138317.27 	 0.0041822821 	0.002715919 	0.040808367 	 -0.00024088774 	-0.00043834647 	0.0036362139 	 2879.8425 	18124.443 	-679.48522 	 -0.41627719 	0.58719098 	-0.0021701219 	 -1.3839708 	2.9394091 	-0.11726457 		-0.02875 0.00049940409 0.0044276339 1200000 1
-0.0275 -823077.84 	120147.2 	18751.77 	 -2430350.9 	202196.3 	136940.76 	 0.0038859149 	0.0027326278 	0.040572536 	 -0.00022543475 	-0.00044646111 	0.0037173523 	 2724.8506 	21365.271 	-791.70887 	 -0.3628584 	0.57755313 	-0.0024550415 	 -1.1638368 	2.7898668 	-0.11628116 		-0.0275 1.4542069e-05 0.0028678554 1200000 1
-0.02625 -953456.42 	114878.87 	19330.393 	 -2630684.7 	170564.81 	133799.27 	 0.0036082453 	0.00274899 	0.040374029 	 -0.00020940143 	-0.00045240292 	0.0038488233 	 2564.2513 	24464.404 	-905.13552 	 -0.31205495 	0.56522131 	-0.0026091115 	 -0.97377813 	2.6415061 	-0.11379893 		-0.02625 -0.00040447477 0.0015622907 1200000 1
-0.025 -1077421.4 	109520.17 	19580.15 	 -2800402.1 	145615.49 	129366.31 	 0.0033477456 	0.0027649913 	0.040204349 	 -0.000193663 	-0.00045668079 	0.0040080395 	 2413.1611 	27443.258 	-1021.1602 	 -0.2640215 	0.54969428 	-0.0026599417 	 -0.80852212 	2.4935537 	-0.11021068 		-0.025 -0.00076150474 0.00047620187 1200000 1
-0.02375 -1194673.6 	103363.2 	19547.412 	 -2945238.8 	124391.8 	124003.41 	 0.0031025874 	0.0027805313 	0.040066177 	 -0.00017826185 	-0.00045938807 	0.0041930431 	 2256.6219 	30280.4 	-1136.4147 	 -0.2187927 	0.53209253 	-0.0026298476 	 -0.66362425 	2.3480969 	-0.10581729 		-0.02375 -0.0010597315 -0.00041760459 1200000 1
-0.0225 -1304961.5 	97390.602 	19275.448 	 -3069106.3 	106755.09 	117983.43 	 0.0028714762 	0.0027955402 	0.039948686 	 -0.000163832 	-0.00046123865 	0.0043837435 	 2108.8071 	32977.1 	-1251.1482 	 -0.17641673 	0.5120305 	-0.0025400746 	 -0.53614255 	2.204946 	-0.10084611 		-0.0225 -0.0013030863 -0.0011427528 1200000 1
-0.02125 -1408259.7 	90965.404 	18803.336 	 -3175369.7 	91707.235 	111523.48 	 0.0026529509 	0.002809973 	0.039857806 	 -0.00015001857 	-0.00046202755 	0.0045860696 	 1957.6374 	35528.94 	-1363.2856 	 -0.1368537 	0.4904223 	-0.0024068145 	 -0.42352729 	2.0645613 	-0.095479162 		-0.02125 -0.0014948606 -0.0017190804 1200000 1
-0.02 -1504518.3 	84842.83 	18165.09 	 -3266574.2 	78787.432 	104778.24 	 0.0024459145 	0.0028237272 	0.039780574 	 -0.0001372729 	-0.00046252867 	0.0047820662 	 1815.3598 	37925.711 	-1472.2755 	 -0.10009298 	0.46696654 	-0.0022446432 	 -0.32391091 	1.9270164 	-0.089846351 		-0.02 -0.0016388746 -0.0021638369 1200000 1
-0.01875 -1593857.2 	78487.36 	17391.201 	 -3344911.3 	67799.985 	97873.811 	 0.0022491778 	0.0028368112 	0.039725369 	 -0.00012515335 	-0.00046232247 	0.0049808595 	 1671.7842 	40176.298 	-1577.2149 	 -0.066056843 	0.44238353 	-0.0020645184 	 -0.23565721 	1.7921198 	-0.084054613 		-0.01875 -0.0017383829 -0.0024921919 1200000 1
-0.0175 -1676338.6 	72469.537 	16507.03 	 -3412161.6 	58151.303 	90892.923 	 0.0020618072 	0.0028491092 	0.039677948 	 -0.00011397994 	-0.00046218358 	0.0051668472 	 1536.9095 	42264.08 	-1677.0436 	 -0.034701978 	0.41644258 	-0.0018758316 	 -0.15748315 	1.6600617 	-0.078174424 		-0.0175 -0.0017970018 -0.0027173054 1200000 1
-0.01625 -1752151.4 	66356.328 	15534.806 	 -3469834.1 	49991.202 	83906.493 	 0.0018828173 	0.0028606738 	0.039648501 	 -0.00010334302 	-0.00046154786 	0.0053500968 	 1402.2475 	44207.059 	-1771.8032 	 -0.0059358244 	0.38969724 	-0.0016851752 	 -0.088270045 	1.5303843 	-0.07226701 		-0.01625 -0.0018178696 -0.0028511409 1200000 1
-0.015 -1821414.6 	60570.865 	14492.411 	 -3519222.6 	42697.1 	76954.858 	 0.0017114108 	0.0028713793 	0.039622116 	 -9.3465265e-05 	-0.00046117724 	0.0055172474 	 1275.6324 	45984.92 	-1860.1112 	 0.020300418 	0.36197435 	-0.0014979253 	 -0.027097627 	1.4033141 	-0.066367731 		-0.015 -0.0018043638 -0.0029040636 1200000 1
-0.01375 -1884340.8 	54772.239 	13395.613 	 -3561396 	36558.622 	70073.893 	 0.0015467526 	0.0028813115 	0.039610255 	 -8.4010622e-05 	-0.00046043296 	0.0056781989 	 1150.1623 	47621.389 	-1942.6841 	 0.04410126 	0.33369028 	-0.0013177666 	 0.026826893 	1.2782996 	-0.060508625 		-0.01375 -0.001759469 -0.002885738 1200000 1
-0.0125 -1941069.7 	49267.329 	12256.571 	 -3597313.4 	30988.213 	63277.62 	 0.0013881496 	0.0028903423 	0.039597764 	 -7.5135013e-05 	-0.00046005211 	0.005821602 	 1031.7618 	49094.058 	-2017.9562 	 0.065529588 	0.30471794 	-0.0011473388 	 0.074179093 	1.1555522 	-0.054703138 		-0.0125 -0.0016863211 -0.0028045493 1200000 1
-0.01125 -1991808.5 	43793.745 	11085.644 	 -3627734.8 	26309.265 	56581.17 	 0.0012348807 	0.0028985812 	0.039596988 	 -6.6577234e-05 	-0.00045935276 	0.0059567022 	 914.96018 	50429.889 	-2087.1186 	 0.08467276 	0.27536396 	-0.00098796131 	 0.11552667 	1.0345138 	-0.048965894 		-0.01125 -0.0015877424 -0.0026684748 1200000 1
-0.01 -2036694.7 	38567.459 	9890.6575 	 -3653372.4 	22001.607 	49984.427 	 0.001086337 	0.0029058958 	0.03959277 	 -5.8441315e-05 	-0.00045905479 	0.0060738105 	 804.05435 	51605.168 	-2148.4867 	 0.10159038 	0.24553793 	-0.00084036027 	 0.1513666 	0.91535391 	-0.04329847 		-0.01 -0.0014666458 -0.0024844824 1200000 1
-0.00875 -2075913.5 	33390.753 	8678.4895 	 -3674757.9 	18364.453 	43488.76 	 0.0009418827 	0.0029124105 	0.039598042 	 -5.0534104e-05 	-0.00045846811 	0.0061813408 	 694.81693 	52648.367 	-2203.5427 	 0.11635841 	0.21546057 	-0.00070468237 	 0.18210155 	0.79755338 	-0.037703838 		-0.00875 -0.0013257011 -0.0022593089 1200000 1
-0.0075 -2109583.4 	28408.89 	7453.8689 	 -3692413.9 	14967.104 	37084.831 	 0.00080096619 	0.002917993 	0.039597803 	 -4.2923456e-05 	-0.00045829042 	0.006270954 	 590.20667 	53534.95 	-2250.5448 	 0.12902737 	0.18507072 	-0.00058040465 	 0.20809223 	0.68121982 	-0.03217577 		-0.0075 -0.001167628 -0.0019989169 1200000 1
-0.00625 -2137856.4 	23477.507 	6220.6011 	 -3706696.2 	12050.353 	30766.701 	 0.00066301534 	0.0029227772 	0.039605395 	 -3.5469134e-05 	-0.00045782557 	0.0063502729 	 487.07018 	54293.817 	-2291.1668 	 0.13965805 	0.15452252 	-0.00046642124 	 0.22961442 	0.5658984 	-0.026710958 		-0.00625 -0.0009949671 -0.0017091429 1200000 1
-0.005 -2160822.8 	18685.992 	4981.3918 	 -3717975.8 	9279.7463 	24521.186 	 0.00052752243 	0.0029266267 	0.03960603 	 -2.820725e-05 	-0.00045776241 	0.0064119365 	 387.2445 	54899.734 	-2323.6175 	 0.14828922 	0.1237796 	-0.00036149146 	 0.24691988 	0.45162665 	-0.021299853 		-0.005 -0.00081028402 -0.0013952616 1200000 1
-0.00375 -2178596 	13933.811 	3738.5941 	 -3726467.5 	6818.4543 	18337.019 	 0.00039396142 	0.0029296798 	0.039613332 	 -2.1041767e-05 	-0.00045741718 	0.0064628997 	 288.49398 	55381.347 	-2349.6576 	 0.15496523 	0.092945207 	-0.00026422733 	 0.26018245 	0.33802634 	-0.015934548 		-0.00375 -0.0006160205 -0.001062481 1200000 1
-0.0025 -2191229.8 	9265.6382 	2493.4981 	 -3732414 	4436.2693 	12198.231 	 0.00026184683 	0.0029318003 	0.039612763 	 -1.3985767e-05 	-0.00045746476 	0.0064964815 	 191.73072 	55712.795 	-2367.4818 	 0.15970975 	0.062005097 	-0.00017284703 	 0.26956139 	0.22505527 	-0.010603083 		-0.0025 -0.00041462968 -0.00071564211 1200000 1
-0.00125 -2198795.7 	4618.9285 	1247.0196 	 -3735908.7 	2206.1533 	6091.1044 	 0.00013068361 	0.0029331284 	0.039618188 	 -6.9761277e-06 	-0.00045722121 	0.0065191834 	 95.538113 	55922.151 	-2378.9112 	 0.16254979 	0.031023276 	-8.5345567e-05 	 0.27514229 	0.11241826 	-0.0052953943 		-0.00125 -0.00020849302 -0.00035955577 1200000 1
1.0842022e-17 -2201308.4 	0.188693 	-0.082794 	 -3737080.3 	0.236165 	-0.092695 	 -1.019e-09 	0.0029335246 	0.039615305 	 -7.72905e-10 	-0.00045736419 	0.0065246584 	 0.004488857 	55982.835 	-2382.1131 	 0.16349334 	8.09785e-06 	1.767285e-07 	 0.27700168 	-8.5037e-06 	3.27195e-07 		1.0842022e-17 4.6963188e-09 1.1506391e-06 1200000 1
0.00125 -2198795.8 	-4618.6414 	-1247.1853 	 -3735909 	-2205.7993 	-6091.4015 	 -0.00013068535 	0.0029331287 	0.039618186 	 6.9749467e-06 	-0.00045722133 	0.0065191854 	 -95.531408 	55922.154 	-2378.9114 	 0.16254982 	-0.031007005 	8.5699013e-05 	 0.27514257 	-0.11243517 	0.0052961416 		0.00125 0.00020850242 0.00036185725 1200000 1
0.0025 -2191229.8 	-9265.402 	-2493.6543 	 -3732414.4 	-4435.9182 	-12198.595 	 -0.00026184828 	0.0029318006 	0.039612757 	 1.3985085e-05 	-0.00045746475 	0.0064964833 	 -191.72517 	55712.794 	-2367.4821 	 0.15970981 	-0.061988789 	0.00017319281 	 0.26956162 	-0.22507216 	0.010603886 		0.0025 0.00041463915 0.0007179441 1200000 1
0.00375 -2178596 	-13933.551 	-3738.7652 	 -3726467.3 	-6817.9185 	-18337.372 	 -0.00039396293 	0.0029296801 	0.039613325 	 2.1041146e-05 	-0.00045741727 	0.0064628997 	 -288.48731 	55381.339 	-2349.6577 	 0.1549653 	-0.092928934 	0.00026458598 	 0.26018234 	-0.33804336 	0.015935341 		0.00375 0.00061603006 0.001064783 1200000 1
0.005 -2160822.9 	-18685.75 	-4981.5737 	 -3717975.5 	-9279.1557 	-24521.521 	 -0.00052752398 	0.0029266267 	0.039606024 	 2.8206527e-05 	-0.00045776243 	0.0064119348 	 -387.2379 	54899.723 	-2323.6176 	 0.14828934 	-0.12376333 	0.00036185999 	 0.24691963 	-0.45164369 	0.021300628 		0.005 0.00081029369 0.0013975633 1200000 1
0.00625 -2137856.5 	-23477.263 	-6220.7624 	 -3706695.8 	-12049.797 	-30766.985 	 -0.00066301687 	0.0029227773 	0.03960539 	 3.5468435e-05 	-0.00045782556 	0.0063502696 	 -487.06371 	54293.805 	-2291.1671 	 0.13965821 	-0.15450628 	0.00046677361 	 0.22961417 	-0.56591537 	0.02671169 		0.00625 0.00099497698 0.0017114444 1200000 1
0.0075 -2109583.5 	-28408.647 	-7454.0188 	 -3692413.4 	-14966.591 	-37085.113 	 -0.0008009677 	0.002917993 	0.039597798 	 4.2922835e-05 	-0.0004582903 	0.0062709493 	 -590.20037 	53534.937 	-2250.5453 	 0.12902754 	-0.1850545 	0.0005807486 	 0.2080919 	-0.68123671 	0.032176496 		0.0075 0.0011676381 0.002001218 1200000 1
0.00875 -2075913.7 	-33390.515 	-8678.637 	 -3674757.4 	-18363.929 	-43489.04 	 -0.00094188422 	0.0029124104 	0.039598037 	 5.0533439e-05 	-0.00045846798 	0.0061813356 	 -694.81064 	52648.354 	-2203.5431 	 0.11635859 	-0.21544437 	0.00070502536 	 0.1821012 	-0.79757024 	0.037704561 		0.00875 0.0013257114 0.0022616095 1200000 1
0.01 -2036694.9 	-38567.22 	-9890.8064 	 -3653371.9 	-22001.044 	-49984.707 	 -0.0010863385 	0.0029058955 	0.039592764 	 5.8440612e-05 	-0.00045905468 	0.0060738053 	 -804.04791 	51605.154 	-2148.4871 	 0.10159059 	-0.24552176 	0.00084070602 	 0.15136627 	-0.91537074 	0.04329919 		0.01 0.0014666563 0.0024867826 1200000 1
0.01125 -1991808.8 	-43793.51 	-11085.791 	 -3627734.2 	-26308.701 	-56581.424 	 -0.0012348821 	0.0028985809 	0.039596981 	 6.6576648e-05 	-0.00045935263 	0.0059566969 	 -914.95385 	50429.875 	-2087.1189 	 0.084672999 	-0.27534782 	0.00098830688 	 0.11552628 	-1.0345306 	0.04896659 		0.01125 0.0015877532 0.0026707746 1200000 1
0.0125 -1941070 	-49267.098 	-12256.713 	 -3597312.6 	-30987.664 	-63277.852 	 -0.0013881509 	0.0028903418 	0.039597755 	 7.5134539e-05 	-0.00046005199 	0.0058215964 	 -1031.7556 	49094.043 	-2017.9565 	 0.065529851 	-0.30470183 	0.0011476823 	 0.074178552 	-1.1555689 	0.054703812 		0.0125 0.0016863323 0.0028068484 1200000 1
0.01375 -1884341.1 	-54772.007 	-13395.752 	 -3561395.1 	-36558.042 	-70074.147 	 -0.001546754 	0.0028813109 	0.039610245 	 8.4010095e-05 	-0.00046043286 	0.0056781928 	 -1150.1559 	47621.373 	-1942.6844 	 0.044101549 	-0.33367422 	0.0013181085 	 0.026826253 	-1.2783162 	0.060509313 		0.01375 0.0017594805 0.0028880364 1200000 1
0.015 -1821415 	-60570.631 	-14492.545 	 -3519221.7 	-42696.486 	-76955.127 	 -0.0017114121 	0.0028713787 	0.039622105 	 9.34647e-05 	-0.00046117713 	0.005517241 	 -1275.6258 	45984.904 	-1860.1116 	 0.020300737 	-0.36195834 	0.0014982649 	 -0.027098257 	-1.4033307 	0.066368428 		0.015 0.0018043757 0.0029063612 1200000 1
0.01625 -1752151.8 	-66356.097 	-15534.932 	 -3469833.1 	-49990.604 	-83906.722 	 -0.0018828187 	0.0028606732 	0.039648489 	 0.00010334263 	-0.00046154773 	0.0053500896 	 -1402.241 	44207.042 	-1771.8037 	 -0.0059354807 	-0.38968128 	0.0016855102 	 -0.088270706 	-1.5304007 	0.072267668 		0.01625 0.0018178819 0.0028534377 1200000 1
0.0175 -1676339.1 	-72469.31 	-16507.149 	 -3412160.6 	-58150.747 	-90893.096 	 -0.0020618086 	0.0028491087 	0.039677935 	 0.00011397977 	-0.00046218354 	0.0051668388 	 -1536.9031 	42264.061 	-1677.044 	 -0.034701615 	-0.41642668 	0.0018761631 	 -0.15748392 	-1.660078 	0.078175033 		0.0175 0.0017970146 0.0027196013 1200000 1
0.01875 -1593857.7 	-78487.138 	-17391.317 	 -3344910.1 	-67799.425 	-97873.969 	 -0.0022491791 	0.0028368106 	0.039725355 	 0.00012515324 	-0.00046232262 	0.0049808503 	 -1671.7778 	40176.279 	-1577.2151 	 -0.066056459 	-0.44236769 	0.0020648499 	 -0.23565804 	-1.792136 	0.084055205 		0.01875 0.0017383961 0.0024944867 1200000 1
0.02 -1504518.9 	-84842.611 	-18165.201 	 -3266573.1 	-78786.852 	-104778.39 	 -0.0024459158 	0.0028237266 	0.039780559 	 0.00013727283 	-0.00046252897 	0.0047820564 	 -1815.3533 	37925.692 	-1472.2755 	 -0.10009258 	-0.46695078 	0.0022449727 	 -0.3239117 	-1.9270325 	0.089846935 		0.02 0.0016388884 0.0021661307 1200000 1
0.02125 -1408260.3 	-90965.195 	-18803.437 	 -3175368.7 	-91706.676 	-111523.63 	 -0.0026529521 	0.0028099723 	0.03985779 	 0.00015001869 	-0.00046202776 	0.0045860589 	 -1957.631 	35528.921 	-1363.2856 	 -0.1368533 	-0.49040661 	0.0024071372 	 -0.42352804 	-2.0645772 	0.095479728 		0.02125 0.0014948749 0.0017213732 1200000 1
0.0225 -1304962.1 	-97390.414 	-19275.536 	 -3069105.3 	-106754.55 	-117983.57 	 -0.0028714774 	0.0027955391 	0.039948669 	 0.00016383224 	-0.00046123835 	0.0043837317 	 -2108.8009 	32977.081 	-1251.1489 	 -0.17641634 	-0.51201488 	0.0025403888 	 -0.53614328 	-2.2049617 	0.10084667 		0.0225 0.0013031011 0.0011450447 1200000 1
0.02375 -1194674.2 	-103363.02 	-19547.494 	 -2945237.8 	-124391.23 	-124003.54 	 -0.0031025886 	0.0027805299 	0.040066159 	 0.00017826203 	-0.00045938726 	0.0041930306 	 -2256.6156 	30280.381 	-1136.416 	 -0.21879232 	-0.532077 	0.002630159 	 -0.66362492 	-2.3481125 	0.10581783 		0.02375 0.0010597467 0.00041989557 1200000 1
0.025 -1077422.1 	-109519.99 	-19580.232 	 -2800401.3 	-145614.88 	-129366.43 	 -0.0033477468 	0.00276499 	0.04020433 	 0.00019366314 	-0.00045668018 	0.0040080266 	 -2413.1545 	27443.24 	-1021.1612 	 -0.26402112 	-0.54967884 	0.0026602543 	 -0.80852265 	-2.4935692 	0.11021121 		0.025 0.00076152051 -0.00047391169 1200000 1
0.02625 -953457.06 	-114878.72 	-19330.475 	 -2630684 	-170564.18 	-133799.36 	 -0.0036082466 	0.002748989 	0.040374009 	 0.0002094017 	-0.00045240289 	0.0038488099 	 -2564.2449 	24464.388 	-905.136 	 -0.31205458 	-0.56520597 	0.0026094267 	 -0.97377859 	-2.6415215 	0.11379944 		0.02625 0.00040449102 -0.0015600011 1200000 1
0.0275 -823078.48 	-120147.06 	-18751.855 	 -2430350.2 	-202195.7 	-136940.81 	 -0.0038859162 	0.0027326271 	0.040572516 	 0.00022543509 	-0.00044646147 	0.0037173376 	 -2724.844 	21365.257 	-791.70901 	 -0.36285805 	-0.57753789 	0.0024553606 	 -1.1638372 	-2.789882 	0.11628161 		0.0275 -1.4525352e-05 -0.0028655664 1200000 1
0.02875 -686903.28 	-124039.19 	-17795.048 	 -2192592.8 	-239919.14 	-138317.33 	 -0.0041822833 	0.0027159187 	0.040808345 	 0.00024088794 	-0.00043834703 	0.003636198 	 -2879.8354 	18124.43 	-679.48527 	 -0.41627688 	-0.58717588 	0.0021704454 	 -1.3839711 	-2.9394242 	0.11726503 		0.02875 -0.00049938692 -0.0044253454 1200000 1
0.03 -545791.06 	-127140.08 	-16413.584 	 -1906058.1 	-291663.63 	-137325.48 	 -0.0044996819 	0.0026989884 	0.041083173 	 0.00025460735 	-0.00042773986 	0.0036257743 	 -3050.7054 	14778.136 	-572.71808 	 -0.47210637 	-0.59289216 	0.0017278886 	 -1.6431978 	-3.0839041 	0.11624967 		0.03 -0.0010529051 -0.006279717 1200000 1
0.03125 -401104.14 	-127477.39 	-14561.318 	 -1556445.1 	-354709.1 	-133127.87 	 -0.0048399803 	0.0026817368 	0.041411057 	 0.00026540571 	-0.00041479682 	0.0037216483 	 -3222.7348 	11267.104 	-468.30178 	 -0.52998035 	-0.59554031 	0.0010978102 	 -1.9529056 	-3.2258293 	0.11254231 		0.03125 -0.0016784397 -0.0084859699 1200000 1
0.0325 -258034.34 	-120745.71 	-12211.663 	 -1134127.7 	-429101.75 	-124679.63 	 -0.0052055465 	0.0026649487 	0.041830893 	 0.00026928872 	-0.0003992565 	0.003971564 	 -3323.383 	7685.7305 	-363.74167 	 -0.58679438 	-0.59761381 	0.00025782433 	 -2.3204686 	-3.3655084 	0.10527906 		0.0325 -0.002377891 -0.011112965 1200000 1
0.03375 -122841.35 	-107690.21 	-9359.9531 	 -621079.73 	-540296.06 	-110848.98 	 -0.0056001055 	0.0026472347 	0.042160463 	 0.00026578901 	-0.00038959558 	0.0042923978 	 -3417.2115 	3914.8923 	-260.1058 	 -0.63856947 	-0.59795092 	-0.00078159198 	 -2.7607638 	-3.4816969 	0.093521572 		0.03375 -0.0031468226 -0.014236452 1200000 1
0.035 -29624.549 	-91351.019 	-6923.4162 	 -335243.96 	-737670.42 	-102610.48 	 -0.0058040118 	0.0026380522 	0.042317798 	 0.00026170841 	-0.00038514596 	0.0044959887 	 -3593.9096 	1388.9305 	-131.51038 	 -0.66283291 	-0.59660251 	-0.0013468435 	 -3.0021267 	-3.5216343 	0.08643693 		0.035 -0.0039732715 -0.018021215 1200000 1
