# x y z jRe_x jRe_y jRe_z jIm_x jIm_y jIm_z BRe_x BRe_y BRe_z BIm_x BIm_y BIm_z F_x F_y F_z
# 1e-3 1e-3 1e-3 1e+6 1e+6 1e+6 1e+6 1e+6 1e+6 1 1 1 1 1 1 1e+6 1e+6 1e+6
30 -75 10 -7.20431 -0.351063 -0.644111 -10.3195 -0.0818484 -0.949803 -0.00416407 0.0012291 0.0511448 0.000259136 -0.00119858 -0.000137467 -0.00914528 0.18474 0.00103662
30 -74.5 10 -7.20542 -0.526661 -0.655346 -8.77276 -0.0785398 -0.833601 -0.00392261 0.00115303 0.049088 0.000580359 -0.00118306 -0.00295181 -0.0129257 0.164945 2.5168e-05
30 -74 10 -7.06953 -0.912867 -0.61202 -7.20213 -0.124155 -0.677564 -0.00355386 0.000930913 0.0456294 0.000992299 -0.00128651 -0.00712688 -0.0205354 0.136376 -0.000218237
30 -73.5 10 -6.8789 -1.33447 -0.563034 -5.64621 -0.135939 -0.539672 -0.0031693 0.000689283 0.041659 0.0013785 -0.0013869 -0.011587 -0.0271891 0.111093 -0.000476373
30 -73 10 -6.52406 -1.84391 -0.539226 -4.30703 -0.155653 -0.462167 -0.00285025 0.000573028 0.0375099 0.00163658 -0.00135979 -0.0153786 -0.0335454 0.0896307 -0.00144135
30 -72.5 10 -6.12136 -2.2137 -0.508396 -3.26446 -0.16211 -0.369692 -0.00248181 0.000471866 0.0342761 0.00188686 -0.00133497 -0.0176657 -0.0366334 0.0763557 -0.00185929
30 -72 10 -5.70246 -2.61246 -0.471723 -2.29467 -0.166516 -0.283729 -0.00215476 0.000409597 0.0309802 0.00210521 -0.00129964 -0.019721 -0.0389131 0.0659146 -0.00231607
30 -71.5 10 -5.25127 -2.97329 -0.418274 -1.54384 -0.113703 -0.218572 -0.00186709 0.000323276 0.028071 0.00224465 -0.00128041 -0.0210913 -0.0406049 0.0575686 -0.00250852
30 -71 10 -4.79809 -3.3251 -0.363051 -0.8611 -0.0603105 -0.157384 -0.0015999 0.000234308 0.0253476 0.00236373 -0.00125777 -0.0222624 -0.0415268 0.0513293 -0.00260922
30 -70.5 10 -4.33483 -3.63221 -0.310893 -0.339576 -0.00390136 -0.112884 -0.00139775 0.000159916 0.0229687 0.00242719 -0.00122714 -0.0229099 -0.0417133 0.0459732 -0.00267197
30 -70 10 -3.88688 -3.92364 -0.260407 0.102562 0.0732184 -0.0740911 -0.00119232 0.000101875 0.0207255 0.00248735 -0.00119434 -0.0233415 -0.0415452 0.0415388 -0.00268941
30 -69.5 10 -3.47213 -4.19988 -0.214764 0.457459 0.166826 -0.0427589 -0.0010038 7.72921e-05 0.0187631 0.00252932 -0.00115178 -0.0235546 -0.0413824 0.0380153 -0.00271653
30 -69 10 -3.07087 -4.43986 -0.17155 0.717781 0.268926 -0.0180864 -0.000844393 5.55986e-05 0.01703 0.00254059 -0.00110343 -0.0235241 -0.0409738 0.0346405 -0.00269749
30 -68.5 10 -2.68961 -4.63431 -0.136847 0.912244 0.37805 0.0011184 -0.000682585 2.62332e-05 0.0155862 0.00253812 -0.00106598 -0.0233666 -0.0405301 0.0316665 -0.00258292
30 -68 10 -2.35111 -4.81645 -0.111368 1.06199 0.477804 0.0151795 -0.000523186 -1.13069e-05 0.0143998 0.00251083 -0.00101301 -0.0231202 -0.0401945 0.0292527 -0.0023844
30 -67.5 10 -2.02417 -4.99646 -0.08824 1.16299 0.590984 0.0232784 -0.000390814 -3.40387e-05 0.0134057 0.00250757 -0.000981523 -0.0227655 -0.0402076 0.0268522 -0.00225361
30 -67 10 -1.74497 -5.12934 -0.0562733 1.19742 0.708873 0.0313032 -0.000318225 -2.8812e-05 0.0125405 0.00248865 -0.000944159 -0.0223827 -0.0400816 0.0243901 -0.00223835
30 -66.5 10 -1.48648 -5.24027 -0.0268783 1.21195 0.825333 0.0410102 -0.000227211 -2.24303e-05 0.0117411 0.00246346 -0.000905352 -0.0220089 -0.0398274 0.0221169 -0.00214386
30 -66 10 -1.25474 -5.35761 -0.00621451 1.20552 0.912652 0.0413888 -0.000187525 -2.12431e-05 0.0112552 0.00243293 -0.000881616 -0.0215942 -0.0399863 0.0201282 -0.00213063
30 -65.5 10 -1.0502 -5.45265 0.0199672 1.18368 1.0187 0.0525598 -0.000103566 1.47028e-05 0.0107868 0.00241771 -0.000852814 -0.0211589 -0.0401635 0.0182494 -0.00202627
30 -65 10 -0.874977 -5.52517 0.038129 1.13972 1.13007 0.0505185 -5.76566e-05 2.17865e-05 0.0104433 0.0023772 -0.000810571 -0.0207453 -0.0405524 0.0164497 -0.00197392
30 -64.5 10 -0.725209 -5.61357 0.0472838 1.09072 1.21121 0.0432292 -2.31713e-05 1.50256e-05 0.0102818 0.00234876 -0.000782151 -0.0203706 -0.0411788 0.0148877 -0.00191946
30 -64 10 -0.576516 -5.65002 0.0643285 1.05547 1.30534 0.0423079 -1.18106e-05 2.55871e-05 0.0100583 0.00233378 -0.000766312 -0.0200022 -0.0414542 0.0135042 -0.00196833
30 -63.5 10 -0.436247 -5.69877 0.0740283 1.01378 1.39568 0.0394281 2.16111e-05 1.74668e-05 0.00995332 0.00233105 -0.000747747 -0.0197031 -0.0420963 0.0122051 -0.00194796
30 -63 10 -0.338711 -5.73334 0.0779756 0.947361 1.49295 0.0330566 5.07863e-05 1.54823e-05 0.00985371 0.00229623 -0.000715382 -0.019453 -0.0427573 0.0109232 -0.00190998
30 -62.5 10 -0.270229 -5.76592 0.0802744 0.873681 1.56188 0.0234737 5.30577e-05 2.47362e-05 0.00980024 0.0022547 -0.000682225 -0.0191679 -0.0432156 0.00972606 -0.00190919
30 -62 10 -0.209924 -5.80087 0.0847985 0.804274 1.60958 0.0195593 1.81099e-05 2.30387e-05 0.00984069 0.0022565 -0.000678541 -0.0189011 -0.043748 0.00865657 -0.00203877
30 -61.5 10 -0.157165 -5.81706 0.0821779 0.735631 1.67915 0.0117258 6.67742e-05 1.11093e-06 0.00986761 0.00223941 -0.000655639 -0.0187031 -0.0443991 0.00767058 -0.00192718
30 -61 10 -0.104843 -5.8295 0.0905923 0.675567 1.74415 0.0141637 0.000119534 3.48627e-05 0.00992403 0.00221207 -0.000633647 -0.0185393 -0.0450908 0.00680359 -0.00179654
30 -60.5 10 -0.049777 -5.84978 0.104044 0.632793 1.7922 0.0200043 0.000159031 6.47834e-05 0.00999133 0.00221093 -0.000621072 -0.0184222 -0.0457288 0.00610777 -0.00171418
30 -60 10 -0.0261339 -5.85836 0.106699 0.57009 1.83399 0.0153129 0.000109149 7.67884e-05 0.0101342 0.00222452 -0.0006188 -0.0183011 -0.0464664 0.00537193 -0.00189754
30 -59.5 10 -0.0134322 -5.85783 0.0993125 0.511037 1.88054 0.00232341 8.1134e-05 6.41495e-05 0.0102817 0.00221986 -0.000609351 -0.0181755 -0.0472066 0.00471983 -0.00200576
30 -59 10 0.000267399 -5.8846 0.098976 0.458389 1.90892 -0.00154762 6.95862e-05 7.22054e-05 0.0104996 0.00219903 -0.000591089 -0.0181286 -0.0482001 0.00415532 -0.0020296
30 -58.5 10 0.00870692 -5.88838 0.112116 0.413285 1.95434 0.0055201 6.44929e-05 9.38625e-05 0.0105561 0.00219324 -0.000579641 -0.0181029 -0.0487725 0.00370455 -0.00207266
30 -58 10 0.0164651 -5.8769 0.124379 0.378378 1.99772 0.0120798 4.66733e-05 0.000119601 0.0105635 0.00221933 -0.000581167 -0.0180646 -0.0490884 0.00334697 -0.00218862
30 -57.5 10 0.0362647 -5.90291 0.115902 0.353279 1.99844 0.00454265 5.73709e-05 0.000108797 0.0107055 0.00218628 -0.000551562 -0.0179871 -0.0495749 0.00299141 -0.00211071
30 -57 10 0.0429197 -5.91136 0.103656 0.324376 2.03172 -0.00430058 4.81021e-05 8.23274e-05 0.0107874 0.00218138 -0.000547532 -0.0180189 -0.0501942 0.00268876 -0.00216083
30 -56.5 10 0.032266 -5.89792 0.0926872 0.29008 2.05778 -0.0112016 6.0311e-05 4.85164e-05 0.0107399 0.00217109 -0.00051923 -0.0179457 -0.0501408 0.00242022 -0.00213048
30 -56 10 0.0335382 -5.8989 0.0988304 0.264256 2.09839 -0.00881958 6.20834e-05 8.19437e-05 0.0108506 0.00217776 -0.000520381 -0.0179962 -0.050891 0.00218931 -0.00216916
30 -55.5 10 0.0228967 -5.91104 0.0936292 0.23586 2.09871 -0.0117943 6.23184e-05 9.25529e-05 0.0110547 0.00219477 -0.000514254 -0.0179933 -0.0515612 0.00198537 -0.0021785
30 -55 10 0.0172204 -5.91108 0.0934285 0.214903 2.12 -0.0109191 7.3767e-05 8.04735e-05 0.0110558 0.0021972 -0.000510022 -0.0180146 -0.0517778 0.00183196 -0.00216512
30 -54.5 10 0.0207331 -5.90188 0.102259 0.197575 2.14888 -0.00737889 6.9708e-05 8.19298e-05 0.0110499 0.00218126 -0.000497358 -0.0180676 -0.0520263 0.00166582 -0.00218621
30 -54 10 0.0143964 -5.88639 0.0916866 0.181985 2.17955 -0.0160674 8.31535e-05 5.90145e-05 0.011096 0.00214327 -0.000486012 -0.0181207 -0.0524118 0.00155557 -0.00213474
30 -53.5 10 0.00761505 -5.90189 0.0855937 0.168212 2.18331 -0.0187652 8.20091e-05 6.96921e-05 0.0111806 0.00216489 -0.000483882 -0.0181368 -0.0528 0.00146604 -0.00216175
30 -53 10 0.0103509 -5.94231 0.0908077 0.16119 2.16776 -0.0131312 3.72942e-05 0.000114216 0.0113504 0.00222353 -0.000486248 -0.0181596 -0.0534149 0.00139192 -0.00233782
30 -52.5 10 -0.00851084 -5.93175 0.0866466 0.143415 2.19009 -0.0135564 6.50812e-05 0.000111933 0.011347 0.00222227 -0.000476313 -0.0181944 -0.0535856 0.00134072 -0.00227509
30 -52 10 -0.0235097 -5.94671 0.0889523 0.126636 2.19525 -0.00997067 6.14221e-05 0.000101563 0.0114596 0.00220728 -0.000459045 -0.0182389 -0.0540997 0.00128128 -0.00227039
30 -51.5 10 -0.0307691 -5.96811 0.0853508 0.113477 2.19945 -0.0122319 4.50094e-06 6.58787e-05 0.0115609 0.00223058 -0.000445293 -0.0183055 -0.0546348 0.00120303 -0.00246588
30 -51 10 -0.0387517 -5.95252 0.0829808 0.104891 2.22316 -0.0133488 5.62889e-05 8.17573e-05 0.0114734 0.00221629 -0.000441816 -0.0183281 -0.0545274 0.00117108 -0.00232081
30 -50.5 10 -0.0447276 -5.94487 0.0807319 0.0960932 2.23684 -0.0125413 0.000100974 9.92542e-05 0.0114506 0.00220395 -0.000432363 -0.0183421 -0.054557 0.00112761 -0.00218779
30 -50 10 -0.0238321 -5.97331 0.0805686 0.103111 2.22917 -0.013458 6.57874e-05 0.000112402 0.0115191 0.00222418 -0.000426399 -0.0183836 -0.0549009 0.00107272 -0.00230588
30 -49.5 10 -0.0346183 -5.98636 0.0794452 0.0918127 2.20963 -0.0116904 8.61091e-05 9.18217e-05 0.0117565 0.00220444 -0.000413559 -0.0183958 -0.0555194 0.00103851 -0.00219833
30 -49 10 -0.047876 -5.99003 0.07351 0.0790234 2.23663 -0.0159498 5.68907e-05 5.32473e-05 0.011695 0.00225129 -0.000416285 -0.0184649 -0.0556814 0.00099367 -0.00236499
30 -48.5 10 -0.0407882 -5.99028 0.0708331 0.0819303 2.2491 -0.0181263 6.69447e-05 4.52302e-05 0.0116688 0.00223594 -0.000407367 -0.0184984 -0.0557574 0.000977871 -0.00233153
30 -48 10 -0.0301931 -5.99304 0.0712191 0.0868767 2.24682 -0.0173445 7.20252e-05 5.57545e-05 0.0117304 0.00219074 -0.000397351 -0.0185117 -0.055952 0.000964774 -0.00226338
30 -47.5 10 -0.0398615 -5.99392 0.0886663 0.0766818 2.26777 -0.00455389 9.13779e-05 0.000103286 0.0117299 0.00217304 -0.000385378 -0.0185777 -0.0562245 0.000945174 -0.00220695
30 -47 10 -0.0461292 -6.00548 0.0797523 0.0677048 2.27511 -0.00742601 4.83073e-05 8.82005e-05 0.0117599 0.00221094 -0.000381321 -0.0186079 -0.0564842 0.000894876 -0.00238496
30 -46.5 10 -0.0454223 -6.02203 0.0687702 0.0647906 2.26625 -0.0116442 4.19716e-05 8.08035e-05 0.0118058 0.00223807 -0.000378649 -0.0186068 -0.0566362 0.000859309 -0.00242374
30 -46 10 -0.035207 -6.04179 0.0716251 0.0709514 2.26274 -0.00843789 3.77338e-05 9.29713e-05 0.0118873 0.00223661 -0.000370391 -0.0186411 -0.0570051 0.000862478 -0.00243122
30 -45.5 10 -0.0406175 -6.02609 0.070678 0.067658 2.28581 -0.00970902 4.35346e-05 0.000102951 0.0117774 0.00221542 -0.000365875 -0.0186674 -0.0568264 0.000861468 -0.00241531
30 -45 10 -0.0390575 -6.02013 0.0690464 0.0650202 2.29365 -0.0113395 3.01019e-05 0.000101158 0.0118167 0.0022084 -0.000358927 -0.0186871 -0.0570054 0.000826803 -0.00245568
30 -44.5 10 -0.0258779 -6.04017 0.0736666 0.0710138 2.29512 -0.00696487 4.82186e-05 0.000120879 0.0118011 0.00221692 -0.000352001 -0.0187192 -0.0571273 0.000811412 -0.00241248
30 -44 10 -0.0344441 -6.05678 0.0711591 0.0649962 2.27536 -0.00661455 6.06196e-05 8.86817e-05 0.0119598 0.00223582 -0.000342252 -0.0187061 -0.0575047 0.000808646 -0.00237272
30 -43.5 10 -0.0225949 -6.07332 0.0702347 0.0668887 2.28555 -0.00860474 5.39042e-05 7.9022e-05 0.0119583 0.0022398 -0.000332886 -0.0187539 -0.0577489 0.000754567 -0.00240792
30 -43 10 -0.0254833 -6.0729 0.0607534 0.0615814 2.29448 -0.0122332 4.13146e-05 6.82146e-05 0.0119337 0.00223612 -0.000322753 -0.0187833 -0.057789 0.000717984 -0.00245071
30 -42.5 10 -0.0334974 -6.07337 0.0572449 0.0566967 2.27749 -0.0109599 6.52074e-05 8.30545e-05 0.0120373 0.00222951 -0.000316196 -0.0187597 -0.0579201 0.000723064 -0.00235118
30 -42 10 -0.0190703 -6.04902 0.052832 0.063298 2.32114 -0.0139892 8.67218e-05 8.30913e-05 0.011815 0.00221935 -0.00031952 -0.0188012 -0.0575592 0.000694466 -0.00232431
30 -41.5 10 -0.051919 -6.0933 0.0588062 0.0398127 2.30489 -0.0107074 7.37827e-05 9.3113e-05 0.0119627 0.00223712 -0.000321606 -0.0188425 -0.0581656 0.000675825 -0.00236219
30 -41 10 -0.0440824 -6.09124 0.0574915 0.0433382 2.30169 -0.00816718 3.75549e-05 9.03421e-05 0.0119509 0.00226947 -0.000306084 -0.0188181 -0.0580584 0.000662995 -0.00250606
30 -40.5 10 -0.051569 -6.08379 0.0504472 0.0313467 2.31837 -0.0119036 6.43848e-05 6.70103e-05 0.0119224 0.00223835 -0.000297824 -0.0188432 -0.0581129 0.000591051 -0.00240521
30 -40 10 -0.0468243 -6.09108 0.0450548 0.0322799 2.30899 -0.014698 6.82794e-05 6.08739e-05 0.0120025 0.00223269 -0.000289707 -0.0188388 -0.0583068 0.000570191 -0.00237578
30 -39.5 10 -0.0412435 -6.08482 0.0465304 0.0341131 2.31869 -0.013536 6.82525e-05 7.11741e-05 0.0119462 0.0022338 -0.000288045 -0.0188226 -0.0581709 0.000553871 -0.00238847
30 -39 10 -0.0308664 -6.07313 0.0534844 0.0369598 2.35133 -0.0104231 5.99271e-05 7.31921e-05 0.0117137 0.00222973 -0.000285542 -0.0188494 -0.0577333 0.000519097 -0.00244585
30 -38.5 10 -0.041398 -6.10451 0.0451007 0.0282718 2.3251 -0.013259 4.91309e-05 6.25507e-05 0.0118737 0.00223635 -0.000274116 -0.0188713 -0.0581836 0.00049882 -0.00245508
30 -38 10 -0.026011 -6.10723 0.0494823 0.0385363 2.31482 -0.00965564 5.53773e-05 5.97961e-05 0.0120143 0.00219645 -0.0002681 -0.0188425 -0.0584984 0.000510077 -0.00237904
30 -37.5 10 -0.026576 -6.12577 0.0563856 0.0372682 2.31528 -0.00495533 5.94538e-05 7.52718e-05 0.0120679 0.0022091 -0.000270503 -0.0188871 -0.0588298 0.000508504 -0.00238128
30 -37 10 -0.0393115 -6.11663 0.04535 0.0257012 2.33675 -0.0118571 8.00268e-05 5.90896e-05 0.0119109 0.00223365 -0.000265141 -0.018903 -0.058516 0.000465605 -0.00236956
30 -36.5 10 -0.029886 -6.10202 0.0486368 0.0281846 2.35301 -0.00858015 6.72186e-05 6.63086e-05 0.0118838 0.00226369 -0.000256691 -0.0189214 -0.0585214 0.000436149 -0.00246276
30 -36 10 0.00193293 -6.12912 0.0572643 0.0442877 2.32127 -0.00259009 7.26655e-05 7.23772e-05 0.0121353 0.00229425 -0.000252033 -0.0189097 -0.0591389 0.000406114 -0.00244561
30 -35.5 10 -0.00668464 -6.136 0.0680898 0.0370667 2.32532 0.00497208 4.97477e-05 0.000112681 0.0120573 0.00224166 -0.000248268 -0.0189262 -0.0589997 0.000398331 -0.00245863
30 -35 10 -0.0250936 -6.12386 0.0481561 0.0207522 2.34622 -0.00539422 -1.22863e-06 8.8665e-05 0.012052 0.00225668 -0.000239461 -0.0189467 -0.0591318 0.000341692 -0.0026547
30 -34.5 10 -0.0198115 -6.13024 0.0429028 0.0226301 2.34597 -0.00826551 6.25473e-06 5.80994e-05 0.0119776 0.00226709 -0.000236791 -0.0189531 -0.0589468 0.000323868 -0.00264335
30 -34 10 -0.00836442 -6.14059 0.0509495 0.0286318 2.33212 -0.00572996 3.27615e-05 5.9596e-05 0.0120643 0.00225712 -0.000232642 -0.0189269 -0.0591129 0.000315779 -0.00253493
30 -33.5 10 -0.0062607 -6.11394 0.0534621 0.0255938 2.35381 -0.00111321 4.49561e-05 7.41062e-05 0.0119902 0.00224088 -0.000223341 -0.0189382 -0.0589443 0.000279838 -0.00250297
30 -33 10 -0.0163225 -6.14525 0.0506914 0.01924 2.33916 -0.00404496 4.47667e-05 6.36325e-05 0.0120564 0.00225101 -0.000223872 -0.0189575 -0.0592192 0.000277348 -0.00249786
30 -32.5 10 -0.0290288 -6.14848 0.0572827 0.0136308 2.33806 1.76812e-06 6.65861e-05 7.62665e-05 0.0120201 0.00224994 -0.000222543 -0.0189468 -0.0591043 0.000305504 -0.00242816
30 -32 10 -0.0302846 -6.13702 0.0572539 0.00915176 2.3554 0.0014314 7.91616e-05 7.8242e-05 0.0120324 0.00224857 -0.000216717 -0.0189593 -0.0592519 0.000272829 -0.00240741
30 -31.5 10 -0.0152037 -6.1267 0.0419445 0.0146967 2.35586 -0.00569573 9.22031e-05 5.02232e-05 0.0119871 0.00224084 -0.000207445 -0.0189253 -0.059015 0.000225746 -0.002359
30 -31 10 -0.0231486 -6.15392 0.0375864 0.00828081 2.34503 -0.00733641 7.69494e-05 4.87927e-05 0.0120531 0.00223761 -0.000205067 -0.0189615 -0.059321 0.000211252 -0.00238827
30 -30.5 10 -0.0223248 -6.1608 0.0331822 0.00424149 2.34678 -0.0105093 6.13475e-05 4.22822e-05 0.0120736 0.00226342 -0.000205335 -0.0189827 -0.0594672 0.000164152 -0.0024678
30 -30 10 -0.0148853 -6.17302 0.0287017 0.00303912 2.341 -0.0142803 5.91137e-05 3.60293e-05 0.0121494 0.00228452 -0.000206147 -0.0189988 -0.0597392 0.00010383 -0.00249215
30 -29.5 10 -0.0209591 -6.12899 0.0391403 -0.000923342 2.34864 -0.00965517 5.27924e-05 5.81512e-05 0.0120799 0.00223309 -0.000206944 -0.0189242 -0.0592439 0.000108108 -0.0024611
30 -29 10 -0.010238 -6.14686 0.0323484 0.00716495 2.34934 -0.0127085 8.83736e-05 4.03442e-05 0.0120833 0.00222765 -0.000202832 -0.0189509 -0.0594003 0.00011702 -0.00234608
30 -28.5 10 -0.00370651 -6.15745 0.029014 0.00870342 2.33793 -0.0148371 8.47473e-05 3.24067e-05 0.0121366 0.0022427 -0.000195515 -0.0189343 -0.0595008 8.94808e-05 -0.00236164
30 -28 10 -0.0170522 -6.15224 0.0402009 -0.00468669 2.34281 -0.00640812 7.98231e-05 6.15976e-05 0.0120488 0.00224827 -0.000188993 -0.0189418 -0.059254 5.27434e-05 -0.00238816
30 -27.5 10 -0.0143184 -6.16763 0.0347945 -0.00853835 2.32839 -0.00851112 7.15054e-05 5.90561e-05 0.0120826 0.00224754 -0.000183828 -0.0189271 -0.0592972 -2.62191e-06 -0.00239571
30 -27 10 -0.0115249 -6.15 0.0339133 -0.00825752 2.34552 -0.00789006 6.28182e-05 3.9815e-05 0.0121091 0.00222445 -0.00018063 -0.0189209 -0.0594266 -1.60521e-05 -0.00241505
30 -26.5 10 -0.023925 -6.12375 0.0323282 -0.0183436 2.36979 -0.00963091 6.68791e-05 4.70215e-05 0.012026 0.00224973 -0.000183617 -0.0189286 -0.0592521 -3.9501e-05 -0.00245979
30 -26 10 -0.020206 -6.16734 0.0365568 -0.0175828 2.33664 -0.00990098 8.98754e-05 6.03978e-05 0.0121316 0.0022548 -0.000190144 -0.0189282 -0.0595262 -5.33592e-05 -0.00235611
30 -25.5 10 -0.0251632 -6.16376 0.0429297 -0.0233248 2.33044 -0.00247278 8.10353e-05 8.06769e-05 0.0121708 0.00227359 -0.000183569 -0.0189061 -0.0595407 -6.84341e-05 -0.00239837
30 -25 10 -0.0238362 -6.15389 0.0403913 -0.0225456 2.33881 -0.00429307 6.83414e-05 7.37746e-05 0.0121354 0.00227337 -0.000183843 -0.0189128 -0.0594584 -7.20692e-05 -0.00244702
30 -24.5 10 -0.0275698 -6.1459 0.0329596 -0.0238987 2.33713 -0.0111627 7.06655e-05 4.59844e-05 0.0120716 0.0022482 -0.000187598 -0.0189 -0.0591832 -7.08192e-05 -0.00240841
30 -24 10 -0.0317381 -6.15087 0.0315262 -0.0354262 2.33657 -0.00997101 1.5702e-05 6.65165e-05 0.01209 0.00225021 -0.000178534 -0.0189193 -0.0592871 -0.000154234 -0.00257849
30 -23.5 10 -0.00868093 -6.15818 0.035995 -0.0266758 2.318 -0.00440443 -7.45981e-06 8.12622e-05 0.0121162 0.00225643 -0.000165207 -0.0188902 -0.0592025 -0.000204469 -0.00263632
30 -23 10 -0.00368078 -6.15463 0.0368916 -0.0229321 2.31507 -0.0033549 1.64403e-05 7.06731e-05 0.0121536 0.00224309 -0.000156161 -0.0188784 -0.0592544 -0.000197553 -0.0025442
30 -22.5 10 0.00342697 -6.17636 0.0178599 -0.0198986 2.30375 -0.0174336 5.89143e-05 2.32478e-05 0.0122438 0.00225788 -0.00015471 -0.0188921 -0.059574 -0.000228098 -0.00241727
30 -22 10 0.00615407 -6.16152 0.024355 -0.0241511 2.31681 -0.0126995 4.8127e-05 4.96724e-05 0.012138 0.00226286 -0.000158543 -0.0188653 -0.0592495 -0.000278941 -0.00247097
30 -21.5 10 0.00581372 -6.15257 0.0365634 -0.0272656 2.31992 -0.0048307 4.219e-05 6.00992e-05 0.0120931 0.00225964 -0.000157709 -0.0188561 -0.0590754 -0.0002969 -0.00248897
30 -21 10 0.00558544 -6.16135 0.0442598 -0.029019 2.30631 -0.000541635 5.88224e-05 5.9144e-05 0.0121603 0.00224694 -0.000159294 -0.0188389 -0.0591875 -0.000306611 -0.00240738
30 -20.5 10 -0.00604421 -6.15677 0.0438921 -0.0433817 2.30763 -0.000721418 7.22437e-05 6.69406e-05 0.012147 0.00224301 -0.000155993 -0.0188398 -0.0591324 -0.000371165 -0.00236245
30 -20 10 -0.0112595 -6.14453 0.0415695 -0.052036 2.30171 -0.00194094 5.7142e-05 5.63667e-05 0.0121436 0.00224717 -0.000151812 -0.018817 -0.0589654 -0.000422209 -0.00240698
30 -19.5 10 -0.0148439 -6.1209 0.0443497 -0.0575187 2.31809 -0.00165693 4.75402e-05 7.7116e-05 0.0120156 0.00225092 -0.000153984 -0.0188093 -0.0585757 -0.000452576 -0.00245956
30 -19 10 -0.0155786 -6.15547 0.0468976 -0.0575747 2.28164 -0.00037915 2.82591e-05 8.75429e-05 0.0121955 0.0022369 -0.000151335 -0.018805 -0.0589897 -0.000446114 -0.00246126
30 -18.5 10 -0.0247781 -6.17082 0.0262375 -0.0672226 2.26058 -0.012891 7.62985e-05 5.26265e-05 0.0123691 0.00225226 -0.000147579 -0.0187848 -0.0593976 -0.000491658 -0.00230599
30 -18 10 -0.012734 -6.17004 0.0307628 -0.0612143 2.24462 -0.0130498 8.65116e-05 6.41243e-05 0.0124093 0.0022634 -0.000151348 -0.0187458 -0.0593237 -0.000508184 -0.00226912
30 -17.5 10 0.00621792 -6.16713 0.0442533 -0.0569006 2.2477 -0.0102214 6.21937e-05 9.38007e-05 0.0123734 0.00224198 -0.000161957 -0.0187518 -0.0592313 -0.000582046 -0.00232296
30 -17 10 0.0152533 -6.14603 0.0442384 -0.0577272 2.22426 -0.00812705 5.33408e-05 7.10484e-05 0.0123019 0.00222221 -0.000154625 -0.0186256 -0.0585202 -0.000639275 -0.00230246
30 -16.5 10 0.0322052 -6.12437 0.0495064 -0.0504467 2.23964 -0.0032672 5.01907e-05 8.06648e-05 0.0122493 0.00222109 -0.000147576 -0.018645 -0.0583908 -0.00066992 -0.0023285
30 -16 10 0.044499 -6.12349 0.0503057 -0.0458098 2.2474 -0.00262547 2.99536e-05 8.01119e-05 0.0122038 0.00224481 -0.000149184 -0.0186922 -0.0583716 -0.000701866 -0.00242558
30 -15.5 10 0.0175671 -6.16276 0.0426123 -0.0648115 2.20937 -0.00506987 8.03921e-06 7.72126e-05 0.0124129 0.00229743 -0.000149807 -0.0186859 -0.0588928 -0.000720212 -0.00250763
30 -15 10 0.0380061 -6.10535 0.0457796 -0.0525792 2.2316 -0.00792375 -2.79411e-05 6.03513e-05 0.0122456 0.00223703 -0.000153144 -0.0186078 -0.0581463 -0.000731397 -0.00257619
30 -14.5 10 0.028149 -6.12029 0.0421929 -0.0621345 2.20721 -0.00922657 -2.21074e-05 6.70311e-05 0.0123297 0.002247 -0.000153535 -0.0185718 -0.0582289 -0.000761343 -0.00254174
30 -14 10 0.0235087 -6.10529 0.0436102 -0.0681592 2.20599 -0.00879809 2.13804e-06 7.86563e-05 0.0123293 0.00225434 -0.000156244 -0.0185394 -0.0580882 -0.000786608 -0.00247375
30 -13.5 10 0.0152998 -6.09636 0.0444704 -0.069445 2.19567 -0.00916879 5.20814e-06 8.10102e-05 0.0123622 0.00223537 -0.000164737 -0.0185068 -0.0580022 -0.000747303 -0.00243186
30 -13 10 0.027713 -6.08572 0.0552616 -0.0537566 2.18846 -0.00281272 1.8911e-05 9.06876e-05 0.0123821 0.00222662 -0.000167637 -0.0184526 -0.057871 -0.000670154 -0.00237313
30 -12.5 10 0.0460255 -6.0788 0.063883 -0.0347153 2.17399 0.0027549 1.63627e-05 9.48994e-05 0.0124401 0.00221991 -0.000170215 -0.0183815 -0.0577939 -0.00060176 -0.00235817
30 -12 10 0.0555854 -6.09396 0.0578293 -0.0277312 2.11885 -0.000674613 -5.75906e-05 7.52207e-05 0.0126347 0.00220958 -0.000176004 -0.0182638 -0.0578491 -0.000606803 -0.00251183
30 -11.5 10 0.0570505 -6.06912 0.0568961 -0.0175961 2.13133 0.00149224 -2.59744e-05 7.80439e-05 0.0125623 0.00218908 -0.000189481 -0.0182315 -0.0575518 -0.000517849 -0.00240775
30 -11 10 0.0596622 -6.03515 0.0588285 0.00321369 2.134 0.00219058 -6.24627e-05 8.16267e-05 0.012486 0.0022095 -0.000190442 -0.0181392 -0.0570342 -0.000342742 -0.00254389
30 -10.5 10 0.0584656 -6.02031 0.0580194 0.0241062 2.10704 0.00152194 -9.57703e-05 7.38931e-05 0.0125463 0.00220562 -0.000190259 -0.0179996 -0.0567314 -0.000150913 -0.00261208
30 -10 10 0.0597583 -5.99496 0.0558096 0.0501879 2.09072 0.000980256 -8.88767e-05 7.12659e-05 0.0125748 0.00216932 -0.000195804 -0.0178611 -0.056366 7.10646e-05 -0.00253691
30 -9.5 10 0.0604306 -5.96101 0.0646239 0.0835861 2.07905 0.00932024 -7.42473e-05 0.000100032 0.0125913 0.00213236 -0.000205836 -0.017708 -0.0559386 0.000367158 -0.00244351
30 -9 10 0.0496111 -5.93588 0.0885117 0.122887 2.03444 0.026078 -0.000128327 0.000135425 0.0126892 0.00215298 -0.000216221 -0.017463 -0.0554277 0.000780624 -0.00258085
30 -8.5 10 0.00395416 -5.92287 0.0922462 0.145036 2.00333 0.0328803 -0.000177693 0.000132081 0.0128166 0.00212959 -0.000233765 -0.0172536 -0.05524 0.00125268 -0.00267605
30 -8 10 -0.0443727 -5.88005 0.0968592 0.171215 1.97608 0.0406731 -0.000220543 0.000137004 0.0127324 0.00208616 -0.000255769 -0.016954 -0.0541863 0.00176562 -0.00273455
30 -7.5 10 -0.0683388 -5.81531 0.0911711 0.222881 1.94667 0.0485115 -0.000212644 0.000140274 0.0126958 0.00203218 -0.000256061 -0.0166334 -0.0531051 0.00232704 -0.00262962
30 -7 10 -0.13713 -5.77966 0.083726 0.273208 1.93479 0.0492565 -0.00021246 0.000114818 0.0126836 0.00197983 -0.00026343 -0.016373 -0.0524909 0.00314613 -0.00257311
30 -6.5 10 -0.188695 -5.709 0.0733021 0.338936 1.91296 0.0515786 -0.000213959 0.000104997 0.0126006 0.001939 -0.000274615 -0.016014 -0.0512824 0.00394487 -0.00252181
30 -6 10 -0.267239 -5.62647 0.066615 0.399288 1.89904 0.0580948 -0.000223174 0.000108707 0.012408 0.00189063 -0.000290465 -0.0156213 -0.0497344 0.00482412 -0.00249554
30 -5.5 10 -0.416302 -5.5309 0.0825684 0.449138 1.86941 0.0787574 -0.000251676 0.000166869 0.0121829 0.00185399 -0.000325628 -0.015107 -0.0478059 0.00599105 -0.00253679
30 -5 10 -0.553724 -5.39601 0.0648262 0.521391 1.84003 0.0951498 -0.000235421 0.000172786 0.011843 0.00176076 -0.00033137 -0.0145439 -0.0453228 0.00714652 -0.00238932
30 -4.5 10 -0.728068 -5.24767 0.0648474 0.583051 1.82963 0.0999491 -0.000205562 0.000180066 0.011335 0.00163344 -0.000377408 -0.0139586 -0.0424976 0.00827057 -0.00220922
30 -4 10 -0.958189 -5.0583 0.046525 0.665698 1.80815 0.110396 -0.000164374 0.00020472 0.0107907 0.00150523 -0.000399989 -0.0132734 -0.0392743 0.0096671 -0.00200778
30 -3.5 10 -1.20229 -4.83642 0.0332187 0.748886 1.7936 0.119381 -0.000124766 0.000242065 0.010153 0.00137096 -0.000438777 -0.012543 -0.0357785 0.0108798 -0.001841
30 -3 10 -1.4697 -4.54402 0.0525368 0.840595 1.8078 0.129395 -9.58625e-05 0.000261856 0.00932233 0.00124945 -0.000494231 -0.0117564 -0.0317819 0.01187 -0.00174732
30 -2.5 10 -1.73984 -4.24405 0.0688486 0.9383 1.8316 0.136896 -0.000103576 0.000266856 0.00840242 0.00114752 -0.000536134 -0.0109398 -0.0278213 0.0125168 -0.00175436
30 -2 10 -2.06908 -3.93869 0.0709683 1.01985 1.82604 0.157566 -0.000104509 0.000276004 0.00748867 0.00100178 -0.000548138 -0.0100336 -0.0238752 0.0129389 -0.0016855
30 -1.5 10 -2.47134 -3.47398 0.0598796 1.11842 1.88373 0.175123 -7.14847e-05 0.00027567 0.00612388 0.000852819 -0.000574238 -0.00914423 -0.0192077 0.0127532 -0.00158917
30 -1 10 -2.8558 -3.03516 0.0544152 1.21293 1.9686 0.195597 -7.45042e-06 0.000287037 0.00474436 0.000699542 -0.000595485 -0.00842154 -0.0154389 0.01195 -0.00147087
30 -0.5 10 -3.01071 -2.82733 0.0553231 1.26974 1.92711 0.202875 3.74501e-05 0.000298269 0.00424656 0.000590607 -0.000612456 -0.00783497 -0.0134987 0.0114277 -0.00135397
30 0 10 -3.16398 -2.47606 0.0320608 1.37275 1.944 0.192459 2.18646e-05 0.000287643 0.00331136 0.000510727 -0.000598528 -0.0072949 -0.0111372 0.0102951 -0.00133522
30 0.5 10 -2.39937 0.0944923 0.0369297 1.8018 2.09946 0.117571 0.00168751 -5.6275e-05 -0.0129519 0.000673139 -0.000575998 -0.0386739 -0.0411741 0.0193737 -0.00123775
30 1 10 -1.39709 0.258686 0.073363 1.75081 1.97463 0.0612877 0.00168907 -6.64977e-05 -0.0166465 0.000263882 -0.00075402 -0.0349854 -0.0366692 0.0190681 -0.00109263
30 1.5 10 -0.522844 0.625732 0.0374135 1.50144 1.79337 0.0597731 0.00123758 -0.000224252 -0.0240683 0.000300102 -0.000170895 -0.0248411 -0.0297954 0.0123889 -0.000725962
30 2 10 -0.0187173 0.984171 0.0317626 1.14105 1.51261 0.0238543 0.000821536 -0.000331372 -0.0273704 -0.000115906 1.54863e-05 -0.0141736 -0.0241831 0.00784193 -0.000304669
30 2.5 10 0.19821 1.00198 0.0276479 0.770949 1.39219 0.00614162 0.000460342 -0.000310893 -0.0267287 -0.000376932 0.000116713 -0.00895867 -0.019623 0.0061075 4.59336e-05
30 3 10 0.296451 1.00691 0.0241709 0.474375 1.27494 -0.00693505 0.00033336 -0.000285675 -0.0252485 -0.000442227 8.81693e-06 -0.00532335 -0.0161015 0.00501066 7.38217e-05
30 3.5 10 0.283953 1.01494 0.017638 0.267065 1.12496 -0.0217577 0.000233822 -0.000260197 -0.0232771 -0.000423273 -7.14297e-05 -0.00263714 -0.0132943 0.00366362 7.29445e-05
30 4 10 0.27295 1.07184 0.00819918 0.0561906 1.02444 -0.0222957 0.000103067 -0.00014459 -0.022078 -0.000283076 -4.57104e-05 0.000580033 -0.0115349 0.00300037 6.87443e-05
30 4.5 10 0.218432 1.10693 0.000170162 -0.0133921 0.840205 -0.0282697 6.30558e-05 -0.000250266 -0.0199172 -0.000281096 -7.54896e-05 0.00332186 -0.009629 0.0022015 5.63623e-05
30 5 10 0.144814 1.08263 -0.00860794 -0.0647015 0.851984 -0.0175443 -4.51894e-05 -0.000172776 -0.0188112 -0.000228329 2.37966e-05 0.00268615 -0.00903908 0.00145116 0.000108448
30 5.5 10 0.0885391 1.06567 -0.0109127 -0.0830862 0.860363 -0.00808621 -9.74806e-05 -0.000146755 -0.0180206 -0.000183758 4.37014e-05 0.00261119 -0.00847937 0.000907516 0.000122678
30 6 10 0.0470233 1.05898 -0.00813874 -0.0842575 0.848061 -0.0180524 1.17111e-05 -0.000147451 -0.0177991 -0.000145329 -2.01158e-05 0.00224547 -0.00847306 0.000514349 5.28038e-05
30 6.5 10 0.0193988 1.0383 -0.00940276 -0.0568482 0.838645 -0.00993979 3.841e-05 -0.000105508 -0.0175475 -0.000185677 -3.62077e-06 0.00188748 -0.00831886 0.000224592 5.69973e-05
30 7 10 0.00994561 1.026 -0.00815388 -0.0446494 0.834131 -0.00895367 9.52255e-05 -7.75411e-05 -0.0174021 -7.47294e-06 4.65791e-06 0.0015037 -0.00830047 0.000119752 -4.62237e-05
30 7.5 10 0.000140796 0.995511 -0.00119175 -0.0370942 0.897021 -0.00673542 4.674e-05 -9.77718e-05 -0.0178534 -4.94358e-05 -4.43205e-05 0.000274806 -0.00876356 6.49234e-06 -2.77491e-07
30 8 10 0.00629345 1.02588 -0.00112389 -0.0410784 0.885026 -0.0106546 -4.92066e-05 -0.00014757 -0.0178889 -0.000222549 -0.000108733 0.000818966 -0.00881418 7.43256e-05 0.00012549
30 8.5 10 0.00584608 1.02298 -0.00519118 -0.0120622 0.851142 0.000217775 0.00013066 -0.000102688 -0.017695 -8.60595e-05 -4.9937e-05 0.00116844 -0.00855381 5.84217e-05 -3.02057e-05
30 9 10 -0.00740955 1.01649 -0.00939238 0.00821827 0.84119 0.000132507 3.17582e-05 -8.13769e-05 -0.0173488 -0.000192317 3.36193e-05 0.00158249 -0.00815221 -7.09381e-05 6.51862e-05
30 9.5 10 -0.00638639 1.00826 -0.0108371 0.0103182 0.858481 0.00198471 8.04479e-05 -8.4109e-05 -0.0175995 -0.000150769 6.46963e-05 0.00119 -0.00836211 -6.29233e-05 2.47626e-05
30 10 10 -0.00226029 0.999037 -0.00990489 0.00650904 0.873037 0.00462094 0.000147109 -7.05699e-05 -0.0177349 -0.000112587 7.95373e-05 0.000930395 -0.00845331 -2.40596e-05 -2.39985e-05
30 10.5 10 -0.000982024 0.973264 -0.00461304 0.00519432 0.896332 -0.00268134 0.000200984 -2.57548e-05 -0.0176198 -7.20975e-05 6.54562e-05 0.000371339 -0.00840791 -9.98287e-06 -6.53109e-05
30 11 10 0.00044324 0.987961 -0.00121679 0.00787735 0.891461 -0.0153946 0.000140982 -8.32803e-05 -0.0177203 -9.52291e-05 -3.40666e-05 0.000432358 -0.0085611 2.8715e-06 -2.73487e-05
30 11.5 10 0.00222232 0.977431 -0.0035296 0.00247438 0.885306 -0.0005991 7.74832e-05 -3.56041e-05 -0.0176537 -9.89857e-05 4.64046e-05 0.00045443 -0.00842653 1.89468e-05 5.96693e-06
30 12 10 0.000741049 1.00078 -0.00189622 -0.0153061 0.838945 -0.0100153 0.000126726 -7.44942e-05 -0.0174989 -5.21277e-05 -1.87597e-05 0.00110234 -0.0082941 1.50609e-05 -4.14304e-05
30 12.5 10 0.00593669 0.997198 -0.00349446 -0.0146574 0.861643 -0.00293837 0.000116939 -5.46877e-05 -0.017473 -2.79728e-05 3.44018e-05 0.000990876 -0.0082852 5.89646e-05 -4.66687e-05
30 13 10 0.00782328 0.95929 -0.00173546 0.0047445 0.901777 0.0013459 6.64776e-05 -1.02216e-05 -0.0175566 -3.7193e-05 4.83222e-05 6.3276e-05 -0.00839246 6.84425e-05 -1.50411e-05
30 13.5 10 0.0131537 0.985022 -0.00193595 -0.00914482 0.872273 0.00662054 3.10745e-05 -2.28522e-05 -0.0175229 -9.58879e-05 7.04642e-06 0.000655806 -0.00834424 0.000117896 2.63332e-05
30 14 10 0.00842809 0.988174 0.00117536 -0.00630798 0.865777 -0.00475441 2.17684e-05 -4.71315e-05 -0.0174778 -0.000110227 -6.65209e-05 0.000795862 -0.00829118 7.64373e-05 3.69718e-05
30 14.5 10 0.000571903 1.00093 0.00555384 0.000170458 0.848786 -0.0132511 -3.34844e-06 -5.45875e-05 -0.0174386 -0.000146593 -0.000128224 0.00112553 -0.0082505 5.85263e-06 6.38622e-05
30 15 10 0.00491277 0.978325 0.000623505 -0.00182899 0.876413 -0.00882614 1.20758e-05 -1.80602e-05 -0.0175529 -0.000183676 -3.96336e-05 0.000446413 -0.00839078 4.43393e-05 7.45728e-05
30 15.5 10 0.00827402 0.949911 -0.000889297 0.00281501 0.883851 -0.00570829 4.84279e-06 2.47382e-05 -0.0173035 -0.000199839 4.77966e-05 0.000322859 -0.00807558 7.16987e-05 8.61834e-05
30 16 10 0.00354732 0.973022 -0.00089891 0.00453147 0.855867 -0.00893125 -8.66034e-05 -1.79458e-05 -0.0171597 -0.000259648 1.64556e-06 0.000908327 -0.00795968 2.95758e-05 0.000153217
30 16.5 10 -0.00186322 0.962312 -0.000221071 0.00206633 0.883292 -0.000303026 2.01444e-06 -2.73912e-05 -0.0173368 -0.000177923 -1.74691e-05 0.000416673 -0.00815769 -1.65549e-05 7.76174e-05
30 17 10 -0.00383591 0.978906 -0.00400153 0.00253822 0.855757 0.00699236 6.34712e-05 2.95799e-06 -0.0173371 -0.000147062 4.26121e-05 0.000867397 -0.0081147 -3.49937e-05 3.19067e-05
30 17.5 10 -0.00472427 0.934554 0.000917132 0.0213439 0.898196 0.00667854 4.3214e-05 6.7423e-05 -0.0173435 -0.000114538 3.66516e-06 -0.000168375 -0.00817988 -3.95335e-05 3.11258e-05
30 18 10 -0.00184644 0.945385 0.0042013 0.00987157 0.894591 0.00651063 9.62607e-05 9.31441e-05 -0.017329 -8.05688e-05 -7.90287e-07 -2.97349e-06 -0.0081928 -1.60438e-05 -9.55356e-06
30 18.5 10 0.00315993 0.964947 0.00246067 0.0155156 0.870783 0.00091015 0.000124988 6.53657e-05 -0.0174571 -0.000134308 -2.17001e-05 0.000361432 -0.0082653 2.48703e-05 -1.8917e-06
30 19 10 0.00546494 0.959238 0.00136194 0.00365845 0.86328 -0.00869357 0.000113905 3.20814e-05 -0.0173009 -8.80205e-05 -5.66101e-05 0.000510913 -0.0080776 4.67999e-05 -1.66536e-05
30 19.5 10 4.1458e-05 0.950256 -8.41015e-05 0.00925833 0.871059 -0.00419131 0.000131622 4.62276e-05 -0.0171788 5.12543e-06 -2.11983e-05 0.000458713 -0.00796241 -1.78363e-06 -6.48666e-05
30 20 10 0.00010416 0.955237 0.00138528 0.0116447 0.87101 0.00200502 0.000128845 5.25758e-05 -0.0171438 2.72079e-05 -1.22564e-05 0.000599012 -0.00792734 -2.47829e-06 -7.34566e-05
30 20.5 10 0.0165264 0.973489 0.00372219 -0.00617598 0.850155 -0.00205604 7.03067e-05 3.48105e-05 -0.0171511 -3.32052e-05 -4.81552e-05 0.000741822 -0.00803298 0.000144179 -1.96703e-05
30 21 10 0.0247162 0.962006 0.00466316 -0.0192223 0.854858 -6.14689e-05 3.16541e-05 4.31108e-05 -0.0171539 -8.24536e-05 -5.3996e-05 0.000301119 -0.00812247 0.00021496 2.10691e-05
30 21.5 10 0.0174294 0.918355 0.00763714 -0.0154425 0.91112 -0.00339869 0.000110394 6.86038e-05 -0.0172096 -5.20403e-05 -4.92063e-05 -0.000384971 -0.008078 0.000147514 -2.60052e-05
30 22 10 0.0121702 0.903112 0.00796082 -0.0136087 0.91695 -0.00285804 9.92335e-05 7.35733e-05 -0.0170083 -8.91765e-05 -4.16308e-05 -0.000318116 -0.00782638 0.000101855 -3.19333e-06
30 22.5 10 0.0036066 0.95397 0.00407861 -0.0160999 0.875983 0.00559369 5.09389e-06 5.81185e-05 -0.0171265 -0.000183477 -1.92773e-05 0.000295967 -0.00803952 3.2764e-05 7.81918e-05
30 23 10 0.0098313 0.960333 0.00121667 -0.0115246 0.866817 0.0121366 5.60676e-05 0.000116723 -0.017146 -0.000143395 6.55571e-05 0.000373065 -0.00807173 8.55976e-05 3.5423e-05
30 23.5 10 0.0042988 0.94258 -0.000515548 -0.00814104 0.863032 0.0216719 0.000104699 0.000114758 -0.0170167 -9.28587e-05 9.85828e-05 0.000331874 -0.00787764 3.68934e-05 -9.42797e-06
30 24 10 0.00133423 0.933026 0.00220685 -0.0064401 0.884243 0.0165716 0.000181884 8.92367e-05 -0.0171337 -1.57354e-06 7.31495e-05 0.00026741 -0.00787555 1.24789e-05 -8.43317e-05
30 24.5 10 0.00143961 0.967658 0.00469658 -0.0064583 0.837114 0.00816532 0.000210918 2.05672e-05 -0.017135 1.52553e-05 1.64795e-05 0.00101756 -0.00786462 1.61773e-05 -0.000108472
30 25 10 0.00524239 0.961933 0.00691933 -0.00714867 0.828823 -0.00496288 7.06654e-05 1.53881e-05 -0.0167962 -0.00012887 -4.66898e-05 0.00105283 -0.00764225 4.83534e-05 1.96247e-05
30 25.5 10 0.00135058 0.950446 0.00626302 -0.00492517 0.843452 0.00189388 0.000113587 0.000106446 -0.0168551 -3.15724e-05 2.59007e-06 0.000667245 -0.00772887 1.33511e-05 -4.05985e-05
30 26 10 -0.00123857 0.976635 0.00663099 -0.0102726 0.83604 0.00049437 0.000101406 0.000116355 -0.0170855 -8.10944e-05 -3.29147e-05 0.000768141 -0.00802242 -6.31922e-06 -1.55223e-05
30 26.5 10 0.00121795 0.945877 0.00608926 -0.00889507 0.862837 -0.00115524 5.91875e-05 6.32145e-05 -0.0171065 -0.000143095 -5.54852e-05 0.000224905 -0.00799351 1.16805e-05 3.40272e-05
30 27 10 0.00431536 0.907354 0.00540268 -9.54568e-06 0.891892 -0.00439631 4.44485e-05 2.98169e-05 -0.0171123 -9.29554e-05 -9.80047e-05 -0.000369959 -0.00792874 3.72455e-05 2.13526e-05
30 27.5 10 0.00170082 0.911554 0.00200682 0.00199797 0.891272 -0.00412295 5.63784e-05 4.16861e-05 -0.0170837 -4.88188e-05 -2.36405e-05 -0.000253848 -0.00789958 1.4939e-05 -3.92872e-06
30 28 10 -0.000703797 0.919723 0.00289323 -0.000258117 0.880057 0.00652512 2.65654e-05 0.000106865 -0.0171303 -8.13907e-05 1.52033e-05 -0.000149969 -0.00794376 -6.2746e-06 2.35582e-05
30 28.5 10 -0.00204265 0.957972 0.0023726 -0.0096717 0.839141 0.0169812 5.88874e-05 0.000144338 -0.0170604 -6.71535e-05 7.90891e-05 0.000589291 -0.0079253 -1.50749e-05 -5.60493e-07
30 29 10 -0.00457047 0.959785 0.00604995 0.00480489 0.834598 0.0175243 0.000108889 0.00015258 -0.0169147 -4.43577e-05 3.29442e-05 0.000842033 -0.00776659 -4.07362e-05 -3.40142e-05
30 29.5 10 -0.00506454 0.962072 0.0105228 0.0200156 0.827533 0.0123849 0.000135978 0.000145775 -0.01675 -3.07723e-05 -3.50498e-05 0.00103546 -0.00762945 -5.22532e-05 -5.33978e-05
30 30 10 -0.000643086 0.936185 0.0135565 0.0174506 0.854775 -0.00139762 0.000132776 0.000114356 -0.0168417 -2.89651e-06 -9.82845e-05 0.000177985 -0.00780826 -6.06629e-06 -6.18079e-05
30 30.5 10 0.00345194 0.912903 0.0148493 0.00354506 0.886648 0.00662939 0.000127337 0.000179528 -0.0170112 3.2058e-06 -3.0105e-05 -0.000499119 -0.00798728 3.12015e-05 -5.92878e-05
30 31 10 0.0119262 0.940709 0.0130222 0.00134151 0.861588 0.00710578 4.85373e-05 0.000138066 -0.0169695 -0.000121742 -4.53318e-05 0.000290253 -0.00785738 0.000100879 3.04089e-05
30 31.5 10 0.00941533 0.950561 0.0113331 0.00195194 0.834204 0.00399481 2.60714e-05 0.000116324 -0.0168003 -0.000168584 -4.98814e-05 0.000730732 -0.00768062 7.81879e-05 5.84244e-05
30 32 10 0.00433292 0.947834 0.0109309 0.000640946 0.829967 -0.0022035 1.64693e-05 8.7853e-05 -0.0168365 -0.000203405 -9.96328e-05 0.000639477 -0.00771434 3.65849e-05 7.67632e-05
30 32.5 10 -0.00296843 0.931015 0.0107812 0.0058238 0.848681 -0.00784975 5.32309e-05 6.85874e-05 -0.0169335 -0.00019297 -0.000122178 6.48388e-05 -0.00785601 -2.42775e-05 5.66482e-05
30 33 10 0.00498135 0.949839 0.0101238 0.00172607 0.834865 -0.00102245 3.68955e-05 8.75163e-05 -0.0169681 -0.000201168 -8.17429e-05 0.000531098 -0.00783726 4.20932e-05 6.65989e-05
30 33.5 10 0.00357603 0.942257 0.0103532 0.00926793 0.83049 0.00349764 5.2735e-05 0.000111189 -0.0169422 -0.000173021 -2.16686e-05 0.000652133 -0.00771168 2.72413e-05 4.70994e-05
30 34 10 -0.000536585 0.92214 0.0134746 0.0113354 0.844302 0.000736958 9.17675e-05 0.000127778 -0.016874 -0.000112668 -3.11266e-05 0.000401032 -0.00761164 -6.22333e-06 5.04102e-06
30 34.5 10 -0.00279718 0.934096 0.0144999 5.78446e-05 0.819264 -0.00819484 5.61791e-05 6.82476e-05 -0.0167657 -0.000171889 -0.000132988 0.000570132 -0.00759787 -2.23532e-05 4.40734e-05
30 35 10 -0.000219694 0.941594 0.0131537 -0.0107654 0.822956 -0.0026181 3.77372e-05 6.16115e-05 -0.0167758 -0.000188818 -0.00013031 0.000545944 -0.00767394 1.59124e-06 6.06226e-05
30 35.5 10 -0.00193751 0.950581 0.0103009 0.000259635 0.823435 0.0187939 1.75481e-05 0.000146163 -0.0167715 -0.00020742 1.60571e-05 0.000693878 -0.00768657 -1.81963e-05 7.69183e-05
30 36 10 -0.00317197 0.920308 0.0115291 -0.000179682 0.838179 0.00863106 3.73393e-05 0.00015074 -0.0166645 -0.000190092 -7.12738e-06 0.00032386 -0.00753333 -2.70056e-05 6.22452e-05
30 36.5 10 0.00036502 0.919148 0.0110255 0.00139948 0.829644 0.00887076 5.47231e-05 0.000156968 -0.0164288 -0.000169966 -8.46863e-06 0.000497152 -0.00734486 2.19836e-06 4.53789e-05
30 37 10 0.00179557 0.933475 0.0112832 0.0211511 0.828585 0.00866079 8.20579e-05 0.000142919 -0.016432 -8.6197e-05 -5.45046e-05 0.000686113 -0.00738576 7.58607e-06 -3.03682e-06
30 37.5 10 0.000327794 0.891895 0.0149032 0.00737324 0.871936 0.00133943 5.82521e-05 0.000133575 -0.0166336 -0.000134312 -8.53009e-05 -0.000288384 -0.00754437 4.13348e-06 3.22857e-05
30 38 10 -0.00418349 0.919323 0.0180045 -0.0153217 0.845058 0.00925686 7.84274e-05 0.000190682 -0.0165721 -5.36037e-05 -7.86145e-05 0.000286325 -0.00749793 -3.20132e-05 -1.31976e-05
30 38.5 10 0.00163185 0.924458 0.0165967 -0.00578639 0.837809 0.0139529 3.61971e-05 0.000228964 -0.0165309 -0.00010213 -5.00293e-05 0.000454728 -0.00745215 1.43915e-05 2.63829e-05
30 39 10 0.010004 0.8941 0.0165292 -0.0166086 0.873663 0.0142545 5.41869e-05 0.000226769 -0.0165631 -0.000156362 -4.10008e-05 4.99602e-05 -0.00738427 8.25968e-05 4.55545e-05
30 39.5 10 0.00167631 0.922201 0.0162133 0.0233903 0.829569 0.0130551 7.04863e-05 0.000201947 -0.0165548 -0.000123791 -4.36129e-05 0.000640984 -0.00736892 6.14244e-06 1.85045e-05
30 40 10 0.00680217 0.903705 0.0127055 0.0129997 0.853825 0.00713197 2.41378e-06 0.000136579 -0.0167314 -0.000163726 -5.82461e-05 3.47612e-05 -0.00754593 5.61103e-05 6.88921e-05
30 40.5 10 0.00538382 0.910691 0.0145648 0.0108227 0.858319 0.004834 -7.13651e-05 0.000149123 -0.0168654 -0.000230503 -0.000135528 7.5872e-05 -0.00764777 4.39127e-05 0.000131087
30 41 10 0.00413417 0.890347 0.0124038 0.00349243 0.862841 0.00895875 7.09743e-05 0.000226909 -0.016471 -0.00011891 -3.53877e-05 -9.21724e-05 -0.00737348 3.41155e-05 2.01115e-05
30 41.5 10 0.00672938 0.903871 0.00991397 -0.00413484 0.846347 0.00878118 0.000103204 0.000227701 -0.016421 -0.00010977 6.98051e-06 0.000245446 -0.00731851 5.57885e-05 5.61837e-07
30 42 10 -0.00462754 0.88183 0.0119667 0.00874877 0.868465 0.00825246 0.00014283 0.000233652 -0.0165663 2.35469e-05 3.38107e-05 -0.000348524 -0.0074572 -3.58543e-05 -7.35934e-05
30 42.5 10 0.00408072 0.90588 0.01453 0.00285777 0.824502 0.0103137 0.000119581 0.000194293 -0.0162463 -3.72116e-05 -4.15505e-05 0.000492713 -0.00715667 3.31211e-05 -3.84855e-05
30 43 10 0.00816652 0.88689 0.016081 -0.00726075 0.83542 0.0108887 0.000111714 0.000206089 -0.0162611 -1.77019e-05 -2.43458e-05 0.000116732 -0.00716366 6.76239e-05 -4.12149e-05
30 43.5 10 0.00212744 0.896943 0.0165335 0.00128665 0.824783 0.00941146 9.70416e-05 0.000208904 -0.0162454 -7.54076e-05 -3.74283e-05 0.000216074 -0.00719802 1.75889e-05 -1.22248e-05
30 44 10 0.000334708 0.89067 0.0165418 0.00975515 0.840909 0.0105636 -3.62401e-07 0.000218324 -0.0163235 -0.000181098 -2.44472e-05 -7.57783e-06 -0.00727429 1.80924e-06 7.62222e-05
30 44.5 10 0.00718817 0.909192 0.0147855 -0.00215887 0.835012 0.0170507 -3.77077e-05 0.000225985 -0.0164326 -0.000208265 5.73795e-06 0.000158058 -0.00740594 5.71767e-05 0.0001049
30 45 10 0.0136261 0.904599 0.0133343 -0.0124112 0.84558 0.0224215 -1.2423e-05 0.000268389 -0.0164286 -0.000178184 4.63754e-05 0.000104298 -0.00738885 0.000110495 8.24942e-05
30 45.5 10 0.00730311 0.88784 0.0163566 -0.00580308 0.82822 0.0178358 0.000113446 0.000313673 -0.0160367 -0.000116739 6.92133e-06 0.000393332 -0.00695874 5.95867e-05 -8.92696e-07
30 46 10 -0.00170122 0.846756 0.0222243 0.0105734 0.882529 0.00707233 0.000123149 0.000274727 -0.01627 -3.65022e-05 -9.19169e-05 -0.000906782 -0.00729123 -7.80616e-06 -3.6751e-05
30 46.5 10 0.0107751 0.890036 0.0224646 0.00623624 0.816533 0.00316851 6.19017e-05 0.000244371 -0.0161964 -0.000153581 -0.000117049 0.000248066 -0.00710899 8.69377e-05 3.61061e-05
30 47 10 0.00588777 0.881969 0.0218016 0.00268217 0.812955 0.00486833 6.60583e-05 0.000239634 -0.0160072 -0.000146107 -0.000100174 0.00024169 -0.00696304 4.71636e-05 3.08297e-05
30 47.5 10 0.00363611 0.894154 0.0191745 0.0128225 0.802787 0.00813139 6.40086e-05 0.000267431 -0.0160868 -0.000114799 -6.0677e-05 0.000271536 -0.00708535 2.76527e-05 1.75599e-05
30 48 10 0.0044694 0.893589 0.0186801 0.0149107 0.809117 0.00664218 8.8078e-05 0.000265505 -0.0162038 -8.68997e-05 -7.27936e-05 5.38782e-05 -0.00722021 3.6343e-05 -4.14614e-06
30 48.5 10 0.00526425 0.865592 0.0203095 0.00774762 0.84365 -0.000522984 0.000102116 0.000190227 -0.0162318 -0.000103551 -0.000171983 -0.000445419 -0.00721493 4.55137e-05 -6.80368e-07
30 49 10 0.000402282 0.867865 0.0172559 0.00899212 0.833521 -0.00449271 5.44007e-05 0.000163114 -0.0159608 -0.000128072 -0.000149814 0.000161659 -0.00686029 3.2406e-06 2.91282e-05
30 49.5 10 0.00217445 0.870483 0.0219132 -0.00114606 0.83093 0.0143757 3.02009e-05 0.000285701 -0.0158078 -0.000119486 -5.38465e-05 0.000409137 -0.00671296 1.68931e-05 3.68391e-05
30 50 10 0.00775508 0.87433 0.0224803 -0.00596355 0.816242 0.0142022 2.65679e-05 0.000288383 -0.0157858 -0.000115061 -4.26756e-05 0.00037289 -0.00675174 6.18035e-05 3.65896e-05
30 50.5 10 0.00827723 0.864986 0.0203954 0.00788495 0.808499 0.00770335 5.21877e-05 0.00022769 -0.0157877 -0.00010448 -7.6351e-05 8.94397e-06 -0.00682646 6.54335e-05 2.03063e-05
30 51 10 -4.13277e-05 0.872158 0.0186382 0.0135539 0.806787 0.0178445 3.92017e-05 0.000255198 -0.0157983 -0.000177513 -6.33004e-05 0.000249095 -0.00679064 -3.23305e-06 5.40782e-05
30 51.5 10 -0.000956793 0.854496 0.0150817 0.0157635 0.818536 0.0252293 -8.30609e-07 0.000297975 -0.0157459 -0.000183231 2.58921e-05 1.91613e-06 -0.00672919 -9.86555e-06 7.5407e-05
30 52 10 0.00641047 0.846644 0.0150497 0.00262973 0.814111 0.0164775 5.06712e-05 0.000281706 -0.0155375 -0.000110237 1.01519e-05 0.000123326 -0.00652936 4.91122e-05 2.43385e-05
30 52.5 10 0.00987941 0.837939 0.01775 -0.00252636 0.832683 0.00711884 4.03941e-05 0.000235063 -0.0157239 -8.00311e-05 -6.44253e-05 -0.000304602 -0.00671649 7.73601e-05 1.76389e-05
30 53 10 0.00863835 0.870448 0.0204553 0.00141861 0.802036 0.00523932 0.000101377 0.000210185 -0.015808 -4.93666e-05 -0.00012571 0.00023668 -0.00678692 6.9017e-05 -2.3506e-05
30 53.5 10 0.00719031 0.857164 0.0227251 -0.000103286 0.808256 0.015871 0.000100311 0.00029814 -0.0156741 -6.96835e-05 -6.6604e-05 0.000144907 -0.00666193 5.6945e-05 -1.37552e-05
30 54 10 0.00310322 0.835212 0.0176666 0.00892099 0.826163 0.0180557 9.54269e-05 0.00029411 -0.0156057 -7.37914e-05 -3.32482e-05 -0.000161309 -0.00658595 2.51102e-05 -9.06092e-06
30 54.5 10 0.00291412 0.858311 0.0177225 0.0165778 0.803161 0.0196251 9.51288e-05 0.000311834 -0.0156471 -8.10849e-05 -7.85939e-06 0.000124966 -0.00666754 2.18102e-05 -7.87374e-06
30 55 10 0.000787492 0.863945 0.0202475 0.0137037 0.79234 0.0200552 7.65915e-05 0.000333817 -0.015595 -7.5896e-05 -1.15267e-05 0.000167226 -0.00667361 5.00899e-06 -2.96524e-06
30 55.5 10 0.00288677 0.855846 0.0232281 0.00522713 0.796252 0.0200272 5.7525e-05 0.0003475 -0.0155383 -9.22501e-05 -1.63689e-05 0.000129554 -0.0066015 2.18335e-05 1.25697e-05
30 56 10 0.00694146 0.852056 0.0262967 -0.00906118 0.78726 0.0165674 6.4459e-05 0.000327118 -0.0154135 -0.000102992 -5.32798e-05 0.000301769 -0.00645168 5.48578e-05 1.44561e-05
30 56.5 10 -0.00208531 0.833162 0.0242678 0.0154925 0.80136 0.0139097 0.000154764 0.000298824 -0.0153863 -7.31782e-05 -8.2303e-05 -0.000151505 -0.00647341 -1.35001e-05 -3.60997e-05
30 57 10 0.00132015 0.841503 0.0239403 0.0282013 0.793275 0.0115005 7.58139e-05 0.000298495 -0.015406 -0.000137696 -7.68307e-05 3.14087e-05 -0.00647275 9.8419e-06 2.18303e-05
30 57.5 10 0.000883398 0.812053 0.0216141 0.0191528 0.823059 0.0161117 4.73318e-05 0.000303464 -0.0153718 -0.000161701 -2.86806e-05 -0.00061069 -0.00649575 1.18468e-05 4.7186e-05
30 58 10 0.008769 0.815812 0.0197866 0.00473933 0.819698 0.0144288 7.48403e-05 0.000275345 -0.0153103 -0.000117598 -4.91831e-05 -0.000323735 -0.00638023 6.77874e-05 1.87605e-05
30 58.5 10 0.00154479 0.804111 0.022362 0.0126764 0.818659 0.0164877 8.40013e-05 0.000303449 -0.0152436 -9.5711e-05 -5.30373e-05 -0.000478312 -0.00632754 1.4956e-05 5.30236e-06
30 59 10 -0.00310058 0.790068 0.0222981 -0.00394994 0.811352 0.023593 0.000163767 0.000350003 -0.0149906 -5.00532e-05 -2.13778e-05 -0.000501333 -0.00612881 -2.29945e-05 -4.48884e-05
30 59.5 10 0.00400671 0.81649 0.0226745 -0.00456188 0.789629 0.0248367 0.000145804 0.000388215 -0.0149757 -7.58905e-05 8.31825e-06 5.598e-05 -0.00609616 3.08399e-05 -2.88025e-05
30 60 10 0.00462693 0.829402 0.0282846 -0.00712619 0.771965 0.0104126 9.37295e-05 0.000328349 -0.0147653 -0.00012098 -0.000103957 0.000462819 -0.00594867 3.65039e-05 8.95668e-06
30 60.5 10 0.00696267 0.81385 0.0288507 -0.011937 0.788175 0.000314528 8.84764e-05 0.000294293 -0.014804 -9.0158e-05 -0.000147016 0.000265791 -0.00592359 5.43861e-05 1.42883e-06
30 61 10 0.0082528 0.805334 0.0265833 -0.00769995 0.77572 0.00633303 6.17156e-05 0.000293422 -0.0148909 -0.000152109 -0.000137933 -9.49917e-05 -0.00603639 6.14188e-05 3.58881e-05
30 61.5 10 0.00830301 0.798807 0.0223992 0.00633004 0.766785 0.00769796 -1.0929e-05 0.000341731 -0.0147839 -0.000208934 -2.24633e-05 1.8445e-05 -0.0059014 6.03903e-05 8.58165e-05
30 62 10 0.011 0.78932 0.0195925 0.00428654 0.785032 0.0090897 1.03482e-05 0.000323269 -0.0148292 -0.000197168 -1.17677e-05 -0.000268058 -0.00596081 8.13402e-05 7.50602e-05
30 62.5 10 0.0133758 0.802756 0.0171082 0.00751486 0.768299 0.0125834 8.12885e-05 0.00031727 -0.014786 -0.000125723 1.45543e-05 3.36811e-06 -0.0059363 9.87792e-05 1.78456e-05
30 63 10 0.0220364 0.793938 0.0171246 0.000280877 0.762609 0.0164632 6.63209e-05 0.000297868 -0.0145046 -0.000111148 3.44925e-05 -0.000173244 -0.00582677 0.000159492 1.93407e-05
30 63.5 10 0.0297308 0.799926 0.0166851 -0.00463936 0.742954 0.0179283 0.000110775 0.000289348 -0.01434 -6.24729e-05 2.20448e-05 9.95464e-05 -0.00570109 0.000213764 -1.68486e-05
30 64 10 0.0282622 0.776676 0.0163933 -0.00292783 0.769259 0.0246282 0.000110294 0.000306819 -0.0143494 -5.14538e-05 4.17554e-05 -0.000399813 -0.00572924 0.000202458 -1.87662e-05
30 64.5 10 0.0281998 0.730523 0.0176765 0.0112516 0.808998 0.0259087 0.000116107 0.000324831 -0.0141077 -3.48373e-05 5.26953e-05 -0.00115229 -0.00562265 0.000205974 -2.34411e-05
30 65 10 0.0361466 0.791315 0.0256291 0.0189201 0.770711 0.0156707 0.000155262 0.000317591 -0.0142283 -4.67488e-05 -8.95084e-05 -0.000455469 -0.00580842 0.000263084 -3.85225e-05
30 65.5 10 0.037251 0.802724 0.0263757 0.0457363 0.74645 0.017098 0.000134585 0.000292507 -0.0139717 -9.88228e-05 -0.00010946 2.65479e-05 -0.00560071 0.000260552 -1.41891e-05
30 66 10 0.0269223 0.790772 0.0232976 0.0766231 0.742363 0.0227058 6.49788e-05 0.000262935 -0.0136226 -0.000183681 -9.11411e-05 0.000327818 -0.00526653 0.000169488 4.25351e-05
30 66.5 10 -0.000529727 0.768797 0.0172975 0.110438 0.764546 0.0210798 4.08289e-05 0.00021438 -0.0134981 -0.00025299 -0.000102834 0.000545697 -0.00498082 -3.60215e-05 7.52816e-05
30 67 10 -0.0451111 0.761978 0.010563 0.13857 0.769927 0.0273583 4.61026e-05 0.000220856 -0.0136822 -0.0003247 -8.27784e-06 0.00109442 -0.00479251 -0.000388635 0.000101878
30 67.5 10 -0.116064 0.768995 0.00364862 0.150189 0.767488 0.0248799 0.000117753 0.000173271 -0.0141316 -0.000330928 -5.79259e-06 0.00206732 -0.00464051 -0.000979235 7.12256e-05
30 68 10 -0.225855 0.784559 -0.00615259 0.122117 0.756125 0.0192869 0.000218107 0.000139051 -0.015385 -0.000376634 -4.78513e-05 0.00303845 -0.00488563 -0.00192722 3.82077e-05
30 68.5 10 -0.363196 0.775539 -0.0179811 0.0809546 0.763828 0.0155701 0.000326743 0.000116203 -0.0170706 -0.00045717 -6.11756e-05 0.00342377 -0.00531037 -0.00324508 2.43201e-05
30 69 10 -0.506887 0.732551 -0.0273096 -0.100065 0.804979 -0.00047602 0.000518023 0.000110507 -0.0200937 -0.000389068 -0.000102961 0.00239806 -0.00639315 -0.00497962 -5.59993e-05
30 69.5 10 -0.63493 0.713285 -0.0390482 -0.36279 0.81894 -0.0196871 0.00080823 0.000121334 -0.0235255 -0.0002135 -0.000103955 0.00115809 -0.00791464 -0.00727212 -0.00022049
30 70 10 -0.686823 0.707023 -0.0484456 -0.797962 0.803098 -0.0490608 0.00115063 0.000221332 -0.0274275 -2.39418e-05 -6.54886e-05 -0.00144053 -0.0102706 -0.0100209 -0.000447028
30 70.5 10 -0.520873 0.649993 -0.0340487 -1.41664 0.819819 -0.0984742 0.00139607 0.000268302 -0.0313442 0.000448622 -5.44606e-05 -0.00952516 -0.0140893 -0.0149559 -0.000668912
30 71 10 -0.0695395 0.57791 0.0062084 -2.13781 0.818008 -0.153179 0.00150395 0.000386197 -0.0332903 0.0012656 -4.25119e-05 -0.0208634 -0.0181571 -0.0235507 -0.000920199
30 71.5 10 0.834835 0.530893 0.0713935 -2.91936 0.7921 -0.203037 0.00134199 0.000425219 -0.0311653 0.00240607 -6.31935e-05 -0.0360801 -0.0225838 -0.0398528 -0.00103942
30 72 10 2.43225 0.377791 0.192794 -3.54935 0.728145 -0.234163 0.000590863 0.00056013 -0.0213041 0.00362337 7.23744e-05 -0.0558562 -0.0244055 -0.0735855 -0.000878034
30 72.5 10 4.89646 0.386014 0.388544 -3.60597 0.638821 -0.233601 -0.000912858 0.000370182 0.000808387 0.00539061 0.000582755 -0.0779308 -0.0247398 -0.143294 -0.00169004
30 73 10 8.06747 0.254858 0.58288 -2.71744 0.483814 -0.172654 -0.00359475 0.000171941 0.0423418 0.00665673 0.0010055 -0.0988818 -0.0184879 -0.30677 -0.00182487
30 73.5 10 12.0836 0.222512 0.929959 0.376608 0.416448 0.142327 -0.00900356 0.000626127 0.109532 0.00664334 0.00137788 -0.104158 -0.00989132 -0.645871 0.0036608
30 74 10 15.7793 0.177675 1.08054 6.2438 0.219378 0.368401 -0.014379 -0.00175773 0.191963 0.00515443 0.00117524 -0.0845215 0.00851566 -1.25748 -0.00948692
30 74.5 10 18.1681 -0.0349005 1.22785 15.0195 -0.0900515 1.15081 -0.0222637 -0.00198131 0.292383 1.19235e-05 0.00135176 -0.0253901 -0.00352038 -2.479 -0.00823486
30 75 10 17.815 0.0336788 1.13612 25.5054 0.146676 1.88969 -0.0261831 -0.00272771 0.358437 -0.00377617 0.00162992 0.0299151 0.00823927 -3.59271 -0.00279342
