# y jRe_x jRe_y jRe_z jIm_x jIm_y jIm_z BRe_x BRe_y BRe_z BIm_x BIm_y BIm_z F_x F_y F_z VReGrad_x VReGrad_y VReGrad_z VImGrad_x VImGrad_y VImGrad_z s VRe VIm sigma mur
-0.075 -11257810 	0.640453 	0.608742 	 -17802417 	0.072955 	-0.02693 	 1.69675e-09 	0.027198858 	0.052337349 	 -1.1853812e-08 	0.0085899362 	0.0089732813 	 0.009001887 	374539.14 	-230644.07 	 -2.1322075 	-0.0002052283 	1.01014e-06 	 4.3217641 	8.71325e-05 	-2.19908e-06 		-0.075 1.4802691e-05 -5.6799027e-06 1200000 1
-0.07375 -11793851 	-1.8978386 	0.76015229 	 -13415163 	0.82365143 	1.0013557 	 3.8344143e-09 	0.030364339 	0.044058126 	 -8.7390465e-09 	0.0087672888 	-0.00087498178 	 -0.0554404 	255724.23 	-239382.36 	 -2.2326197 	-0.00020506173 	1.0177595e-06 	 3.6918833 	8.7339929e-05 	-3.148455e-06 		-0.07375 1.4545974e-05 -5.5709443e-06 1200000 1
-0.0725 -11282869 	-2.11754 	-0.30468 	 -9820363.1 	0.71971 	1.01312 	 5.77485e-09 	0.032540463 	0.033918364 	 -4.060375e-09 	0.0076259626 	-0.0084756928 	 -0.0374899 	151562.57 	-222901.77 	 -2.3626781 	-0.000206012 	2.027245e-06 	 2.883786 	8.85335e-05 	-3.16426e-06 		-0.0725 1.4289455e-05 -5.460921e-06 1200000 1
-0.07125 -10269525 	-3.375365 	0.78148445 	 -7111491.5 	2.26411 	1.2597525 	 8.13655e-09 	0.032434173 	0.025056868 	 8.0927e-10 	0.0050268395 	-0.012400737 	 -0.07187355 	85802.501 	-186233.89 	 -2.4883625 	-0.00020579715 	1.247595e-06 	 2.1128126 	8.83035e-05 	-3.35391e-06 		-0.07125 1.4031827e-05 -5.350385e-06 1200000 1
-0.07 -9052317.2 	-3.41305 	-0.53395155 	 -5138692.6 	2.52251 	1.2447675 	 1.0153e-08 	0.031038302 	0.018126129 	 3.740045e-09 	0.0024306857 	-0.013598285 	 -0.04162335 	47980.812 	-148350.81 	 -2.6102836 	-0.0002063352 	2.4510085e-06 	 1.375551 	8.92645e-05 	-3.28352e-06 		-0.07 1.3774377e-05 -5.239292e-06 1200000 1
-0.06875 -7812396.7 	-4.25625 	0.6335975 	 -3749031.5 	4.43315 	1.340783 	 1.252775e-08 	0.028885303 	0.012732954 	 8.384385e-09 	0.00022460558 	-0.013308502 	 -0.066404265 	25404.819 	-114639.32 	 -2.728887 	-0.00020597505 	1.591655e-06 	 0.67059737 	8.87895e-05 	-3.32748e-06 		-0.06875 1.3516641e-05 -5.12816e-06 1200000 1
-0.0675 -6653427.8 	-3.5531 	-0.71982 	 -2803120.6 	4.41905 	1.2007005 	 1.485395e-08 	0.026354531 	0.0087036649 	 1.121098e-08 	-0.001455051 	-0.01220517 	 -0.03254072 	12268.195 	-86789.505 	 -2.8445521 	-0.0002067995 	2.812385e-06 	 -0.003009796 	8.9898e-05 	-3.16644e-06 		-0.0675 1.3258758e-05 -5.0163231e-06 1200000 1
-0.06625 -5627331.1 	-3.68825 	0.501628 	 -2181653.5 	6.34205 	1.4686335 	 1.72046e-08 	0.023716909 	0.0058151522 	 1.5683525e-08 	-0.0026057329 	-0.010736553 	 -0.04962214 	4928.7841 	-64833.994 	 -2.957598 	-0.00020680145 	1.8931605e-06 	 -0.64600451 	8.9352e-05 	-3.3948e-06 		-0.06625 1.3000238e-05 -4.904454e-06 1200000 1
-0.065 -4752241 	-2.58215 	-0.536356 	 -1787683.7 	6.1281 	1.143988 	 1.934985e-08 	0.021152784 	0.0038344175 	 1.818873e-08 	-0.003292322 	-0.0091891663 	 -0.02579953 	1075.7831 	-48082.671 	 -3.0683015 	-0.0002078566 	2.8291626e-06 	 -1.25907 	9.0519e-05 	-3.13631e-06 		-0.065 1.2741119e-05 -4.791882e-06 1200000 1
-0.06375 -4025484.3 	-3.25185 	0.9891785 	 -1546053.2 	7.9665 	1.5642285 	 2.08735e-08 	0.018770928 	0.002544033 	 2.258765e-08 	-0.0036066586 	-0.0077329153 	 -0.04209845 	-748.01315 	-35605.768 	 -3.1769072 	-0.0002073626 	1.644288e-06 	 -1.8428665 	8.9955e-05 	-3.528615e-06 		-0.06375 1.2481341e-05 -4.6792325e-06 1200000 1
-0.0625 -3432785.2 	-3.31155 	-0.1614855 	 -1400974 	7.59265 	1.1498005 	 2.1733e-08 	0.016626743 	0.0017557304 	 2.4800155e-08 	-0.0036441229 	-0.0064561006 	 -0.02427075 	-1445.9335 	-26474.727 	 -3.2836462 	-0.00020745455 	2.672794e-06 	 -2.3981181 	9.1163e-05 	-3.171745e-06 		-0.0625 1.2222225e-05 -4.5658875e-06 1200000 1
-0.06125 -2954578.5 	-4.34505 	0.9703375 	 -1312916.1 	9.37775 	1.770284 	 2.24885e-08 	0.014738077 	0.0013157375 	 2.88753e-08 	-0.0034908376 	-0.0053923128 	 -0.03318175 	-1563.0957 	-19871.038 	 -3.3887429 	-0.00020668855 	1.828384e-06 	 -2.9255859 	9.05715e-05 	-3.65912e-06 		-0.06125 1.196328e-05 -4.452449e-06 1200000 1
-0.06 -2570084.7 	-3.7341 	-0.52742235 	 -1255201.3 	8.82465 	1.2734865 	 2.3167e-08 	0.013098339 	0.0011045318 	 3.054835e-08 	-0.0032180963 	-0.0045409227 	 -0.01705525 	-1416.138 	-15123.697 	 -3.4924296 	-0.00020738985 	3.1580385e-06 	 -3.4261233 	9.1845e-05 	-3.15013e-06 		-0.06 1.1704765e-05 -4.338295e-06 1200000 1
-0.05875 -2259751 	-3.82 	0.42481435 	 -1210930.3 	10.5211 	1.9944963 	 2.404e-08 	0.011686509 	0.0010335409 	 3.399515e-08 	-0.0028808116 	-0.0038818453 	 -0.02298675 	-1179.2127 	-11709.399 	 -3.5949469 	-0.0002074745 	2.469047e-06 	 -3.900626 	9.12695e-05 	-3.66417e-06 		-0.05875 1.1445335e-05 -4.223985e-06 1200000 1
-0.0575 -2006513.5 	-2.56325 	-0.94880645 	 -1170210.9 	9.97165 	1.504723 	 2.51585e-08 	0.010474581 	0.0010401956 	 3.509525e-08 	-0.002518678 	-0.0033859207 	 -0.01179121 	-940.34545 	-9235.5105 	 -3.6965536 	-0.0002087776 	3.689086e-06 	 -4.3500755 	9.24775e-05 	-3.147426e-06 		-0.0575 1.1185365e-05 -4.10901e-06 1200000 1
-0.05625 -1796281.3 	-2.40695 	0.1209716 	 -1128005.8 	11.59235 	2.1620976 	 2.63495e-08 	0.0094325212 	0.0010826859 	 3.786425e-08 	-0.0021582923 	-0.0030215988 	 -0.01790062 	-737.71394 	-7416.6067 	 -3.7975226 	-0.0002091288 	2.884237e-06 	 -4.7754807 	9.1924e-05 	-3.6333985e-06 		-0.05625 1.092405e-05 -3.993905e-06 1200000 1
-0.055 -1617918.3 	-1.1381 	-1.0559425 	 -1082364 	10.8606 	1.6889545 	 2.77615e-08 	0.0085315359 	0.0011348733 	 3.84832e-08 	-0.0018159579 	-0.0027590527 	 -0.0099618 	-582.36178 	-6050.8602 	 -3.8981479 	-0.00021048835 	3.9101345e-06 	 -5.177917 	9.32405e-05 	-3.188831e-06 		-0.055 1.066191e-05 -3.87806e-06 1200000 1
-0.05375 -1462955.1 	-1.1224 	0.15681445 	 -1033216 	12.2885 	2.159242 	 2.89855e-08 	0.0077457673 	0.0011819654 	 4.078455e-08 	-0.0015001762 	-0.0025722772 	 -0.016156045 	-471.94698 	-4998.9134 	 -3.9987371 	-0.0002107667 	2.9427739e-06 	 -5.5584667 	9.282055e-05 	-3.591217e-06 		-0.05375 1.039847e-05 -3.76189e-06 1200000 1
-0.0525 -1325162.4 	-0.0559 	-0.9052034 	 -981435.37 	11.54245 	1.6534492 	 3.02835e-08 	0.0070531774 	0.0012168659 	 4.12851e-08 	-0.0012140827 	-0.0024399575 	 -0.010243961 	-398.65741 	-4166.5476 	 -4.0996169 	-0.00021199545 	3.8282007e-06 	 -5.9182571 	9.411885e-05 	-3.1921615e-06 		-0.0525 1.0134355e-05 -3.64492e-06 1200000 1
-0.05125 -1200101.7 	-0.2759 	0.3892717 	 -928311.99 	13.062 	1.8957225 	 3.11955e-08 	0.006435588 	0.0012374584 	 4.347975e-08 	-0.00095720452 	-0.0023454552 	 -0.0164342 	-353.4776 	-3491.1048 	 -4.2011252 	-0.00021211905 	2.7559649e-06 	 -6.2584029 	9.3608e-05 	-3.464062e-06 		-0.05125 9.869155e-06 -3.527695e-06 1200000 1
-0.05 -1084693.9 	0.56935 	-0.66402216 	 -875139.84 	12.4332 	1.5229124 	 3.2137e-08 	0.0058785089 	0.0012444863 	 4.41119e-08 	-0.00072703592 	-0.0022763733 	 -0.011606386 	-328.23052 	-2931.3798 	 -4.3036157 	-0.00021319455 	3.6176956e-06 	 -6.5800452 	9.47943e-05 	-3.214185e-06 		-0.05 9.60345e-06 -3.40984e-06 1200000 1
-0.04875 -976854.1 	0.1456 	0.64435263 	 -823077.95 	13.9704 	1.7381022 	 3.27255e-08 	0.0053705737 	0.0012401967 	 4.635975e-08 	-0.00051995578 	-0.0022238676 	 -0.017269057 	-316.36333 	-2460.3368 	 -4.4074498 	-0.00021318045 	2.5331688e-06 	 -6.8842964 	9.426415e-05 	-3.481645e-06 		-0.04875 9.336805e-06 -3.291825e-06 1200000 1
-0.0475 -875185.97 	0.82815 	-0.4584086 	 -773010.56 	13.2638 	1.4960936 	 3.33675e-08 	0.0049030814 	0.0012273203 	 4.712135e-08 	-0.00033206743 	-0.0021819248 	 -0.012906789 	-313.04101 	-2060.0522 	 -4.5130026 	-0.00021414725 	3.4461373e-06 	 -7.1722809 	9.551355e-05 	-3.340181e-06 		-0.0475 9.06988e-06 -3.17305e-06 1200000 1
-0.04625 -778754.57 	0.277 	0.83277887 	 -725586.57 	14.70535 	1.7313469 	 3.37925e-08 	0.0044693634 	0.0012085845 	 4.936955e-08 	-0.00015950995 	-0.0021466689 	 -0.017852 	-314.94831 	-1718.3372 	 -4.6206541 	-0.00021405125 	2.3868819e-06 	 -7.4450815 	9.50621e-05 	-3.612168e-06 		-0.04625 8.80208e-06 -3.0541e-06 1200000 1
-0.045 -686909.82 	0.866 	-0.32549941 	 -681187.31 	13.8522 	1.566452 	 3.43055e-08 	0.0040643864 	0.0011863238 	 5.00985e-08 	1.1603608e-06 	-0.0021157657 	 -0.013805589 	-319.95117 	-1426.5265 	 -4.7307961 	-0.00021495865 	3.3521541e-06 	 -7.7037824 	9.64342e-05 	-3.515555e-06 		-0.045 8.5341e-06 -2.93426e-06 1200000 1
-0.04375 -599171.65 	0.25375 	0.93913851 	 -640024.78 	15.1898 	1.7872727 	 3.4649e-08 	0.0036842488 	0.0011624407 	 5.222215e-08 	0.00015299904 	-0.0020879404 	 -0.018073518 	-326.79558 	-1178.1322 	 -4.843824 	-0.00021482765 	2.3149984e-06 	 -7.9494168 	9.60683e-05 	-3.7541175e-06 		-0.04375 8.265325e-06 -2.8141e-06 1200000 1
-0.0425 -515144.87 	0.7998 	-0.26335515 	 -602131.91 	14.20035 	1.5829115 	 3.5119e-08 	0.0033259456 	0.0011383059 	 5.28857e-08 	0.0002985148 	-0.0020625994 	 -0.014326623 	-334.8044 	-967.99837 	 -4.9601446 	-0.00021571945 	3.3119497e-06 	 -8.1830128 	9.754965e-05 	-3.60493e-06 		-0.0425 7.9964e-06 -2.692975e-06 1200000 1
-0.04125 -434474.37 	0.15855 	0.97827867 	 -567465.28 	15.47335 	1.8196248 	 3.5353e-08 	0.0029870222 	0.0011148949 	 5.495185e-08 	0.00043984766 	-0.0020395649 	 -0.018043152 	-343.69578 	-791.86532 	 -5.0801685 	-0.0002155771 	2.2878107e-06 	 -8.4055409 	9.72361e-05 	-3.839815e-06 		-0.04125 7.72667e-06 -2.57136e-06 1200000 1
-0.04 -356811.95 	0.6888 	-0.24629393 	 -535884.65 	14.43905 	1.573042 	 3.58285e-08 	0.0026654888 	0.0010927847 	 5.555865e-08 	0.00057868724 	-0.0020188726 	 -0.014680835 	-353.39205 	-646.08098 	 -5.204318 	-0.00021646995 	3.295658e-06 	 -8.6179616 	9.874855e-05 	-3.6424635e-06 		-0.04 7.45683e-06 -2.44874e-06 1200000 1
-0.03875 -281807.44 	0.0387 	0.98412335 	 -507242.13 	15.6873 	1.7960094 	 3.5949e-08 	0.0023595953 	0.0010723219 	 5.75418e-08 	0.00071649295 	-0.0020006558 	 -0.017962625 	-363.95819 	-527.5129 	 -5.3330203 	-0.00021632915 	2.2739515e-06 	 -8.8211728 	9.845585e-05 	-3.85664e-06 		-0.03875 7.186115e-06 -2.325645e-06 1200000 1
-0.0375 -209100.05 	0.5622 	-0.24415992 	 -481344.23 	14.60165 	1.5261187 	 3.64635e-08 	0.00206785 	0.0010536273 	 5.81075e-08 	0.00085441993 	-0.0019850504 	 -0.014966635 	-375.49054 	-433.43987 	 -5.4667154 	-0.000217232 	3.276256e-06 	 -9.0160579 	0.00010000605 	-3.634354e-06 		-0.0375 6.91532e-06 -2.20147e-06 1200000 1
-0.03625 -138324.63 	-0.09985 	0.9756428 	 -458026.22 	15.7849 	1.7516889 	 3.6538e-08 	0.001788871 	0.0010367373 	 6.00406e-08 	0.00099353602 	-0.0019721595 	 -0.017844905 	-388.12828 	-361.57058 	 -5.6058502 	-0.0002170953 	2.2538985e-06 	 -9.2034341 	9.97713e-05 	-3.8494915e-06 		-0.03625 6.643705e-06 -2.07674e-06 1200000 1
-0.035 -69112.811 	0.41785 	-0.26262562 	 -437101.67 	14.665 	1.4379564 	 3.7121e-08 	0.0015214636 	0.0010215819 	 6.06015e-08 	0.0011347361 	-0.0019620073 	 -0.01517796 	-401.98091 	-309.96854 	 -5.7508858 	-0.0002180113 	3.2542185e-06 	 -9.3840997 	0.00010134735 	-3.59495e-06 		-0.035 6.37195e-06 -1.9509e-06 1200000 1
-0.03375 -1105.0908 	-0.24675 	0.95544615 	 -418426.65 	15.84465 	1.6346774 	 3.71565e-08 	0.0012645148 	0.0010080838 	 6.25244e-08 	0.001278947 	-0.0019545346 	 -0.017739997 	-417.17146 	-277.09259 	 -5.9022918 	-0.00021788195 	2.2256805e-06 	 -9.5587831 	0.000101119 	-3.796631e-06 		-0.03375 6.099345e-06 -1.824505e-06 1200000 1
-0.0325 66044.073 	0.24425 	-0.26160113 	 -401845.03 	14.7777 	1.3919783 	 3.77645e-08 	0.0010170965 	0.00099609725 	 6.3016e-08 	0.0014270376 	-0.0019495686 	 -0.015549087 	-433.7755 	-261.71084 	 -6.0605538 	-0.0002187887 	3.2034405e-06 	 -9.7281886 	0.0001026484 	-3.6193125e-06 		-0.0325 5.826605e-06 -1.69698e-06 1200000 1
-0.03125 132651.27 	-0.4486 	0.99691393 	 -387249.02 	15.9208 	1.541478 	 3.77635e-08 	0.00077837877 	0.0009854609 	 6.479375e-08 	0.0015800206 	-0.0019468265 	 -0.017797309 	-451.8705 	-262.94272 	 -6.2261676 	-0.0002186414 	2.1319275e-06 	 -9.8929467 	0.0001024533 	-3.807015e-06 		-0.03125 5.553035e-06 -1.56897e-06 1200000 1
-0.03 198996.67 	-0.0308 	-0.15466728 	 -374530.48 	14.92165 	1.2974642 	 3.84005e-08 	0.0005477336 	0.00097588896 	 6.51524e-08 	0.0017389784 	-0.0019458911 	 -0.016036771 	-471.47045 	-280.16108 	 -6.399646 	-0.0002194943 	3.03714e-06 	 -10.053657 	0.0001039274 	-3.660865e-06 		-0.03 5.279355e-06 -1.4398e-06 1200000 1
-0.02875 265307.26 	-0.7867 	1.1742001 	 -363645.47 	16.069 	1.3141971 	 3.83805e-08 	0.00032464408 	0.00096697349 	 6.67975e-08 	0.0019052761 	-0.0019462302 	 -0.017926956 	-492.56627 	-313.04516 	 -6.5815131 	-0.00021929305 	1.8754455e-06 	 -10.210839 	0.0001037374 	-3.77715e-06 		-0.02875 5.00492e-06 -1.310195e-06 1200000 1
-0.0275 331749.24 	-0.5124 	0.11070812 	 -354582.39 	15.1987 	1.0019791 	 3.903e-08 	0.00010878028 	0.00095801726 	 6.7200755e-08 	0.0020805225 	-0.0019471934 	 -0.016528165 	-515.044 	-361.49776 	 -6.7723106 	-0.00022002585 	2.6682945e-06 	 -10.364972 	0.00010510995 	-3.61926e-06 		-0.0275 4.73051e-06 -1.179435e-06 1200000 1
-0.02625 398414.36 	-1.46135 	1.5598159 	 -347439.98 	16.4237 	0.8768506 	 3.89805e-08 	-0.00010012671 	0.0009479819 	 6.897569e-08 	0.0022668054 	-0.0019480855 	 -0.01808196 	-538.70722 	-425.75174 	 -6.9725912 	-0.000219663 	1.371067e-06 	 -10.516449 	0.00010486155 	-3.663945e-06 		-0.02625 4.455505e-06 -1.04843e-06 1200000 1
-0.025 465320.73 	-1.5158 	0.59576598 	 -342423.27 	15.7258 	0.63329892 	 3.9496e-08 	-0.00030227902 	0.0009352593 	 6.972715e-08 	0.0024666947 	-0.0019482299 	 -0.01719918 	-563.17162 	-506.37556 	 -7.1829249 	-0.0002201164 	2.0639825e-06 	 -10.665608 	0.0001060915 	-3.60339e-06 		-0.025 4.180775e-06 -9.16335e-07 1200000 1
-0.02375 532416.45 	-2.836 	2.1689809 	 -339945.53 	17.0543 	0.47399045 	 3.9201e-08 	-0.00049802305 	0.00091757949 	 7.1625835e-08 	0.0026834907 	-0.001947172 	 -0.01852281 	-587.87457 	-604.54467 	 -7.4038911 	-0.00021943755 	6.679145e-07 	 -10.812691 	0.0001057499 	-3.638465e-06 		-0.02375 3.90585e-06 -7.84155e-07 1200000 1
-0.0225 599610 	-3.4136 	1.2017817 	 -340660.69 	16.3874 	0.36314879 	 3.9221e-08 	-0.00068797198 	0.00089175296 	 7.2606175e-08 	0.0029212407 	-0.0019448901 	 -0.01814175 	-611.96338 	-722.30199 	 -7.6360844 	-0.0002194508 	1.3914925e-06 	 -10.957872 	0.00010694895 	-3.66913e-06 		-0.0225 3.63169e-06 -6.5105e-07 1200000 1
-0.02125 666822.14 	-5.2173 	2.7021222 	 -345594.12 	17.49 	0.35357647 	 3.8502e-08 	-0.00087336926 	0.00085360585 	 7.4438285e-08 	0.0031849472 	-0.001942242 	 -0.01920764 	-634.34608 	-863.23199 	 -7.8801057 	-0.0002183683 	9.9616e-08 	 -11.101211 	0.00010677885 	-3.76028e-06 		-0.02125 3.3578e-06 -5.17685e-07 1200000 1
-0.02 734086.4 	-6.32865 	1.4788374 	 -356206.18 	16.56295 	0.34245965 	 3.80935e-08 	-0.0010564008 	0.00079781258 	 7.554468e-08 	0.0034805034 	-0.0019414325 	 -0.01908708 	-653.67445 	-1033.2925 	 -8.1365668 	-0.0002179231 	1.0905265e-06 	 -11.242686 	0.00010817445 	-3.75322e-06 		-0.02 3.08531e-06 -3.8314e-07 1200000 1
-0.01875 801702.38 	-8.546 	2.6381066 	 -374534.88 	17.40975 	0.44676445 	 3.7327e-08 	-0.0012407653 	0.00071803838 	 7.6942926e-08 	0.0038147211 	-0.0019468164 	 -0.019925075 	-668.62775 	-1242.3033 	 -8.4060814 	-0.0002164876 	1.37945e-07 	 -11.382145 	0.00010818715 	-3.78614e-06 		-0.01875 2.813525e-06 -2.4811e-07 1200000 1
-0.0175 870468.3 	-9.9583 	1.0327238 	 -403251.55 	16.57155 	0.33269784 	 3.7274e-08 	-0.0014321927 	0.0006071407 	 7.7566145e-08 	0.0041949858 	-0.0019657102 	 -0.020014195 	-678.31604 	-1505.8321 	 -8.6892689 	-0.0002157753 	1.491815e-06 	 -11.519333 	0.00010947385 	-3.5375e-06 		-0.0175 2.543625e-06 -1.11825e-07 1200000 1
-0.01625 942005.63 	-12.1805 	1.7652428 	 -445750.8 	17.5419 	0.650866 	 3.72255e-08 	-0.0016391798 	0.00045788522 	 7.815882e-08 	0.0046288443 	-0.0020095831 	 -0.021239225 	-683.32336 	-1848.0301 	 -8.986746 	-0.00021433235 	9.24255e-07 	 -11.653852 	0.00010935085 	-3.62697e-06 		-0.01625 2.274575e-06 2.4675e-08 1200000 1
-0.015 1019194.1 	-12.91215 	-0.1761751 	 -506089.21 	16.69245 	0.640948 	 3.8146e-08 	-0.0018735722 	0.00026402352 	 7.799075e-08 	0.0051230494 	-0.0020951498 	 -0.0217785 	-687.35038 	-2305.0331 	 -9.2991304 	-0.0002141848 	2.562495e-06 	 -11.785183 	0.000110609 	-3.409815e-06 		-0.015 2.00714e-06 1.6239e-07 1200000 1
-0.01375 1106726.3 	-13.6157 	0.2313715 	 -588855.33 	17.47785 	0.9383905 	 3.8966e-08 	-0.0021511669 	2.219354e-05 	 7.7444805e-08 	0.0056823263 	-0.0022457111 	 -0.0229422 	-700.22591 	-2929.3572 	 -9.6270355 	-0.0002140148 	2.24126e-06 	 -11.912657 	0.00011061155 	-3.51043e-06 		-0.01375 1.739465e-06 3.00385e-07 1200000 1
-0.0125 1211773.6 	-11.99675 	-1.302158 	 -698759.96 	16.59205 	0.730112 	 4.0676e-08 	-0.0024918369 	-0.0002653762 	 7.6466885e-08 	0.0063074039 	-0.002492034 	 -0.02372985 	-742.55105 	-3794.4591 	 -9.9710755 	-0.00021582575 	3.491105e-06 	 -12.035487 	0.00011188125 	-3.256155e-06 		-0.0125 1.471215e-06 4.39735e-07 1200000 1
-0.01125 1344740 	-11.23415 	0.159457 	 -839982.15 	17.2624 	0.9676115 	 4.12025e-08 	-0.0029191667 	-0.00058696669 	 7.5127805e-08 	0.0069925916 	-0.0028729869 	 -0.02529505 	-853.16759 	-4999.2745 	 -10.331865 	-0.00021690165 	2.22956e-06 	 -12.152759 	0.00011199305 	-3.512245e-06 		-0.01125 1.20047e-06 5.7935e-07 1200000 1
-0.01 1520029.9 	-10.8325 	-0.3620805 	 -1015019.2 	16.46325 	0.613222 	 4.12285e-08 	-0.0034588751 	-0.00091618395 	 7.3789115e-08 	0.0077225654 	-0.0034348846 	 -0.02714495 	-1100.2525 	-6670.6085 	 -10.710025 	-0.00021772195 	2.5734055e-06 	 -12.263488 	0.00011323495 	-3.341775e-06 		-0.01 9.2869e-07 7.2041e-07 1200000 1
-0.00875 1756725.2 	-12.7298 	1.088902 	 -1223018.5 	17.1752 	0.818302 	 3.8891e-08 	-0.0041356899 	-0.0012052833 	 7.2483595e-08 	0.0084688126 	-0.0042294567 	 -0.03080035 	-1597.9854 	-8961.2868 	 -11.106192 	-0.0002166195 	1.2696825e-06 	 -12.366659 	0.00011340395 	-3.682085e-06 		-0.00875 6.5696e-07 8.61715e-07 1200000 1
-0.0075 2078961.9 	-13.47705 	-0.120108 	 -1457307.9 	16.2235 	0.5375805 	 3.69435e-08 	-0.0049675541 	-0.0013768695 	 7.1524907e-08 	0.0091857543 	-0.0053089098 	 -0.0377525 	-2530.7277 	-12038.569 	 -11.521021 	-0.000216492 	2.1560398e-06 	 -12.461356 	0.0001148897 	-3.58521e-06 		-0.0075 3.8659e-07 1.00475e-06 1200000 1
-0.00625 2515724.7 	-14.63295 	1.0888585 	 -1702044.5 	16.88785 	0.624825 	 3.2616e-08 	-0.0059562149 	-0.0013139884 	 7.0190995e-08 	0.0098074887 	-0.0067174941 	 -0.0479794 	-4188.7473 	-16055.318 	 -11.955194 	-0.000216049 	1.036351e-06 	 -12.546925 	0.0001152981 	-3.8125e-06 		-0.00625 1.16195e-07 1.148255e-06 1200000 1
-0.005 3099596.6 	-14.1129 	-0.068324 	 -1927641.6 	16.5193 	0.378265 	 2.79915e-08 	-0.0070721842 	-0.00084804303 	 6.886575e-08 	0.010246036 	-0.0084773153 	 -0.06771515 	-7022.1025 	-21088.624 	 -12.409392 	-0.000217013 	1.87632e-06 	 -12.623291 	0.0001165796 	-3.7382e-06 		-0.005 -1.5446e-07 1.29366e-06 1200000 1
-0.00375 3863851 	-14.3706 	1.3775605 	 -2084688.8 	17.2482 	0.13618 	 2.11565e-08 	-0.0082315069 	0.00025725004 	 6.7611795e-08 	0.010393292 	-0.010566744 	 -0.08859745 	-11729.997 	-27020.177 	 -12.884241 	-0.000217346 	5.67675e-07 	 -12.691469 	0.00011729275 	-3.68725e-06 		-0.00375 -4.2567e-07 1.43911e-06 1200000 1
-0.0025 4836903.1 	-13.19155 	1.2632845 	 -2095323.2 	17.17495 	0.27802 	 1.50465e-08 	-0.0092530555 	0.002443451 	 6.4441145e-08 	0.010121156 	-0.012961258 	 -0.12407625 	-19792.047 	-33279.521 	 -13.380155 	-0.000218832 	5.7096e-07 	 -12.754527 	0.00011872065 	-3.9206e-06 		-0.0025 -6.98525e-07 1.5871e-06 1200000 1
-0.00125 6031124.5 	-11.754171 	2.6115729 	 -1840566.1 	18.467593 	0.54058143 	 3.6026429e-09 	-0.0095415698 	0.0059098189 	 6.0337079e-08 	0.0092991703 	-0.015330514 	 -0.16445264 	-32238.163 	-37584.818 	 -13.897397 	-0.00022042464 	-5.9757286e-07 	 -12.819715 	0.00011948427 	-4.1836929e-06 		-0.00125 -9.7204857e-07 1.73568e-06 1200000 1
5.2475385e-17 3840565.2 	-8.468525 	2.683606 	 -737735.56 	18.80175 	0.5144655 	 -1.254075e-08 	-0.0090018777 	0.010546858 	 5.6237625e-08 	0.0078851653 	-0.016965191 	 -0.19485268 	-25523.03 	-20884.391 	 -14.275789 	-0.000184426 	-2.1517525e-06 	 -12.826415 	3.32285e-05 	-3.908125e-06 		5.2475385e-17 -1.23848e-06 1.8589375e-06 650000 1
0.00125 615830.27 	-8.03125 	0.24247379 	 -70404.04 	18.652229 	0.27129971 	 -2.0624714e-08 	-0.0080693676 	0.010186757 	 6.1624879e-08 	0.0064580331 	-0.017044542 	 -0.19982646 	-3744.9656 	-2725.5209 	 -13.722562 	-0.000148831 	-8.3229771e-07 	 -12.43075 	-4.7248857e-05 	-6.0174714e-06 		0.00125 -1.4337121e-06 1.8215493e-06 100000 1
0.0025 610282.26 	-7.6922 	0.08007985 	 -53565.383 	18.26255 	0.352402 	 -2.4773e-08 	-0.0074533457 	0.0094164405 	 6.8056e-08 	0.0054655796 	-0.016868882 	 -0.1909923 	-3332.2776 	-2434.4443 	 -13.029497 	-0.0001503685 	8.42805e-07 	 -11.978027 	-4.19915e-05 	-6.6068e-06 		0.0025 -1.621555e-06 1.76657e-06 100000 1
0.00375 603886.65 	-7.42755 	0.1565922 	 -40387.571 	17.98625 	0.3759415 	 -2.78665e-08 	-0.0070191555 	0.0090525083 	 7.27841e-08 	0.0046585796 	-0.016762855 	 -0.1847576 	-3077.9031 	-2225.9169 	 -12.356434 	-0.000151079 	1.34365e-07 	 -11.530505 	-3.8103e-05 	-6.66221e-06 		0.00375 -1.809945e-06 1.716445e-06 100000 1
0.005 596771.73 	-7.1285 	0.0418487 	 -29483.307 	17.71 	0.4445938 	 -2.9093e-08 	-0.0066928422 	0.0088765717 	 7.5403e-08 	0.0040091143 	-0.016680027 	 -0.1801642 	-2899.8898 	-2068.0435 	 -11.703564 	-0.000152062 	1.33488e-06 	 -11.081873 	-3.4551e-05 	-7.19923e-06 		0.005 -1.999565e-06 1.6713e-06 100000 1
0.00625 589129.27 	-6.9497 	0.1406223 	 -20225.486 	17.47915 	0.438838 	 -3.02055e-08 	-0.0064360415 	0.00879953 	 7.73995e-08 	0.0034706576 	-0.016605688 	 -0.1760852 	-2764.7366 	-1942.4957 	 -11.071108 	-0.0001519505 	3.92885e-07 	 -10.629807 	-3.158e-05 	-7.01872e-06 		0.00625 -2.189515e-06 1.62982e-06 100000 1
0.0075 581143.4 	-6.7362 	0.0574246 	 -12204.16 	17.20105 	0.45606545 	 -3.02635e-08 	-0.0062256712 	0.008783788 	 7.84385e-08 	0.0030169191 	-0.016540017 	 -0.17241975 	-2657.544 	-1838.7728 	 -10.459099 	-0.000152195 	1.262595e-06 	 -10.173864 	-2.8376e-05 	-7.08663e-06 		0.0075 -2.379755e-06 1.59254e-06 100000 1
0.00875 572997.05 	-6.6958 	0.1402575 	 -5113.5295 	16.9738 	0.46872191 	 -3.05875e-08 	-0.0060483823 	0.008808415 	 7.93665e-08 	0.0026295583 	-0.01648332 	 -0.1696539 	-2569.6342 	-1750.7879 	 -9.8674568 	-0.0001508425 	4.6432e-07 	 -9.7146049 	-2.575e-05 	-7.12453e-06 		0.00875 -2.569335e-06 1.55863e-06 100000 1
0.01 564870.49 	-6.55255 	0.0052592 	 1292.4418 	16.70045 	0.459107 	 -3.0093e-08 	-0.00589635 	0.0088607546 	 7.96105e-08 	0.0022951019 	-0.016435754 	 -0.1668592 	-2495.5227 	-1674.9501 	 -9.296022 	-0.000150564 	1.836095e-06 	 -9.2531349 	-2.2856e-05 	-6.94889e-06 		0.01 -2.75745e-06 1.52834e-06 100000 1
0.01125 556939.73 	-6.3893 	0.03796325 	 7220.412 	16.4662 	0.4913057 	 -2.9968e-08 	-0.0057648925 	0.0089327505 	 7.98655e-08 	0.0020032629 	-0.016397325 	 -0.1639968 	-2431.5739 	-1609.1118 	 -8.7445723 	-0.000150627 	1.52526e-06 	 -8.7908326 	-2.03965e-05 	-7.20518e-06 		0.01125 -2.945445e-06 1.501295e-06 100000 1
0.0125 549374.05 	-6.0466 	-0.04693955 	 12850.083 	16.18795 	0.46372825 	 -2.9168e-08 	-0.0056511616 	0.0090191346 	 7.9534e-08 	0.0017459335 	-0.016367871 	 -0.16034955 	-2375.3044 	-1551.9832 	 -8.2128363 	-0.000152524 	2.38348e-06 	 -8.3292027 	-1.76645e-05 	-6.8785995e-06 		0.0125 -3.134885e-06 1.477495e-06 100000 1
0.01375 542334.59 	-5.84725 	0.07274105 	 18340.236 	15.94005 	0.5142125 	 -2.8851e-08 	-0.0055534079 	0.0091163875 	 7.92675e-08 	0.0015165839 	-0.016347124 	 -0.1571993 	-2324.9863 	-1502.801 	 -7.700498 	-0.000153123 	1.192085e-06 	 -7.8697719 	-1.52635e-05 	-7.3502818e-06 		0.01375 -3.326105e-06 1.45698e-06 100000 1
0.015 535973.31 	-5.6861 	0.0659605 	 23834.367 	15.64765 	0.4666769 	 -2.8017e-08 	-0.0054705631 	0.0092221698 	 7.84905e-08 	0.001309844 	-0.016334708 	 -0.15420965 	-2279.4063 	-1461.1373 	 -7.2072092 	-0.0001533665 	1.259085e-06 	 -7.414043 	-1.2557e-05 	-6.853537e-06 		0.015 -3.51783e-06 1.4395e-06 100000 1
0.01625 530432.68 	-5.6786 	0.21028865 	 29463.132 	15.3894 	0.5198137 	 -2.7727e-08 	-0.0054019901 	0.0093349403 	 7.7838e-08 	0.001121243 	-0.016330195 	 -0.15196015 	-2237.7126 	-1426.7872 	 -6.7325937 	-0.0001521925 	-1.8773e-07 	 -6.9634535 	-1.0197e-05 	-7.372232e-06 		0.01625 -3.70894e-06 1.42545e-06 100000 1
0.0175 525845.78 	-5.6556 	0.180975 	 35348.162 	15.1084 	0.4671616 	 -2.69635e-08 	-0.0053473334 	0.0094537442 	 7.67605e-08 	0.00094699532 	-0.016333092 	 -0.1499235 	-2199.3097 	-1399.7038 	 -6.2762602 	-0.000151193 	9.7685e-08 	 -6.5193705 	-7.731e-06 	-6.8335e-06 		0.0175 -3.898545e-06 1.414085e-06 100000 1
0.01875 522336.51 	-5.69675 	0.28552845 	 41603.258 	14.84325 	0.5321299 	 -2.67205e-08 	-0.0053064243 	0.0095780504 	 7.58425e-08 	0.00078387146 	-0.016342895 	 -0.14810335 	-2163.7916 	-1379.9604 	 -5.8378032 	-0.0001496515 	-9.56425e-07 	 -6.0830741 	-5.4155e-06 	-7.46919e-06 		0.01875 -4.086625e-06 1.406025e-06 100000 1
0.02 520020.31 	-5.68295 	0.21211625 	 48337.597 	14.53355 	0.47919312 	 -2.60395e-08 	-0.005279219 	0.0097076632 	 7.4575e-08 	0.00062906885 	-0.016359055 	 -0.1461257 	-2130.8869 	-1367.7318 	 -5.416817 	-0.0001486615 	-2.34365e-07 	 -5.6557693 	-2.7585e-06 	-6.91871e-06 		0.02 -4.272995e-06 1.400695e-06 100000 1
0.02125 519004.53 	-5.6987 	0.26620055 	 55656.693 	14.23985 	0.53408803 	 -2.58035e-08 	-0.005265759 	0.0098426468 	 7.34265e-08 	0.00048014238 	-0.016381033 	 -0.1441856 	-2100.4272 	-1363.2855 	 -5.0128936 	-0.00014747255 	-7.88518e-07 	 -5.2385818 	-2.475e-07 	-7.44166e-06 		0.02125 -4.45807e-06 1.399045e-06 100000 1
0.0225 519389.59 	-5.65215 	0.16863665 	 63665.441 	13.942 	0.47175173 	 -2.50965e-08 	-0.0052661411 	0.009983283 	 7.1981e-08 	0.00033491717 	-0.016408255 	 -0.1423035 	-2072.3148 	-1366.9822 	 -4.6256371 	-0.0001468928 	1.70716e-07 	 -4.8325786 	2.21285e-06 	-6.785605e-06 		0.0225 -4.64195e-06 1.40011e-06 100000 1
0.02375 521269.3 	-5.62735 	0.20084646 	 72468.763 	13.66645 	0.51171851 	 -2.4807e-08 	-0.0052804993 	0.010130035 	 7.06965e-08 	0.00019144955 	-0.016440156 	 -0.14044045 	-2046.51 	-1379.2803 	 -4.2546594 	-0.0001461804 	-1.677025e-07 	 -4.4387661 	4.4713e-06 	-7.15063e-06 		0.02375 -4.82512e-06 1.404525e-06 100000 1
0.025 524732.05 	-5.53775 	0.099302685 	 82174.394 	13.3875 	0.45958285 	 -2.4069e-08 	-0.0053089876 	0.010283526 	 6.9112e-08 	4.796391e-05 	-0.016476136 	 -0.13857775 	-2023.0132 	-1400.7452 	 -3.8995939 	-0.00014609305 	8.309125e-07 	 -4.0581127 	6.67745e-06 	-6.59239e-06 		0.025 -5.00774e-06 1.41126e-06 100000 1
0.02625 529860.96 	-5.47885 	0.13312213 	 92893.449 	13.1118 	0.5071186 	 -2.376e-08 	-0.0053517708 	0.010444519 	 6.77455e-08 	-9.7168235e-05 	-0.016515596 	 -0.13658055 	-2001.8619 	-1432.0603 	 -3.56009 	-0.00014576735 	4.77615e-07 	 -3.691548 	8.8795e-06 	-7.03323e-06 		0.02625 -5.190135e-06 1.421205e-06 100000 1
0.0275 536735.01 	-5.35675 	0.05183031 	 104743.07 	12.81455 	0.47252727 	 -2.29955e-08 	-0.0054090124 	0.010613908 	 6.6138e-08 	-0.0002454778 	-0.016557891 	 -0.1343841 	-1983.1224 	-1474.0425 	 -3.2358253 	-0.00014603965 	1.2753605e-06 	 -3.3399854 	1.121685e-05 	-6.653945e-06 		0.0275 -5.372454e-06 1.433505e-06 100000 1
0.02875 545428.96 	-5.28025 	0.095759085 	 117846.97 	12.53155 	0.5216802 	 -2.26725e-08 	-0.0054808684 	0.010792708 	 6.46025e-08 	-0.00039840823 	-0.01660236 	 -0.1322238 	-1966.8947 	-1527.6565 	 -2.9264995 	-0.00014593 	8.21425e-07 	 -3.0043213 	1.343905e-05 	-7.11615e-06 		0.02875 -5.554946e-06 1.449183e-06 100000 1
0.03 556014.17 	-5.1554 	0.03097818 	 132337.96 	12.21815 	0.49071607 	 -2.2036e-08 	-0.0055674774 	0.010982044 	 6.27735e-08 	-0.00055735182 	-0.016648274 	 -0.1298531 	-1953.3108 	-1594.0349 	 -2.631845 	-0.0001462675 	1.453006e-06 	 -2.6854573 	1.58908e-05 	-6.779045e-06 		0.03 -5.737577e-06 1.4672455e-06 100000 1
0.03125 568558.3 	-5.04625 	0.090912723 	 148358.43 	11.9118 	0.51470201 	 -2.16775e-08 	-0.0056689562 	0.011183158 	 6.14525e-08 	-0.00072365135 	-0.016694872 	 -0.1272717 	-1942.5472 	-1674.4961 	 -2.3516208 	-0.00014648805 	8.362785e-07 	 -2.3842977 	1.829605e-05 	-6.99537e-06 		0.03125 -5.920477e-06 1.4888385e-06 100000 1
0.0325 583125.9 	-4.9304 	0.024724982 	 166062.77 	11.61795 	0.48286725 	 -2.12145e-08 	-0.0057853871 	0.011397393 	 5.9802e-08 	-0.00089863667 	-0.016741295 	 -0.12511755 	-1934.8324 	-1770.5679 	 -2.0856219 	-0.0001467363 	1.478902e-06 	 -2.10177 	2.052125e-05 	-6.65447e-06 		0.0325 -6.103737e-06 1.512879e-06 100000 1
0.03375 599777.61 	-4.8099 	0.065573439 	 185617.95 	11.2679 	0.48841061 	 -2.07345e-08 	-0.0059168156 	0.011626205 	 5.85e-08 	-0.0010836125 	-0.016786625 	 -0.1221431 	-1930.464 	-1884.0086 	 -1.8336719 	-0.00014704705 	1.05091e-06 	 -1.8388231 	2.33081e-05 	-6.690325e-06 		0.03375 -6.2875235e-06 1.54053e-06 100000 1
0.035 618570.63 	-4.65045 	0.031456475 	 207205.5 	11.0055 	0.47435511 	 -2.034e-08 	-0.0060632344 	0.011871153 	 5.6631e-08 	-0.001279893 	-0.016829822 	 -0.1198684 	-1929.8301 	-2016.835 	 -1.5956333 	-0.0001477053 	1.372616e-06 	 -1.5964415 	2.51822e-05 	-6.5308055e-06 		0.035 -6.471101e-06 1.570609e-06 100000 1
0.03625 639557.42 	-4.6264 	0.002005485 	 231022.64 	10.64785 	0.45266789 	 -1.96665e-08 	-0.0062245812 	0.012133899 	 5.48425e-08 	-0.0014887784 	-0.016869737 	 -0.11761895 	-1933.4308 	-2171.346 	 -1.3713987 	-0.00014704595 	1.648053e-06 	 -1.3756483 	2.79992e-05 	-6.296396e-06 		0.03625 -6.656074e-06 1.6041975e-06 100000 1
0.0375 662785.24 	-4.4269 	0.053833605 	 257283.4 	10.37435 	0.45067223 	 -1.93775e-08 	-0.0064007204 	0.012416218 	 5.41475e-08 	-0.0017115817 	-0.016905072 	 -0.11466765 	-1941.9144 	-2350.1514 	 -1.160896 	-0.00014806605 	1.1119335e-06 	 -1.1775103 	2.993375e-05 	-6.2596925e-06 		0.0375 -6.840196e-06 1.6400145e-06 100000 1
0.03875 688296.25 	-4.3258 	-0.01380973 	 286220.86 	10.0607 	0.40891588 	 -1.8627e-08 	-0.0065914329 	0.012719984 	 5.0957e-08 	-0.0019496307 	-0.016934374 	 -0.1124213 	-1956.1132 	-2556.2059 	 -0.96409634 	-0.0001481566 	1.770489e-06 	 -1.00315 	3.22794e-05 	-5.8257715e-06 		0.03875 -7.025625e-06 1.679166e-06 100000 1
0.04 716123.81 	-4.16395 	0.039798665 	 318087.06 	9.78525 	0.43144836 	 -1.8508e-08 	-0.0067964071 	0.013047184 	 5.0711e-08 	-0.0022042277 	-0.016955994 	 -0.10956175 	-1977.0881 	-2792.8264 	 -0.78099217 	-0.0001487685 	1.217649e-06 	 -0.85373727 	3.41919e-05 	-6.0352695e-06 		0.04 -7.210719e-06 1.720467e-06 100000 1
0.04125 746294.2 	-4.08075 	-0.001971935 	 353155.66 	9.46945 	0.41608657 	 -1.778e-08 	-0.0070152115 	0.013399906 	 4.7526e-08 	-0.0024767044 	-0.01696808 	 -0.10724395 	-2006.1902 	-3063.737 	 -0.61162536 	-0.0001486514 	1.6180855e-06 	 -0.73050535 	3.65174e-05 	-5.8661325e-06 		0.04125 -7.3972015e-06 1.7648935e-06 100000 1
0.0425 778821.96 	-3.91975 	0.04208862 	 391722.23 	9.17575 	0.42781471 	 -1.7642e-08 	-0.007247291 	0.013780347 	 4.71965e-08 	-0.0027683435 	-0.016968528 	 -0.1041635 	-2045.12 	-3373.081 	 -0.45606182 	-0.00014922645 	1.1605235e-06 	 -0.63474491 	3.85663e-05 	-5.9678675e-06 		0.0425 -7.582735e-06 1.811615e-06 100000 1
0.04375 813710.28 	-3.82375 	0.004012405 	 434106.01 	8.87615 	0.41127372 	 -1.69355e-08 	-0.0074919328 	0.014190801 	 4.4093e-08 	-0.0030804304 	-0.016954967 	 -0.10180065 	-2096.0143 	-3725.4604 	 -0.3144112 	-0.0001492045 	1.5238225e-06 	 -0.5678095 	4.06896e-05 	-5.787271e-06 		0.04375 -7.7699043e-06 1.8613795e-06 100000 1
0.045 850946.53 	-3.668 	0.04929658 	 480650.72 	8.5688 	0.42501387 	 -1.6762e-08 	-0.0077482576 	0.014633666 	 4.36775e-08 	-0.003414168 	-0.016924712 	 -0.0984811 	-2161.5334 	-4125.9411 	 -0.18680977 	-0.00014969685 	1.054321e-06 	 -0.53111453 	4.283281e-05 	-5.9093585e-06 		0.045 -7.9560688e-06 1.9133515e-06 100000 1
0.04625 890501.49 	-3.56965 	0.011416999 	 531725.76 	8.27525 	0.41678047 	 -1.6083e-08 	-0.0080151818 	0.015111426 	 4.0591e-08 	-0.0037707139 	-0.016874737 	 -0.09603145 	-2244.9802 	-4580.08 	 -0.073435515 	-0.00014965315 	1.416292e-06 	 -0.52613667 	4.4851181e-05 	-5.81196e-06 		0.04625 -8.1438283e-06 1.9683905e-06 100000 1
0.0475 932324.32 	-3.413 	0.056521744 	 587727.01 	7.95325 	0.4276056 	 -1.58745e-08 	-0.0082914034 	0.015626654 	 4.00295e-08 	-0.0041510837 	-0.016801621 	 -0.0924071 	-2350.4238 	-5093.9095 	 0.025507498 	-0.00015011435 	9.49161e-07 	 -0.55441228 	4.709422e-05 	-5.9049375e-06 		0.0475 -8.3305132e-06 2.0256075e-06 100000 1
0.04875 976340.89 	-3.3076 	0.020112305 	 649077.65 	7.65415 	0.42571986 	 -1.52195e-08 	-0.0085753582 	0.016181992 	 3.6963e-08 	-0.0045561703 	-0.016701518 	 -0.0896951 	-2482.8625 	-5673.9393 	 0.10977456 	-0.00015009855 	1.2967485e-06 	 -0.61753315 	4.912405e-05 	-5.871104e-06 		0.04875 -8.5188089e-06 2.0859735e-06 100000 1
0.05 1022447.9 	-3.14865 	0.067496505 	 716228.73 	7.3124 	0.43137176 	 -1.4979e-08 	-0.0088651995 	0.016780143 	 3.6281e-08 	-0.0049866308 	-0.016570092 	 -0.08567325 	-2648.3964 	-6327.0995 	 0.17909605 	-0.0001505446 	8.0640565e-07 	 -0.71714282 	5.15223e-05 	-5.9124275e-06 		0.05 -8.7060608e-06 2.1486285e-06 100000 1
0.05125 1070510.3 	-3.04835 	0.035344457 	 789659.45 	7.01305 	0.42689989 	 -1.43515e-08 	-0.0091587485 	0.017423846 	 3.32615e-08 	-0.0054428807 	-0.016402481 	 -0.0828221 	-2854.4478 	-7060.6921 	 0.23316279 	-0.0001504366 	1.110438e-06 	 -0.85492855 	5.35062e-05 	-5.8524805e-06 		0.05125 -8.8948494e-06 2.214531e-06 100000 1
0.0525 1120354.3 	-2.8979 	0.083281705 	 869877.35 	6.67005 	0.4236385 	 -1.40765e-08 	-0.0094534664 	0.018115855 	 3.24735e-08 	-0.0059249548 	-0.016193222 	 -0.07865105 	-3109.9988 	-7882.2594 	 0.27164195 	-0.00015075642 	6.135305e-07 	 -1.0326152 	5.58778e-05 	-5.8036245e-06 		0.0525 -9.0824363e-06 2.2826545e-06 100000 1
0.05375 1171763.5 	-2.80245 	0.04911577 	 957417.82 	6.395 	0.42118545 	 -1.34785e-08 	-0.0097463976 	0.018858911 	 2.95135e-08 	-0.006432467 	-0.015936204 	 -0.0758613 	-3425.887 	-8799.4431 	 0.29416253 	-0.00015055858 	9.372585e-07 	 -1.2519521 	5.75713e-05 	-5.7618255e-06 		0.05375 -9.271435e-06 2.353857e-06 100000 1
0.055 1224471.2 	-2.65515 	0.09272574 	 1052843.8 	6.0522 	0.4202733 	 -1.3169e-08 	-0.010034133 	0.019655701 	 2.8624e-08 	-0.0069644318 	-0.015624586 	 -0.07149185 	-3815.1264 	-9819.7214 	 0.30033175 	-0.00015080756 	4.838335e-07 	 -1.5147054 	5.989845e-05 	-5.7335165e-06 		0.055 -9.4591173e-06 2.426978e-06 100000 1
0.05625 1278154.8 	-2.56015 	0.052898095 	 1156744.2 	5.7793 	0.4267479 	 -1.2594e-08 	-0.010312747 	0.020508815 	 2.5717e-08 	-0.0075191728 	-0.015250737 	 -0.06851905 	-4293.3013 	-10950.104 	 0.28972055 	-0.00015056031 	8.64497e-07 	 -1.8226386 	6.15288e-05 	-5.7773206e-06 		0.05625 -9.6481601e-06 2.50314e-06 100000 1
0.0575 1332426.5 	-2.41355 	0.089961903 	 1269732.8 	5.3983 	0.4289494 	 -1.2235e-08 	-0.010577748 	0.021420694 	 2.4714e-08 	-0.0080940838 	-0.014806145 	 -0.0636508 	-4878.995 	-12196.645 	 0.26188075 	-0.00015076105 	4.76057e-07 	 -2.177504 	6.419245e-05 	-5.7760917e-06 		0.0575 -9.8357959e-06 2.581406e-06 100000 1
0.05875 1386826.7 	-2.3121 	0.040500805 	 1392445.6 	5.1193 	0.43618345 	 -1.1666e-08 	-0.010824003 	0.02239356 	 2.1848e-08 	-0.0086854579 	-0.014281338 	 -0.060406 	-5594.3111 	-13563.849 	 0.21633066 	-0.0001505341 	9.514795e-07 	 -2.5810174 	6.58395e-05 	-5.8237303e-06 		0.05875 -1.0024793e-05 2.6629925e-06 100000 1
0.06 1440812.8 	-2.14765 	0.07021033 	 1525538.6 	4.73285 	0.42935575 	 -1.12435e-08 	-0.011045677 	0.023429346 	 2.07361e-08 	-0.0092881506 	-0.013665775 	 -0.05516615 	-6465.445 	-15053.795 	 0.15257379 	-0.000150868 	6.342045e-07 	 -3.034848 	6.8515e-05 	-5.72938e-06 		0.06 -1.0212437e-05 2.7466745e-06 100000 1
0.06125 1493750.7 	-2.0109 	0.01774245 	 1669683.4 	4.4596 	0.4426092 	 -1.06705e-08 	-0.011236144 	0.024529603 	 1.79063e-08 	-0.0098952781 	-0.01294775 	 -0.05131785 	-7523.3773 	-16665.035 	 0.070085161 	-0.0001509466 	1.1370415e-06 	 -3.5405902 	7.0062e-05 	-5.8357825e-06 		0.06125 -1.0401723e-05 2.833575e-06 100000 1
0.0625 1544901.2 	-1.79715 	0.05151211 	 1825564.2 	4.059485 	0.4352229 	 -1.01825e-08 	-0.011387893 	0.0256954 	 1.667315e-08 	-0.010497708 	-0.012114235 	 -0.04515055 	-8804.6513 	-18391.029 	 -0.031667091 	-0.00015172495 	7.757587e-07 	 -4.0997534 	7.28265e-05 	-5.736184e-06 		0.0625 -1.0590164e-05 2.922535e-06 100000 1
0.06375 1593409.4 	-1.63128 	0.01058515 	 1993871.4 	3.78238 	0.44012205 	 -9.627e-09 	-0.011492408 	0.026927206 	 1.38605e-08 	-0.01108352 	-0.011150736 	 -0.0406323 	-10352.334 	-20218.096 	 -0.15323329 	-0.0001520365 	1.158652e-06 	 -4.7137336 	7.43675e-05 	-5.760603e-06 		0.06375 -1.0780743e-05 3.01488e-06 100000 1
0.065 1638287.3 	-1.439505 	0.0683487 	 2175297.4 	3.359635 	0.4360503 	 -9.1195e-09 	-0.011540024 	0.02822477 	 1.248605e-08 	-0.011637156 	-0.010041035 	 -0.03430895 	-12217.162 	-22122.532 	 -0.29515521 	-0.00015254075 	5.51911e-07 	 -5.3838076 	7.73175e-05 	-5.695464e-06 		0.065 -1.0970466e-05 3.1093e-06 100000 1
0.06625 1678399 	-1.30689 	0.022733 	 2370529.2 	3.09566 	0.43441785 	 -8.6635e-09 	-0.011519707 	0.029586995 	 9.6585e-09 	-0.012138371 	-0.0087668675 	 -0.0302209 	-14459.064 	-24066.657 	 -0.45797159 	-0.000152456 	9.74863e-07 	 -6.1111096 	7.86815e-05 	-5.6537515e-06 		0.06625 -1.1161814e-05 3.20717e-06 100000 1
0.0675 1712436.9 	-1.125655 	0.0689106 	 2580243.3 	2.641555 	0.4299286 	 -8.1984e-09 	-0.011418749 	0.031011836 	 8.11875e-09 	-0.012560596 	-0.0073073229 	 -0.02407615 	-17149.255 	-25993.043 	 -0.64218192 	-0.00015278145 	4.759485e-07 	 -6.8966416 	8.1902e-05 	-5.5816915e-06 		0.0675 -1.135182e-05 3.3072e-06 100000 1
0.06875 1738895 	-0.96944 	0.03388385 	 2805099 	2.39896 	0.46344235 	 -7.85455e-09 	-0.011222247 	0.032496274 	 5.2396e-09 	-0.012868569 	-0.0056378379 	 -0.01942315 	-20373.527 	-27815.988 	 -0.84823653 	-0.0001528473 	7.83826e-07 	 -7.7412668 	8.30035e-05 	-5.889072e-06 		0.06875 -1.1543547e-05 3.41057e-06 100000 1
0.07 1756025.7 	-0.790875 	0.06892656 	 3045737 	1.934585 	0.43193675 	 -7.48715e-09 	-0.010912207 	0.034036494 	 3.43345e-09 	-0.013014388 	-0.0037280957 	 -0.01394585 	-24238.069 	-29407.979 	 -1.0764746 	-0.0001530468 	3.84615e-07 	 -8.6457607 	8.6281e-05 	-5.544189e-06 		0.07 -1.1734218e-05 3.5162e-06 100000 1
0.07125 1761773.9 	-0.52378 	-0.05282204 	 3302783.1 	1.605955 	0.48698855 	 -7.40045e-09 	-0.010465842 	0.035628751 	 2.3025e-10 	-0.012930889 	-0.001537288 	 -0.0077728 	-28881.886 	-30577.182 	 -1.3270731 	-0.00015409735 	1.546165e-06 	 -9.6108752 	8.81985e-05 	-6.064193e-06 		0.07125 -1.1926756e-05 3.62555e-06 100000 1
0.0725 1753642 	-0.415885 	0.02415835 	 3576879.3 	1.174825 	0.3760116 	 -7.37065e-09 	-0.0098445898 	0.037324498 	 -2.33535e-09 	-0.012507492 	0.0010936431 	 -0.00473865 	-34729.968 	-30998.194 	 -1.5999191 	-0.00015344695 	7.0956e-07 	 -10.637542 	9.10965e-05 	-4.9249697e-06 		0.0725 -1.2118272e-05 3.737025e-06 100000 1
0.07375 1728680.3 	-0.17440186 	0.0014000929 	 3868810.9 	0.68920793 	0.2847315 	 -7.8772857e-09 	-0.0089792579 	0.039069153 	 -5.8079214e-09 	-0.011496204 	0.0041254769 	 -0.00040541357 	-41782.133 	-29990.59 	 -1.8949506 	-0.00015403954 	8.60338e-07 	 -11.728943 	9.4532714e-05 	-3.9835814e-06 		0.07375 -1.2310907e-05 3.8529793e-06 100000 1
0.075 1672728.3 	-0.0332067 	-0.0675864 	 4150362.3 	0.1721 	0.260064 	 -8.28275e-09 	-0.008131112 	0.040409203 	 -8.59245e-09 	-0.010294816 	0.0068239431 	 0.00094544 	-47956.279 	-28169.525 	 -2.1289785 	-0.00015340845 	1.463415e-06 	 -12.587149 	9.8198e-05 	-3.710095e-06 		0.075 -1.2503011e-05 3.9740498e-06 100000 1
