# y jRe_x jRe_y jRe_z jIm_x jIm_y jIm_z BRe_x BRe_y BRe_z BIm_x BIm_y BIm_z F_x F_y F_z VReGrad_x VReGrad_y VReGrad_z VImGrad_x VImGrad_y VImGrad_z s VRe VIm sigma mur
-0.075 -1841004.4 	0.013674501 	-0.020752754 	 -4434138 	-0.113334 	-0.019274992 	 6.4185e-09 	0.0084391447 	0.039408946 	 5.3884998e-09 	0.010610801 	0.0063709757 	 0.00010710999 	50399.165 	-31302.327 	 0.17410727 	6.74427e-06 	-8.2213997e-08 	 0.37689024 	-6.53585e-06 	2.4998999e-07 		-0.075 -4.1110166e-08 9.3768251e-07 1200000 1
-0.07375 -1910985.1 	0.089316999 	0.063159527 	 -4115811 	0.11933237 	-0.39594217 	 6.8348667e-09 	0.0091793574 	0.038068608 	 5.2998583e-09 	0.011535898 	0.0037856406 	 0.0038477225 	44189.994 	-32501.038 	 0.1540931 	6.818495e-06 	-1.62381e-07 	 0.29596442 	-6.9160417e-06 	5.6788642e-07 		-0.07375 -3.2669458e-08 9.2951653e-07 1200000 1
-0.0725 -1931370.9 	0.14111085 	0.058881972 	 -3777029.1 	0.43320153 	-0.31942214 	 7.0872628e-09 	0.010140847 	0.036106429 	 6.0280405e-09 	0.01268759 	0.00059761175 	 0.0044263043 	36036.698 	-33758.71 	 0.12562153 	6.9011654e-06 	-1.6831954e-07 	 0.17971539 	-7.3618419e-06 	5.0772754e-07 		-0.0725 -2.4043829e-08 9.2029489e-07 1200000 1
-0.07125 -1938364.2 	0.32183498 	0.041497079 	 -3454257.4 	0.14961 	-0.22805877 	 7.7693749e-09 	0.010746142 	0.034132149 	 5.5434751e-09 	0.012897342 	-0.0023263397 	 0.0065362749 	29075.157 	-32685.954 	 0.09887284 	6.8772075e-06 	-1.6355475e-07 	 0.068636479 	-7.324e-06 	4.3540402e-07 		-0.07125 -1.5448326e-08 9.1124602e-07 1200000 1
-0.07 -1919638.7 	0.3869364 	0.054460842 	 -3157715 	0.40264063 	-0.32545294 	 8.5284835e-09 	0.011125089 	0.03233963 	 4.9225747e-09 	0.012942454 	-0.0045209256 	 0.0070871804 	23951.792 	-31126.425 	 0.07385137 	6.9331478e-06 	-1.8337198e-07 	 -0.037477353 	-7.7370807e-06 	5.2003974e-07 		-0.07 -6.7848403e-09 9.0163205e-07 1200000 1
-0.06875 -1889326.9 	0.54741444 	0.081955342 	 -2879674.8 	0.10294777 	-0.58576313 	 9.1421e-09 	0.011316863 	0.03064303 	 5.1584111e-09 	0.012687506 	-0.0063926795 	 0.0112806 	19762.901 	-28960.857 	 0.05051899 	6.9159544e-06 	-2.1519884e-07 	 -0.13888618 	-7.6933722e-06 	7.4052324e-07 		-0.06875 1.8926165e-09 8.9189299e-07 1200000 1
-0.0675 -1842542.5 	0.61953436 	0.057882221 	 -2624187.8 	0.25836125 	-0.49882691 	 1.0020777e-08 	0.011463942 	0.028942479 	 4.3482771e-09 	0.012352348 	-0.0081140506 	 0.010597394 	16037.051 	-26782.427 	 0.028888527 	6.9611937e-06 	-2.026819e-07 	 -0.23557054 	-8.0317054e-06 	6.7168106e-07 		-0.0675 1.0539912e-08 8.8219382e-07 1200000 1
-0.06625 -1789085.3 	0.72908643 	0.059849432 	 -2384796.2 	0.16405108 	-0.52667034 	 1.0844746e-08 	0.011431175 	0.027273099 	 3.728828e-09 	0.011745134 	-0.0096911941 	 0.011884581 	12853.212 	-24234.915 	 0.0089286083 	6.9763779e-06 	-2.1161161e-07 	 -0.32767145 	-8.1662641e-06 	6.984109e-07 		-0.06625 1.9253278e-08 8.7204771e-07 1200000 1
-0.065 -1727421 	0.87337498 	0.051173198 	 -2163193.1 	-0.059123591 	-0.51491612 	 1.1615778e-08 	0.011296285 	0.025733998 	 3.7630613e-09 	0.011137541 	-0.010947421 	 0.014136811 	10407.117 	-21820.058 	 -0.0094185277 	6.9627217e-06 	-2.1103306e-07 	 -0.41526926 	-8.1971917e-06 	6.9214084e-07 		-0.065 2.7942301e-08 8.6197664e-07 1200000 1
-0.06375 -1658500.1 	0.94008338 	0.063827062 	 -1959682.4 	0.070749864 	-0.61050134 	 1.2412167e-08 	0.01112851 	0.024345037 	 2.8699669e-09 	0.010591299 	-0.011918178 	 0.013889484 	8528.9809 	-19619.615 	 -0.026229992 	7.0054667e-06 	-2.2757802e-07 	 -0.49851136 	-8.5243833e-06 	7.752537e-07 		-0.06375 3.6695472e-08 8.5137666e-07 1200000 1
-0.0625 -1584629.8 	1.0969047 	0.095267064 	 -1772075.5 	-0.31657868 	-0.80176778 	 1.3132943e-08 	0.010867387 	0.02297869 	 2.9756924e-09 	0.0099446297 	-0.012830251 	 0.018081875 	6846.3113 	-17431.797 	 -0.041585341 	6.9766345e-06 	-2.5971903e-07 	 -0.57755635 	-8.4222242e-06 	9.3797079e-07 		-0.0625 4.5455089e-08 8.4068293e-07 1200000 1
-0.06125 -1505131.9 	1.1559387 	0.053284525 	 -1601666.1 	-0.1581402 	-0.55441307 	 1.4168741e-08 	0.010523312 	0.021664937 	 2.5021358e-09 	0.0092390336 	-0.01365947 	 0.015854508 	5373.8179 	-15327.762 	 -0.05552765 	7.0238844e-06 	-2.2931992e-07 	 -0.65247847 	-8.7721435e-06 	7.352982e-07 		-0.06125 5.4172432e-08 8.3010098e-07 1200000 1
-0.06 -1427248.9 	1.2308 	0.06251118 	 -1440746.3 	-0.19145005 	-0.62062478 	 1.489175e-08 	0.010068585 	0.020395669 	 1.51075e-09 	0.008465706 	-0.014397647 	 0.016225076 	4189.5183 	-13293.69 	 -0.068138049 	7.055635e-06 	-2.4218798e-07 	 -0.72349578 	-8.971e-06 	7.9386353e-07 		-0.06 6.2999001e-08 8.1887375e-07 1200000 1
-0.05875 -1344647.5 	1.3531556 	0.071439501 	 -1296521 	-0.44542783 	-0.67904834 	 1.5672667e-08 	0.0097253104 	0.019358571 	 1.9322221e-09 	0.0079368859 	-0.01483449 	 0.01875919 	3412.0961 	-11701.101 	 -0.079482372 	7.0471328e-06 	-2.5384272e-07 	 -0.79071172 	-8.9810722e-06 	8.4589433e-07 		-0.05875 7.1797455e-08 8.0773317e-07 1200000 1
-0.0575 -1262688.2 	1.3893167 	0.078325991 	 -1162719.1 	-0.22862499 	-0.7741795 	 1.6372833e-08 	0.009286613 	0.018314151 	 6.74e-10 	0.0073167483 	-0.015284353 	 0.016931883 	2680.0368 	-10123.507 	 -0.089676498 	7.1092733e-06 	-2.6402528e-07 	 -0.85443443 	-9.3882583e-06 	9.28464e-07 		-0.0575 8.0645549e-08 7.9622867e-07 1200000 1
-0.05625 -1176590.9 	1.5080561 	0.075338533 	 -1044720.7 	-0.63330014 	-0.71810913 	 1.7318776e-08 	0.0087987173 	0.01737368 	 9.5957048e-10 	0.0067080862 	-0.015653849 	 0.020116259 	2049.3519 	-8691.3745 	 -0.098774605 	7.0964898e-06 	-2.6481344e-07 	 -0.9147765 	-9.2690166e-06 	8.8477744e-07 		-0.05625 8.9501523e-08 7.8468031e-07 1200000 1
-0.055 -1096107.7 	1.5877833 	0.055420784 	 -930648.49 	-0.64159166 	-0.65764118 	 1.7951333e-08 	0.0081849875 	0.016384158 	 4.204999e-10 	0.0059938889 	-0.016065183 	 0.019912183 	1505.7193 	-7281.1111 	 -0.10683225 	7.1220892e-06 	-2.5237953e-07 	 -0.97191142 	-9.4909917e-06 	8.3765901e-07 		-0.055 9.8369142e-08 7.7314167e-07 1200000 1
-0.05375 -1012998.5 	1.6302444 	0.060497534 	 -830162.7 	-0.61391665 	-0.66807392 	 1.8736444e-08 	0.0077309792 	0.015634886 	 -1.5127803e-10 	0.005520369 	-0.016239207 	 0.019345611 	1186.3423 	-6222.6855 	 -0.11395246 	7.17051e-06 	-2.5955819e-07 	 -1.026089 	-9.7371889e-06 	8.4941936e-07 		-0.05375 1.0734322e-07 7.6084055e-07 1200000 1
-0.0525 -932049.07 	1.754425 	0.10153365 	 -736867.28 	-0.96962501 	-0.96095377 	 1.92155e-08 	0.0072432134 	0.014885073 	 -9.1250063e-11 	0.0050266494 	-0.016423422 	 0.023072875 	886.31376 	-5233.3227 	 -0.12022833 	7.15626e-06 	-2.9749333e-07 	 -1.077581 	-9.667425e-06 	1.0963776e-06 		-0.0525 1.163287e-07 7.48594e-07 1200000 1
-0.05125 -850015.35 	1.7777222 	0.065023574 	 -654555.63 	-0.65190945 	-0.70885293 	 2.0190767e-08 	0.0066843294 	0.014229412 	 -6.8727697e-10 	0.0045236235 	-0.016566254 	 0.019427954 	628.99908 	-4330.8779 	 -0.12570949 	7.2205683e-06 	-2.6905102e-07 	 -1.1265019 	-1.014949e-05 	8.8913891e-07 		-0.05125 1.2528357e-07 7.3631454e-07 1200000 1
-0.05 -771536.61 	1.8597194 	0.076270931 	 -576381.91 	-0.87421719 	-0.74758575 	 2.0784736e-08 	0.0060418503 	0.013545132 	 -1.2191987e-09 	0.0039707768 	-0.016747587 	 0.021169664 	399.03392 	-3481.5087 	 -0.13048895 	7.2354586e-06 	-2.8123183e-07 	 -1.1731271 	-1.0189574e-05 	9.2423305e-07 		-0.05 1.3432365e-07 7.2357946e-07 1200000 1
-0.04875 -693461.81 	1.9476833 	0.069543026 	 -506154.54 	-0.97781668 	-0.70520442 	 2.14995e-08 	0.0055120563 	0.013010103 	 -9.9283297e-10 	0.0035538626 	-0.016811977 	 0.021967417 	260.21273 	-2822.5534 	 -0.1346376 	7.24683e-06 	-2.7770172e-07 	 -1.2176446 	-1.0323517e-05 	8.9170686e-07 		-0.04875 1.4334668e-07 7.1094317e-07 1200000 1
-0.0475 -617015.69 	1.9748195 	0.083655506 	 -441507.6 	-0.81280564 	-0.79338661 	 2.211975e-08 	0.0050223859 	0.012528161 	 -1.9613054e-09 	0.0031828879 	-0.016849391 	 0.020282373 	146.65575 	-2261.5767 	 -0.13824376 	7.3091201e-06 	-2.9146136e-07 	 -1.2603166 	-1.0682456e-05 	9.6789535e-07 		-0.0475 1.524708e-07 6.9762522e-07 1200000 1
-0.04625 -541346.47 	2.0945692 	0.10368426 	 -383043.8 	-1.2450076 	-0.90498981 	 2.2758388e-08 	0.0044689598 	0.01209014 	 -1.6529265e-09 	0.0027934244 	-0.016887131 	 0.024205745 	40.046674 	-1752.7728 	 -0.14137931 	7.29234e-06 	-3.0997594e-07 	 -1.3013331 	-1.0538306e-05 	1.0634165e-06 		-0.04625 1.6160445e-07 6.8434925e-07 1200000 1
-0.045 -467242.87 	2.1315476 	0.060453169 	 -328968.32 	-1.0573251 	-0.65444986 	 2.3635291e-08 	0.0038413429 	0.011692507 	 -1.9938437e-09 	0.0023798089 	-0.016928443 	 0.022085889 	-52.624317 	-1296.8545 	 -0.14412057 	7.345729e-06 	-2.7508802e-07 	 -1.3409053 	-1.0908984e-05 	8.5722989e-07 		-0.045 1.7072043e-07 6.7112537e-07 1200000 1
-0.04375 -394852.05 	2.1823333 	0.069264636 	 -278316.92 	-1.1340945 	-0.70447153 	 2.41965e-08 	0.0032595128 	0.011319653 	 -2.759889e-09 	0.0020118416 	-0.016961615 	 0.02257638 	-123.67654 	-932.55938 	 -0.1465507 	7.3860241e-06 	-2.8406744e-07 	 -1.3792532 	-1.1065339e-05 	9.0140713e-07 		-0.04375 1.7995906e-07 6.5719878e-07 1200000 1
-0.0425 -323319.44 	2.2801417 	0.082107123 	 -231652.74 	-1.3607085 	-0.7860586 	 2.4879138e-08 	0.0027803952 	0.011066736 	 -2.3026669e-09 	0.0017261835 	-0.016929886 	 0.02472692 	-171.04297 	-660.52273 	 -0.14874139 	7.3877713e-06 	-2.9594119e-07 	 -1.4165895 	-1.108785e-05 	9.7173562e-07 		-0.0425 1.8918712e-07 6.4340317e-07 1200000 1
-0.04125 -252862.57 	2.29225 	0.082822206 	 -187946.34 	-1.063775 	-0.83260845 	 2.53955e-08 	0.0022659576 	0.010791878 	 -3.4325002e-09 	0.0014257657 	-0.016936268 	 0.021879818 	-226.05933 	-427.5539 	 -0.1507765 	7.4653573e-06 	-2.9784108e-07 	 -1.4531379 	-1.1549975e-05 	1.0128131e-06 		-0.04125 1.9846928e-07 6.29229e-07 1200000 1
-0.04 -182821.23 	2.4014776 	0.076939102 	 -147459.27 	-1.4346844 	-0.75579412 	 2.6374888e-08 	0.0016515003 	0.010648813 	 -2.961901e-09 	0.0010958102 	-0.016900224 	 0.025274471 	-272.5259 	-240.44771 	 -0.15272404 	7.4567152e-06 	-2.9331056e-07 	 -1.4890865 	-1.144235e-05 	9.5072082e-07 		-0.04 2.0776954e-07 6.1499571e-07 1200000 1
-0.03875 -114177.12 	2.4768833 	0.057458953 	 -108078.39 	-1.4271084 	-0.68997468 	 2.6792917e-08 	0.0010516005 	0.010428311 	 -3.21325e-09 	0.00077163458 	-0.016925628 	 0.025243055 	-318.77708 	-109.29729 	 -0.1546821 	7.4822057e-06 	-2.783377e-07 	 -1.5246433 	-1.1663175e-05 	8.9801155e-07 		-0.03875 2.1708283e-07 6.007545e-07 1200000 1
-0.0375 -45795.858 	2.5197667 	0.058963441 	 -70500.567 	-1.368475 	-0.67309182 	 2.7677917e-08 	0.00056892077 	0.010368043 	 -3.5833334e-09 	0.00052319253 	-0.016870565 	 0.024793691 	-357.05532 	-43.149659 	 -0.156713 	7.5309288e-06 	-2.7971911e-07 	 -1.5600244 	-1.1915058e-05 	8.8578717e-07 		-0.0375 2.2651027e-07 5.8572525e-07 1200000 1
-0.03625 22099.145 	2.64265 	0.10353488 	 -33903.506 	-1.7124333 	-0.96912732 	 2.7930083e-08 	8.6953803e-05 	0.010246063 	 -3.52225e-09 	0.00027310986 	-0.016873118 	 0.028130083 	-399.60587 	-11.218607 	 -0.15889933 	7.5175904e-06 	-3.1806674e-07 	 -1.5954248 	-1.1835933e-05 	1.1341235e-06 		-0.03625 2.3594878e-07 5.7075467e-07 1200000 1
-0.035 89985.949 	2.6635434 	0.057021663 	 1969.9021 	-1.3813993 	-0.67367462 	 2.9122387e-08 	-0.00050610459 	0.010284763 	 -3.7342164e-09 	-2.1074731e-05 	-0.016815883 	 0.02534321 	-446.08638 	-31.351054 	 -0.16131587 	7.5891396e-06 	-2.7865383e-07 	 -1.6310449 	-1.2303129e-05 	8.8946137e-07 		-0.035 2.4535553e-07 5.557989e-07 1200000 1
-0.03375 157824.65 	2.743475 	0.067171238 	 37461.491 	-1.54525 	-0.73656511 	 2.95485e-08 	-0.0011069254 	0.010244459 	 -4.3322501e-09 	-0.00032461796 	-0.016824458 	 0.02698725 	-494.16583 	-100.50151 	 -0.16406557 	7.611573e-06 	-2.8778845e-07 	 -1.6670779 	-1.23737e-05 	9.4342141e-07 		-0.03375 2.5487042e-07 5.4031325e-07 1200000 1
-0.0325 225812.85 	2.8382806 	0.063526585 	 73577.567 	-1.6417361 	-0.69987829 	 3.0383389e-08 	-0.0016056013 	0.010330294 	 -3.6881115e-09 	-0.00057753562 	-0.016777088 	 0.0283131 	-549.44254 	-213.06128 	 -0.16721371 	7.62272e-06 	-2.8439255e-07 	 -1.7037378 	-1.2486156e-05 	9.1422025e-07 		-0.0325 2.6436226e-07 5.2494711e-07 1200000 1
-0.03125 294095.99 	2.8705889 	0.07730145 	 110524.61 	-1.4179389 	-0.81275252 	 3.0843833e-08 	-0.0020683238 	0.010389718 	 -4.6207779e-09 	-0.0008166204 	-0.016765007 	 0.026571255 	-602.73868 	-357.98009 	 -0.17083477 	7.6910228e-06 	-2.9580631e-07 	 -1.7411955 	-1.2867717e-05 	1.0095385e-06 		-0.03125 2.7395501e-07 5.0894422e-07 1200000 1
-0.03 362867.84 	2.9977328 	0.091816914 	 148910.58 	-1.8202262 	-0.86448977 	 3.1645316e-08 	-0.0026264313 	0.010564464 	 -3.8911964e-09 	-0.0011073689 	-0.016712438 	 0.030705985 	-672.36915 	-566.75247 	 -0.17501873 	7.6775482e-06 	-3.073318e-07 	 -1.7796598 	-1.2717146e-05 	1.0535758e-06 		-0.03 2.8355549e-07 4.9299548e-07 1200000 1
-0.02875 432497.6 	3.0476062 	0.056963632 	 188583.46 	-1.6393172 	-0.66404899 	 3.2409528e-08 	-0.0032233473 	0.010758394 	 -3.9084192e-09 	-0.0014286429 	-0.01666872 	 0.02970125 	-756.12823 	-839.50107 	 -0.17986019 	7.7328354e-06 	-2.7757733e-07 	 -1.8193163 	-1.3054834e-05 	8.8752731e-07 		-0.02875 2.9315828e-07 4.7706767e-07 1200000 1
-0.0275 503125.5 	3.0994944 	0.067649306 	 230188.93 	-1.63695 	-0.70489433 	 3.305125e-08 	-0.0037463181 	0.010983758 	 -4.2868332e-09 	-0.0017226902 	-0.016624337 	 0.030173978 	-850.26076 	-1149.4995 	 -0.18544372 	7.7864703e-06 	-2.8578614e-07 	 -1.8603641 	-1.3242794e-05 	9.2234229e-07 		-0.0275 3.0289197e-07 4.604102e-07 1200000 1
-0.02625 574359.38 	3.1980833 	0.091077344 	 275207.5 	-1.8313332 	-0.84038781 	 3.3671001e-08 	-0.0042084426 	0.0112431 	 -3.5801663e-09 	-0.0019958989 	-0.016577019 	 0.032554996 	-950.42417 	-1493.5566 	 -0.19184553 	7.8023784e-06 	-3.0445027e-07 	 -1.9029886 	-1.3259517e-05 	1.0358e-06 		-0.02625 3.1263705e-07 4.4385833e-07 1200000 1
-0.025 646840.45 	3.2135444 	0.08574876 	 323089.53 	-1.4664163 	-0.8079438 	 3.4293669e-08 	-0.0047070559 	0.01154694 	 -4.1862208e-09 	-0.002298809 	-0.016523145 	 0.029967015 	-1065.2412 	-1900.2062 	 -0.19914675 	7.8939051e-06 	-2.9871262e-07 	 -1.9473528 	-1.3739675e-05 	1.0092404e-06 		-0.025 3.2243618e-07 4.2700065e-07 1200000 1
-0.02375 719924.91 	3.3023483 	0.083232143 	 375788.39 	-1.7117967 	-0.75204634 	 3.5326299e-08 	-0.0053108616 	0.011990667 	 -3.4784272e-09 	-0.002689868 	-0.016394977 	 0.033064295 	-1237.8611 	-2425.3171 	 -0.20745337 	7.9213139e-06 	-2.9471819e-07 	 -1.9936816 	-1.3700933e-05 	9.6287736e-07 		-0.02375 3.3230534e-07 4.0993625e-07 1200000 1
-0.0225 795598.69 	3.37905 	0.064790921 	 430165.58 	-1.692575 	-0.69264173 	 3.57485e-08 	-0.0058328573 	0.012394257 	 -3.1860001e-09 	-0.0030475856 	-0.016308724 	 0.033901876 	-1422.6827 	-2981.7191 	 -0.21686839 	7.963915e-06 	-2.7790602e-07 	 -2.0421205 	-1.38922e-05 	9.1380878e-07 		-0.0225 3.422082e-07 3.9289825e-07 1200000 1
-0.02125 871177.55 	3.4176889 	0.065520128 	 491819.37 	-1.52015 	-0.68308198 	 3.6657111e-08 	-0.0062919865 	0.012877285 	 -3.2042782e-09 	-0.0033908345 	-0.016180651 	 0.033400594 	-1635.26 	-3586.2952 	 -0.22748051 	8.0387933e-06 	-2.7594629e-07 	 -2.0929128 	-1.4196167e-05 	9.0599015e-07 		-0.02125 3.5225327e-07 3.7505645e-07 1200000 1
-0.02 948721.45 	3.5451833 	0.10082265 	 557512.63 	-1.8078833 	-0.94707817 	 3.6876333e-08 	-0.006719516 	0.013347591 	 -2.7246668e-09 	-0.0037219698 	-0.016078225 	 0.036788016 	-1850.7459 	-4231.0721 	 -0.23935164 	8.0435775e-06 	-3.0358789e-07 	 -2.1461373 	-1.411865e-05 	1.1259433e-06 		-0.02 3.6233408e-07 3.5724417e-07 1200000 1
-0.01875 1025415.3 	3.5908535 	0.049857 	 632591.35 	-1.4462149 	-0.59620987 	 3.8376878e-08 	-0.0073033713 	0.014048609 	 -2.1291042e-09 	-0.0042113767 	-0.015812458 	 0.035646417 	-2204.9519 	-5084.8936 	 -0.25258816 	8.1162312e-06 	-2.5733948e-07 	 -2.2020245 	-1.456053e-05 	8.3325212e-07 		-0.01875 3.723993e-07 3.3946948e-07 1200000 1
-0.0175 1106488.4 	3.6830083 	0.06583992 	 708813.19 	-1.5042917 	-0.64709002 	 3.8603083e-08 	-0.0077655752 	0.014685499 	 -2.4611667e-09 	-0.0046366023 	-0.015603774 	 0.037547167 	-2596.5365 	-5945.5416 	 -0.267366 	8.1540533e-06 	-2.6836856e-07 	 -2.2607581 	-1.4675983e-05 	8.7532564e-07 		-0.0175 3.8258583e-07 3.2109908e-07 1200000 1
-0.01625 1185963.5 	3.7802556 	0.070055502 	 796201.35 	-1.5867945 	-0.62605469 	 3.95925e-08 	-0.0081903112 	0.015411247 	 -1.1505558e-09 	-0.0050643047 	-0.015324709 	 0.040059467 	-3045.846 	-6884.4949 	 -0.28371336 	8.1847022e-06 	-2.6846216e-07 	 -2.322486 	-1.4745667e-05 	8.5711989e-07 		-0.01625 3.9277367e-07 3.0283989e-07 1200000 1
-0.015 1266877.4 	3.813175 	0.092481073 	 890089.93 	-1.287 	-0.72702175 	 3.98145e-08 	-0.0085273115 	0.016113657 	 -1.7742501e-09 	-0.0054333244 	-0.015071899 	 0.038881625 	-3503.427 	-7827.3924 	 -0.30171177 	8.28244e-06 	-2.8406627e-07 	 -2.3872838 	-1.5137275e-05 	9.4059597e-07 		-0.015 4.0307e-07 2.84112e-07 1200000 1
-0.01375 1346048.9 	3.9156571 	0.091252226 	 995760.77 	-1.5048795 	-0.69273154 	 4.0926185e-08 	-0.0089826251 	0.017042864 	 -2.5911416e-10 	-0.0059688202 	-0.014615879 	 0.042726531 	-4198.237 	-9023.9883 	 -0.32151208 	8.3140092e-06 	-2.7907643e-07 	 -2.4554017 	-1.5079015e-05 	9.1098998e-07 		-0.01375 4.1343876e-07 2.652574e-07 1200000 1
-0.0125 1427567.5 	3.9880369 	0.057629562 	 1106976.4 	-1.4083177 	-0.49397027 	 4.1532635e-08 	-0.0093378902 	0.018004051 	 4.3843543e-10 	-0.0064679603 	-0.014121057 	 0.044563965 	-5040.0658 	-10252.335 	 -0.34322528 	8.37583e-06 	-2.4731029e-07 	 -2.5269001 	-1.5292245e-05 	7.4459471e-07 		-0.0125 4.2384558e-07 2.4641786e-07 1200000 1
-0.01125 1506955.6 	4.0384166 	0.063381899 	 1230318.7 	-1.1576501 	-0.48142735 	 4.2320667e-08 	-0.0096225203 	0.019004717 	 8.4900018e-10 	-0.0069282229 	-0.013565594 	 0.0449065 	-5985.0856 	-11520.924 	 -0.36694689 	8.461525e-06 	-2.4785917e-07 	 -2.6019573 	-1.5620767e-05 	7.3311193e-07 		-0.01125 4.344025e-07 2.2690667e-07 1200000 1
-0.01 1584661.4 	4.14795 	0.09042326 	 1364661.4 	-1.2739972 	-0.64315681 	 4.2800472e-08 	-0.0098233682 	0.020014399 	 2.1293332e-09 	-0.0073237774 	-0.012978082 	 0.047928281 	-7014.878 	-12791.15 	 -0.3927398 	8.4950597e-06 	-2.6627561e-07 	 -2.680619 	-1.5635647e-05 	8.6666319e-07 		-0.01 4.4501397e-07 2.0732528e-07 1200000 1
-0.00875 1659363.2 	4.1878934 	0.076398148 	 1511834.4 	-0.96390796 	-0.51603733 	 4.366992e-08 	-0.010008446 	0.021174012 	 2.6746664e-09 	-0.0077704209 	-0.012206226 	 0.048656218 	-8347.2968 	-14181.069 	 -0.42071372 	8.5921561e-06 	-2.4954745e-07 	 -2.7630086 	-1.5995292e-05 	7.5939567e-07 		-0.00875 4.5566884e-07 1.8767481e-07 1200000 1
-0.0075 1730533.3 	4.2672414 	0.077316909 	 1671630.6 	-0.8420458 	-0.44209968 	 4.4675696e-08 	-0.01011663 	0.022472119 	 4.3798873e-09 	-0.0082339478 	-0.011226543 	 0.051264207 	-10072.292 	-15643.599 	 -0.45098489 	8.6533859e-06 	-2.4500786e-07 	 -2.8492362 	-1.6192584e-05 	6.9614223e-07 		-0.0075 4.6644836e-07 1.6754912e-07 1200000 1
-0.00625 1799313.4 	4.3727189 	0.068195902 	 1842478.2 	-0.97599445 	-0.35214218 	 4.5244389e-08 	-0.010050882 	0.023793438 	 6.3918332e-09 	-0.0085254989 	-0.010163492 	 0.055855344 	-12053.353 	-16898.442 	 -0.48363579 	8.6927056e-06 	-2.3182545e-07 	 -2.9393626 	-1.6176056e-05 	6.195316e-07 		-0.00625 4.7727083e-07 1.4736389e-07 1200000 1
-0.005 1859265.9 	4.4221783 	0.08373542 	 2030378.1 	-0.56168888 	-0.37693906 	 4.6044889e-08 	-0.0099464798 	0.025114359 	 7.5906386e-09 	-0.0087636123 	-0.0089901203 	 0.056907166 	-14247.602 	-18151.123 	 -0.51869469 	8.7837472e-06 	-2.3815339e-07 	 -3.0335152 	-1.659795e-05 	6.3830535e-07 		-0.005 4.8821958e-07 1.2678278e-07 1200000 1
-0.00375 1913625.8 	4.5591 	0.12639093 	 2231601.9 	-0.61872501 	-0.51537625 	 4.6173e-08 	-0.0096622193 	0.02653625 	 9.72925e-09 	-0.0088183869 	-0.0076205027 	 0.061195075 	-16893.736 	-19083.143 	 -0.55612526 	8.800725e-06 	-2.6671875e-07 	 -3.1316922 	-1.6622825e-05 	7.5161913e-07 		-0.00375 4.9923975e-07 1.0591e-07 1200000 1
-0.0025 1953080.5 	4.6172736 	0.088877319 	 2453659.9 	-0.49682053 	-0.25833493 	 4.8060898e-08 	-0.0091992109 	0.028192563 	 1.3090949e-08 	-0.0088074577 	-0.0057484681 	 0.065895529 	-20501.116 	-19791.277 	 -0.59594461 	8.8673411e-06 	-2.2617493e-07 	 -3.2341415 	-1.6771645e-05 	5.3551169e-07 		-0.0025 5.1025892e-07 8.5156609e-08 1200000 1
-0.00125 1985972.3 	4.7175533 	0.12792218 	 2687120.9 	-0.066400002 	-0.37377142 	 4.9127425e-08 	-0.0083575354 	0.029851129 	 1.5624833e-08 	-0.0081848878 	-0.0037373629 	 0.069567417 	-24633.422 	-19291.724 	 -0.63808124 	8.9213083e-06 	-2.4888429e-07 	 -3.3410991 	-1.7187625e-05 	6.3011542e-07 		-0.00125 5.21371e-07 6.3856667e-08 1200000 1
5.2475385e-17 1079385.5 	4.732415 	0.084082927 	 1550292.2 	-0.17944 	-0.17954985 	 4.95363e-08 	-0.0072768997 	0.031287493 	 1.8892825e-08 	-0.0072897112 	-0.0017378359 	 0.0738404 	-15210.559 	-10032.831 	 -0.6661145 	-1.26139e-05 	-2.914715e-07 	 -3.4047007 	-1.624555e-05 	5.90181e-07 		5.2475385e-17 5.2366975e-07 4.27425e-08 650000 1
0.00125 156940.13 	4.6099708 	0.045092307 	 238167.96 	-0.16272833 	-0.051680567 	 4.8876733e-08 	-0.0061670185 	0.031277978 	 1.8421867e-08 	-0.0062432019 	-0.00171153 	 0.072221483 	-2250.7423 	-1228.3035 	 -0.62919437 	-3.3099608e-05 	-5.6803176e-07 	 -3.2752247 	-1.5639667e-05 	8.3269467e-07 		0.00125 4.9011283e-07 2.32475e-08 100000 1
0.0025 148062.81 	4.4934245 	0.074869276 	 231096.3 	-0.12044597 	-0.042077357 	 4.7959927e-08 	-0.0053356337 	0.030922302 	 1.7257969e-08 	-0.005486847 	-0.0021057729 	 0.069684254 	-2046.1653 	-1030.2617 	 -0.57815847 	-3.1910961e-05 	-8.5432146e-07 	 -3.1024903 	-1.602222e-05 	7.344743e-07 		0.0025 4.496694e-07 3.3225563e-09 100000 1
0.00375 140029.85 	4.413785 	0.10174238 	 223858.83 	-0.121035 	-0.027637326 	 4.644235e-08 	-0.0045831299 	0.030741408 	 1.55806e-08 	-0.0048032481 	-0.0022911697 	 0.06815545 	-1896.0348 	-859.25169 	 -0.52939839 	-3.10921e-05 	-1.1130938e-06 	 -2.934477 	-1.5996025e-05 	5.8780526e-07 		0.00375 4.1022925e-07 -1.6764999e-08 100000 1
0.005 132355.57 	4.3394047 	0.10150273 	 216894.44 	-0.072933608 	-0.029926504 	 4.6103814e-08 	-0.0040984028 	0.030550918 	 1.5093147e-08 	-0.004372126 	-0.0024625541 	 0.0665223 	-1754.8736 	-746.68026 	 -0.48298745 	-3.0336592e-05 	-1.1017016e-06 	 -2.7710588 	-1.6430617e-05 	6.0841137e-07 		0.005 3.7198342e-07 -3.7091945e-08 100000 1
0.00625 125161.17 	4.2761122 	0.11433452 	 210083.98 	-0.072402222 	-0.044688066 	 4.5287505e-08 	-0.003699972 	0.030396894 	 1.43889e-08 	-0.0040151531 	-0.0025978904 	 0.0652074 	-1629.4158 	-654.21942 	 -0.43890145 	-2.9696878e-05 	-1.2220228e-06 	 -2.6120818 	-1.6384844e-05 	7.5368666e-07 		0.00625 3.3443139e-07 -5.7662778e-08 100000 1
0.0075 118321.28 	4.2122008 	0.11114792 	 203556.98 	-0.042357928 	-0.036068589 	 4.4942922e-08 	-0.0033041098 	0.03027436 	 1.4191929e-08 	-0.0036668876 	-0.0026868909 	 0.063941012 	-1517.6599 	-569.5297 	 -0.39717617 	-2.9060913e-05 	-1.1828449e-06 	 -2.4576635 	-1.6617204e-05 	6.6524228e-07 		0.0075 2.9769945e-07 -7.814312e-08 100000 1
0.00875 111967.27 	4.1496471 	0.11585556 	 197195.21 	-0.019865484 	-0.037231715 	 4.4245323e-08 	-0.0029373328 	0.030185427 	 1.3757284e-08 	-0.0033398761 	-0.0027443435 	 0.062769454 	-1419.3873 	-494.42236 	 -0.35777619 	-2.843997e-05 	-1.223382e-06 	 -2.3077872 	-1.6775662e-05 	6.7471583e-07 		0.00875 2.6172787e-07 -9.9119284e-08 100000 1
0.01 106004.98 	4.0900617 	0.11716654 	 191091.84 	-0.015013334 	-0.035412584 	 4.3661975e-08 	-0.0026629698 	0.030092301 	 1.3621694e-08 	-0.0030937166 	-0.0028106561 	 0.061664494 	-1326.4636 	-437.52467 	 -0.32062559 	-2.7857928e-05 	-1.2305965e-06 	 -2.1625021 	-1.6748758e-05 	6.5440089e-07 		0.01 2.2656605e-07 -1.1995961e-07 100000 1
0.01125 100387.56 	4.0273166 	0.11678818 	 185284.72 	0.018533332 	-0.039740105 	 4.3180267e-08 	-0.0024539484 	0.030000087 	 1.3405717e-08 	-0.0029065514 	-0.0028809969 	 0.060474466 	-1238.9471 	-393.22571 	 -0.28561848 	-2.7247333e-05 	-1.2214088e-06 	 -2.021804 	-1.699865e-05 	6.9570622e-07 		0.01125 1.9217816e-07 -1.4108534e-07 100000 1
0.0125 95097.789 	3.9665349 	0.12343584 	 179793.24 	0.018252501 	-0.048615713 	 4.249837e-08 	-0.002248935 	0.029928392 	 1.3100273e-08 	-0.0027212916 	-0.0029326131 	 0.059404396 	-1159.4496 	-352.20696 	 -0.25264971 	-2.6662768e-05 	-1.2829711e-06 	 -1.8856686 	-1.6902914e-05 	7.8241899e-07 		0.0125 1.5843644e-07 -1.6237223e-07 100000 1
0.01375 90110.749 	3.9033679 	0.11424704 	 174640.73 	0.045199553 	-0.031877366 	 4.2249468e-08 	-0.0020459408 	0.029879017 	 1.3370207e-08 	-0.0025411844 	-0.0029536068 	 0.058327976 	-1088.348 	-314.67801 	 -0.22166753 	-2.6064356e-05 	-1.186552e-06 	 -1.7541817 	-1.7065999e-05 	6.1308292e-07 		0.01375 1.2548505e-07 -1.8351872e-07 100000 1
0.015 85515.352 	3.842115 	0.12535371 	 169757.28 	0.06493 	-0.033363377 	 4.1239275e-08 	-0.0018717374 	0.029835553 	 1.2739625e-08 	-0.002378718 	-0.0029832745 	 0.0573015 	-1022.4995 	-282.45881 	 -0.19257196 	-2.5479322e-05 	-1.2934823e-06 	 -1.6272719 	-1.71676e-05 	6.2614426e-07 		0.015 9.3216395e-08 -2.0505575e-07 100000 1
0.01625 81166.73 	3.7790717 	0.11468529 	 165258.03 	0.064366663 	-0.034657397 	 4.1076455e-08 	-0.0017517729 	0.029786273 	 1.3113055e-08 	-0.0022723402 	-0.0030206723 	 0.056247928 	-959.2521 	-259.50786 	 -0.16528331 	-2.4894874e-05 	-1.1830183e-06 	 -1.5050158 	-1.7043611e-05 	6.3720566e-07 		0.01625 6.1879513e-08 -2.2631155e-07 100000 1
0.0175 77105.211 	3.7137475 	0.12691499 	 161104.33 	0.090477499 	-0.037265942 	 4.0153083e-08 	-0.0016343609 	0.029749033 	 1.24923e-08 	-0.0021625221 	-0.0030566703 	 0.055170342 	-900.67876 	-237.71653 	 -0.13965719 	-2.4281408e-05 	-1.3017937e-06 	 -1.3872329 	-1.7189683e-05 	6.6144575e-07 		0.0175 3.1029985e-08 -2.47707e-07 100000 1
0.01875 73235.571 	3.6495598 	0.11181985 	 157366.51 	0.088122202 	-0.034845723 	 4.0115511e-08 	-0.0015165828 	0.029730681 	 1.3067396e-08 	-0.0020621672 	-0.0030565373 	 0.054168822 	-848.19786 	-218.32485 	 -0.11563821 	-2.3696043e-05 	-1.1475948e-06 	 -1.2739985 	-1.7027222e-05 	6.3542706e-07 		0.01875 1.0829555e-09 -2.6904055e-07 100000 1
0.02 69741.105 	3.5862833 	0.12542487 	 153923.67 	0.099261668 	-0.030547833 	 3.893525e-08 	-0.0014032813 	0.029718484 	 1.248525e-08 	-0.0019530313 	-0.003069146 	 0.0531982 	-800.10438 	-199.66184 	 -0.093189651 	-2.3113212e-05 	-1.2806634e-06 	 -1.1653236 	-1.7020083e-05 	5.9059742e-07 		0.02 -2.8261835e-08 -2.9029692e-07 100000 1
0.02125 66415.648 	3.5213528 	0.11507414 	 150908.58 	0.12232222 	-0.029704214 	 3.8674911e-08 	-0.0013265498 	0.029703817 	 1.2701366e-08 	-0.0018871296 	-0.0030846335 	 0.052161994 	-753.66005 	-186.96606 	 -0.07218253 	-2.2525151e-05 	-1.174339e-06 	 -1.0611295 	-1.7110783e-05 	5.8044058e-07 		0.02125 -5.6626385e-08 -3.1170883e-07 100000 1
0.0225 63327.974 	3.4565625 	0.12847425 	 148266.65 	0.123335 	-0.040609526 	 3.77531e-08 	-0.0012554925 	0.029694158 	 1.220935e-08 	-0.0018211919 	-0.0031087225 	 0.051172725 	-709.76365 	-175.18978 	 -0.052520613 	-2.1939768e-05 	-1.3057143e-06 	 -0.96127687 	-1.6981725e-05 	6.8763026e-07 		0.0225 -8.4519321e-08 -3.3311525e-07 100000 1
0.02375 60408.987 	3.3881825 	0.11796532 	 146056.85 	0.14977393 	-0.02754949 	 3.7499091e-08 	-0.0011830235 	0.029700009 	 1.2587646e-08 	-0.0017626598 	-0.0031016508 	 0.050131636 	-670.57323 	-164.89605 	 -0.034175137 	-2.1329714e-05 	-1.1981309e-06 	 -0.86589403 	-1.7088947e-05 	5.5520737e-07 		0.02375 -1.1153204e-07 -3.5432423e-07 100000 1
0.025 57754.272 	3.3209469 	0.1269512 	 144206.73 	0.15494962 	-0.028326543 	 3.6529369e-08 	-0.0011113136 	0.029711398 	 1.2204983e-08 	-0.0016981657 	-0.0030980477 	 0.049144326 	-634.6065 	-154.90167 	 -0.017065567 	-2.0727159e-05 	-1.285658e-06 	 -0.77485585 	-1.6995282e-05 	5.6117157e-07 		0.025 -1.3788148e-07 -3.7569796e-07 100000 1
0.02625 55269.795 	3.25085 	0.12178031 	 142782.43 	0.15788833 	-0.022835201 	 3.6011217e-08 	-0.0010588297 	0.029723661 	 1.2333784e-08 	-0.0016558383 	-0.0030998936 	 0.048116617 	-600.10933 	-147.87265 	 -0.0011313275 	-2.0108624e-05 	-1.2317743e-06 	 -0.68819356 	-1.686545e-05 	5.0446353e-07 		0.02625 -1.6333246e-07 -3.9674983e-07 100000 1
0.0275 52964.783 	3.1813836 	0.12532731 	 141769.31 	0.17362028 	-0.02438808 	 3.5318139e-08 	-0.0010144821 	0.029739222 	 1.2070895e-08 	-0.0016204625 	-0.0031086554 	 0.047084531 	-567.2033 	-142.11632 	 0.013709718 	-1.9494693e-05 	-1.2651738e-06 	 -0.60579922 	-1.6861172e-05 	5.1819975e-07 		0.0275 -1.8807811e-07 -4.17897e-07 100000 1
0.02875 50816.328 	3.111905 	0.12541227 	 141187.38 	0.16623168 	-0.027576223 	 3.474218e-08 	-0.00096996727 	0.029764073 	 1.2117241e-08 	-0.0015885557 	-0.0031025204 	 0.046093353 	-537.23064 	-137.14808 	 0.027504834 	-1.888814e-05 	-1.2640966e-06 	 -0.52769262 	-1.6617353e-05 	5.4819592e-07 		0.02875 -2.1210137e-07 -4.3884035e-07 100000 1
0.03 48839.049 	3.0411419 	0.12160965 	 141030.46 	0.17657618 	-0.016959162 	 3.4142355e-08 	-0.00092579239 	0.029796628 	 1.2239128e-08 	-0.0015597778 	-0.0030835259 	 0.045082467 	-510.18662 	-132.93085 	 0.040298744 	-1.8273889e-05 	-1.2242456e-06 	 -0.45388844 	-1.6547816e-05 	4.4014272e-07 		0.03 -2.353425e-07 -4.595064e-07 100000 1
0.03125 47047.697 	2.9725411 	0.12831659 	 141293.3 	0.17829778 	-0.015580636 	 3.3189872e-08 	-0.00088911717 	0.029830619 	 1.1776744e-08 	-0.0015340629 	-0.003074965 	 0.044110561 	-484.49823 	-129.59916 	 0.052144938 	-1.7678479e-05 	-1.2895966e-06 	 -0.38436382 	-1.6395483e-05 	4.2456059e-07 		0.03125 -2.5782671e-07 -4.8019133e-07 100000 1
0.0325 45380.401 	2.8999322 	0.12050034 	 142014.64 	0.18032388 	-0.014720664 	 3.2784925e-08 	-0.00086198874 	0.029869307 	 1.2027216e-08 	-0.0015223541 	-0.0030693728 	 0.043075814 	-459.79199 	-127.99944 	 0.0630907 	-1.7055532e-05 	-1.2098359e-06 	 -0.3191516 	-1.6233764e-05 	4.1403877e-07 		0.0325 -2.7942953e-07 -5.0051797e-07 100000 1
0.03375 43862.478 	2.82814 	0.13066655 	 143177.34 	0.19455 	-0.012216025 	 3.180885e-08 	-0.0008350361 	0.029912468 	 1.14387e-08 	-0.0015078012 	-0.0030645033 	 0.042049792 	-436.62794 	-126.54957 	 0.073200551 	-1.6438302e-05 	-1.3099667e-06 	 -0.25815266 	-1.61952e-05 	3.87091e-07 		0.03375 -3.0044995e-07 -5.2081275e-07 100000 1
0.035 42436.902 	2.7570179 	0.11840794 	 144828.05 	0.19133988 	-0.013370412 	 3.1429325e-08 	-0.0008087096 	0.02996586 	 1.1806557e-08 	-0.0015084896 	-0.0030290259 	 0.041057074 	-416.48623 	-126.69832 	 0.082491298 	-1.5839234e-05 	-1.1859603e-06 	 -0.20153152 	-1.5967121e-05 	3.9672724e-07 		0.035 -3.2060729e-07 -5.4085443e-07 100000 1
0.03625 41216.514 	2.6818333 	0.12970954 	 146914.24 	0.19928916 	-0.0049168281 	 3.0342625e-08 	-0.00078529688 	0.030018918 	 1.1412292e-08 	-0.001498726 	-0.0030104226 	 0.040003056 	-397.50312 	-126.52274 	 0.091002472 	-1.5194236e-05 	-1.2976058e-06 	 -0.14926384 	-1.586435e-05 	3.1025976e-07 		0.03625 -3.4008926e-07 -5.6074524e-07 100000 1
0.0375 40070.539 	2.6100175 	0.11405242 	 149506.81 	0.20842667 	0.0093595088 	 2.9955692e-08 	-0.00076955739 	0.030080146 	 1.1540117e-08 	-0.0015064332 	-0.0029893017 	 0.038997241 	-379.20987 	-128.33358 	 0.098777609 	-1.4594918e-05 	-1.1397338e-06 	 -0.10141447 	-1.5757625e-05 	1.65604e-07 		0.0375 -3.5852264e-07 -5.8052368e-07 100000 1
0.03875 39058.877 	2.5350617 	0.1253731 	 152584.99 	0.2065 	0.018379532 	 2.8900808e-08 	-0.00075411765 	0.030143798 	 1.0727067e-08 	-0.0015068381 	-0.0029782465 	 0.037961883 	-361.47372 	-129.93996 	 0.10585807 	-1.3961221e-05 	-1.2516639e-06 	 -0.057959587 	-1.5544783e-05 	7.3394084e-08 		0.03875 -3.7653334e-07 -6.0004345e-07 100000 1
0.04 38109.508 	2.4623497 	0.11204246 	 156194.65 	0.2099003 	0.020549405 	 2.8515171e-08 	-0.00073996592 	0.030216951 	 1.1248694e-08 	-0.0015270265 	-0.0029334006 	 0.036954882 	-346.6854 	-133.61416 	 0.11226584 	-1.3360057e-05 	-1.1172068e-06 	 -0.019039178 	-1.5370531e-05 	4.9707848e-08 		0.04 -3.9355101e-07 -6.193945e-07 100000 1
0.04125 37343.095 	2.3887265 	0.12476923 	 160295 	0.2015825 	0.028888697 	 2.7360575e-08 	-0.00072814163 	0.030289964 	 1.0696025e-08 	-0.0015358686 	-0.0028990502 	 0.035954533 	-333.2154 	-136.90427 	 0.11802439 	-1.2742473e-05 	-1.2433641e-06 	 0.015289182 	-1.5093625e-05 	-3.5690198e-08 		0.04125 -4.0997635e-07 -6.3842196e-07 100000 1
0.0425 36630.8 	2.3106813 	0.11657292 	 164961.19 	0.21218306 	0.024084997 	 2.6734322e-08 	-0.00072054733 	0.030372951 	 1.0526583e-08 	-0.0015576109 	-0.0028637209 	 0.034849501 	-320.10469 	-141.90725 	 0.12316013 	-1.2095021e-05 	-1.1604251e-06 	 0.044877675 	-1.4990575e-05 	1.0296944e-08 		0.0425 -4.2534647e-07 -6.572454e-07 100000 1
0.04375 36021.948 	2.2366684 	0.12327799 	 170171.46 	0.21225111 	0.021194423 	 2.6049928e-08 	-0.00071379305 	0.030460432 	 1.0559339e-08 	-0.0015745302 	-0.0028367756 	 0.033827772 	-307.26884 	-147.05062 	 0.12771478 	-1.1481898e-05 	-1.2264853e-06 	 0.069783081 	-1.4785961e-05 	3.7170035e-08 		0.04375 -4.4014937e-07 -6.75894e-07 100000 1
0.045 35474.967 	2.1579723 	0.11875047 	 175971.13 	0.21139591 	0.027689519 	 2.5311566e-08 	-0.00070853977 	0.030554706 	 1.0237051e-08 	-0.001606067 	-0.0027848557 	 0.03273829 	-296.9354 	-154.08051 	 0.13169534 	-1.083188e-05 	-1.180291e-06 	 0.089774581 	-1.4563056e-05 	-2.9886103e-08 		0.045 -4.5409537e-07 -6.9419491e-07 100000 1
0.04625 35041.47 	2.0805889 	0.12186431 	 182352.9 	0.21620593 	0.026825088 	 2.4356617e-08 	-0.00070594356 	0.030651767 	 9.9431796e-09 	-0.0016384385 	-0.0027260249 	 0.031659279 	-288.50513 	-161.94765 	 0.13512303 	-1.0193747e-05 	-1.2105708e-06 	 0.10476285 	-1.4400912e-05 	-2.3364177e-08 		0.04625 -4.6726295e-07 -7.1230402e-07 100000 1
0.0475 34691.335 	2.0041184 	0.12216436 	 189350.48 	0.20759639 	0.029830929 	 2.3645772e-08 	-0.00070579758 	0.030756577 	 9.9412335e-09 	-0.0016705112 	-0.0026720298 	 0.030612255 	-280.53618 	-170.57376 	 0.13801506 	-9.5649903e-06 	-1.2127459e-06 	 0.11459346 	-1.4103643e-05 	-5.5490529e-08 		0.0475 -4.7959147e-07 -7.3012428e-07 100000 1
0.04875 34395.657 	1.923974 	0.12065038 	 196990.56 	0.20816167 	0.029490511 	 2.2900717e-08 	-0.00070575105 	0.030871157 	 9.5400336e-09 	-0.001703833 	-0.0026216379 	 0.029492716 	-272.74122 	-180.16435 	 0.14039197 	-8.9065572e-06 	-1.196846e-06 	 0.11915646 	-1.3893501e-05 	-5.4241292e-08 		0.04875 -4.9108554e-07 -7.475971e-07 100000 1
0.05 34167.014 	1.8472189 	0.12502564 	 205285.26 	0.2075179 	0.025666614 	 2.2192323e-08 	-0.00070739485 	0.030990475 	 9.5575643e-09 	-0.0017403501 	-0.0025602432 	 0.02842651 	-266.63586 	-190.86542 	 0.14227205 	-8.27975e-06 	-1.2398494e-06 	 0.11835513 	-1.3671269e-05 	-1.8145345e-08 		0.05 -5.0189661e-07 -7.6489515e-07 100000 1
0.05125 33972.902 	1.7666044 	0.11786425 	 214277.07 	0.2006794 	0.031482386 	 2.1450823e-08 	-0.00071122333 	0.031115209 	 9.4016633e-09 	-0.0017949436 	-0.002470297 	 0.027306948 	-263.89981 	-204.56036 	 0.14365834 	-7.6209102e-06 	-1.1675515e-06 	 0.11192003 	-1.3381593e-05 	-7.8472901e-08 		0.05125 -5.1181215e-07 -7.8177347e-07 100000 1
0.0525 33900.569 	1.6864792 	0.12877254 	 223952.54 	0.205775 	0.033451597 	 2.0331975e-08 	-0.0007192739 	0.031244077 	 8.7547499e-09 	-0.0018347805 	-0.0023893677 	 0.02617878 	-262.05223 	-217.75087 	 0.14456512 	-6.9646284e-06 	-1.2759794e-06 	 0.099760793 	-1.321854e-05 	-1.0039767e-07 		0.0525 -5.209867e-07 -7.9839293e-07 100000 1
0.05375 33822.799 	1.6076312 	0.11656225 	 234389.71 	0.19783333 	0.027495502 	 1.9947778e-08 	-0.00072457017 	0.03139006 	 9.1041554e-09 	-0.001882707 	-0.0023081798 	 0.025072809 	-260.43186 	-233.09239 	 0.1449965 	-6.3253874e-06 	-1.1532969e-06 	 0.081576932 	-1.2918487e-05 	-4.2952199e-08 		0.05375 -5.2913074e-07 -8.1470419e-07 100000 1
0.055 33812.377 	1.5258916 	0.12916959 	 245570.75 	0.1920625 	0.035011991 	 1.8976375e-08 	-0.00073167325 	0.031540272 	 8.414175e-09 	-0.0019204797 	-0.0022265597 	 0.023930341 	-259.85608 	-248.29111 	 0.14497517 	-5.6565319e-06 	-1.2787567e-06 	 0.057412154 	-1.2643389e-05 	-1.2037511e-07 		0.055 -5.3676951e-07 -8.3066574e-07 100000 1
0.05625 33759.963 	1.4465753 	0.11367592 	 257563.15 	0.19286048 	0.027321851 	 1.8463956e-08 	-0.00073983241 	0.031697511 	 8.7074122e-09 	-0.0019910617 	-0.0021001282 	 0.02279436 	-264.64465 	-269.04686 	 0.14449864 	-5.018318e-06 	-1.1233154e-06 	 0.026943201 	-1.2425267e-05 	-4.5651004e-08 		0.05625 -5.433665e-07 -8.4633985e-07 100000 1
0.0575 33861.52 	1.3663542 	0.12946945 	 270346.28 	0.1795275 	0.038142035 	 1.7378808e-08 	-0.00075632325 	0.031856196 	 8.2101749e-09 	-0.0020326262 	-0.0019817118 	 0.021673931 	-271.50893 	-287.66302 	 0.1435602 	-4.3627767e-06 	-1.2807178e-06 	 -0.010095668 	-1.2078875e-05 	-1.5605584e-07 		0.0575 -5.4933643e-07 -8.617104e-07 100000 1
0.05875 33899.816 	1.2836759 	0.11822633 	 283999.82 	0.17944 	0.033009721 	 1.6762405e-08 	-0.00076702847 	0.032036617 	 8.0654998e-09 	-0.0020862634 	-0.0018594946 	 0.020475441 	-279.11813 	-309.41059 	 0.14217404 	-3.6929359e-06 	-1.1678856e-06 	 -0.053825568 	-1.1855711e-05 	-1.0692179e-07 		0.05875 -5.5419726e-07 -8.7662483e-07 100000 1
0.06 33976.72 	1.203727 	0.12976871 	 298510.26 	0.17414 	0.030338075 	 1.603575e-08 	-0.00077832019 	0.03222548 	 7.922075e-09 	-0.0021221337 	-0.0017410945 	 0.01932752 	-287.65942 	-330.08922 	 0.14035016 	-3.0439534e-06 	-1.2828732e-06 	 -0.10427761 	-1.1586725e-05 	-8.2375251e-08 		0.06 -5.585533e-07 -8.9136992e-07 100000 1
0.06125 33991.948 	1.1195105 	0.11982903 	 313952.71 	0.16458493 	0.03509865 	 1.5331399e-08 	-0.00079213091 	0.032420175 	 7.733009e-09 	-0.0021847204 	-0.0015755204 	 0.018103401 	-303.77332 	-356.50056 	 0.13807352 	-2.3597393e-06 	-1.1831446e-06 	 -0.16187828 	-1.126815e-05 	-1.3208805e-07 		0.06125 -5.618734e-07 -9.0558147e-07 100000 1
0.0625 34077.14 	1.0381964 	0.12771469 	 330302.37 	0.16254137 	0.035161372 	 1.4346565e-08 	-0.00081383032 	0.032618117 	 7.3411016e-09 	-0.0022256703 	-0.0013985927 	 0.016909631 	-324.86368 	-381.54756 	 0.13534785 	-1.6999986e-06 	-1.2617066e-06 	 -0.22667518 	-1.1033478e-05 	-1.3487974e-07 		0.0625 -5.6445766e-07 -9.1952752e-07 100000 1
0.06375 34103.908 	0.95575286 	0.12269563 	 347631.59 	0.14895334 	0.033342708 	 1.3761984e-08 	-0.00083158678 	0.032837444 	 7.4050503e-09 	-0.0022643453 	-0.0012198856 	 0.01569018 	-348.1091 	-407.84035 	 0.13216762 	-1.0300919e-06 	-1.2112995e-06 	 -0.29894221 	-1.0681733e-05 	-1.1867675e-07 		0.06375 -5.660937e-07 -9.3307983e-07 100000 1
0.065 34095.583 	0.87100207 	0.12552972 	 365947.33 	0.14211555 	0.034765084 	 1.3016597e-08 	-0.00084706113 	0.033073475 	 7.0274528e-09 	-0.0022902512 	-0.0010398324 	 0.014422187 	-373.7856 	-433.62044 	 0.12853735 	-3.3872797e-07 	-1.2394718e-06 	 -0.37870598 	-1.0398297e-05 	-1.3492698e-07 		0.065 -5.6697028e-07 -9.4624711e-07 100000 1
0.06625 34017.526 	0.78870695 	0.12421802 	 385287.22 	0.13686119 	0.025830623 	 1.2386269e-08 	-0.00086582279 	0.033316003 	 7.0820489e-09 	-0.0023154103 	-0.00082335995 	 0.013165793 	-408.16784 	-460.78794 	 0.12444863 	3.2929144e-07 	-1.226262e-06 	 -0.46617796 	-1.0132958e-05 	-4.7469391e-08 		0.06625 -5.6701108e-07 -9.5911779e-07 100000 1
0.0675 33876.64 	0.70232565 	0.12073247 	 405676.61 	0.12627049 	0.031837003 	 1.1626506e-08 	-0.00089025188 	0.03356317 	 6.9336901e-09 	-0.0023282624 	-0.00056951206 	 0.011840652 	-453.1646 	-487.43295 	 0.11989143 	1.0377359e-06 	-1.1913749e-06 	 -0.5615545 	-9.8154839e-06 	-1.0932533e-07 		0.0675 -5.6615535e-07 -9.7158689e-07 100000 1
0.06875 33700.999 	0.61576316 	0.12453666 	 427125.53 	0.12145778 	0.030429128 	 1.0834933e-08 	-0.00091879999 	0.033827149 	 6.6596555e-09 	-0.0023064957 	-0.00030610104 	 0.010488398 	-504.84214 	-508.02358 	 0.11486041 	1.7488072e-06 	-1.2294574e-06 	 -0.66493095 	-9.5598611e-06 	-9.6870227e-08 		0.06875 -5.6442476e-07 -9.8369533e-07 100000 1
0.07 33371.596 	0.52678885 	0.11406608 	 449696.56 	0.10844667 	0.022524799 	 1.0392569e-08 	-0.00093889152 	0.034120518 	 6.8935915e-09 	-0.0022832739 	-3.8782224e-05 	 0.009063403 	-561.08974 	-529.05405 	 0.10935011 	2.4839249e-06 	-1.1248906e-06 	 -0.77649109 	-9.2233111e-06 	-1.9297207e-08 		0.07 -5.6169191e-07 -9.9539689e-07 100000 1
0.07125 32954.334 	0.43072548 	0.11820611 	 473373.33 	0.099545997 	0.027698924 	 9.7630749e-09 	-0.00096462554 	0.034424145 	 6.6727e-09 	-0.0022170528 	0.0002633763 	 0.0075143022 	-629.68298 	-540.56652 	 0.10336852 	3.2904651e-06 	-1.1664639e-06 	 -0.89613978 	-8.9305999e-06 	-7.2427995e-08 		0.07125 -5.5821667e-07 -1.006762e-06 100000 1
0.0725 32295.877 	0.32726332 	0.092099599 	 498241.31 	0.076896517 	0.015758612 	 9.4053012e-09 	-0.00099252186 	0.034744496 	 7.0962987e-09 	-0.0021160817 	0.00064105425 	 0.0057711176 	-721.12252 	-543.14797 	 0.096900445 	4.1694002e-06 	-9.0568994e-07 	 -1.0242557 	-8.5027185e-06 	4.5867446e-08 		0.0725 -5.5352143e-07 -1.0176257e-06 100000 1
0.07375 31573.76 	0.18549794 	0.067035959 	 524284.86 	0.048192294 	0.0097704672 	 9.0169517e-09 	-0.0010093087 	0.03507144 	 7.4649558e-09 	-0.0019114712 	0.0010413544 	 0.0033199142 	-826.89832 	-516.86298 	 0.089946041 	5.4362874e-06 	-6.5535017e-07 	 -1.1610271 	-8.020875e-06 	1.0474358e-07 		0.07375 -5.4770192e-07 -1.0280547e-06 100000 1
0.075 30258.93 	0.058396495 	0.049177437 	 546650.49 	0.0215964 	-0.00018605005 	 8.758275e-09 	-0.00103737 	0.035276916 	 7.580295e-09 	-0.0017507658 	0.0013535075 	 0.0010709985 	-903.64591 	-494.27611 	 0.085016057 	6.547415e-06 	-4.7712852e-07 	 -1.2575482 	-7.55825e-06 	2.031835e-07 		0.075 -5.3976373e-07 -1.0375882e-06 100000 1
