# y jRe_x jRe_y jRe_z jIm_x jIm_y jIm_z BRe_x BRe_y BRe_z BIm_x BIm_y BIm_z F_x F_y F_z VReGrad_x VReGrad_y VReGrad_z VImGrad_x VImGrad_y VImGrad_z s VRe VIm sigma mur
-0.075 -518547.55 	-12872.301 	-17160.474 	 -2192990.6 	-55529.248 	-165762.57 	 -0.0045103473 	0.0028288616 	0.041630379 	 8.3919303e-05 	-0.00038994323 	0.0054200457 	 -426.40665 	16769.429 	-334.96825 	 -0.46615736 	-0.63937888 	0.0030409077 	 -1.5133881 	-3.2975578 	0.13980854 		-0.075 -0.00044459537 -0.0031377103 1200000 1
-0.07375 -562718.54 	-148856.65 	-16574.936 	 -1865300.8 	-310750.22 	-132839.41 	 -0.0045029438 	0.0026938069 	0.041137959 	 0.00025773326 	-0.00043581949 	0.0036124065 	 -3595.5176 	14996.133 	-644.90817 	 -0.47025294 	-0.58706161 	0.0014894741 	 -1.6517578 	-3.0667634 	0.11255476 		-0.07375 -0.0012201121 -0.0071579951 1200000 1
-0.0725 -585537.7 	-297385.19 	-14664.841 	 -1565843.5 	-608230.04 	-99592.194 	 -0.0044930786 	0.0025260448 	0.040313347 	 0.00047704622 	-0.000476096 	0.0012096554 	 -6337.8302 	12768.337 	-887.96261 	 -0.47480275 	-0.52939395 	1.8782177e-05 	 -1.7742466 	-2.7963051 	0.08489136 		-0.0725 -0.0019197452 -0.010832777 1200000 1
-0.07125 -593639.18 	-444915.54 	-12321.484 	 -1324763.3 	-882042.77 	-72262.571 	 -0.004484739 	0.0023798486 	0.039625953 	 0.00063008196 	-0.00049556443 	-0.0004450566 	 -8607.8028 	11474.985 	-1097.6368 	 -0.47841703 	-0.47595029 	-0.0010854993 	 -1.8558695 	-2.5413885 	0.062050722 		-0.07125 -0.0025452178 -0.014155772 1200000 1
-0.07 -589898.93 	-589321.65 	-9750.4953 	 -1123754.4 	-1129264.3 	-49942.542 	 -0.0044799702 	0.0022449974 	0.038969842 	 0.00074764409 	-0.00050092092 	-0.0017337257 	 -10500.426 	10508.654 	-1278.2042 	 -0.4810306 	-0.42564973 	-0.0019023419 	 -1.9114286 	-2.306233 	0.04329479 		-0.07 -0.0031096373 -0.017187355 1200000 1
-0.06875 -578514.16 	-730804.36 	-7214.0302 	 -959917.32 	-1348806.4 	-32071.131 	 -0.0044758096 	0.0021202454 	0.038360471 	 0.00083943467 	-0.00049682276 	-0.0027412446 	 -12173.018 	9772.8959 	-1445.2846 	 -0.48184163 	-0.37798417 	-0.0024686571 	 -1.9433501 	-2.0916269 	0.028184523 		-0.06875 -0.0036101906 -0.019927613 1200000 1
-0.0675 -560706.99 	-867188.03 	-4795.8291 	 -820874.51 	-1542054 	-17868.723 	 -0.004474757 	0.002004746 	0.037789469 	 0.00090934514 	-0.00048585856 	-0.0035181017 	 -13680.985 	9134.3901 	-1602.3624 	 -0.48107511 	-0.33280044 	-0.0028337427 	 -1.9614089 	-1.8976316 	0.016086116 		-0.0675 -0.004054749 -0.022419381 1200000 1
-0.06625 -539357.52 	-998890.86 	-2600.6807 	 -705778.61 	-1712031.1 	-6740.6729 	 -0.0044749201 	0.0018975233 	0.037274487 	 0.00096355923 	-0.00047067423 	-0.0041069652 	 -15118.325 	8588.5409 	-1757.7985 	 -0.47821296 	-0.28977961 	-0.0030269205 	 -1.9661125 	-1.7219394 	0.006524445 		-0.06625 -0.0044428878 -0.024676859 1200000 1
-0.065 -514632.76 	-1124509.8 	-644.70627 	 -606360.01 	-1859796.5 	1887.6401 	 -0.0044769658 	0.0017976881 	0.036794261 	 0.0010049592 	-0.00045302046 	-0.0045595385 	 -16459.644 	8073.1085 	-1909.242 	 -0.47367546 	-0.24915434 	-0.0030817047 	 -1.9638934 	-1.5641513 	-0.00096892838 		-0.065 -0.0047795678 -0.026727706 1200000 1
-0.06375 -488602.23 	-1243886.1 	1044.9613 	 -523064.78 	-1989914 	8504.6601 	 -0.0044809307 	0.0017047409 	0.036371974 	 0.0010362123 	-0.00043369505 	-0.0048743279 	 -17802.757 	7590.0505 	-2061.495 	 -0.46717207 	-0.210576 	-0.0030246867 	 -1.954043 	-1.4213661 	-0.0067870226 		-0.06375 -0.005066496 -0.028591462 1200000 1
-0.0625 -461086.36 	-1357254.8 	2484.6141 	 -450497.94 	-2101911.4 	13470.022 	 -0.0044851654 	0.0016176496 	0.035978284 	 0.0010607385 	-0.0004143246 	-0.0051202233 	 -19051.363 	7130.0212 	-2210.553 	 -0.45908417 	-0.17439432 	-0.0028751531 	 -1.9406926 	-1.2934063 	-0.011225088 		-0.0625 -0.005306455 -0.030284315 1200000 1
-0.06125 -433397.91 	-1463341 	3680.7086 	 -388853.45 	-2200980 	17185.884 	 -0.0044917103 	0.0015362655 	0.035637068 	 0.0010784123 	-0.00039444664 	-0.0052621088 	 -20329.73 	6674.0232 	-2358.9192 	 -0.44936506 	-0.14024494 	-0.0026602134 	 -1.9232291 	-1.1776222 	-0.014608152 		-0.06125 -0.0055032665 -0.031828658 1200000 1
-0.06 -405372.35 	-1563836.3 	4659.3083 	 -335103.98 	-2285241 	19806.524 	 -0.0044973046 	0.0014596522 	0.035318941 	 0.0010930285 	-0.0003756706 	-0.0053782406 	 -21493.989 	6245.8068 	-2503.0904 	 -0.438227 	-0.10848791 	-0.0023853405 	 -1.903986 	-1.0741319 	-0.017065616 		-0.06 -0.0056575653 -0.033231279 1200000 1
-0.05875 -377699.88 	-1656454.2 	5440.2455 	 -288855.17 	-2360428.8 	21697.69 	 -0.0045054754 	0.0013877878 	0.035046344 	 0.0011026805 	-0.00035678432 	-0.0054105742 	 -22701.855 	5808.9449 	-2644.1655 	 -0.42583592 	-0.07872994 	-0.0020794515 	 -1.8827372 	-0.98049607 	-0.018894106 		-0.05875 -0.0057753011 -0.034517091 1200000 1
-0.0575 -350416.47 	-1744163.4 	6048.1666 	 -248659.35 	-2423240.2 	22849.127 	 -0.0045116514 	0.0013198736 	0.034790804 	 0.0011116495 	-0.00033955712 	-0.0054489502 	 -23765.953 	5406.1898 	-2779.7221 	 -0.41220749 	-0.051338123 	-0.0017359454 	 -1.8606326 	-0.89720122 	-0.020089891 		-0.0575 -0.0058549595 -0.035685303 1200000 1
-0.05625 -323678.73 	-1823580.7 	6506.0415 	 -213700.57 	-2480168.9 	23616.977 	 -0.0045207822 	0.0012559739 	0.034575254 	 0.0011165518 	-0.0003222001 	-0.005411747 	 -24890.595 	4988.1804 	-2910.0523 	 -0.39767929 	-0.025871216 	-0.0013859925 	 -1.8377706 	-0.82191253 	-0.020942092 		-0.05625 -0.0059044454 -0.036762643 1200000 1
-0.055 -297778.38 	-1898972.7 	6834.2877 	 -183470.26 	-2526402.5 	23867.138 	 -0.0045269547 	0.0011953753 	0.034370002 	 0.0011224234 	-0.00030678601 	-0.0054066786 	 -25835.307 	4609.4281 	-3033.6918 	 -0.38208899 	-0.0027271545 	-0.0010125776 	 -1.8145779 	-0.75546613 	-0.02134704 		-0.055 -0.0059202689 -0.037742778 1200000 1
-0.05375 -272456.69 	-1966271.5 	7053.7855 	 -156973.1 	-2568661.4 	23932.618 	 -0.0045358437 	0.0011381866 	0.034197614 	 0.0011250892 	-0.00029128439 	-0.0053390517 	 -26832.022 	4217.5307 	-3150.4341 	 -0.36587223 	0.018539452 	-0.00064653082 	 -1.791384 	-0.69575622 	-0.021574944 		-0.05375 -0.0059112782 -0.038651474 1200000 1
-0.0525 -248180.17 	-2029488.6 	7180.9759 	 -134118.15 	-2602803.9 	23673.557 	 -0.004542319 	0.0010838443 	0.034034943 	 0.0011288167 	-0.00027739558 	-0.0053007743 	 -27672.032 	3856.4123 	-3259.8326 	 -0.34881793 	0.037651018 	-0.00027089013 	 -1.7681419 	-0.64336539 	-0.02151716 		-0.0525 -0.0058744598 -0.039484326 1200000 1
-0.05125 -224425.29 	-2085411.8 	7232.9854 	 -113971.93 	-2633727.6 	23326.765 	 -0.004550635 	0.0010323982 	0.033896162 	 0.0011304023 	-0.00026360837 	-0.0052207753 	 -28527.109 	3489.8326 	-3361.0836 	 -0.33134009 	0.054896696 	9.2152647e-05 	 -1.7453771 	-0.59688943 	-0.021366426 		-0.05125 -0.0058173569 -0.04026043 1200000 1
-0.05 -201822.31 	-2137146.6 	7221.1148 	 -96648.551 	-2658642.5 	22783.422 	 -0.0045571446 	0.0009834309 	0.033766941 	 0.0011328708 	-0.00025110131 	-0.0051641102 	 -29253.03 	3147.0459 	-3454.68 	 -0.31320122 	0.070147829 	0.00045607556 	 -1.7226843 	-0.55657134 	-0.021038187 		-0.05 -0.0057376665 -0.040978295 1200000 1
-0.04875 -179604.29 	-2182458 	7160.7053 	 -81277.359 	-2680777.4 	22207.227 	 -0.0045646787 	0.00093694298 	0.03365372 	 0.0011340503 	-0.00023881735 	-0.0050837732 	 -29957.166 	2804.0466 	-3539.295 	 -0.2948193 	0.08355854 	0.00080597107 	 -1.7007832 	-0.52151129 	-0.020666822 		-0.04875 -0.0056423459 -0.041652657 1200000 1
-0.0475 -158557.61 	-2223303.4 	7057.3093 	 -68083.848 	-2698742.1 	21523.923 	 -0.0045711599 	0.00089264274 	0.033550732 	 0.0011356896 	-0.00022747805 	-0.005016763 	 -30566.668 	2478.6969 	-3616.1191 	 -0.27591945 	0.095118969 	0.0011512708 	 -1.6790006 	-0.49172126 	-0.020194255 		-0.0475 -0.0055292235 -0.042283584 1200000 1
-0.04625 -137750.47 	-2258824.8 	6925.9147 	 -56285.061 	-2713931.6 	20829.075 	 -0.004577692 	0.00085045609 	0.033456105 	 0.0011369292 	-0.00021650346 	-0.0049458407 	 -31110.258 	2157.2006 	-3683.5548 	 -0.25691855 	0.10487108 	0.0014845978 	 -1.6581794 	-0.46667667 	-0.019700969 		-0.04625 -0.0054050228 -0.042882932 1200000 1
-0.045 -118028.38 	-2289164.6 	6766.5467 	 -46130.212 	-2726834.4 	20101.357 	 -0.0045843089 	0.00081025107 	0.03337432 	 0.0011378252 	-0.00020607939 	-0.0048703941 	 -31610.621 	1847.051 	-3743.0499 	 -0.23753541 	0.11289522 	0.0018089968 	 -1.6375282 	-0.44622213 	-0.019169702 		-0.045 -0.0052676566 -0.043451737 1200000 1
-0.04375 -98504.691 	-2315526.1 	6593.988 	 -36986.228 	-2736523.9 	19355.984 	 -0.0045897879 	0.00077182909 	0.033293496 	 0.0011393387 	-0.00019622343 	-0.0048139939 	 -31992.436 	1544.2905 	-3793.1831 	 -0.2181215 	0.11914198 	0.0021264138 	 -1.617822 	-0.43014131 	-0.018617465 		-0.04375 -0.0051231111 -0.043999344 1200000 1
-0.0425 -79818.2 	-2336169.3 	6405.8437 	 -28989.037 	-2745365.1 	18630.989 	 -0.0045962533 	0.00073518722 	0.033226748 	 0.0011398474 	-0.00018659573 	-0.0047387788 	 -32370.265 	1248.2739 	-3835.1717 	 -0.1984789 	0.12375944 	0.0024329946 	 -1.5984171 	-0.41811702 	-0.018073611 		-0.0425 -0.0049703356 -0.044528264 1200000 1
-0.04125 -61320.627 	-2353780.5 	6214.6978 	 -21711.493 	-2750679.5 	17883.348 	 -0.0046007689 	0.0007000873 	0.033156026 	 0.0011416656 	-0.00017764185 	-0.0046984697 	 -32592.992 	959.99849 	-3867.8822 	 -0.17884781 	0.12661477 	0.0027372047 	 -1.5798671 	-0.41022206 	-0.017508543 		-0.04125 -0.0048140103 -0.045045537 1200000 1
-0.04 -43379.319 	-2365270.3 	6017.7357 	 -15169.007 	-2756234.2 	17192.186 	 -0.0046069871 	0.00066657759 	0.033100476 	 0.0011419424 	-0.00016866934 	-0.0046277459 	 -32843.828 	675.60205 	-3892.3765 	 -0.15912502 	0.12792287 	0.0030305252 	 -1.5617357 	-0.40597857 	-0.016984177 		-0.04 -0.0046542416 -0.045554712 1200000 1
-0.03875 -25605.869 	-2374511 	5825.5891 	 -9085.4195 	-2757874.7 	16473.196 	 -0.0046105585 	0.00063441529 	0.033036746 	 0.0011441158 	-0.00016043508 	-0.0046055186 	 -32906.611 	397.41074 	-3907.6139 	 -0.13944658 	0.1274608 	0.0033261212 	 -1.5443517 	-0.40572937 	-0.016437807 		-0.03875 -0.0044945598 -0.04606151 1200000 1
-0.0375 -8117.1143 	-2377157 	5635.4211 	 -3398.1013 	-2760703.6 	15838.637 	 -0.0046165634 	0.00060368062 	0.032990298 	 0.0011441871 	-0.00015196928 	-0.0045405852 	 -33031.701 	121.50935 	-3914.6736 	 -0.11979219 	0.12551656 	0.0036114636 	 -1.527477 	-0.40884136 	-0.015957534 		-0.0375 -0.004335926 -0.04656965 1200000 1
-0.03625 9245.8913 	-2378263.6 	5456.9379 	 2083.186 	-2759084.1 	15171.92 	 -0.0046192347 	0.00057412935 	0.032931605 	 0.0011467258 	-0.0001442826 	-0.0045373583 	 -32934.724 	-151.2178 	-3912.3957 	 -0.10021436 	0.12176743 	0.0039036616 	 -1.5112434 	-0.41591396 	-0.015454987 		-0.03625 -0.004181181 -0.047084751 1200000 1
-0.035 26592.783 	-2372842.5 	5288.1736 	 7473.9199 	-2758763.3 	14599.461 	 -0.0046243656 	0.00054585158 	0.032889652 	 0.001147151 	-0.00013629907 	-0.0044915677 	 -32900.342 	-422.47608 	-3901.8856 	 -0.080765974 	0.11653738 	0.0041883382 	 -1.4956115 	-0.42625137 	-0.015029613 		-0.035 -0.0040319234 -0.047610152 1200000 1
-0.03375 43856.93 	-2365297.6 	5136.4288 	 12899.1 	-2754743.7 	14020.993 	 -0.0046269196 	0.00051864694 	0.032838704 	 0.001149464 	-0.00012887344 	-0.0044944717 	 -32679.82 	-693.9277 	-3882.1767 	 -0.061421576 	0.10953168 	0.004480411 	 -1.4804943 	-0.44043017 	-0.01460517 		-0.03375 -0.0038901888 -0.048151389 1200000 1
-0.0325 61378.438 	-2351833.3 	5003.195 	 18542.987 	-2751304.6 	13534.267 	 -0.0046312546 	0.00049257012 	0.032801293 	 0.0011502033 	-0.00012120581 	-0.0044674059 	 -32488.276 	-965.28312 	-3854.0771 	 -0.042315094 	0.10098135 	0.0047692035 	 -1.4660851 	-0.45796361 	-0.014259467 		-0.0325 -0.003758597 -0.048712105 1200000 1
-0.03125 78850.716 	-2335580.8 	4893.1088 	 24457.829 	-2744772 	13068.357 	 -0.0046337815 	0.0004674719 	0.032758253 	 0.0011522279 	-0.00011389133 	-0.0044757497 	 -32145.22 	-1238.7755 	-3816.7992 	 -0.023332271 	0.09065675 	0.0050656669 	 -1.4520726 	-0.47932306 	-0.013938418 		-0.03125 -0.0036380222 -0.049297176 1200000 1
-0.03 96861.388 	-2313947.7 	4811.7745 	 30934.434 	-2737986.3 	12698.52 	 -0.0046374257 	0.00044337799 	0.032726531 	 0.0011531978 	-0.00010636694 	-0.0044661229 	 -31799.524 	-1514.8675 	-3771.0461 	 -0.0047086101 	0.078703714 	0.0053621613 	 -1.4388894 	-0.50422267 	-0.013703272 		-0.03 -0.0035325307 -0.049911436 1200000 1
-0.02875 114854.49 	-2288690.8 	4761.5265 	 37931.056 	-2728656.3 	12382.933 	 -0.0046401482 	0.00042018654 	0.032693222 	 0.0011547354 	-9.8983077e-05 	-0.0044765227 	 -31340.245 	-1793.3918 	-3716.0338 	 0.013769631 	0.064953089 	0.0056656494 	 -1.4260098 	-0.53303283 	-0.013521858 		-0.02875 -0.00344157 -0.050558541 1200000 1
-0.0275 133641.13 	-2258720.1 	4752.6755 	 45885.501 	-2717921 	12173.693 	 -0.0046431415 	0.00039788495 	0.032668869 	 0.0011558665 	-9.1430855e-05 	-0.0044838314 	 -30839.379 	-2078.8109 	-3652.5587 	 0.031761548 	0.049467095 	0.0059715899 	 -1.4140821 	-0.56567923 	-0.013438497 		-0.0275 -0.0033707866 -0.051245191 1200000 1
-0.02625 152475.84 	-2223882 	4786.0056 	 54661.3 	-2705353.6 	12068.857 	 -0.00464648 	0.00037643387 	0.032649249 	 0.0011565058 	-8.3757259e-05 	-0.0044890245 	 -30278.385 	-2364.3437 	-3579.708 	 0.049563908 	0.032142017 	0.0062817998 	 -1.4024388 	-0.60241995 	-0.013451514 		-0.02625 -0.0033183417 -0.05197355 1200000 1
-0.025 172224.02 	-2185158.2 	4876.1483 	 64822.587 	-2689817.4 	12089.294 	 -0.0046490172 	0.00035576625 	0.032635009 	 0.0011575335 	-7.5973728e-05 	-0.0045097852 	 -29624.919 	-2662.4823 	-3498.3852 	 0.066783482 	0.012940593 	0.006595694 	 -1.3917952 	-0.64343758 	-0.013581744 		-0.025 -0.0032909287 -0.052752498 1200000 1
-0.02375 192192.37 	-2140556.3 	5024.1465 	 76225.469 	-2672770.5 	12278.039 	 -0.0046529421 	0.00033588827 	0.032631872 	 0.0011571302 	-6.7830204e-05 	-0.0045098939 	 -28955.409 	-2958.1477 	-3407.8403 	 0.083706571 	-0.0081464655 	0.0069093995 	 -1.3815687 	-0.68882092 	-0.013862517 		-0.02375 -0.0032862979 -0.053582712 1200000 1
-0.0225 213108.14 	-2092445.3 	5248.9691 	 89521.493 	-2651304.4 	12640.627 	 -0.0046553907 	0.00031671858 	0.032632479 	 0.0011575226 	-5.9559559e-05 	-0.0045368161 	 -28159.183 	-3272.0017 	-3308.7727 	 0.099954354 	-0.031283832 	0.0072247004 	 -1.3723915 	-0.73909515 	-0.014303574 		-0.0225 -0.0033117963 -0.054476025 1200000 1
-0.02125 234421.26 	-2037641.5 	5551.8792 	 104619.56 	-2628267.5 	13257.433 	 -0.0046601106 	0.00029826723 	0.032650688 	 0.0011555725 	-5.071897e-05 	-0.0045269106 	 -27383.211 	-3579.8779 	-3200.952 	 0.11576814 	-0.056357631 	0.0075328117 	 -1.3638724 	-0.79411551 	-0.014967214 		-0.02125 -0.0033646486 -0.05543071 1200000 1
-0.02 256654.49 	-1979515 	5957.7545 	 122252.98 	-2599187.2 	14134.918 	 -0.0046628351 	0.00028046083 	0.032671867 	 0.001154574 	-4.1692788e-05 	-0.0045516282 	 -26452.746 	-3912.2365 	-3084.6777 	 0.13079606 	-0.083685798 	0.0078365218 	 -1.3565147 	-0.8548508 	-0.015865248 		-0.02 -0.003453285 -0.056463102 1200000 1
-0.01875 279409.64 	-1913901.2 	6466.4241 	 142442.72 	-2568224.7 	15391.979 	 -0.004668778 	0.00026329141 	0.032718103 	 0.0011500954 	-3.1896863e-05 	-0.0045215409 	 -25578.961 	-4233.004 	-2960.4694 	 0.14523566 	-0.11300335 	0.0081220128 	 -1.3501792 	-0.92084307 	-0.017089484 		-0.01875 -0.0035738015 -0.057567701 1200000 1
-0.0175 302988.69 	-1845069.6 	7111.1382 	 166019.54 	-2529251.2 	17052.325 	 -0.0046722778 	0.00024670116 	0.032767042 	 0.0011464443 	-2.1843872e-05 	-0.0045314521 	 -24526.514 	-4585.7653 	-2828.1704 	 0.15874974 	-0.14480663 	0.0083919873 	 -1.3452476 	-0.99364459 	-0.018667389 		-0.0175 -0.0037364852 -0.058767399 1200000 1
-0.01625 327165.99 	-1768515.4 	7890.1377 	 193275.13 	-2487074.2 	19274.708 	 -0.0046793095 	0.00023064646 	0.032846654 	 0.0011383828 	-1.0919446e-05 	-0.0044776572 	 -23538.828 	-4925.5244 	-2689.1399 	 0.17146646 	-0.17871634 	0.0086282122 	 -1.3419303 	-1.0725547 	-0.020721657 		-0.01625 -0.0039367333 -0.060053868 1200000 1
-0.015 351876.8 	-1687785.2 	8837.0987 	 224942.2 	-2435868.2 	22136.173 	 -0.0046849719 	0.0002150827 	0.032934857 	 0.0011294046 	4.4844212e-07 	-0.0044418431 	 -22408.852 	-5293.2907 	-2543.0037 	 0.18316779 	-0.21523906 	0.0088290289 	 -1.3404131 	-1.1593431 	-0.023321835 		-0.015 -0.0041839045 -0.061451034 1200000 1
-0.01375 377165.07 	-1599646 	9954.645 	 261996.25 	-2379043.4 	25834.097 	 -0.0046938695 	0.00019991747 	0.033057871 	 0.0011150506 	1.2634342e-05 	-0.0043402013 	 -21326.739 	-5652.8316 	-2391.8814 	 0.1938024 	-0.25405681 	0.008974045 	 -1.3414921 	-1.2535231 	-0.026623024 		-0.01375 -0.0044757882 -0.062954594 1200000 1
-0.0125 402483.5 	-1506451 	11268.799 	 304894.29 	-2311590.4 	30527.518 	 -0.0047025677 	0.00018510954 	0.033194916 	 0.001097275 	2.536486e-05 	-0.0042304581 	 -20135.094 	-6034.4664 	-2235.087 	 0.20334074 	-0.29563574 	0.0090554545 	 -1.3450792 	-1.3569925 	-0.030758499 		-0.0125 -0.0048195986 -0.064587182 1200000 1
-0.01125 428122.32 	-1406199.1 	12784.014 	 355774.5 	-2235620.9 	36476.615 	 -0.0047143293 	0.00017050236 	0.033372532 	 0.0010721348 	3.8648271e-05 	-0.0040440536 	 -18980.535 	-6415.2428 	-2075.7371 	 0.21153093 	-0.3397252 	0.0090490179 	 -1.3528945 	-1.4694772 	-0.03593528 		-0.01125 -0.0052158572 -0.06634976 1200000 1
-0.01 452958.73 	-1300073.4 	14506.707 	 414699.83 	-2146766.7 	43960.896 	 -0.00472726 	0.00015604273 	0.033569479 	 0.0010396988 	5.2372235e-05 	-0.0038148604 	 -17746.053 	-6810.6176 	-1912.5347 	 0.21857688 	-0.38676794 	0.0089394507 	 -1.3645424 	-1.5930863 	-0.04238055 		-0.01 -0.0056694155 -0.068263347 1200000 1
-0.00875 477390.71 	-1187465.8 	16434.868 	 485584.89 	-2045823.9 	53308.896 	 -0.0047429808 	0.00014149944 	0.033812067 	 0.00099643755 	6.5937157e-05 	-0.0034889849 	 -16532.195 	-7219.9999 	-1749.3979 	 0.22405612 	-0.43662442 	0.008698398 	 -1.3831191 	-1.7276978 	-0.050357661 		-0.00875 -0.0061837807 -0.07033545 1200000 1
-0.0075 499609.16 	-1068130.7 	18530.459 	 568331.31 	-1929212.9 	65004.551 	 -0.0047616706 	0.00012677685 	0.034080389 	 0.00093943038 	7.9411857e-05 	-0.0030666068 	 -15264.072 	-7637.6132 	-1583.9976 	 0.22843348 	-0.48974652 	0.0082976162 	 -1.4081637 	-1.8756443 	-0.060253671 		-0.0075 -0.0067614538 -0.072585019 1200000 1
-0.00625 519765.38 	-943055.53 	20769.137 	 669080.92 	-1796215.8 	79408.609 	 -0.0047826269 	0.00011159244 	0.03439373 	 0.00086570985 	9.1316896e-05 	-0.0025158426 	 -13975.747 	-8098.96 	-1419.6381 	 0.2312789 	-0.54625341 	0.0077068878 	 -1.4445252 	-2.036925 	-0.072359526 		-0.00625 -0.0074092473 -0.075028449 1200000 1
-0.005 535373.46 	-810899.37 	23024.499 	 788684.25 	-1644741.8 	97218.92 	 -0.0048079951 	9.5773993e-05 	0.034737756 	 0.00076856321 	0.00010170169 	-0.0017961035 	 -12623.662 	-8588.5797 	-1252.2013 	 0.23327217 	-0.60665453 	0.0068802074 	 -1.4926624 	-2.213383 	-0.087227617 		-0.005 -0.0081274252 -0.077679265 1200000 1
-0.00375 545663.32 	-673235.18 	25214.971 	 936494.54 	-1473599.5 	118854.17 	 -0.0048353169 	7.9037921e-05 	0.03512064 	 0.00064389761 	0.00010829213 	-0.00088235685 	 -11179.847 	-9184.8187 	-1081.2455 	 0.23425965 	-0.67168259 	0.0057768003 	 -1.5600034 	-2.4046397 	-0.10519559 		-0.00375 -0.0089273259 -0.080566678 1200000 1
-0.0025 547125.88 	-528200.37 	27056.571 	 1114864.4 	-1283999.7 	145071.13 	 -0.0048678047 	6.1213626e-05 	0.035530935 	 0.00048120461 	0.00011129982 	0.000302556 	 -9581.5905 	-9907.5868 	-897.21506 	 0.23515985 	-0.74219831 	0.0043285874 	 -1.6484353 	-2.6101136 	-0.12685265 		-0.0025 -0.0098069721 -0.083691271 1200000 1
-0.00125 537536.58 	-376938.73 	28362.795 	 1337739 	-1077850.8 	176307.02 	 -0.0049057588 	4.1022077e-05 	0.036036911 	 0.00024614598 	0.00010801246 	0.002013601 	 -7872.5091 	-11090.114 	-707.30379 	 0.23621852 	-0.8202411 	0.0024612519 	 -1.7692786 	-2.8262208 	-0.15255055 		-0.00125 -0.010785499 -0.08709726 1200000 1
5.2475385e-17 280119.72 	-230191 	15527.879 	 845933.56 	-879446.92 	112065.83 	 -0.0049360903 	2.1861417e-05 	0.036337121 	 4.0374307e-05 	0.00010104606 	0.003452809 	 -5705.8022 	-6526.9223 	-503.62416 	 0.23778115 	0.092297646 	0.0004330965 	 -1.8897232 	0.91027775 	-0.17754012 		5.2475385e-17 -0.011661273 -0.089964136 650000 1
0.00125 40216.767 	-205280.21 	1921.9543 	 115849.41 	-844817.75 	14708.45 	 -0.0049357793 	2.334753e-06 	0.036129699 	 2.1189565e-05 	9.1224682e-05 	0.0034646237 	 -5173.5497 	-931.50112 	-492.55295 	 0.2376158 	1.0057319 	0.0019498004 	 -1.6723841 	4.6451664 	-0.15162224 		0.00125 -0.010554445 -0.084821624 100000 1
0.0025 37842.673 	-193895.89 	1549.5702 	 101091.98 	-826161.37 	12094.309 	 -0.0049329473 	-1.9014296e-05 	0.035844819 	 3.1918965e-05 	7.8977965e-05 	0.0032410482 	 -4816.7483 	-844.66572 	-461.68242 	 0.23833692 	0.92996143 	0.0033212326 	 -1.4549143 	4.4248652 	-0.12499862 		0.0025 -0.0093430539 -0.079145016 100000 1
0.00375 35581.478 	-183816.81 	1252.3344 	 89513.531 	-807878.34 	9877.2892 	 -0.0049295828 	-3.8791312e-05 	0.03560896 	 3.819643e-05 	6.7087781e-05 	0.0030366817 	 -4500.6425 	-771.89688 	-435.50392 	 0.23996323 	0.86319979 	0.004302116 	 -1.2703277 	4.2121861 	-0.10242021 		0.00375 -0.0082263636 -0.073754152 100000 1
0.005 33396.599 	-174620.02 	1012.0782 	 80027.863 	-790525.85 	8024.4828 	 -0.0049281183 	-5.8146879e-05 	0.035402088 	 4.3160699e-05 	5.6629186e-05 	0.0028480675 	 -4218.7108 	-706.63193 	-412.12165 	 0.24245734 	0.80293108 	0.0049786202 	 -1.1076225 	4.0112491 	-0.083538319 		0.005 -0.0071845525 -0.06861536 100000 1
0.00625 31365.971 	-166268.96 	818.38115 	 72445.123 	-774088.92 	6477.3515 	 -0.0049254812 	-7.720266e-05 	0.035216741 	 4.7205742e-05 	4.7313356e-05 	0.0026674273 	 -3960.9652 	-650.37213 	-390.82933 	 0.24507918 	0.74826497 	0.0054252616 	 -0.96492602 	3.8223912 	-0.067761042 		0.00625 -0.0062172367 -0.063721096 100000 1
0.0075 29427.872 	-158540.1 	661.2136 	 66085.361 	-758747.26 	5204.0481 	 -0.0049239789 	-9.6014237e-05 	0.035054156 	 5.0645857e-05 	3.9622698e-05 	0.0025038358 	 -3730.0799 	-599.42842 	-371.38365 	 0.24804778 	0.6979953 	0.0056885394 	 -0.83515553 	3.6464754 	-0.054758664 		0.0075 -0.0053135076 -0.05905868 100000 1
0.00875 27659.601 	-151401.43 	533.85866 	 60867.019 	-744277.38 	4148.4172 	 -0.0049218458 	-0.00011470743 	0.034909614 	 5.3693593e-05 	3.3007315e-05 	0.0023510708 	 -3518.3084 	-555.12077 	-353.2865 	 0.25070238 	0.65159665 	0.0058149864 	 -0.71765149 	3.481507 	-0.043965839 		0.00875 -0.0044709424 -0.054601153 100000 1
0.01 25980.562 	-144749.9 	430.2031 	 56380.455 	-730766.82 	3283.8846 	 -0.0049200017 	-0.00013333162 	0.034782073 	 5.6492377e-05 	2.7661817e-05 	0.00221201 	 -3326.612 	-514.76099 	-336.5458 	 0.25346121 	0.6085282 	0.0058341625 	 -0.60795535 	3.3278741 	-0.035109921 		0.01 -0.0036841232 -0.050353692 100000 1
0.01125 24459.516 	-138525.86 	346.09846 	 52613.036 	-717982.4 	2569.0587 	 -0.0049184393 	-0.00015198913 	0.034670384 	 5.9053731e-05 	2.3123782e-05 	0.0020849157 	 -3150.7571 	-479.1197 	-320.80897 	 0.2557928 	0.56837688 	0.0057730182 	 -0.50616528 	3.1831501 	-0.027774649 		0.01125 -0.0029486241 -0.046279564 100000 1
0.0125 23023.911 	-132715.58 	277.45361 	 49330.479 	-705960.83 	1981.3605 	 -0.0049161508 	-0.00017072158 	0.034570654 	 6.1523127e-05 	1.9471633e-05 	0.001966397 	 -2988.9573 	-446.78202 	-306.12102 	 0.25808277 	0.53093967 	0.0056532235 	 -0.40957654 	3.0477027 	-0.021729862 		0.0125 -0.0022627253 -0.042393447 100000 1
0.01375 21717.572 	-127224.14 	221.62412 	 46513.947 	-694536.41 	1493.9251 	 -0.0049148753 	-0.00018960837 	0.034484858 	 6.3773908e-05 	1.641098e-05 	0.0018597683 	 -2840.6199 	-417.63462 	-292.26495 	 0.26001271 	0.49582352 	0.0054893611 	 -0.31818455 	2.9194288 	-0.01670497 		0.01375 -0.0016204218 -0.038658454 100000 1
0.015 20493.884 	-122096.6 	176.06595 	 44052.68 	-683704.85 	1090.8018 	 -0.0049121705 	-0.00020868877 	0.034407582 	 6.6002837e-05 	1.3963184e-05 	0.0017577173 	 -2702.1186 	-391.39772 	-279.25466 	 0.26181353 	0.46302312 	0.0052962845 	 -0.23060572 	2.7986607 	-0.012538045 		0.015 -0.0010226446 -0.035092244 100000 1
0.01625 19371.597 	-117210.05 	138.87184 	 41905.23 	-673359.8 	753.2527 	 -0.004911055 	-0.00022802738 	0.034342779 	 6.7990983e-05 	1.1942031e-05 	0.0016671849 	 -2575.2945 	-367.25539 	-266.96621 	 0.2633571 	0.43212879 	0.0050821407 	 -0.14653339 	2.6836199 	-0.0090397484 		0.01625 -0.00046211379 -0.031660026 100000 1
0.0175 18328.727 	-112651.46 	108.54278 	 40039.246 	-663468.71 	471.71935 	 -0.0049078967 	-0.00024766254 	0.03428387 	 7.0006282e-05 	1.0351332e-05 	0.001577906 	 -2455.1389 	-345.76607 	-255.3717 	 0.26471888 	0.40325701 	0.0048568561 	 -0.065455238 	2.5746566 	-0.0061133692 		0.0175 5.8247336e-05 -0.028380703 100000 1
0.01875 17364.678 	-108272.4 	83.665525 	 38394.255 	-653973.58 	232.21583 	 -0.0049069102 	-0.00026765164 	0.034236618 	 7.1743137e-05 	9.0661495e-06 	0.0015001501 	 -2345.4846 	-325.58007 	-244.41686 	 0.26591865 	0.37597672 	0.0046245563 	 0.013190226 	2.4702314 	-0.0036170947 		0.01875 0.00054669838 -0.02522169 100000 1
0.02 16476.208 	-104194.43 	63.369541 	 36985.196 	-644816.58 	30.227625 	 -0.0049032667 	-0.00028803271 	0.034193102 	 7.3557285e-05 	8.0916389e-06 	0.0014207456 	 -2239.9869 	-307.8718 	-234.03393 	 0.2669061 	0.35048311 	0.0043920402 	 0.089376759 	2.3707181 	-0.0015054288 		0.02 0.0009987923 -0.02220274 100000 1
0.02125 15649.648 	-100262.26 	46.64142 	 35744.564 	-635978.73 	-145.0389 	 -0.0049017817 	-0.00030886216 	0.034160032 	 7.509695e-05 	7.3411534e-06 	0.001351692 	 -2143.5823 	-291.04914 	-224.22098 	 0.26780121 	0.32636665 	0.0041610171 	 0.16379075 	2.2748581 	0.00033133085 		0.02125 0.0014226978 -0.019296417 100000 1
0.0225 14892.862 	-96575.929 	32.911098 	 34699.642 	-627385.1 	-295.99321 	 -0.0048982202 	-0.00033017518 	0.03413061 	 7.6678799e-05 	6.8088499e-06 	0.001281456 	 -2050.586 	-276.25156 	-214.88182 	 0.26848736 	0.30375859 	0.0039356065 	 0.23621618 	2.1827342 	0.0019174931 		0.0225 0.0018152347 -0.016513543 100000 1
0.02375 14185.703 	-93024.352 	21.528397 	 33796.159 	-619039.92 	-429.74744 	 -0.0048962067 	-0.00035203443 	0.034109912 	 7.8036876e-05 	6.4496237e-06 	0.0012191961 	 -1964.9471 	-262.20402 	-206.05018 	 0.26912662 	0.28238441 	0.0037167148 	 0.3072667 	2.0935912 	0.0033254328 		0.02375 0.0021820049 -0.013840725 100000 1
0.025 13543.063 	-89670.987 	12.094279 	 33060.86 	-610862.3 	-548.20418 	 -0.0048926968 	-0.00037446878 	0.034093002 	 7.9401692e-05 	6.242608e-06 	0.0011563993 	 -1882.2338 	-249.81896 	-197.6089 	 0.2695633 	0.26228337 	0.0035064588 	 0.37667249 	2.0072097 	0.004574434 		0.025 0.0025216561 -0.011277747 100000 1
0.02625 12940.516 	-86443.469 	4.1933359 	 32452.101 	-602865.32 	-655.44639 	 -0.0048901239 	-0.00039755398 	0.034083363 	 8.059695e-05 	6.1751905e-06 	0.0010994852 	 -1805.4088 	-238.10294 	-189.61979 	 0.26998793 	0.24328664 	0.0033053604 	 0.44497149 	1.9231789 	0.0057061939 		0.02625 0.0028377171 -0.0088235699 100000 1
0.0275 12397.219 	-83370.933 	-2.445102 	 31991.065 	-594973.33 	-753.77694 	 -0.0048867185 	-0.00042131237 	0.034077972 	 8.1756459e-05 	6.2115992e-06 	0.0010430442 	 -1731.3325 	-227.72602 	-181.95272 	 0.27022282 	0.2253622 	0.0031141834 	 0.51190188 	1.8410832 	0.0067440377 		0.0275 0.0031302739 -0.0064684889 100000 1
0.02875 11887.55 	-80419.939 	-8.0969334 	 31651.549 	-587191.31 	-844.34969 	 -0.004883468 	-0.00044582899 	0.034078315 	 8.2816096e-05 	6.3668639e-06 	0.00099014089 	 -1661.6372 	-218.02419 	-174.68117 	 0.27046118 	0.20842176 	0.0029332596 	 0.57788413 	1.7607202 	0.0077000952 		0.02875 0.0034011962 -0.0042215538 100000 1
0.03 11430.984 	-77580.132 	-12.929604 	 31443.521 	-579466.78 	-930.98099 	 -0.0048803458 	-0.00047113627 	0.034084 	 8.3772834e-05 	6.5881748e-06 	0.00093961657 	 -1595.0397 	-209.30684 	-167.68382 	 0.27053766 	0.19238194 	0.0027626662 	 0.64274208 	1.6815821 	0.008612829 		0.03 0.0036516789 -0.0020662945 100000 1
0.03125 11006.032 	-74862.366 	-17.141444 	 31359.209 	-571774.28 	-1011.5794 	 -0.0048763798 	-0.00049730731 	0.034093659 	 8.4716832e-05 	6.9151133e-06 	0.000889795 	 -1531.1098 	-201.38351 	-161.01421 	 0.27059949 	0.17721161 	0.0026024289 	 0.70671579 	1.6035361 	0.0094617343 		0.03125 0.0038822724 -1.7466429e-05 100000 1
0.0325 10625.567 	-72220.091 	-20.825273 	 31394.229 	-564096.74 	-1091.6719 	 -0.0048732927 	-0.00052439572 	0.034109549 	 8.5507949e-05 	7.2841651e-06 	0.00084392186 	 -1470.5875 	-194.11988 	-154.58682 	 0.27054582 	0.16279503 	0.0024523274 	 0.7697879 	1.5260991 	0.010302396 		0.0325 0.0040950272 0.0019429911 100000 1
0.03375 10276.481 	-69695.582 	-24.119546 	 31557.539 	-556375.88 	-1166.6442 	 -0.0048686563 	-0.0005524721 	0.03412825 	 8.6349038e-05 	7.7501686e-06 	0.00079675369 	 -1411.4633 	-187.74015 	-148.42677 	 0.27045227 	0.14914106 	0.002312216 	 0.8320088 	1.4490996 	0.011088899 		0.03375 0.0042894132 0.0037981997 100000 1
0.035 9964.1172 	-67217.338 	-27.068823 	 31834.862 	-548628.27 	-1243.566 	 -0.00486548 	-0.00058160179 	0.034153899 	 8.6999695e-05 	8.2407441e-06 	0.00075477531 	 -1355.9461 	-181.75772 	-142.48109 	 0.27028324 	0.13611314 	0.0021817424 	 0.89348462 	1.3721393 	0.011892289 		0.035 0.0044681733 0.0055662849 100000 1
0.03625 9682.9174 	-64851.635 	-29.77989 	 32245.632 	-540760.31 	-1315.4963 	 -0.0048601302 	-0.00061186073 	0.034181426 	 8.7755761e-05 	8.8260335e-06 	0.00070981392 	 -1300.7628 	-176.73814 	-136.74952 	 0.27005015 	0.12374777 	0.002060665 	 0.95413835 	1.2949388 	0.012643249 		0.03625 0.00462987 0.0072289108 100000 1
0.0375 9432.2636 	-62505.867 	-32.24807 	 32771.677 	-532825.51 	-1391.3666 	 -0.0048568211 	-0.00064332576 	0.034216703 	 8.8282033e-05 	9.4200832e-06 	0.00067133442 	 -1249.4159 	-171.88739 	-131.20738 	 0.26977121 	0.11189697 	0.0019486319 	 1.0141365 	1.2172335 	0.013431449 		0.0375 0.0047778158 0.0088043233 100000 1
0.03875 9212.0567 	-60267.865 	-34.572215 	 33436.659 	-524688.81 	-1461.5746 	 -0.0048507109 	-0.00067607922 	0.034253011 	 8.8968362e-05 	1.0113428e-05 	0.00062828608 	 -1197.4488 	-168.07779 	-125.83285 	 0.26940674 	0.10061497 	0.0018452561 	 1.0733433 	1.1385712 	0.014160876 		0.03875 0.0049097979 0.010272263 100000 1
0.04 9017.9095 	-58037.395 	-36.70422 	 34227.655 	-516430.32 	-1536.0199 	 -0.0048466215 	-0.00071021676 	0.03429713 	 8.9431427e-05 	1.0813115e-05 	0.00059171985 	 -1149.0575 	-164.34767 	-120.62541 	 0.26901078 	0.089762429 	0.0017503154 	 1.1318977 	1.0588329 	0.014930843 		0.04 0.0050292368 0.011648927 100000 1
0.04125 8852.2045 	-55887.679 	-38.726336 	 35157.324 	-507912.8 	-1606.0448 	 -0.0048402986 	-0.00074581331 	0.034343133 	 9.001224e-05 	1.1597496e-05 	0.00055177545 	 -1100.2098 	-161.50734 	-115.546 	 0.26852223 	0.079367282 	0.0016632446 	 1.189738 	0.9774436 	0.015654804 		0.04125 0.0051343643 0.012919583 100000 1
0.0425 8709.4592 	-53745.631 	-40.571488 	 36233.793 	-499199.34 	-1678.6516 	 -0.0048353755 	-0.00078300237 	0.034396273 	 9.0422087e-05 	1.2400711e-05 	0.000517069 	 -1054.2193 	-158.78908 	-110.61451 	 0.26800233 	0.069336881 	0.0015839921 	 1.24684 	0.89433356 	0.016402988 		0.0425 0.005227581 0.01409074 100000 1
0.04375 8592.7661 	-51659.879 	-42.302115 	 37448.727 	-490167.72 	-1747.7485 	 -0.0048287831 	-0.00082184405 	0.034452203 	 9.0904988e-05 	1.3275078e-05 	0.00048018126 	 -1007.9455 	-156.81123 	-105.776 	 0.2673838 	0.059666155 	0.0015119005 	 1.3033078 	0.80886793 	0.017114551 		0.04375 0.0053078463 0.01515567 100000 1
0.045 8496.6527 	-49581.928 	-43.832662 	 38839.526 	-480857.63 	-1816.7629 	 -0.0048229676 	-0.00086251814 	0.034514679 	 9.126664e-05 	1.4184974e-05 	0.00044744245 	 -963.90024 	-155.01191 	-101.0706 	 0.26672688 	0.050299341 	0.0014469615 	 1.3588745 	0.72095482 	0.017823884 		0.045 0.0053767056 0.016111092 100000 1
0.04625 8423.734 	-47536.89 	-45.20558 	 40370.28 	-471168.25 	-1882.867 	 -0.0048161279 	-0.00090507469 	0.034581048 	 9.1646417e-05 	1.5151298e-05 	0.00041394215 	 -919.82972 	-153.78372 	-96.429039 	 0.26596768 	0.041206945 	0.001388578 	 1.4138783 	0.62995514 	0.018502813 		0.04625 0.0054337219 0.016958089 100000 1
0.0475 8369.6023 	-45502.482 	-46.323507 	 42112.689 	-461103.82 	-1944.578 	 -0.0048092695 	-0.00094972376 	0.034653168 	 9.1964725e-05 	1.6176894e-05 	0.00038324529 	 -877.27679 	-152.83994 	-91.907055 	 0.26515309 	0.032361138 	0.0013365582 	 1.4677494 	0.53567312 	0.019136569 		0.0475 0.0054797077 0.017684088 100000 1
0.04875 8335.3077 	-43475.482 	-47.192122 	 44004.304 	-450599.59 	-2003.8154 	 -0.004802326 	-0.00099655349 	0.034730838 	 9.2216906e-05 	1.7237734e-05 	0.00035398518 	 -835.23441 	-152.23042 	-87.429546 	 0.26423784 	0.023716827 	0.0012906519 	 1.5210725 	0.43753495 	0.019744452 		0.04875 0.0055147534 0.018296741 100000 1
0.05 8318.2895 	-41465.203 	-47.724066 	 46139.718 	-439602.98 	-2052.4679 	 -0.0047943465 	-0.0010457455 	0.034813147 	 9.2478853e-05 	1.8387587e-05 	0.00032567039 	 -793.79274 	-152.07581 	-83.052227 	 0.26323817 	0.015263512 	0.001250136 	 1.5730532 	0.33512016 	0.020245391 		0.05 0.0055389902 0.018776464 100000 1
0.05125 8317.2144 	-39442.648 	-47.868633 	 48452.491 	-428099.55 	-2096.6424 	 -0.004787014 	-0.0010974549 	0.034902447 	 9.2600451e-05 	1.9558388e-05 	0.00030082758 	 -753.34519 	-152.04197 	-78.713983 	 0.26214133 	0.0069519411 	0.0012151565 	 1.6243292 	0.22804326 	0.020700543 		0.05125 0.0055530421 0.019134294 100000 1
0.0525 8331.4962 	-37438.306 	-47.545677 	 51043.493 	-415970.6 	-2122.6088 	 -0.0047779146 	-0.0011518631 	0.034995796 	 9.2769294e-05 	2.0843298e-05 	0.00027580775 	 -712.84947 	-152.59173 	-74.458701 	 0.26092977 	-0.0012208973 	0.0011845698 	 1.6740394 	0.11549913 	0.020972636 		0.0525 0.0055563642 0.019345057 100000 1
0.05375 8357.7383 	-35407.178 	-46.652763 	 53856.529 	-403257.86 	-2139.1994 	 -0.0047700258 	-0.0012091654 	0.035097393 	 9.272567e-05 	2.213683e-05 	0.00025614971 	 -673.72377 	-153.08067 	-70.24412 	 0.25962017 	-0.0093002521 	0.0011587568 	 1.7227295 	-0.0025844375 	0.021150075 		0.05375 0.0055501273 0.019423203 100000 1
0.055 8396.499 	-33394.71 	-45.106549 	 56990.959 	-389762.32 	-2126.6427 	 -0.0047597157 	-0.0012695671 	0.035202656 	 9.2745032e-05 	2.3569732e-05 	0.00023556245 	 -634.03621 	-154.27317 	-66.100421 	 0.25816562 	-0.017288432 	0.0011361349 	 1.7695543 	-0.12757396 	0.021035162 		0.055 0.0055331117 0.019336689 100000 1
0.05625 8442.8245 	-31343.856 	-42.758531 	 60410.342 	-375595.08 	-2096.2645 	 -0.0047511772 	-0.0013333031 	0.0353175 	 9.2460707e-05 	2.4992859e-05 	0.0002224659 	 -596.06629 	-155.22818 	-62.004177 	 0.25660919 	-0.025220521 	0.0011172969 	 1.8148693 	-0.25908612 	0.020741226 		0.05625 0.005507057 0.019104988 100000 1
0.0575 8497.6058 	-29312.569 	-39.51034 	 64211.221 	-360454.41 	-2020.3302 	 -0.0047395557 	-0.0014006077 	0.035435708 	 9.223145e-05 	2.6580616e-05 	0.00020797924 	 -557.11418 	-157.0137 	-57.973547 	 0.25487832 	-0.033102682 	0.0011000802 	 1.8578626 	-0.39927084 	0.019990943 		0.0575 0.0054700603 0.018686537 100000 1
0.05875 8554.9587 	-27241.271 	-35.182729 	 68396.573 	-344503.66 	-1909.6743 	 -0.0047296635 	-0.0014717759 	0.035564142 	 9.1624267e-05 	2.8152478e-05 	0.00020235095 	 -519.88331 	-158.53737 	-54.004499 	 0.25303191 	-0.040954832 	0.0010851117 	 1.8985162 	-0.54735436 	0.018892717 		0.05875 0.0054241885 0.018103128 100000 1
0.06 8614.1333 	-25178.004 	-29.660324 	 73031.207 	-327416.45 	-1734.6815 	 -0.0047172197 	-0.0015470395 	0.035697283 	 9.0930604e-05 	2.9861257e-05 	0.00019751115 	 -481.9301 	-160.74988 	-50.098121 	 0.25100264 	-0.048791395 	0.0010700822 	 1.9362968 	-0.70581263 	0.017150436 		0.06 0.0053676736 0.017315634 100000 1
0.06125 8669.3757 	-23082.343 	-22.748322 	 78206.95 	-309316.22 	-1495.9656 	 -0.0047058596 	-0.0016268044 	0.035840624 	 8.9782105e-05 	3.1552951e-05 	0.00020241652 	 -445.40571 	-162.85186 	-46.274782 	 0.2488373 	-0.056613841 	0.0010550272 	 1.9703667 	-0.8740809 	0.014770279 		0.06125 0.0053021222 0.016334582 100000 1
0.0625 8717.2813 	-20987.205 	-14.348044 	 83935.889 	-289875.05 	-1163.2487 	 -0.0046924699 	-0.0017112856 	0.035990094 	 8.8344965e-05 	3.3330358e-05 	0.00021068146 	 -408.32407 	-165.51074 	-42.513959 	 0.24648887 	-0.064443689 	0.0010376529 	 2.0006613 	-1.0548327 	0.011449539 		0.0625 0.0052261436 0.015127815 100000 1
0.06375 8751.2365 	-18869.267 	-4.2692133 	 90446.101 	-269173.36 	-723.59635 	 -0.0046795151 	-0.0018010234 	0.036149859 	 8.6293181e-05 	3.5053461e-05 	0.00023062834 	 -372.40441 	-168.28627 	-38.859677 	 0.24399309 	-0.072267265 	0.00101723 	 2.0250579 	-1.2477505 	0.0070589039 		0.06375 0.0051409495 0.013693131 100000 1
0.065 8764.613 	-16748.52 	7.4962761 	 97687.176 	-246873.15 	-143.9772 	 -0.0046651275 	-0.0018962345 	0.036317405 	 8.3642955e-05 	3.6760742e-05 	0.00025740963 	 -335.96861 	-171.52081 	-35.265753 	 0.2413304 	-0.080110541 	0.00099148788 	 2.0440589 	-1.4557986 	0.0012681676 		0.065 0.005045502 0.012005529 100000 1
0.06625 8748.0355 	-14618.654 	21.053731 	 106081.41 	-223009.58 	605.37209 	 -0.0046503527 	-0.001997549 	0.03649515 	 8.010253e-05 	3.8311455e-05 	0.00029883095 	 -300.24298 	-175.27282 	-31.789769 	 0.23853222 	-0.087952922 	0.00095876131 	 2.0536618 	-1.6788912 	-0.0062202609 		0.06625 0.0049406316 0.010048915 100000 1
0.0675 8689.8343 	-12486.559 	36.179652 	 115544.87 	-197241.01 	1564.1999 	 -0.0046350283 	-0.0021053332 	0.036682991 	 7.5453272e-05 	3.9636515e-05 	0.00035265926 	 -263.82549 	-179.51273 	-28.35581 	 0.23561825 	-0.095823164 	0.00091673767 	 2.0546873 	-1.9202957 	-0.01580372 		0.0675 0.0048256967 0.0078051084 100000 1
0.06875 8575.6997 	-10363.057 	52.736868 	 126732.61 	-169540.8 	2779.8398 	 -0.0046182641 	-0.0022201409 	0.036880593 	 6.9454199e-05 	4.0586885e-05 	0.00042502016 	 -227.15647 	-184.95011 	-25.004888 	 0.23263184 	-0.10371379 	0.00086273097 	 2.0408066 	-2.1802235 	-0.027955473 		0.06875 0.0047010071 0.0052426501 100000 1
0.07 8385.7951 	-8245.9751 	69.964172 	 139658.5 	-139656.75 	4300.2315 	 -0.0046016387 	-0.0023425693 	0.037090488 	 6.1592376e-05 	4.0937005e-05 	0.0005177271 	 -188.98224 	-191.47593 	-21.626797 	 0.22964727 	-0.11166339 	0.00079415059 	 2.0118862 	-2.4613535 	-0.043154731 		0.07 0.0045665064 0.0023520619 100000 1
0.07125 8095.0184 	-6152.8286 	87.243426 	 155300.41 	-107550.9 	6189.5184 	 -0.0045827941 	-0.0024731959 	0.037310397 	 5.1547728e-05 	4.0469807e-05 	0.0006361445 	 -148.85433 	-200.43431 	-18.193995 	 0.22676209 	-0.11972267 	0.0007071022 	 1.9583756 	-2.7637336 	-0.062042827 		0.07125 0.0044217569 -0.00091738914 100000 1
0.0725 7670.7614 	-4076.6738 	102.72529 	 173837.09 	-73290.478 	8492.1442 	 -0.0045646152 	-0.0026127737 	0.037544846 	 3.8516134e-05 	3.87916e-05 	0.00078603948 	 -105.04555 	-212.40357 	-14.52125 	 0.22411392 	-0.12799399 	0.000598274 	 1.8785002 	-3.0871049 	-0.085063956 		0.0725 0.0042672839 -0.0045578114 100000 1
0.07375 7071.2397 	-2028.7231 	114.9447 	 196726.61 	-37161.784 	11283.214 	 -0.0045426314 	-0.0027708343 	0.037825967 	 1.9912451e-05 	3.5339683e-05 	0.0010031388 	 -56.709714 	-232.79522 	-10.542555 	 0.22189451 	-0.13669378 	0.00046132278 	 1.7579381 	-3.4280131 	-0.11296906 		0.07375 0.0041015646 -0.0086431934 100000 1
0.075 6227.7801 	-159.02289 	117.57794 	 221320.31 	-5748.146 	14018.399 	 -0.0045273916 	-0.0028956869 	0.038005326 	 5.1996908e-06 	3.1508267e-05 	0.0011610089 	 -6.4088044 	-247.0814 	-5.8778381 	 0.22047125 	-0.14447027 	0.00031993771 	 1.6232813 	-3.7211503 	-0.14031461 		0.075 0.0039248245 -0.013150998 100000 1
