# y jRe_x jRe_y jRe_z jIm_x jIm_y jIm_z BRe_x BRe_y BRe_z BIm_x BIm_y BIm_z F_x F_y F_z VReGrad_x VReGrad_y VReGrad_z VImGrad_x VImGrad_y VImGrad_z s VRe VIm sigma mur
-0.075 -491145.34 	-87207.124 	-15681.688 	 -1858234.8 	-428863.09 	-123970.62 	 -0.0044813228 	0.0026408321 	0.040650268 	 0.00030338931 	-0.00046631314 	0.0030073014 	 -2447.3713 	12635.518 	-350.46175 	 -0.49857928 	-0.588242 	0.0045880905 	 -1.7566559 	-2.9664805 	0.10245126 		-0.075 -0.00086059518 -0.0029876944 1200000 1
-0.07375 -539061.45 	-167391.39 	-17334.899 	 -1730627.9 	-432494.32 	-123008.59 	 -0.004461238 	0.0026236988 	0.040551149 	 0.00032569148 	-0.00046742978 	0.0026560784 	 -3892.5509 	13258.603 	-607.3098 	 -0.49928912 	-0.58346959 	0.0046210367 	 -1.7314748 	-2.9408714 	0.10176083 		-0.07375 -0.0016073552 -0.0067863529 1200000 1
-0.0725 -565407.36 	-281211.11 	-16893.421 	 -1508367 	-591096.31 	-107241.06 	 -0.0044639537 	0.0025424645 	0.040173027 	 0.00041721551 	-0.0004818191 	0.0016914284 	 -5861.125 	12697.688 	-837.62575 	 -0.50341575 	-0.54952068 	0.0042286725 	 -1.7885694 	-2.7866925 	0.088568965 		-0.0725 -0.0023374152 -0.010404934 1200000 1
-0.07125 -569404.98 	-427037.49 	-13905.364 	 -1282516.4 	-870689.13 	-77345.224 	 -0.004460022 	0.002407957 	0.039657727 	 0.00057484027 	-0.00051085734 	0.0002619998 	 -8317.0893 	11593.596 	-1051.7357 	 -0.50830472 	-0.49609039 	0.0028306334 	 -1.8598161 	-2.5275053 	0.063421082 		-0.07125 -0.0029894447 -0.013753806 1200000 1
-0.07 -566095.48 	-566585.67 	-11295.799 	 -1087085.4 	-1087221 	-54742.751 	 -0.0044524598 	0.0022811956 	0.039091556 	 0.00069757489 	-0.00052820735 	-0.0010632435 	 -10342.744 	10503.68 	-1238.9061 	 -0.51091575 	-0.4471666 	0.0019720497 	 -1.9109624 	-2.3159638 	0.044276719 		-0.07 -0.0035613208 -0.01666525 1200000 1
-0.06875 -556168.02 	-698383.31 	-9215.3101 	 -932084.78 	-1335538.2 	-37734.207 	 -0.0044738637 	0.0021639095 	0.038674222 	 0.00076670093 	-0.0005147218 	-0.0015772769 	 -12643.488 	9615.2034 	-1415.7334 	 -0.50981845 	-0.39529793 	0.0020417532 	 -1.9349495 	-2.0851958 	0.029688914 		-0.06875 -0.0041256632 -0.019561665 1200000 1
-0.0675 -548353.83 	-841645.37 	-6007.9263 	 -829143.51 	-1506127.6 	-20351.123 	 -0.00446714 	0.0020582101 	0.038149701 	 0.00085424008 	-0.00051857723 	-0.00262007 	 -14053.806 	9327.0933 	-1600.0671 	 -0.50194395 	-0.35158877 	0.0012475393 	 -1.9238282 	-1.9118615 	0.01471723 		-0.0675 -0.0045899816 -0.022035223 1200000 1
-0.06625 -514029.99 	-970499.41 	-3072.3057 	 -691380.25 	-1709356.7 	-5414.0414 	 -0.0044928243 	0.0019571994 	0.037774824 	 0.00092951467 	-0.00049930275 	-0.0028811475 	 -16016.809 	8532.8866 	-1732.3524 	 -0.50454852 	-0.3067424 	0.00081834275 	 -1.94922 	-1.7373231 	0.0017136296 		-0.06625 -0.0051037606 -0.024691546 1200000 1
-0.065 -493362.48 	-1099279.8 	-1147.9331 	 -608793.32 	-1873457.1 	2861.0567 	 -0.0044542475 	0.0018827671 	0.03716632 	 0.001009751 	-0.00047247386 	-0.0032745353 	 -17514.053 	8004.4869 	-1843.6797 	 -0.4998671 	-0.26234272 	0.0010417168 	 -1.9335107 	-1.567588 	-0.0057393969 		-0.065 -0.0054538163 -0.026742612 1200000 1
-0.06375 -481746.18 	-1215545.5 	236.88035 	 -545129.68 	-1965446.5 	7925.2265 	 -0.0044055052 	0.0018185228 	0.036474531 	 0.0010381071 	-0.00045016089 	-0.0039521409 	 -18373.622 	7635.7882 	-1998.3734 	 -0.487974 	-0.22449271 	0.0015073506 	 -1.9061126 	-1.4291463 	-0.010514413 		-0.06375 -0.0056591629 -0.028221116 1200000 1
-0.0625 -455206.45 	-1311116.3 	1267.7895 	 -470385.96 	-2096360.1 	12426.278 	 -0.0044566389 	0.0017354614 	0.03643867 	 0.00098612902 	-0.00041408932 	-0.0036026946 	 -20803.67 	7025.0081 	-2237.3192 	 -0.48033967 	-0.18544374 	0.0021912141 	 -1.8952294 	-1.2896745 	-0.01484079 		-0.0625 -0.005910487 -0.029872356 1200000 1
-0.06125 -429572.33 	-1436466.5 	2610.3302 	 -407169.59 	-2187808.8 	15554.371 	 -0.0044726421 	0.0016642187 	0.035954082 	 0.00099899648 	-0.00041300144 	-0.0044217976 	 -21162.61 	6723.7805 	-2432.9755 	 -0.46786076 	-0.15032237 	0.0028142823 	 -1.8804519 	-1.1759241 	-0.018117085 		-0.06125 -0.0061145287 -0.031410013 1200000 1
-0.06 -385710.25 	-1536629.5 	4187.6188 	 -331319.97 	-2313471.4 	20124.282 	 -0.0044976016 	0.0016019574 	0.035767268 	 0.0010419196 	-0.00038649752 	-0.0042728041 	 -22932.003 	6003.6252 	-2525.5795 	 -0.46384667 	-0.11625313 	0.0031344762 	 -1.8825781 	-1.0669119 	-0.022601408 		-0.06 -0.006372171 -0.033153516 1200000 1
-0.05875 -358783.7 	-1629799.9 	5408.7309 	 -286550.34 	-2389453.7 	22565.89 	 -0.0044370743 	0.0015568583 	0.035403275 	 0.0011301226 	-0.00036802816 	-0.004289501 	 -24143.483 	5544.0378 	-2524.4996 	 -0.45338657 	-0.085833771 	0.0035075347 	 -1.8600279 	-0.97307411 	-0.025281701 		-0.05875 -0.0064866024 -0.034403983 1200000 1
-0.0575 -341836.28 	-1712940.8 	6058.3145 	 -254385.61 	-2410704.1 	23101.066 	 -0.0043862921 	0.0015114429 	0.03488515 	 0.0011454373 	-0.00035823179 	-0.0046783874 	 -24524.312 	5258.5481 	-2624.4797 	 -0.4363512 	-0.061099583 	0.004217122 	 -1.8301058 	-0.89586818 	-0.026372839 		-0.0575 -0.0064957984 -0.035227994 1200000 1
-0.05625 -320072.45 	-1770582.5 	6323.9969 	 -224717.94 	-2475042.5 	24052.407 	 -0.004460447 	0.0014455091 	0.035001819 	 0.0010521072 	-0.00032682122 	-0.0040604857 	 -27057.309 	4764.7543 	-2912.1591 	 -0.41933689 	-0.035195415 	0.0050641728 	 -1.8029761 	-0.81952299 	-0.027784621 		-0.05625 -0.0065467698 -0.036233733 1200000 1
-0.055 -297658.12 	-1867142.8 	6752.956 	 -196798.9 	-2514924.5 	23694.994 	 -0.0045085269 	0.0013890749 	0.034669343 	 0.0010084913 	-0.0003299056 	-0.0046250401 	 -26894.769 	4586.2808 	-3170.7551 	 -0.39975443 	-0.01151906 	0.0060985495 	 -1.7794766 	-0.753158 	-0.028230669 		-0.055 -0.006574427 -0.037246804 1200000 1
-0.05375 -260203.73 	-1936516.7 	7509.0658 	 -159038.41 	-2599261.5 	25119.563 	 -0.0045298651 	0.001338684 	0.034737273 	 0.001046113 	-0.00031131131 	-0.0042008703 	 -28660.337 	4056.4317 	-3217.9457 	 -0.38873 	0.012329198 	0.0067148447 	 -1.7687179 	-0.68778692 	-0.030144876 		-0.05375 -0.0066523636 -0.038466316 1200000 1
-0.0525 -234173.94 	-1998181.2 	8069.0071 	 -132867.41 	-2635227.2 	25246.641 	 -0.004432509 	0.0013065584 	0.034507472 	 0.0011724416 	-0.00030009479 	-0.004129914 	 -29540.119 	3629.991 	-3057.2105 	 -0.37536473 	0.031471249 	0.0073363005 	 -1.7474919 	-0.63537788 	-0.030965503 		-0.0525 -0.0066101545 -0.039270688 1200000 1
-0.05125 -216691.3 	-2051497.3 	8273.6837 	 -115686.41 	-2622076.1 	24195.429 	 -0.0043790341 	0.0012759707 	0.034054921 	 0.0011857267 	-0.00029543232 	-0.0044696097 	 -29425.811 	3352.4079 	-3100.2772 	 -0.35645883 	0.04507484 	0.0082098851 	 -1.7218469 	-0.59434999 	-0.030836807 		-0.05125 -0.0064989752 -0.039731538 1200000 1
-0.05 -200256.33 	-2077359.9 	8289.0473 	 -104325.41 	-2657202.4 	23969.737 	 -0.0044915504 	0.001226161 	0.034262765 	 0.0010430852 	-0.00026940043 	-0.0037880176 	 -31784.527 	2986.7341 	-3466.0954 	 -0.33479625 	0.059908233 	0.0090770387 	 -1.6943583 	-0.5539713 	-0.031357938 		-0.05 -0.0064221794 -0.040373463 1200000 1
-0.04875 -182645.52 	-2146993.5 	8406.3107 	 -92564.948 	-2669999.8 	22489.592 	 -0.0045648042 	0.0011821209 	0.033965109 	 0.00097268626 	-0.00027773732 	-0.0043035355 	 -31106.828 	2819.8214 	-3760.6466 	 -0.31179434 	0.073280696 	0.010220913 	 -1.6706632 	-0.51868805 	-0.030992534 		-0.04875 -0.0063403603 -0.041094983 1200000 1
-0.0475 -152760.54 	-2189070.3 	8919.618 	 -73032.705 	-2733328.3 	22919.471 	 -0.0045780383 	0.0011430076 	0.034158063 	 0.0010223925 	-0.00026440746 	-0.0038123705 	 -32700.831 	2392.3755 	-3742.2065 	 -0.29671801 	0.087641912 	0.010927594 	 -1.6564321 	-0.48305929 	-0.032199449 		-0.0475 -0.0063017346 -0.042018585 1200000 1
-0.04625 -128926.53 	-2224195.6 	9391.9574 	 -56317.574 	-2749728.4 	22744.034 	 -0.0044432683 	0.0011210766 	0.034013964 	 0.0011929988 	-0.00025723808 	-0.0037346875 	 -33230.13 	2003.8273 	-3412.221 	 -0.28229321 	0.096990727 	0.011631206 	 -1.6385794 	-0.45762135 	-0.032931553 		-0.04625 -0.0061708292 -0.04258733 1200000 1
-0.045 -111346.57 	-2252534.8 	9664.2599 	 -46125.835 	-2718827.1 	21927.761 	 -0.004377314 	0.001099503 	0.033595295 	 0.0012211427 	-0.00025566855 	-0.004087479 	 -32665.697 	1729.0608 	-3371.6753 	 -0.26345323 	0.10106086 	0.012564059 	 -1.6185408 	-0.44070666 	-0.033221459 		-0.045 -0.0060039339 -0.042867141 1200000 1
-0.04375 -98438.618 	-2252966 	9899.0633 	 -42226.187 	-2739302.4 	22175.985 	 -0.0045071157 	0.0010591364 	0.033833661 	 0.0010604561 	-0.00023260029 	-0.0034179575 	 -34707.275 	1464.4262 	-3751.7278 	 -0.23986822 	0.10643614 	0.013415628 	 -1.5944057 	-0.42415496 	-0.034364004 		-0.04375 -0.0058620638 -0.043328616 1200000 1
-0.0425 -84685.169 	-2299398.5 	10123.485 	 -37567.331 	-2738390.9 	21205.011 	 -0.0046141945 	0.0010261118 	0.033556893 	 0.000947603 	-0.00023770171 	-0.0039386799 	 -33590.657 	1297.9087 	-4118.8711 	 -0.21583002 	0.11062653 	0.014655528 	 -1.5731784 	-0.41134136 	-0.034677233 		-0.0425 -0.0057300469 -0.043912937 1200000 1
-0.04125 -61173.074 	-2318227.4 	10797.854 	 -27090.755 	-2791231.4 	21911.429 	 -0.0046250564 	0.00099391975 	0.033824445 	 0.0010008825 	-0.00022412579 	-0.0034449536 	 -34935.872 	952.13446 	-4054.0119 	 -0.19855406 	0.11626642 	0.015446184 	 -1.5581471 	-0.39761208 	-0.036374979 		-0.04125 -0.0056315801 -0.044696021 1200000 1
-0.04 -39077.163 	-2330718.2 	11546.028 	 -15701.89 	-2797391.7 	22101.79 	 -0.004451306 	0.0009760883 	0.033730493 	 0.0012130707 	-0.00021654917 	-0.0033922803 	 -35108.264 	591.31287 	-3562.3356 	 -0.18396257 	0.11682923 	0.016235535 	 -1.5428453 	-0.39216035 	-0.03773274 		-0.04 -0.0054708904 -0.045174978 1200000 1
-0.03875 -20328.915 	-2337295.5 	12411.932 	 -8410.6572 	-2757030 	21648.673 	 -0.0043805387 	0.0009623468 	0.033328918 	 0.0012438195 	-0.00021477276 	-0.0037797835 	 -34138.264 	303.0026 	-3464.6723 	 -0.16639806 	0.11238389 	0.017080736 	 -1.5280301 	-0.39380814 	-0.038726077 		-0.03875 -0.005305201 -0.045403653 1200000 1
-0.0375 -8847.8104 	-2315885.4 	13540.829 	 -6741.6683 	-2770270.6 	22171.681 	 -0.0045501789 	0.00093488354 	0.033566695 	 0.0010388853 	-0.00019355404 	-0.0031444967 	 -35795.429 	104.5067 	-3915.8088 	 -0.14276706 	0.10932981 	0.017611997 	 -1.5081971 	-0.39557753 	-0.040484791 		-0.0375 -0.0051544574 -0.04581101 1200000 1
-0.03625 3108.1862 	-2341165.1 	14685.467 	 -4297.3905 	-2762052.2 	21533.645 	 -0.0046757925 	0.00091332929 	0.033287646 	 0.00090735118 	-0.00019864804 	-0.0036812617 	 -34283.727 	-86.14205 	-4298.4972 	 -0.11886507 	0.10506588 	0.018586629 	 -1.4894338 	-0.40078595 	-0.041541046 		-0.03625 -0.0050252255 -0.046382678 1200000 1
-0.035 22211.237 	-2339256.2 	16259.122 	 2747.4514 	-2809428.3 	22832.068 	 -0.0046810922 	0.00088852964 	0.033595329 	 0.00097553518 	-0.00018317277 	-0.0032027932 	 -35332.982 	-375.95298 	-4168.4803 	 -0.10039087 	0.10251888 	0.019167101 	 -1.4744156 	-0.40497862 	-0.044179412 		-0.035 -0.0049191524 -0.047149859 1200000 1
-0.03375 43586.448 	-2331444.4 	18051.661 	 12578.278 	-2809496.5 	24273.167 	 -0.0044765166 	0.00087328564 	0.033540152 	 0.0012310144 	-0.00017244475 	-0.0031807909 	 -35170.433 	-723.2161 	-3533.3617 	 -0.086188995 	0.09485479 	0.019768847 	 -1.4615294 	-0.41627077 	-0.047100818 		-0.03375 -0.0047822095 -0.047651034 1200000 1
-0.0325 65281.798 	-2318183.8 	20336.056 	 20883.807 	-2762474.1 	25841.226 	 -0.0043952905 	0.0008639763 	0.033158617 	 0.0012758136 	-0.00016807885 	-0.0036029548 	 -33861.373 	-1047.4093 	-3359.9405 	 -0.070722313 	0.082303989 	0.020278241 	 -1.4519673 	-0.43389184 	-0.050417816 		-0.0325 -0.0046690775 -0.047932915 1200000 1
-0.03125 77590.782 	-2277198.4 	23086.977 	 24033.793 	-2769464.5 	29046.317 	 -0.004583251 	0.00084779012 	0.033381857 	 0.0010517443 	-0.00014166148 	-0.0030045784 	 -35112.653 	-1214.9678 	-3809.2198 	 -0.047990739 	0.071101426 	0.020310703 	 -1.4361484 	-0.45157676 	-0.055002139 		-0.03125 -0.0045594875 -0.048394207 1200000 1
-0.03 89701.219 	-2282600.8 	26080.711 	 28130.52 	-2756275 	31238.706 	 -0.0047418105 	0.0008341688 	0.033118722 	 0.00087355259 	-0.00014158078 	-0.0035561363 	 -33290.133 	-1455.4239 	-4256.7934 	 -0.025464416 	0.058502088 	0.020766669 	 -1.420151 	-0.47327072 	-0.059128755 		-0.03 -0.004485053 -0.049054075 1200000 1
-0.02875 105983.07 	-2261059.8 	29789.997 	 35105.525 	-2799083.4 	35732.183 	 -0.0047580398 	0.0008129074 	0.033457576 	 0.00093280409 	-0.00011905984 	-0.0030926767 	 -34024.414 	-1711.8006 	-4112.7953 	 -0.0065466783 	0.047779036 	0.020556792 	 -1.4048054 	-0.49379225 	-0.065074833 		-0.02875 -0.0044218612 -0.049907845 1200000 1
-0.0275 127712.77 	-2233353.7 	34337.274 	 45584.746 	-2793457.4 	40985.514 	 -0.0045383507 	0.00079523051 	0.03344197 	 0.0012091195 	-0.0001022603 	-0.0030940827 	 -33548.356 	-2062.9059 	-3397.8214 	 0.0069257603 	0.03195501 	0.020019947 	 -1.393095 	-0.52105755 	-0.07192131 		-0.0275 -0.0043599448 -0.050533602 1200000 1
-0.02625 154223.51 	-2200143.4 	39791.703 	 58945.494 	-2739628.7 	46027.076 	 -0.0044667665 	0.00078566725 	0.033100223 	 0.0012392161 	-9.7945304e-05 	-0.0035338743 	 -31972.573 	-2448.6074 	-3208.7371 	 0.019268375 	0.011402337 	0.019178524 	 -1.3890979 	-0.55499904 	-0.078990325 		-0.02625 -0.0043494735 -0.05096606 1200000 1
-0.025 169102.61 	-2139465.7 	45860.556 	 67730.593 	-2738815.1 	52711.798 	 -0.0046989081 	0.00078070061 	0.033313946 	 0.00095959221 	-6.8624798e-05 	-0.0029556517 	 -32812.388 	-2615.3551 	-3716.1734 	 0.039740782 	-0.0079406678 	0.017583943 	 -1.3778268 	-0.58942395 	-0.087161972 		-0.025 -0.0043310721 -0.051573824 1200000 1
-0.02375 183368.59 	-2123287.7 	53150.173 	 78026.728 	-2718275.3 	59515.579 	 -0.0048797203 	0.00077625604 	0.033075473 	 0.00074716978 	-7.0537411e-05 	-0.0034984731 	 -30737.118 	-2943.6074 	-4179.2465 	 0.059949401 	-0.029203899 	0.01606685 	 -1.3648997 	-0.62954013 	-0.096104943 		-0.02375 -0.0043631845 -0.052432299 1200000 1
-0.0225 197964.81 	-2081050.7 	61260.447 	 89315.224 	-2753167.5 	70177.81 	 -0.0049104711 	0.00075764595 	0.033440892 	 0.000797917 	-3.9266028e-05 	-0.0030326564 	 -31129.95 	-3187.1217 	-4019.0618 	 0.078621256 	-0.048551254 	0.013627554 	 -1.3494132 	-0.66832874 	-0.10794859 		-0.0225 -0.0043939906 -0.053481343 1200000 1
-0.02125 220913.7 	-2032572.1 	71222.901 	 105394.64 	-2737994.8 	84108.44 	 -0.0046943562 	0.00073052768 	0.033479531 	 0.0010851956 	-1.5510222e-05 	-0.0030342464 	 -30375.828 	-3554.3023 	-3270.9465 	 0.090518361 	-0.072871665 	0.010287091 	 -1.3397766 	-0.71376469 	-0.12288241 		-0.02125 -0.0044590926 -0.054336049 1200000 1
-0.02 254044.95 	-1979050 	83174.023 	 131622.84 	-2674126.2 	100209.61 	 -0.0046402225 	0.00070859198 	0.033213078 	 0.0010895842 	-1.9064603e-05 	-0.0034447774 	 -28641.564 	-4035.9543 	-3078.1713 	 0.098282288 	-0.10140759 	0.0058673919 	 -1.3442178 	-0.76519755 	-0.1400882 		-0.02 -0.0046008573 -0.055022354 1200000 1
-0.01875 272823.36 	-1898736.2 	96104.506 	 152526.49 	-2660932.4 	120975.41 	 -0.0049080147 	0.00070802946 	0.033432457 	 0.00074945822 	1.6473756e-05 	-0.0028451161 	 -29087.525 	-4245.0211 	-3596.9323 	 0.11521904 	-0.12909695 	5.1462537e-06 	 -1.3390123 	-0.81744578 	-0.16055167 		-0.01875 -0.0047230807 -0.055885041 1200000 1
-0.0175 290622.73 	-1861063.4 	112390.14 	 177643.22 	-2629179.2 	144842.35 	 -0.005140536 	0.00069189338 	0.033271152 	 0.00043719642 	-2.5882227e-06 	-0.0033244813 	 -26939.21 	-4711.2866 	-4168.1832 	 0.13094757 	-0.15857462 	-0.0066814755 	 -1.3330657 	-0.87774198 	-0.18469106 		-0.0175 -0.004914379 -0.057054121 1200000 1
-0.01625 303068.98 	-1798695.7 	129426.02 	 198180.76 	-2651853.3 	174345.18 	 -0.0052210015 	0.00065918064 	0.033680968 	 0.00040712944 	2.7444949e-05 	-0.0028088992 	 -27031.786 	-4967.4258 	-4111.7276 	 0.14828194 	-0.18589519 	-0.014941656 	 -1.3179249 	-0.93565219 	-0.21267818 		-0.01625 -0.0050906013 -0.058410074 1200000 1
-0.015 326402.12 	-1729990.3 	149936.15 	 225298.89 	-2622691.8 	210680.41 	 -0.005051892 	0.00060082148 	0.033804475 	 0.00061680634 	3.5915023e-05 	-0.0027476338 	 -26098.355 	-5363.3099 	-3501.7009 	 0.15772214 	-0.21751614 	-0.025358491 	 -1.310933 	-1.0006985 	-0.24669309 		-0.015 -0.0053336992 -0.059615536 1200000 1
-0.01375 365613.93 	-1657567.5 	171468.68 	 277237.72 	-2545488.7 	247430.76 	 -0.0050814305 	0.00050996908 	0.033689461 	 0.00046288495 	-4.8062125e-05 	-0.00300549 	 -24394.081 	-6017.6558 	-3518.4986 	 0.15887128 	-0.25211728 	-0.036634376 	 -1.3298272 	-1.0704179 	-0.28120283 		-0.01375 -0.0056702444 -0.060662652 1200000 1
-0.0125 387012.24 	-1559675.2 	192358.8 	 321748.97 	-2514289 	290468.01 	 -0.0054485955 	0.00045825772 	0.033967982 	 -7.8696703e-05 	-7.7637585e-05 	-0.0022726527 	 -24525.701 	-6385.2356 	-4238.072 	 0.1697258 	-0.28637661 	-0.049280059 	 -1.3358662 	-1.1422189 	-0.31950261 		-0.0125 -0.0059733966 -0.061874157 1200000 1
-0.01125 408115.78 	-1499089.5 	221929.91 	 380584.42 	-2459215.9 	347333.81 	 -0.005721712 	0.00041717526 	0.033904088 	 -0.0005311019 	-0.00017685515 	-0.0025797657 	 -22464.247 	-7079.5399 	-4897.0095 	 0.17829322 	-0.32328844 	-0.065570774 	 -1.3477044 	-1.2304298 	-0.3710563 		-0.01125 -0.0063735376 -0.063505243 1200000 1
-0.01 415509.83 	-1417784.6 	250642.78 	 421597.85 	-2460692.5 	413363.46 	 -0.00588686 	0.0003202861 	0.03438383 	 -0.00075568395 	-0.00022585372 	-0.0019105336 	 -22300.305 	-7455.1025 	-5091.6249 	 0.19240169 	-0.35697704 	-0.08392045 	 -1.3375731 	-1.3116853 	-0.42836482 		-0.01 -0.0067394595 -0.065303758 1200000 1
-0.00875 435663.16 	-1331723.4 	285059.17 	 474054.19 	-2409497.5 	495985.35 	 -0.0057907951 	0.00017960633 	0.034622219 	 -0.00073741803 	-0.00033003859 	-0.0016623694 	 -21277.071 	-7971.61 	-4778.3323 	 0.1972221 	-0.39339805 	-0.10695326 	 -1.3404631 	-1.3992087 	-0.49941752 		-0.00875 -0.0071984 -0.066993153 1200000 1
-0.0075 470207.88 	-1249547.9 	319545.29 	 563284.62 	-2350231.3 	601520.51 	 -0.005789633 	1.667439e-05 	0.034566431 	 -0.0010371449 	-0.00057891105 	-0.0018218253 	 -19386.677 	-8776.1698 	-4999.9939 	 0.1942964 	-0.42858932 	-0.13122812 	 -1.3777965 	-1.4557273 	-0.58913301 		-0.0075 -0.0077664609 -0.06854095 1200000 1
-0.00625 477614.93 	-1150751.1 	348493.71 	 622506.96 	-2353086.6 	722322.26 	 -0.0061222726 	-9.3582805e-05 	0.034762767 	 -0.0017753692 	-0.00071799648 	-0.0011325003 	 -18858.598 	-9278.2423 	-5932.3686 	 0.20602652 	-0.45921838 	-0.15521995 	 -1.3825107 	-1.4972728 	-0.68898795 		-0.00625 -0.008286488 -0.070245294 1200000 1
-0.005 486224.78 	-1076228.4 	388271.83 	 717245.2 	-2253260.8 	799885.71 	 -0.0064503211 	-0.0002321372 	0.03485061 	 -0.0025430086 	-0.00099736335 	-0.0010577712 	 -17174.058 	-10309.198 	-6755.9702 	 0.21336466 	-0.49462123 	-0.18555658 	 -1.4110036 	-1.6169549 	-0.75421881 		-0.005 -0.0089262616 -0.072367214 1200000 1
-0.00375 495028.86 	-980922.28 	411209.14 	 824343.29 	-2198595.6 	876888.12 	 -0.0067570457 	-0.00039669248 	0.035063786 	 -0.0033036369 	-0.0013297511 	-0.00046091772 	 -16140.452 	-11135.562 	-7600.5054 	 0.21648518 	-0.52940071 	-0.20845521 	 -1.4470824 	-1.7102709 	-0.81593098 		-0.00375 -0.0095375805 -0.074380442 1200000 1
-0.0025 498503.81 	-878577.35 	425442.43 	 944064.04 	-2107676.8 	946992.78 	 -0.0070955858 	-0.00055782561 	0.035204199 	 -0.0042098222 	-0.0017395402 	0.00013855731 	 -14748.982 	-12180.424 	-8497.1417 	 0.21925233 	-0.56809876 	-0.22720111 	 -1.4911899 	-1.8313294 	-0.87048393 		-0.0025 -0.010197102 -0.076595037 1200000 1
-0.00125 416870.26 	-723277.43 	363143.37 	 864702.93 	-1824524.7 	788838.96 	 -0.0073320376 	-0.00068317445 	0.035378787 	 -0.0048123812 	-0.0020413147 	0.00076906712 	 -12631.972 	-10814.928 	-7973.7363 	 0.22081736 	-0.37878302 	-0.14383279 	 -1.5112635 	-1.1965148 	-0.48283487 		-0.00125 -0.010755598 -0.078238441 1027142.8 1
5.2475385e-17 272614.03 	-491581.23 	200598.03 	 559518.48 	-1339450.1 	387091.36 	 -0.0073568369 	-0.0007655843 	0.035486912 	 -0.0049208637 	-0.0021208818 	0.001434214 	 -9302.5159 	-6452.2184 	-5716.5185 	 0.22261498 	0.08051584 	0.06632235 	 -1.4567921 	0.43703441 	0.44216035 		5.2475385e-17 -0.011091168 -0.078916565 650000 1
0.00125 124402.14 	-284056.13 	40006.202 	 258972.06 	-854617.72 	-22916.518 	 -0.0073611707 	-0.00078285899 	0.035454324 	 -0.0050069183 	-0.0022108935 	0.0017213129 	 -5598.3595 	-2274.5036 	-3498.1769 	 0.22697591 	0.53929674 	0.30148235 	 -1.4193535 	2.098779 	1.4485401 		0.00125 -0.011337315 -0.079168452 272857.17 1
0.0025 37648.886 	-181200.21 	-37585.519 	 88125.202 	-650585.99 	-202072.96 	 -0.0071955464 	-0.00075313484 	0.035459662 	 -0.0046056525 	-0.0021032189 	0.0020397894 	 -4120.2526 	-158.25639 	-2267.382 	 0.22821822 	0.7065063 	0.44161109 	 -1.3331561 	2.7496036 	1.9685338 		0.0025 -0.01102642 -0.077509063 100000 1
0.00375 36726.095 	-169811.32 	-45191.297 	 83557.777 	-644437.39 	-212846.23 	 -0.0069213746 	-0.00068459447 	0.035355203 	 -0.0039327284 	-0.0019418768 	0.0020678451 	 -3904.8957 	-158.23673 	-1951.1133 	 0.22718625 	0.63398814 	0.50419273 	 -1.2242259 	2.654296 	2.0827103 		0.00375 -0.010313505 -0.074306499 100000 1
0.005 35291.728 	-162503.6 	-48040.716 	 79354.475 	-646779.52 	-211887.55 	 -0.0067103795 	-0.00058044437 	0.035246946 	 -0.0034317925 	-0.0017387526 	0.002118567 	 -3758.2184 	-176.43941 	-1729.5452 	 0.2290186 	0.596762 	0.52154052 	 -1.1162851 	2.6477117 	2.0788298 		0.005 -0.0096008663 -0.071150956 100000 1
0.00625 34271.193 	-158153.25 	-45210.95 	 74540.883 	-654406.7 	-197931.02 	 -0.0065220718 	-0.00054569238 	0.035156903 	 -0.0029261477 	-0.0015958199 	0.0021879697 	 -3699.3913 	-223.69342 	-1534.9334 	 0.22805107 	0.59359266 	0.48419347 	 -1.0049241 	2.690531 	1.944224 		0.00625 -0.0088079333 -0.067583781 100000 1
0.0075 33063.07 	-156437.59 	-41649.971 	 70691.05 	-669330.38 	-178205.64 	 -0.0063543432 	-0.00043314881 	0.034968203 	 -0.0025601164 	-0.0014139345 	0.0021071602 	 -3589.5946 	-283.88081 	-1400.5596 	 0.22784022 	0.60254784 	0.44064067 	 -0.90125983 	2.8084215 	1.7512272 		0.0075 -0.0080891443 -0.064266796 100000 1
0.00875 30413.507 	-153398.72 	-37529.964 	 65245.97 	-684240.91 	-158201.96 	 -0.0061553813 	-0.00036047431 	0.034939294 	 -0.002099411 	-0.0012353285 	0.0021966249 	 -3547.8287 	-311.63693 	-1227.2711 	 0.2387134 	0.60355719 	0.3931067 	 -0.7796295 	2.8980333 	1.5550628 		0.00875 -0.0072802413 -0.060876135 100000 1
0.01 29186.16 	-150233.74 	-33398.77 	 64727.67 	-688403.58 	-139370.56 	 -0.0058753327 	-0.00032799418 	0.034853824 	 -0.0016265686 	-0.0011282856 	0.0021144307 	 -3441.4453 	-356.04254 	-1033.5598 	 0.24137766 	0.5983829 	0.34705712 	 -0.71251906 	2.9184046 	1.3697506 		0.01 -0.0065315013 -0.057199078 100000 1
0.01125 28847.062 	-146959.9 	-29739.671 	 64216.425 	-685164.47 	-122772.87 	 -0.0056584082 	-0.00028628084 	0.034685339 	 -0.0013217442 	-0.0010252389 	0.0019539907 	 -3295.041 	-392.17797 	-899.10048 	 0.23839775 	0.58841248 	0.30675559 	 -0.646872 	2.901297 	1.2062891 		0.01125 -0.0058622545 -0.053535489 100000 1
0.0125 27592.001 	-142661.83 	-26030.369 	 58677.535 	-683119.78 	-106901.08 	 -0.0056280208 	-0.0002878999 	0.034631296 	 -0.0011604567 	-0.00094154477 	0.0019856252 	 -3228.786 	-385.24564 	-822.10565 	 0.2423477 	0.5735736 	0.26727597 	 -0.52977759 	2.8684528 	1.0497015 		0.0125 -0.0051187041 -0.049775705 100000 1
0.01375 26060.301 	-139458.8 	-23095.846 	 54025.361 	-681905.62 	-94359.138 	 -0.0055843172 	-0.00023394637 	0.034535657 	 -0.0010344353 	-0.00082738761 	0.001875831 	 -3098.797 	-381.37444 	-763.28663 	 0.24721606 	0.55751001 	0.23539652 	 -0.42010484 	2.8351342 	0.92622753 		0.01375 -0.0044441823 -0.046395969 100000 1
0.015 23728.068 	-135502.32 	-20094.437 	 49821.622 	-683556.68 	-82202.451 	 -0.0055279219 	-0.00021114713 	0.034561548 	 -0.00084295544 	-0.00072798067 	0.0019237838 	 -3041.9881 	-360.18237 	-681.38818 	 0.25786886 	0.53958191 	0.20379536 	 -0.31341875 	2.8034464 	0.80634975 		0.015 -0.0037109136 -0.043001855 100000 1
0.01625 22821.879 	-131510.91 	-17271.379 	 50561.475 	-679090.14 	-70280.996 	 -0.0053750242 	-0.00020255821 	0.034516543 	 -0.00062017185 	-0.00065962385 	0.0018552944 	 -2934.6629 	-365.43566 	-581.05373 	 0.25882177 	0.51911614 	0.1744668 	 -0.25932433 	2.7455375 	0.68850382 		0.01625 -0.0030537042 -0.039504524 100000 1
0.0175 22565.361 	-127610.8 	-14900.553 	 50896.277 	-669231.19 	-60215.321 	 -0.0052461542 	-0.00018553852 	0.034391365 	 -0.00049074705 	-0.0005965027 	0.0017009088 	 -2791.7689 	-373.12845 	-515.11771 	 0.25600492 	0.49730002 	0.14987413 	 -0.20186297 	2.6679123 	0.58904603 		0.0175 -0.0024922364 -0.03618957 100000 1
0.01875 21582.826 	-123056.9 	-12644.131 	 47019.175 	-662127.19 	-51019.739 	 -0.0052665961 	-0.00019545887 	0.034369805 	 -0.00046199644 	-0.00054470214 	0.0017125422 	 -2719.5309 	-354.11075 	-489.91613 	 0.25890396 	0.47427213 	0.12706659 	 -0.10183932 	2.5910399 	0.49807787 		0.01875 -0.001882739 -0.032833784 100000 1
0.02 20353.314 	-119462.33 	-10821.957 	 43254.028 	-656021.06 	-43547.512 	 -0.005272786 	-0.00017218693 	0.034293598 	 -0.00042973957 	-0.00048256114 	0.0015822711 	 -2586.298 	-341.00251 	-468.17084 	 0.26280937 	0.45071908 	0.10830304 	 -0.0013849933 	2.5151559 	0.42430446 		0.02 -0.0013224006 -0.029751082 100000 1
0.02125 18563.59 	-115344.55 	-9104.1974 	 40380.622 	-653360.81 	-36878.344 	 -0.0052738551 	-0.00017956052 	0.034340045 	 -0.00034452459 	-0.00043152029 	0.0016121318 	 -2525.8913 	-315.49101 	-428.62751 	 0.27075781 	0.42728061 	0.091022538 	 0.090839505 	2.447447 	0.35842133 		0.02125 -0.00072057749 -0.026672666 100000 1
0.0225 17901.57 	-111431.53 	-7637.3625 	 41706.19 	-646005.83 	-30972.698 	 -0.0051730186 	-0.00018630191 	0.034322065 	 -0.00021401281 	-0.00038999207 	0.0015476902 	 -2428.3046 	-311.33468 	-368.36025 	 0.27106652 	0.40413223 	0.076286863 	 0.13904405 	2.3660188 	0.30006431 		0.0225 -0.00020464048 -0.023637331 100000 1
0.02375 17752.451 	-107715.71 	-6500.0858 	 42616.536 	-634116.79 	-26422.47 	 -0.0050780306 	-0.00018587806 	0.034226138 	 -0.00014750689 	-0.00035146837 	0.0014029229 	 -2301.7378 	-312.01092 	-330.61365 	 0.26860125 	0.3812714 	0.064810299 	 0.19168498 	2.272018 	0.25521037 		0.02375 0.00021807597 -0.020859831 100000 1
0.025 17057.706 	-103480.61 	-5513.6397 	 39992.478 	-625339.02 	-22791.017 	 -0.0051116995 	-0.00021215139 	0.034232043 	 -0.00016248047 	-0.00032094131 	0.0014169093 	 -2239.2891 	-294.6637 	-324.08513 	 0.27037392 	0.35832747 	0.055096027 	 0.28001414 	2.1832618 	0.21944609 		0.025 0.00068044621 -0.018023172 100000 1
0.02625 16160.175 	-100260.8 	-4719.118 	 37196.144 	-618021.59 	-19853.392 	 -0.005126222 	-0.00021114341 	0.034182573 	 -0.0001705077 	-0.00028668562 	0.0012871056 	 -2121.3217 	-283.09237 	-318.27452 	 0.27302483 	0.33628435 	0.047121897 	 0.37048922 	2.0996838 	0.19058654 		0.02625 0.0011052246 -0.015415655 100000 1
0.0275 14851.305 	-96595.107 	-3948.8084 	 35478.45 	-614212.23 	-17115.729 	 -0.0051448892 	-0.00023522014 	0.034252355 	 -0.00013201348 	-0.00025928463 	0.001316085 	 -2070.429 	-262.33686 	-297.65197 	 0.27854518 	0.31494538 	0.039590961 	 0.45079814 	2.0260833 	0.16365585 		0.0275 0.0015678509 -0.012772866 100000 1
0.02875 14416.514 	-93196.991 	-3273.7586 	 37425.117 	-606457.59 	-14494.283 	 -0.0050679458 	-0.00025478238 	0.034261734 	 -4.7784519e-05 	-0.00023685053 	0.0012623152 	 -1990.1427 	-258.08283 	-258.77094 	 0.27819735 	0.29494226 	0.032938231 	 0.49369984 	1.9448637 	0.13786113 		0.02875 0.0019485751 -0.01024795 100000 1
0.03 14387.592 	-90019.851 	-2742.1495 	 38971.613 	-594652.8 	-12351.685 	 -0.0049880248 	-0.00026580448 	0.034196342 	 -1.1702137e-05 	-0.00021493949 	0.0011321021 	 -1885.1499 	-258.55889 	-235.75103 	 0.27587041 	0.27582651 	0.027665948 	 0.54142301 	1.8543183 	0.11683607 		0.03 0.0022426352 -0.0080420206 100000 1
0.03125 13915.771 	-86371.964 	-2284.3855 	 37230.577 	-585939.21 	-10635.865 	 -0.0050231449 	-0.0002967369 	0.034229457 	 -4.264639e-05 	-0.00019669342 	0.0011522176 	 -1836.6323 	-245.35186 	-236.51884 	 0.27691374 	0.25683289 	0.023244725 	 0.62200372 	1.7696593 	0.10002806 		0.03125 0.0025717828 -0.0057538017 100000 1
0.0325 13286.389 	-83662.21 	-1884.4116 	 35270.109 	-578628.32 	-9059.5778 	 -0.0050436442 	-0.00030442995 	0.034195297 	 -5.6414223e-05 	-0.00017559753 	0.0010277461 	 -1735.0478 	-237.57678 	-234.2919 	 0.27848969 	0.23891799 	0.019308277 	 0.7055892 	1.6902654 	0.08458861 		0.0325 0.0028807246 -0.0036128042 100000 1
0.03375 12312.51 	-80514.275 	-1526.5645 	 34272.055 	-574495.22 	-7817.4241 	 -0.0050720167 	-0.00033733919 	0.034285023 	 -3.5150765e-05 	-0.0001590905 	0.0010563662 	 -1693.1889 	-221.64549 	-221.37771 	 0.28246478 	0.22141405 	0.01588484 	 0.77975296 	1.6181495 	0.072451242 		0.03375 0.0032243676 -0.0014098525 100000 1
0.035 12006.357 	-77577.132 	-1253.9757 	 36471.732 	-566352.96 	-6825.8457 	 -0.0050120233 	-0.00036703609 	0.034322472 	 2.4580625e-05 	-0.00014538682 	0.0010092787 	 -1625.966 	-218.01847 	-194.23767 	 0.28215247 	0.20487223 	0.013226236 	 0.82189839 	1.5364973 	0.06282011 		0.035 0.0034904383 0.00060417369 100000 1
0.03625 12068.155 	-74823.382 	-1053.7787 	 38566.898 	-554219.28 	-6064.9709 	 -0.0049414547 	-0.0003903775 	0.034284039 	 4.8642754e-05 	-0.00013147164 	0.00089173629 	 -1537.4031 	-219.18854 	-177.98062 	 0.28010307 	0.1891385 	0.011244373 	 0.86673937 	1.4450147 	0.055490441 		0.03625 0.0036780942 0.0022527231 100000 1
0.0375 11781.912 	-71627.003 	-895.24546 	 37633.679 	-545035.11 	-5604.2736 	 -0.0049721156 	-0.00043262446 	0.034336513 	 1.9394523e-05 	-0.00011969501 	0.00091669523 	 -1498.0907 	-209.56677 	-179.03183 	 0.28054202 	0.17352229 	0.0097305939 	 0.94189767 	1.3589683 	0.051135425 		0.0375 0.0039001057 0.0040218409 100000 1
0.03875 11370.497 	-69303.099 	-751.72536 	 36453.122 	-537205.91 	-5120.9769 	 -0.0049849427 	-0.00045464587 	0.034325953 	 9.1818448e-07 	-0.00010742984 	0.00079846271 	 -1410.0182 	-205.30461 	-178.77726 	 0.28126588 	0.1589325 	0.0083170364 	 1.0196512 	1.277461 	0.046528032 		0.03875 0.0041099361 0.0056643658 100000 1
0.04 10663.753 	-66549.592 	-614.36037 	 36146.428 	-532301.7 	-4764.859 	 -0.0050141173 	-0.00049738926 	0.034437585 	 1.0737463e-05 	-9.8349511e-05 	0.00082835647 	 -1374.7099 	-193.71878 	-170.42066 	 0.28396962 	0.1446067 	0.0070200795 	 1.0889567 	1.201817 	0.04316898 		0.04 0.004353988 0.0074077216 100000 1
0.04125 10480.042 	-63954.684 	-503.2309 	 38806.988 	-523400.54 	-4401.6715 	 -0.004963529 	-0.00053628198 	0.034502058 	 5.3327943e-05 	-9.0673844e-05 	0.00078945776 	 -1317.6402 	-191.74057 	-151.03389 	 0.28345518 	0.13102409 	0.0059270383 	 1.1294504 	1.1157673 	0.039745903 		0.04125 0.0045262717 0.0089027738 100000 1
0.0425 10639.326 	-61501.152 	-418.31151 	 41719.052 	-510536.98 	-4034.2446 	 -0.0048971068 	-0.00056973014 	0.034492305 	 6.8849798e-05 	-8.2071596e-05 	0.00068525986 	 -1242.2643 	-194.43189 	-139.26531 	 0.2813636 	0.11810033 	0.0050720577 	 1.1696038 	1.0188006 	0.036277297 		0.0425 0.0046264764 0.0099738902 100000 1
0.04375 10502.343 	-58626.245 	-348.29957 	 41645.681 	-500413.28 	-3808.8262 	 -0.0049218324 	-0.00061792232 	0.034567759 	 4.1481219e-05 	-7.4820457e-05 	0.00071385593 	 -1208.6721 	-187.79579 	-140.02815 	 0.28123844 	0.10517291 	0.0044032043 	 1.2394543 	0.92593024 	0.034210772 		0.04375 0.0047594787 0.011192008 100000 1
0.045 10263.312 	-56500.06 	-276.84122 	 41329.548 	-491259.82 	-3470.8615 	 -0.0049337829 	-0.00064950955 	0.034571203 	 2.987532e-05 	-6.5642291e-05 	0.00060152692 	 -1129.6662 	-186.67514 	-138.27118 	 0.28114877 	0.092847966 	0.0036872538 	 1.3122397 	0.83463676 	0.030998462 		0.045 0.0048881526 0.012308571 100000 1
0.04625 9742.074 	-53973.537 	-217.27999 	 41630.106 	-484832.5 	-3370.4627 	 -0.0049650181 	-0.00070150276 	0.034704446 	 3.6258947e-05 	-5.9673983e-05 	0.00063101349 	 -1096.9122 	-178.20757 	-131.62713 	 0.28291805 	0.080669911 	0.0031275713 	 1.3789392 	0.74772376 	0.030145519 		0.04625 0.0050495724 0.013550159 100000 1
0.0475 9635.7577 	-51560.908 	-182.32134 	 44736.905 	-474274.41 	-3344.1452 	 -0.0049229065 	-0.00075238267 	0.034801486 	 6.657636e-05 	-5.4630269e-05 	0.00059863127 	 -1045.9811 	-177.33765 	-117.49287 	 0.2823103 	0.068962208 	0.0027748949 	 1.419044 	0.64804472 	0.030040519 		0.0475 0.0051426815 0.014468229 100000 1
0.04875 9881.2033 	-49249.207 	-156.6546 	 48748.653 	-459668.72 	-3221.565 	 -0.0048597942 	-0.00080103407 	0.03482114 	 7.8660874e-05 	-4.8106564e-05 	0.00050866545 	 -980.13588 	-181.51913 	-108.06977 	 0.28000428 	0.057771616 	0.0025039344 	 1.4531036 	0.53570237 	0.028971699 		0.04875 0.0051691517 0.014899732 100000 1
0.05 9873.067 	-46547.842 	-135.02041 	 49806.912 	-447571.05 	-3190.49 	 -0.0048781335 	-0.00086361936 	0.034915353 	 5.8828897e-05 	-4.2544614e-05 	0.00054088262 	 -948.35651 	-177.33931 	-106.78671 	 0.27917535 	0.046496161 	0.0023030534 	 1.5166357 	0.42608643 	0.028805497 		0.05 0.0052275142 0.01550537 100000 1
0.05125 9777.0467 	-44501.702 	-107.86264 	 50635.576 	-436187.88 	-3000.1497 	 -0.0048789461 	-0.00091169353 	0.034944325 	 4.8484323e-05 	-3.5988727e-05 	0.0004379085 	 -877.40586 	-179.08754 	-104.59004 	 0.27819713 	0.035569046 	0.0020218201 	 1.5825746 	0.31526301 	0.027029398 		0.05125 0.0052846299 0.015992488 100000 1
0.0525 9390.2507 	-42085.142 	-84.649417 	 51685.577 	-427302.26 	-3019.1723 	 -0.0049075293 	-0.00097625874 	0.035103953 	 5.0485697e-05 	-3.2651454e-05 	0.00047012508 	 -845.35732 	-173.10107 	-99.298702 	 0.27907752 	0.024695829 	0.0018124009 	 1.6465298 	0.2075431 	0.027335269 		0.0525 0.0053734687 0.016628774 100000 1
0.05375 9338.9752 	-39739.648 	-71.051131 	 55499.478 	-414072.12 	-3023.6352 	 -0.0048709969 	-0.0010404046 	0.035234407 	 7.0578021e-05 	-2.9544615e-05 	0.0004488221 	 -798.7031 	-173.27811 	-89.024654 	 0.27816181 	0.014125072 	0.0016793312 	 1.6851111 	0.084238722 	0.027501933 		0.05375 0.0053968915 0.016856007 100000 1
0.055 9653.7535 	-37464.257 	-60.517401 	 61233.591 	-396679.7 	-2883.1822 	 -0.0048083587 	-0.001105251 	0.03528781 	 7.8403144e-05 	-2.48786e-05 	0.00038012691 	 -740.96844 	-179.10766 	-81.680794 	 0.27531619 	0.0039856427 	0.0015788037 	 1.7081696 	-0.054052594 	0.026218574 		0.055 0.0053582205 0.016523464 100000 1
0.05625 9737.6078 	-34838.115 	-51.677121 	 63951.381 	-381444.17 	-2839.0798 	 -0.0048183955 	-0.0011811247 	0.035409109 	 6.2464453e-05 	-2.163792e-05 	0.0004200199 	 -708.74597 	-177.01324 	-79.274329 	 0.27358261 	-0.0063884443 	0.0015235357 	 1.7612872 	-0.19247666 	0.025889102 		0.05625 0.0053499211 0.016383695 100000 1
0.0575 9748.5293 	-32736.23 	-36.133547 	 66634.561 	-366144.9 	-2545.7342 	 -0.0048153233 	-0.0012477386 	0.035457999 	 5.8972796e-05 	-1.5099097e-05 	0.00033392284 	 -644.64087 	-181.25695 	-75.522711 	 0.27148511 	-0.016753326 	0.0013817992 	 1.8151457 	-0.33895927 	0.023054153 		0.0575 0.0053417085 0.016077431 100000 1
0.05875 9431.0737 	-30321.859 	-24.383462 	 68771.082 	-353213.88 	-2516.6949 	 -0.0048431774 	-0.0013291664 	0.035648092 	 5.974606e-05 	-1.2660052e-05 	0.00037343329 	 -611.05583 	-177.03934 	-70.628927 	 0.27143948 	-0.02712544 	0.0013067924 	 1.8746682 	-0.48320526 	0.022853018 		0.05875 0.0053638562 0.01593491 100000 1
0.06 9387.1067 	-27953.105 	-18.344177 	 73729.884 	-335527.51 	-2433.378 	 -0.0048106555 	-0.0014136958 	0.035822809 	 7.0959987e-05 	-1.0507136e-05 	0.00036970529 	 -566.82388 	-177.93938 	-63.209906 	 0.27004011 	-0.03728284 	0.00128453 	 1.9089523 	-0.64790684 	0.022114366 		0.06 0.0053220771 0.015267548 100000 1
0.06125 9723.7662 	-25645.439 	-11.575233 	 82483.975 	-313658.51 	-2112.8302 	 -0.0047470643 	-0.0015074413 	0.035924474 	 7.5857604e-05 	-6.9481213e-06 	0.00034365944 	 -516.6024 	-186.61985 	-57.401222 	 0.26633983 	-0.046959156 	0.0012671018 	 1.9098852 	-0.82851589 	0.019003136 		0.06125 0.0052222749 0.013958474 100000 1
0.0625 9843.84 	-23046.313 	-6.3284993 	 88150.512 	-293356.48 	-1875.7341 	 -0.0047493873 	-0.0016122898 	0.036083351 	 6.5219824e-05 	-4.7979766e-06 	0.00041221018 	 -482.47169 	-187.98679 	-53.836636 	 0.26337355 	-0.057011864 	0.0012875159 	 1.9416929 	-1.0142493 	0.016719063 		0.0625 0.0051509876 0.012850334 100000 1
0.06375 9907.3407 	-20826.576 	12.015448 	 94647.971 	-271175.57 	-1169.4396 	 -0.0047321418 	-0.0017046828 	0.036158449 	 6.2255717e-05 	7.2697058e-07 	0.00036127372 	 -426.01956 	-194.40856 	-49.774615 	 0.25986126 	-0.067442812 	0.001172398 	 1.9655538 	-1.2263655 	0.0097320641 		0.06375 0.0050791961 0.011460927 100000 1
0.065 9569.3006 	-18374.104 	27.788102 	 98876.341 	-251404.43 	-694.5865 	 -0.0047537243 	-0.0018124079 	0.036402175 	 5.9610414e-05 	1.3183605e-06 	0.00043214931 	 -389.99446 	-192.79658 	-45.411763 	 0.25874745 	-0.077930752 	0.0011001352 	 2.0124737 	-1.4349356 	0.0050525397 		0.065 0.0050360182 0.010236492 100000 1
0.06625 9436.9293 	-15925.905 	47.537617 	 106176.93 	-225349.64 	104.00865 	 -0.0047209679 	-0.0019230306 	0.036638339 	 6.2714154e-05 	2.6657656e-06 	0.00047289184 	 -346.06628 	-195.06929 	-39.9071 	 0.25666276 	-0.088485889 	0.00099608409 	 2.032569 	-1.6795216 	-0.0028598597 		0.06625 0.0049296656 0.0083113032 100000 1
0.0675 9556.316 	-13629.889 	47.535246 	 118740.27 	-196494.8 	1147.111 	 -0.0046482892 	-0.0020410981 	0.036776166 	 6.3559124e-05 	6.5792925e-06 	0.00049731547 	 -298.90883 	-204.11342 	-35.120253 	 0.25299731 	-0.097975353 	0.0010984167 	 2.005672 	-1.9267965 	-0.013216778 		0.0675 0.004767434 0.0056249468 100000 1
0.06875 9374.4014 	-11252.472 	29.267589 	 126073.74 	-170122.14 	1953.1466 	 -0.0046350466 	-0.0021703171 	0.036980932 	 5.4122625e-05 	8.0825487e-06 	0.00059136874 	 -258.9698 	-204.795 	-31.079062 	 0.25056901 	-0.1069072 	0.0013784501 	 2.0312431 	-2.169441 	-0.021208292 		0.06875 0.0046309906 0.0031159146 100000 1
0.07 9092.0184 	-8989.6539 	71.800186 	 137628.78 	-137377.55 	3794.174 	 -0.0046028762 	-0.0022990485 	0.037131782 	 4.9964439e-05 	1.2415405e-05 	0.00063620004 	 -208.44755 	-211.84819 	-26.779032 	 0.24804527 	-0.11722622 	0.0010642234 	 2.0162481 	-2.4758542 	-0.039558099 		0.07 0.0044820193 6.4557503e-06 100000 1
0.07125 8764.2954 	-6681.1857 	82.420383 	 152660.41 	-107463.19 	5461.6396 	 -0.0045876539 	-0.0024390823 	0.037325422 	 4.066645e-05 	1.4712068e-05 	0.00075551596 	 -162.35094 	-221.69849 	-22.604222 	 0.24495412 	-0.12702868 	0.0010354999 	 1.9691235 	-2.757994 	-0.056173642 		0.07125 0.0043338065 -0.0031340946 100000 1
0.0725 8407.7594 	-4420.9309 	88.926492 	 170340.91 	-72539.358 	7497.7644 	 -0.0045696942 	-0.0025875885 	0.037540635 	 2.8297122e-05 	1.628529e-05 	0.00087442858 	 -111.40626 	-231.84597 	-18.217596 	 0.24155872 	-0.13676017 	0.0010285878 	 1.8972485 	-3.0878446 	-0.076476776 		0.0725 0.0041672363 -0.0068145454 100000 1
0.07375 7694.5794 	-2592.6102 	112.29159 	 186970.98 	-50569.276 	8956.7122 	 -0.0045554804 	-0.0026789511 	0.037666786 	 2.0876907e-05 	1.7074931e-05 	0.00095877223 	 -72.102197 	-234.60209 	-14.117095 	 0.23959812 	-0.14324106 	0.00077970601 	 1.8394791 	-3.2873284 	-0.091011949 		0.07375 0.0039883787 -0.010877581 100000 1
0.075 6782.0134 	-1312.7122 	106.18014 	 195589.4 	-45340.048 	9046.5078 	 -0.0045657784 	-0.0026982095 	0.037709384 	 1.795347e-05 	1.6076631e-05 	0.00098976208 	 -47.163564 	-223.53513 	-10.245178 	 0.23860639 	-0.14442531 	0.00072253411 	 1.8638218 	-3.3225125 	-0.091854354 		0.075 0.003805616 -0.015140156 100000 1
