# y jRe_x jRe_y jRe_z jIm_x jIm_y jIm_z BRe_x BRe_y BRe_z BIm_x BIm_y BIm_z F_x F_y F_z VReGrad_x VReGrad_y VReGrad_z VImGrad_x VImGrad_y VImGrad_z s VRe VIm sigma mur
-0.075 -1896010 	-291.48433 	38.069181 	 -4529994.1 	-1112.9962 	303.59374 	 3.3184814e-07 	0.0085526352 	0.040364367 	 3.7250935e-08 	0.010434779 	0.0075576178 	 -11.725039 	55383.758 	-31742.063 	 0.066162296 	0.00027349693 	-2.9029815e-05 	 0.64027032 	0.00088358929 	-0.0002541468 		-0.075 -4.716572e-08 5.9950257e-07 1200000 1
-0.07375 -1959916.7 	0.13550569 	-0.078854676 	 -4183277.1 	-0.48814167 	0.39000357 	 5.0262334e-09 	0.0096522549 	0.038538302 	 -3.0396658e-09 	0.011938994 	0.0040603737 	 -0.0003286228 	46268.706 	-34436.233 	 0.039589891 	6.6381291e-06 	4.4887627e-07 	 0.54200094 	-6.5043119e-06 	-1.1244734e-06 		-0.07375 -1.4535668e-08 3.9788697e-07 1200000 1
-0.0725 -1988203.9 	0.14239917 	-0.1025612 	 -3836564.5 	-0.73773737 	0.4184968 	 4.3162514e-09 	0.010493639 	0.036565801 	 -6.109574e-09 	0.012709467 	0.0007762507 	 0.00018956819 	37874.943 	-34807.271 	 0.0096525421 	6.5083472e-06 	4.7798835e-07 	 0.43033083 	-6.4897625e-06 	-1.1573612e-06 		-0.0725 -6.325465e-09 3.8980587e-07 1200000 1
-0.07125 -1993943.3 	0.11392108 	-0.11082798 	 -3512826.9 	-1.0352312 	0.40584579 	 3.7534759e-09 	0.011193246 	0.034677637 	 -8.8186002e-09 	0.01313458 	-0.0019431238 	 0.00093482515 	31172.422 	-34227.46 	 -0.01871071 	6.3921479e-06 	4.9308984e-07 	 0.32375138 	-6.4370983e-06 	-1.1555624e-06 		-0.07125 1.7422519e-09 3.8172574e-07 1200000 1
-0.07 -1980506.9 	0.039802647 	-0.10386198 	 -3210324.2 	-1.3212953 	0.40101233 	 3.1793451e-09 	0.011600747 	0.032843257 	 -1.1097047e-08 	0.013087902 	-0.0042564711 	 0.0014674544 	25716.742 	-32504.144 	 -0.045134805 	6.2960396e-06 	4.9426975e-07 	 0.22258264 	-6.3935319e-06 	-1.1604461e-06 		-0.07 9.6587981e-09 3.7370395e-07 1200000 1
-0.06875 -1952629.6 	-0.056300724 	-0.11899289 	 -2928537.1 	-1.585218 	0.40887562 	 2.4859218e-09 	0.011909514 	0.031079559 	 -1.3502855e-08 	0.012871927 	-0.0062469961 	 0.0021634296 	21207.546 	-30471.749 	 -0.069834887 	6.2056239e-06 	5.1332364e-07 	 0.12632732 	-6.3691369e-06 	-1.1755966e-06 		-0.06875 1.7478002e-08 3.6570475e-07 1200000 1
-0.0675 -1911270.9 	-0.15412702 	-0.12269075 	 -2667000.3 	-1.8478728 	0.41625115 	 1.8680263e-09 	0.012037373 	0.029372842 	 -1.5674462e-08 	0.012456738 	-0.0079627081 	 0.0032604162 	17469.936 	-28127.407 	 -0.092654307 	6.1019313e-06 	5.2200627e-07 	 0.035263082 	-6.345525e-06 	-1.1904031e-06 		-0.0675 2.5169273e-08 3.577727e-07 1200000 1
-0.06625 -1860818.8 	-0.27377637 	-0.12429632 	 -2424150 	-2.1334584 	0.4105945 	 1.1526942e-09 	0.012072658 	0.027750244 	 -1.7932529e-08 	0.011937116 	-0.0094354969 	 0.0045752808 	14392.494 	-25701.008 	 -0.11374461 	6.0056011e-06 	5.2855427e-07 	 -0.050953808 	-6.3027458e-06 	-1.1942011e-06 		-0.06625 3.2734426e-08 3.4988658e-07 1200000 1
-0.065 -1801592.8 	-0.41241077 	-0.13108803 	 -2199718.5 	-2.4301396 	0.39371281 	 4.4832054e-10 	0.012002724 	0.026195541 	 -2.0065769e-08 	0.01134847 	-0.010702123 	 0.0061751168 	11838.663 	-23307.364 	 -0.13309524 	5.912557e-06 	5.3895972e-07 	 -0.13226201 	-6.2491944e-06 	-1.1885822e-06 		-0.065 4.0182526e-08 3.4203734e-07 1200000 1
-0.06375 -1736415.6 	-0.55031249 	-0.1414129 	 -1992618.7 	-2.6902118 	0.38610285 	 -2.876669e-10 	0.011843838 	0.02473207 	 -2.2163725e-08 	0.010700914 	-0.011775096 	 0.0078131256 	9750.0769 	-20949.338 	 -0.1507612 	5.8110066e-06 	5.5205911e-07 	 -0.20877514 	-6.2254416e-06 	-1.1905983e-06 		-0.06375 4.7512727e-08 3.342231e-07 1200000 1
-0.0625 -1666445.5 	-0.6874234 	-0.15823966 	 -1801553.5 	-2.9156552 	0.39668142 	 -1.1978405e-09 	0.011635301 	0.023343406 	 -2.4376897e-08 	0.010046772 	-0.012693133 	 0.0094312353 	8024.8029 	-18755.462 	 -0.1668572 	5.6976512e-06 	5.7057833e-07 	 -0.2807378 	-6.2290573e-06 	-1.207633e-06 		-0.0625 5.4711286e-08 3.2643897e-07 1200000 1
-0.06125 -1593178 	-0.82307687 	-0.15940211 	 -1625931.7 	-3.1655569 	0.40701874 	 -1.9391519e-09 	0.011335066 	0.02204384 	 -2.638088e-08 	0.0093577679 	-0.013459211 	 0.011256668 	6625.9059 	-16644.963 	 -0.18134655 	5.5757586e-06 	5.7577294e-07 	 -0.34803022 	-6.2112278e-06 	-1.2245502e-06 		-0.06125 6.1755742e-08 3.1868452e-07 1200000 1
-0.06 -1517368.8 	-0.96821398 	-0.17165442 	 -1464787.7 	-3.4536673 	0.40986306 	 -2.9252455e-09 	0.011035408 	0.020826206 	 -2.8600034e-08 	0.0087052428 	-0.01410322 	 0.013444427 	5476.1329 	-14754.247 	 -0.19443035 	5.4540016e-06 	5.9038441e-07 	 -0.41114849 	-6.1593377e-06 	-1.2349584e-06 		-0.06 6.8655927e-08 3.10942e-07 1200000 1
-0.05875 -1440839.3 	-1.1198969 	-0.16674095 	 -1316427 	-3.7229075 	0.41453683 	 -3.7130693e-09 	0.010635555 	0.019685044 	 -3.0527264e-08 	0.0080249137 	-0.014636245 	 0.015459622 	4554.309 	-12953.537 	 -0.20600857 	5.3286558e-06 	5.9035094e-07 	 -0.46981355 	-6.1205589e-06 	-1.247146e-06 		-0.05875 7.5385482e-08 3.0325705e-07 1200000 1
-0.0575 -1363093.3 	-1.2682382 	-0.18046888 	 -1181364.3 	-3.9513762 	0.43286609 	 -4.9042965e-09 	0.010277489 	0.018633517 	 -3.2834993e-08 	0.0074067848 	-0.015068957 	 0.017293052 	3800.7128 	-11381.94 	 -0.21633724 	5.1971849e-06 	6.061777e-07 	 -0.52469952 	-6.1155181e-06 	-1.2702407e-06 		-0.0575 8.1981407e-08 2.9558135e-07 1200000 1
-0.05625 -1286457.8 	-1.4279874 	-0.17147806 	 -1056631.6 	-4.1919008 	0.43099837 	 -5.7330832e-09 	0.0098141663 	0.017642232 	 -3.468543e-08 	0.0067674841 	-0.015424034 	 0.019158317 	3204.6337 	-9897.6525 	 -0.2252672 	5.0645217e-06 	6.0263977e-07 	 -0.57540004 	-6.0963292e-06 	-1.2768929e-06 		-0.05625 8.838425e-08 2.8799508e-07 1200000 1
-0.055 -1209923.2 	-1.5870346 	-0.18697966 	 -943536.22 	-4.4753883 	0.42917377 	 -7.0602126e-09 	0.0094131407 	0.016741574 	 -3.7015847e-08 	0.0061931673 	-0.015700489 	 0.021408523 	2722.0279 	-8617.6873 	 -0.23308457 	4.9302275e-06 	6.2002983e-07 	 -0.62270468 	-6.0409551e-06 	-1.2828985e-06 		-0.055 9.4643612e-08 2.8040031e-07 1200000 1
-0.05375 -1135256.6 	-1.7525638 	-0.17913462 	 -839241.34 	-4.7430189 	0.43097401 	 -7.9773195e-09 	0.0089293953 	0.015891995 	 -3.887338e-08 	0.00561764 	-0.015920283 	 0.023435997 	2344.5787 	-7434.4116 	 -0.23963978 	4.790458e-06 	6.1758325e-07 	 -0.6662047 	-5.9941533e-06 	-1.2923088e-06 		-0.05375 1.0070136e-07 2.7287801e-07 1200000 1
-0.0525 -1061783.6 	-1.9179818 	-0.19131961 	 -744594.35 	-4.9726205 	0.44050118 	 -9.3946341e-09 	0.0084922556 	0.01512488 	 -4.1130611e-08 	0.0050922109 	-0.016080851 	 0.0251734 	2043.4739 	-6406.8223 	 -0.24518091 	4.6508056e-06 	6.323816e-07 	 -0.7066134 	-5.9790428e-06 	-1.3075427e-06 		-0.0525 1.0661332e-07 2.6536547e-07 1200000 1
-0.05125 -990242.24 	-2.0952569 	-0.18405288 	 -657984.9 	-5.1940284 	0.44292866 	 -1.0458293e-08 	0.0080130957 	0.014410047 	 -4.3041459e-08 	0.0045886491 	-0.016194745 	 0.02672572 	1810.1882 	-5484.6924 	 -0.24961588 	4.5132895e-06 	6.3074339e-07 	 -0.74368061 	-5.9660411e-06 	-1.3170656e-06 		-0.05125 1.1233352e-07 2.5793217e-07 1200000 1
-0.05 -920945.6 	-2.2728128 	-0.18948388 	 -578792.71 	-5.4457493 	0.45020097 	 -1.1857984e-08 	0.0075590421 	0.013762057 	 -4.5196802e-08 	0.0041179145 	-0.016269998 	 0.028464424 	1628.677 	-4675.919 	 -0.25312278 	4.3750083e-06 	6.4025564e-07 	 -0.77794284 	-5.9269607e-06 	-1.3301158e-06 		-0.05 1.1789135e-07 2.505118e-07 1200000 1
-0.04875 -853533.57 	-2.4563123 	-0.18212698 	 -506924.87 	-5.7119042 	0.44895183 	 -1.2956206e-08 	0.0070943249 	0.013169085 	 -4.7093293e-08 	0.0036814833 	-0.016304993 	 0.030230504 	1490.1432 	-3967.5433 	 -0.25566746 	4.2369273e-06 	6.3906601e-07 	 -0.80931354 	-5.8718125e-06 	-1.3360412e-06 		-0.04875 1.2326821e-07 2.4313446e-07 1200000 1
-0.0475 -788882.07 	-2.6448332 	-0.18372074 	 -440791.37 	-5.9479437 	0.45024381 	 -1.4324222e-08 	0.0066399601 	0.012630112 	 -4.9154167e-08 	0.0032684652 	-0.016314746 	 0.031694861 	1386.1522 	-3343.6997 	 -0.25736641 	4.1012346e-06 	6.4587525e-07 	 -0.83816267 	-5.8402875e-06 	-1.3436999e-06 		-0.0475 1.2848024e-07 2.3579028e-07 1200000 1
-0.04625 -726321.76 	-2.8382401 	-0.18258214 	 -380749.54 	-6.15236 	0.46043679 	 -1.566279e-08 	0.0061936887 	0.012141895 	 -5.1131918e-08 	0.0028896871 	-0.016295228 	 0.032830268 	1309.4496 	-2805.6173 	 -0.25824015 	3.9668707e-06 	6.50659e-07 	 -0.86456301 	-5.8318995e-06 	-1.3585716e-06 		-0.04625 1.3352327e-07 2.2850058e-07 1200000 1
-0.045 -666524.36 	-3.0302958 	-0.17816519 	 -325487.89 	-6.3824251 	0.46774895 	 -1.6875125e-08 	0.0057508 	0.011702853 	 -5.3061084e-08 	0.0025326958 	-0.016254001 	 0.03408805 	1255.1977 	-2333.4214 	 -0.25834432 	3.8313732e-06 	6.5313297e-07 	 -0.88871259 	-5.8003033e-06 	-1.3707178e-06 		-0.045 1.3839671e-07 2.2125204e-07 1200000 1
-0.04375 -609058.28 	-3.2243315 	-0.180975 	 -274927.69 	-6.6418181 	0.46374705 	 -1.8295561e-08 	0.0053262223 	0.011306817 	 -5.5045949e-08 	0.002203701 	-0.016195659 	 0.035542429 	1218.5085 	-1930.2089 	 -0.25774984 	3.6940753e-06 	6.6227164e-07 	 -0.91082922 	-5.7406785e-06 	-1.3730511e-06 		-0.04375 1.4310254e-07 2.1403108e-07 1200000 1
-0.0425 -554306.25 	-3.4180749 	-0.17302188 	 -228170.37 	-6.8752706 	0.45972115 	 -1.9361708e-08 	0.0048999247 	0.010951092 	 -5.6842864e-08 	0.0018955778 	-0.016119975 	 0.036705237 	1196.6088 	-1579.083 	 -0.25646232 	3.5567333e-06 	6.6281469e-07 	 -0.93096892 	-5.7005538e-06 	-1.3752075e-06 		-0.0425 1.4763214e-07 2.0686256e-07 1200000 1
-0.04125 -501847.41 	-3.6132918 	-0.17930873 	 -185251.19 	-7.0696532 	0.47597904 	 -2.099493e-08 	0.0044999425 	0.010639712 	 -5.8905891e-08 	0.0016102175 	-0.016030961 	 0.03748883 	1185.7914 	-1282.5797 	 -0.25458663 	3.4206531e-06 	6.7632979e-07 	 -0.9494427 	-5.6918052e-06 	-1.3936773e-06 		-0.04125 1.5200424e-07 1.9972655e-07 1200000 1
-0.04 -452086.78 	-3.8145263 	-0.16790828 	 -144997.45 	-7.2809556 	0.47877291 	 -2.1979625e-08 	0.0040937162 	0.010351715 	 -6.0578654e-08 	0.0013442525 	-0.015933047 	 0.038331362 	1185.5086 	-1027.4596 	 -0.25209415 	3.2862369e-06 	6.7544821e-07 	 -0.96621061 	-5.6640275e-06 	-1.4010126e-06 		-0.04 1.5618719e-07 1.9267056e-07 1200000 1
-0.03875 -404493.65 	-4.0079765 	-0.17358665 	 -107940.37 	-7.5339189 	0.4697299 	 -2.3630958e-08 	0.0037183835 	0.010114219 	 -6.2651857e-08 	0.0010953514 	-0.015821201 	 0.039406297 	1192.1309 	-814.7703 	 -0.24911242 	3.1506335e-06 	6.9041201e-07 	 -0.98164292 	-5.6022864e-06 	-1.3975651e-06 		-0.03875 1.6022231e-07 1.8561098e-07 1200000 1
-0.0375 -359483.37 	-4.2072749 	-0.16016758 	 -72629.197 	-7.7546575 	0.47015871 	 -2.4458208e-08 	0.0033351368 	0.0098838572 	 -6.4180501e-08 	0.00086609251 	-0.015707011 	 0.040205997 	1206.9965 	-635.27139 	 -0.24558471 	3.0120023e-06 	6.8978107e-07 	 -0.99562068 	-5.5597842e-06 	-1.4023969e-06 		-0.0375 1.640581e-07 1.7862846e-07 1200000 1
-0.03625 -316589.61 	-4.400441 	-0.17132043 	 -39735.355 	-7.9378134 	0.48883288 	 -2.6362616e-08 	0.0029815594 	0.0097036767 	 -6.6281875e-08 	0.00064704343 	-0.015581114 	 0.040601869 	1226.6105 	-488.53915 	 -0.24165242 	2.8762872e-06 	7.1192484e-07 	 -1.0085444 	-5.5519554e-06 	-1.421323e-06 		-0.03625 1.6775691e-07 1.7164833e-07 1200000 1
-0.035 -276019.62 	-4.6068235 	-0.16100036 	 -8106.7018 	-8.1302001 	0.4868804 	 -2.7331889e-08 	0.0026257123 	0.0095262237 	 -6.7785432e-08 	0.00044817626 	-0.015453543 	 0.041030335 	1252.8713 	-368.66395 	 -0.23725297 	2.7436673e-06 	7.1670826e-07 	 -1.0202792 	-5.5284744e-06 	-1.4235053e-06 		-0.035 1.7125394e-07 1.6477676e-07 1200000 1
-0.03375 -237516.04 	-4.8007889 	-0.16651916 	 21950.494 	-8.3555878 	0.48518383 	 -2.9043854e-08 	0.002290858 	0.0093904721 	 -6.9727726e-08 	0.0002557582 	-0.01531633 	 0.041594092 	1283.1688 	-273.5053 	 -0.23251111 	2.6080274e-06 	7.3731963e-07 	 -1.0311754 	-5.4791187e-06 	-1.4248918e-06 		-0.03375 1.7460542e-07 1.5789441e-07 1200000 1
-0.0325 -201065.86 	-4.994886 	-0.15736946 	 50971.286 	-8.5701068 	0.48538463 	 -2.9989626e-08 	0.0019620497 	0.0092647763 	 -7.1243682e-08 	8.1967685e-05 	-0.015173178 	 0.042040413 	1318.8501 	-199.75727 	 -0.22738711 	2.4696394e-06 	7.4689938e-07 	 -1.041155 	-5.4329414e-06 	-1.4281045e-06 		-0.0325 1.7776814e-07 1.5107018e-07 1200000 1
-0.03125 -166646.64 	-5.1878377 	-0.16238643 	 79260.649 	-8.7563186 	0.48984266 	 -3.1629597e-08 	0.001646315 	0.0091657922 	 -7.3030432e-08 	-8.7247789e-05 	-0.015024992 	 0.042164233 	1358.7966 	-145.2816 	 -0.22197297 	2.3345766e-06 	7.713462e-07 	 -1.0504727 	-5.4111897e-06 	-1.434158e-06 		-0.03125 1.8077669e-07 1.4427156e-07 1200000 1
-0.03 -134089.29 	-5.3815331 	-0.1572657 	 106769.68 	-8.9255625 	0.49313636 	 -3.2758331e-08 	0.0013411823 	0.0090845416 	 -7.4578877e-08 	-0.00024052894 	-0.014866201 	 0.042101212 	1403.3753 	-107.47257 	 -0.21625428 	2.2012792e-06 	7.8940473e-07 	 -1.0591124 	-5.3997217e-06 	-1.4392966e-06 		-0.03 1.8360837e-07 1.375315e-07 1200000 1
-0.02875 -103492.05 	-5.568036 	-0.15678788 	 134155.72 	-9.1205454 	0.49234288 	 -3.4130847e-08 	0.0010443462 	0.0090195895 	 -7.6219752e-08 	-0.00038891329 	-0.01470321 	 0.042136428 	1452.5992 	-84.870885 	 -0.21029485 	2.0646226e-06 	8.1492404e-07 	 -1.0672509 	-5.3655028e-06 	-1.4406227e-06 		-0.02875 1.8627387e-07 1.3082221e-07 1200000 1
-0.0275 -74626.434 	-5.7475776 	-0.15209963 	 161158.6 	-9.3252245 	0.48516057 	 -3.5260554e-08 	0.00075873495 	0.0089718242 	 -7.7753461e-08 	-0.00052487157 	-0.014529777 	 0.04216495 	1506.188 	-75.416548 	 -0.20410154 	1.9241014e-06 	8.4024253e-07 	 -1.0749085 	-5.319895e-06 	-1.4366064e-06 		-0.0275 1.8876459e-07 1.2414017e-07 1200000 1
-0.02625 -47679.898 	-5.9224999 	-0.14742608 	 188439.23 	-9.499296 	0.47968323 	 -3.6254291e-08 	0.00047911957 	0.0089385051 	 -7.9226752e-08 	-0.0006540816 	-0.014347001 	 0.041881192 	1564.6475 	-77.597102 	 -0.19771662 	1.7852208e-06 	8.700272e-07 	 -1.0822163 	-5.2991812e-06 	-1.4338946e-06 		-0.02625 1.9108649e-07 1.1748479e-07 1200000 1
-0.025 -22361.625 	-6.0982089 	-0.15104136 	 215755.18 	-9.6528185 	0.47532006 	 -3.767296e-08 	0.00020851627 	0.0089177622 	 -8.0762179e-08 	-0.00077446668 	-0.014156109 	 0.041354749 	1627.3057 	-90.556088 	 -0.19116307 	1.6476631e-06 	9.1180606e-07 	 -1.0892019 	-5.2930052e-06 	-1.4322107e-06 		-0.025 1.9323591e-07 1.1086017e-07 1200000 1
-0.02375 1078.9901 	-6.2640776 	-0.14368639 	 243666.24 	-9.822405 	0.46921352 	 -3.8338972e-08 	-5.6736112e-05 	0.0089056358 	 -8.2044434e-08 	-0.00088384819 	-0.013952319 	 0.04087006 	1694.9736 	-112.00011 	 -0.18446344 	1.5071203e-06 	9.4988881e-07 	 -1.0959521 	-5.2711611e-06 	-1.4294901e-06 		-0.02375 1.9520438e-07 1.0427758e-07 1200000 1
-0.0225 22903.989 	-6.4165244 	-0.14355249 	 271974.81 	-10.009644 	0.47988774 	 -3.962218e-08 	-0.00031765189 	0.0089096712 	 -8.3552703e-08 	-0.00098894602 	-0.013737735 	 0.040400442 	1766.3879 	-142.46764 	 -0.17766238 	1.3604999e-06 	1.0016015e-06 	 -1.1025346 	-5.2335082e-06 	-1.4408418e-06 		-0.0225 1.9700536e-07 9.7701406e-08 1200000 1
-0.02125 42934.474 	-6.5650762 	-0.13411197 	 301073.83 	-10.172099 	0.48656775 	 -3.991707e-08 	-0.0005723534 	0.0089083977 	 -8.4617197e-08 	-0.0010750495 	-0.013510392 	 0.039730321 	1842.605 	-178.11244 	 -0.17075217 	1.2096953e-06 	1.0522114e-06 	 -1.1089261 	-5.2106976e-06 	-1.4503157e-06 		-0.02125 1.9860384e-07 9.1174681e-08 1200000 1
-0.02 61279.821 	-6.6979283 	-0.14316276 	 330938.6 	-10.309938 	0.49360897 	 -4.1347358e-08 	-0.00083011386 	0.0089308248 	 -8.6131023e-08 	-0.0011622667 	-0.013267536 	 0.038727653 	1921.8431 	-221.78299 	 -0.16381261 	1.0589665e-06 	1.1294805e-06 	 -1.1153043 	-5.2121502e-06 	-1.4603728e-06 		-0.02 2.0004649e-07 8.462559e-08 1200000 1
-0.01875 77873.489 	-6.8342915 	-0.13269026 	 361645.67 	-10.454567 	0.46478891 	 -4.1324917e-08 	-0.0010803657 	0.0089337703 	 -8.7031127e-08 	-0.0012193394 	-0.013010816 	 0.037748625 	2004.91 	-266.23728 	 -0.15679492 	9.0399585e-07 	1.1987808e-06 	 -1.1214716 	-5.1979071e-06 	-1.4434317e-06 		-0.01875 2.0125313e-07 7.8157875e-08 1200000 1
-0.0175 92733.167 	-6.9416198 	-0.13383842 	 393428.91 	-10.627767 	0.46848827 	 -4.2496791e-08 	-0.0013424506 	0.0089613081 	 -8.8457209e-08 	-0.0012799008 	-0.012737175 	 0.036807212 	2090.0177 	-317.98337 	 -0.14981447 	7.4158281e-07 	1.2939852e-06 	 -1.1277337 	-5.1646595e-06 	-1.4547058e-06 		-0.0175 2.0230173e-07 7.1672652e-08 1200000 1
-0.01625 105773.18 	-7.0433596 	-0.12119701 	 426027.88 	-10.759887 	0.45493493 	 -4.2143237e-08 	-0.0016000042 	0.0089654564 	 -8.9269411e-08 	-0.0013022773 	-0.012444915 	 0.035619869 	2176.7898 	-365.80716 	 -0.14279696 	5.6750584e-07 	1.3900087e-06 	 -1.1337505 	-5.1552304e-06 	-1.456269e-06 		-0.01625 2.0309299e-07 6.5242291e-08 1200000 1
-0.015 116992.83 	-7.1206064 	-0.12508048 	 459877.5 	-10.860673 	0.42748534 	 -4.2826784e-08 	-0.001876376 	0.008986732 	 -9.0571719e-08 	-0.0013205445 	-0.012134283 	 0.034076159 	2264.138 	-417.49831 	 -0.13586481 	3.9092417e-07 	1.5218372e-06 	 -1.1398801 	-5.1784878e-06 	-1.4493733e-06 		-0.015 2.0371386e-07 5.8764017e-08 1200000 1
-0.01375 126179.84 	-7.1846415 	-0.11360053 	 494530.45 	-10.958768 	0.3718107 	 -4.2199473e-08 	-0.0021588551 	0.0089908285 	 -9.150362e-08 	-0.0012974699 	-0.011798092 	 0.032507037 	2349.9249 	-460.83413 	 -0.12894988 	2.0252764e-07 	1.6610546e-06 	 -1.1457392 	-5.1995582e-06 	-1.4260976e-06 		-0.01375 2.0406794e-07 5.2288568e-08 1200000 1
-0.0125 133473.76 	-7.2145837 	-0.10521905 	 530354.3 	-11.095137 	0.36305717 	 -4.2093877e-08 	-0.0024686034 	0.0089980733 	 -9.2764024e-08 	-0.0012544874 	-0.011444691 	 0.031144907 	2433.821 	-501.56208 	 -0.12214787 	-5.2559406e-10 	1.833505e-06 	 -1.1516105 	-5.1927435e-06 	-1.4488468e-06 		-0.0125 2.0420579e-07 4.578764e-08 1200000 1
-0.01125 138420.31 	-7.2148581 	-0.076680455 	 566850.94 	-11.259396 	0.3575277 	 -4.0928957e-08 	-0.0028023222 	0.0089935871 	 -9.3829561e-08 	-0.001164136 	-0.011059554 	 0.029953705 	2511.9245 	-527.66938 	 -0.11540373 	-2.2095947e-07 	2.0218729e-06 	 -1.1571102 	-5.1633296e-06 	-1.4856483e-06 		-0.01125 2.0405166e-07 3.9321918e-08 1200000 1
-0.01 141251.72 	-7.1854428 	-0.044894375 	 604217.04 	-11.436115 	0.30202645 	 -4.0022625e-08 	-0.0031792765 	0.0089825366 	 -9.5062647e-08 	-0.001031345 	-0.010656688 	 0.028772839 	2584.4227 	-540.08958 	 -0.10878268 	-4.5021119e-07 	2.2517013e-06 	 -1.1624227 	-5.1285972e-06 	-1.49333e-06 		-0.01 2.036437e-07 3.2897361e-08 1200000 1
-0.00875 141425.21 	-7.1163428 	0.0049097731 	 641696.98 	-11.624721 	0.17771296 	 -3.8671833e-08 	-0.0036096242 	0.0089565341 	 -9.6190551e-08 	-0.00083516424 	-0.010220436 	 0.027651111 	2645.6292 	-526.90303 	 -0.10220766 	-7.0004813e-07 	2.5198596e-06 	 -1.1670557 	-5.0892013e-06 	-1.462189e-06 		-0.00875 2.0291774e-07 2.6508277e-08 1200000 1
-0.0075 138963.52 	-6.9836123 	0.066280462 	 679474.9 	-11.810833 	0.054336984 	 -3.6693083e-08 	-0.0041174428 	0.0089231546 	 -9.7051424e-08 	-0.00056332798 	-0.0097629238 	 0.026697121 	2696.2091 	-481.1454 	 -0.095738902 	-9.7371867e-07 	2.8450355e-06 	 -1.1711685 	-5.0622689e-06 	-1.4513621e-06 		-0.0075 2.0189698e-07 2.0149875e-08 1200000 1
-0.00625 133413.02 	-6.7552506 	0.15656475 	 716142.7 	-11.953199 	-0.026024065 	 -3.5160363e-08 	-0.0047368193 	0.0088671964 	 -9.7734311e-08 	-0.00019227656 	-0.0092717363 	 0.025868564 	2728.1365 	-388.45947 	 -0.089225455 	-1.3017919e-06 	3.236385e-06 	 -1.1739954 	-5.0916418e-06 	-1.5037197e-06 		-0.00625 2.004726e-07 1.380674e-08 1200000 1
-0.005 124358.89 	-6.3662956 	0.30112149 	 751433.92 	-12.19232 	-0.12160628 	 -3.3030875e-08 	-0.0055161928 	0.0087966703 	 -9.781835e-08 	0.00032517661 	-0.0087496342 	 0.026292764 	2740.0327 	-224.29859 	 -0.082683099 	-1.7073747e-06 	3.6910291e-06 	 -1.1754054 	-5.0705115e-06 	-1.5694206e-06 		-0.005 1.9861839e-07 7.4621526e-09 1200000 1
-0.00375 111255.59 	-5.7029531 	0.53136638 	 783380.31 	-12.669329 	-0.38962807 	 -3.1842842e-08 	-0.0065603314 	0.0086996044 	 -9.8605709e-08 	0.0010319596 	-0.008172604 	 0.028975421 	2717.0399 	35.526624 	 -0.07593689 	-2.244157e-06 	4.2379805e-06 	 -1.1745079 	-4.8999158e-06 	-1.5240108e-06 		-0.00375 1.9620294e-07 1.2156672e-09 1200000 1
-0.0025 92584.961 	-4.6595302 	0.93624046 	 809373.97 	-13.223902 	-0.74130863 	 -2.7710125e-08 	-0.0080544829 	0.0085287943 	 -9.8126338e-08 	0.0020968037 	-0.0074736388 	 0.034415319 	2630.0198 	473.15601 	 -0.068837276 	-2.9608863e-06 	4.8534881e-06 	 -1.1699055 	-4.7226305e-06 	-1.4420261e-06 		-0.0025 1.9297403e-07 -4.8396672e-09 1200000 1
-0.00125 66374.161 	-2.9423043 	1.8024194 	 825557.55 	-13.900754 	-1.138702 	 -2.3068836e-08 	-0.010501245 	0.0081490663 	 -9.8040855e-08 	0.0036947903 	-0.0063388886 	 0.043865263 	2346.4698 	1173.9199 	 -0.061350102 	-3.955712e-06 	5.4666742e-06 	 -1.1604533 	-4.597822e-06 	-1.3517312e-06 		-0.00125 1.8876819e-07 -1.0679753e-08 1200000 1
5.2475385e-17 41160.156 	-0.36617495 	3.3499055 	 651479.51 	-15.366325 	-1.9494425 	 -1.1070912e-07 	-0.020879904 	-0.037545176 	 -4.5701043e-07 	0.0057157528 	-0.016928483 	 0.17026044 	5403.5421 	1369.5182 	 -0.05331498 	-5.427355e-06 	5.875335e-06 	 -1.1411954 	-3.9170625e-06 	-9.1035246e-07 		5.2475385e-17 1.8280634e-07 -1.6034e-08 1200000 5.5
0.00125 174552.86 	2.2203971 	1.6306619 	 686455.95 	-14.810467 	-1.4116217 	 -3.1702257e-07 	-0.034139427 	0.025516921 	 -8.0601749e-07 	0.0011113066 	-0.022420861 	 0.22237343 	5416.2331 	-2672.0917 	 -0.045075731 	-6.8977176e-06 	5.5689109e-06 	 -1.1124594 	-3.5139774e-06 	-5.6860825e-07 		0.00125 1.7522272e-07 -2.0539887e-08 1200000 10
0.0025 256392.78 	4.3293651 	0.8042506 	 755522.13 	-13.601938 	-1.0244143 	 -3.8750634e-07 	-0.031740954 	0.0155495 	 -7.5315056e-07 	-0.00358507 	-0.017688195 	 0.16548801 	4638.105 	-5555.4884 	 -0.035923518 	-7.941338e-06 	4.9598234e-06 	 -1.0739068 	-3.6494091e-06 	-2.6369686e-07 		0.0025 1.6582164e-07 -2.5088569e-08 1200000 10
0.00375 309845.32 	5.8897024 	0.48158414 	 765365.83 	-12.619422 	-0.59164108 	 -4.4084415e-07 	-0.030387892 	0.012446724 	 -6.9067486e-07 	-0.0065503953 	-0.01523182 	 0.13876801 	3887.7376 	-7305.4832 	 -0.025949548 	-8.6792062e-06 	4.3404863e-06 	 -1.0306989 	-3.8666775e-06 	-1.7267374e-07 		0.00375 1.5538893e-07 -2.9834627e-08 1200000 10
0.005 338034.39 	7.1208039 	0.33699873 	 753104.06 	-11.628308 	-0.38955628 	 -4.8083359e-07 	-0.029954625 	0.011273281 	 -6.2943091e-07 	-0.0081562959 	-0.013522711 	 0.12409588 	3193.8668 	-8271.7899 	 -0.015244077 	-9.1905536e-06 	3.7920924e-06 	 -0.98428408 	-4.0780886e-06 	-3.453771e-08 		0.005 1.441526e-07 -3.4765945e-08 1200000 10
0.00625 357794.87 	7.986247 	0.3002125 	 732518.45 	-10.938642 	-0.28713683 	 -5.1948427e-07 	-0.029925624 	0.010902154 	 -5.7387474e-07 	-0.0088740743 	-0.012509644 	 0.11603486 	2637.11 	-8689.9616 	 -0.0040734888 	-9.5506215e-06 	3.3086182e-06 	 -0.93614647 	-4.2187392e-06 	9.6115263e-08 		0.00625 1.3242652e-07 -3.9891647e-08 1200000 10
0.0075 365271.69 	8.7580052 	0.28190258 	 710797.62 	-10.293572 	-0.27081929 	 -5.5363081e-07 	-0.029911523 	0.010897042 	 -5.2738926e-07 	-0.0091300676 	-0.011729641 	 0.11228454 	2197.4486 	-8828.2768 	 0.0072363795 	-9.8308326e-06 	2.9034121e-06 	 -0.88727153 	-4.2940125e-06 	2.2560803e-07 		0.0075 1.2031838e-07 -4.5238042e-08 1200000 10
0.00875 370364.05 	9.3302912 	0.29713584 	 688610.35 	-9.7252541 	-0.17088046 	 -5.905549e-07 	-0.029889813 	0.010996789 	 -4.8500442e-07 	-0.0089888857 	-0.011264368 	 0.11056642 	1855.199 	-8722.6485 	 0.018621741 	-1.0074632e-05 	2.5367623e-06 	 -0.83780132 	-4.406788e-06 	2.4290138e-07 		0.00875 1.0784442e-07 -5.073e-08 1200000 10
0.01 371086.02 	9.8492967 	0.33821029 	 668849.59 	-9.0850013 	-0.15158303 	 -6.2747512e-07 	-0.029790473 	0.011180867 	 -4.4815659e-07 	-0.0087116323 	-0.010928986 	 0.10986855 	1595.0634 	-8538.2181 	 0.029816311 	-1.028852e-05 	2.2007786e-06 	 -0.78850471 	-4.5678384e-06 	2.9463262e-07 		0.01 9.5119104e-08 -5.6352556e-08 1200000 10
0.01125 369468.76 	10.23618 	0.39027275 	 651861.18 	-8.5891219 	-0.22842937 	 -6.645354e-07 	-0.029616809 	0.011382358 	 -4.1597618e-07 	-0.0083679694 	-0.010692529 	 0.11010025 	1400.1237 	-8310.4212 	 0.040838689 	-1.0439691e-05 	1.8884033e-06 	 -0.73926801 	-4.6279876e-06 	4.1414111e-07 		0.01125 8.2147614e-08 -6.2054126e-08 1200000 10
0.0125 369508.08 	10.478545 	0.46521274 	 636349.97 	-8.2082357 	-0.26025845 	 -7.0253808e-07 	-0.029437613 	0.011553272 	 -3.8348146e-07 	-0.0079373075 	-0.010582029 	 0.11026605 	1242.7138 	-8047.844 	 0.051554832 	-1.0530236e-05 	1.5998124e-06 	 -0.69055533 	-4.6125997e-06 	4.8155931e-07 		0.0125 6.9058205e-08 -6.7821429e-08 1200000 10
0.01375 366047.63 	10.693753 	0.50781146 	 624077.94 	-7.6746114 	-0.34694461 	 -7.3865869e-07 	-0.0291742 	0.011738548 	 -3.5759237e-07 	-0.0075960822 	-0.010440635 	 0.11010415 	1128.494 	-7839.2014 	 0.061997438 	-1.0568998e-05 	1.3562597e-06 	 -0.64229634 	-4.6713725e-06 	5.8678073e-07 		0.01375 5.58465e-08 -7.3638013e-08 1200000 10
0.015 367225.77 	10.789759 	0.58157874 	 613873.4 	-7.169449 	-0.33868373 	 -7.7594458e-07 	-0.029021084 	0.011889666 	 -3.290967e-07 	-0.0072112948 	-0.010433443 	 0.10918385 	1027.8428 	-7622.664 	 0.072095994 	-1.0569195e-05 	1.1187775e-06 	 -0.59482425 	-4.8237297e-06 	6.187545e-07 		0.015 4.263658e-08 -7.9607488e-08 1200000 10
0.01625 364336.28 	10.892806 	0.61231778 	 604823.28 	-6.5237682 	-0.51192017 	 -8.1020043e-07 	-0.028751158 	0.012021109 	 -3.0744598e-07 	-0.006916084 	-0.010328391 	 0.10755227 	952.30009 	-7474.9011 	 0.081908337 	-1.0526069e-05 	9.3088549e-07 	 -0.54804579 	-4.9382883e-06 	7.794952e-07 		0.01625 2.9433651e-08 -8.5685305e-08 1200000 10
0.0175 367670.13 	10.865897 	0.67645493 	 599432.86 	-6.2382298 	-0.49233332 	 -8.4392179e-07 	-0.028704804 	0.012159411 	 -2.8087814e-07 	-0.0066219195 	-0.010372764 	 0.10690272 	880.65119 	-7340.1608 	 0.091374404 	-1.0456985e-05 	7.4434006e-07 	 -0.50226803 	-4.9707715e-06 	8.1149563e-07 		0.0175 1.633564e-08 -9.1838576e-08 1200000 10
0.01875 365898.08 	10.891525 	0.67852609 	 593252.64 	-5.6374556 	-0.6320069 	 -8.7362769e-07 	-0.028495942 	0.012247291 	 -2.6155332e-07 	-0.0063924361 	-0.010272397 	 0.10472555 	824.41224 	-7272.0795 	 0.10056553 	-1.0351658e-05 	6.2060994e-07 	 -0.45739902 	-5.0049008e-06 	9.3161424e-07 		0.01875 3.3233501e-09 -9.8079208e-08 1200000 10
0.02 372153.21 	10.791065 	0.74880176 	 590717.66 	-5.338164 	-0.60550379 	 -9.0295422e-07 	-0.02857522 	0.01234875 	 -2.3513148e-07 	-0.0061369115 	-0.010350903 	 0.10339382 	765.20894 	-7206.4082 	 0.10942798 	-1.0233669e-05 	4.5986843e-07 	 -0.41366999 	-5.0967674e-06 	9.6014479e-07 		0.02 -9.550215e-09 -1.0442164e-07 1200000 10
0.02125 373263.18 	10.778949 	0.76641339 	 587409.58 	-4.6896794 	-0.79596602 	 -9.2787602e-07 	-0.028510434 	0.01240485 	 -2.1824881e-07 	-0.0059457335 	-0.010281996 	 0.10065587 	717.57972 	-7209.3139 	 0.11801608 	-1.0096335e-05 	3.5315827e-07 	 -0.37109234 	-5.2042828e-06 	1.1186248e-06 		0.02125 -2.2263877e-08 -1.1087272e-07 1200000 10
0.0225 380877.39 	10.645407 	0.83798365 	 587413.42 	-4.3717394 	-0.79719578 	 -9.5026932e-07 	-0.028699183 	0.012480435 	 -1.9329027e-07 	-0.0057406133 	-0.010349577 	 0.099107895 	667.58021 	-7226.5101 	 0.12629826 	-9.9418863e-06 	2.2000697e-07 	 -0.32977008 	-5.2844734e-06 	1.1622748e-06 		0.0225 -3.4795749e-08 -1.1740557e-07 1200000 10
0.02375 384522.77 	10.590288 	0.86372922 	 588499.62 	-3.8455256 	-0.91627239 	 -9.6844492e-07 	-0.028830283 	0.012552174 	 -1.7661427e-07 	-0.0056283452 	-0.010303922 	 0.096944863 	627.84389 	-7322.3432 	 0.13429384 	-9.7683803e-06 	1.3477636e-07 	 -0.28983157 	-5.3549536e-06 	1.2704648e-06 		0.02375 -4.7103437e-08 -1.2405248e-07 1200000 10
0.025 393549.12 	10.444345 	0.91521485 	 591106.64 	-3.493779 	-0.9255934 	 -9.8448226e-07 	-0.029144874 	0.012608679 	 -1.5364927e-07 	-0.0054640243 	-0.010359645 	 0.094932566 	584.29483 	-7424.6681 	 0.1420002 	-9.5794312e-06 	3.8890987e-08 	 -0.25126009 	-5.4422046e-06 	1.3113718e-06 		0.025 -5.9204665e-08 -1.3080606e-07 1200000 10
0.02625 399850.9 	10.363317 	0.92890081 	 596609.49 	-3.070973 	-1.0255304 	 -9.9903581e-07 	-0.02948303 	0.012702076 	 -1.4325769e-07 	-0.0054193604 	-0.010336531 	 0.093150942 	550.57514 	-7616.0992 	 0.14940465 	-9.3738301e-06 	-2.0028136e-08 	 -0.2142649 	-5.5119791e-06 	1.4150818e-06 		0.02625 -7.1048559e-08 -1.3767338e-07 1200000 10
0.0275 409643.74 	10.23285 	0.97295946 	 603187.27 	-2.7296883 	-1.0468431 	 -1.0091007e-06 	-0.029948527 	0.012772364 	 -1.2581531e-07 	-0.0053367146 	-0.010367316 	 0.091568468 	514.16991 	-7830.9806 	 0.15651784 	-9.1639169e-06 	-9.5394195e-08 	 -0.17879505 	-5.5829422e-06 	1.4623703e-06 		0.0275 -8.2648885e-08 -1.4460816e-07 1200000 10
0.02875 419499.38 	10.106702 	1.0338555 	 612014.24 	-2.3241953 	-1.0935275 	 -1.0143988e-06 	-0.030488622 	0.012862624 	 -1.0782075e-07 	-0.0053057395 	-0.010380965 	 0.090057697 	483.4278 	-8104.7926 	 0.16331892 	-8.9566523e-06 	-1.6918582e-07 	 -0.14502708 	-5.6848294e-06 	1.5281987e-06 		0.02875 -9.3967931e-08 -1.5164269e-07 1200000 10
0.03 429401.03 	9.9792128 	1.0629422 	 624094.85 	-1.9602604 	-1.184863 	 -1.0172729e-06 	-0.031130372 	0.012978689 	 -9.6295304e-08 	-0.0053529496 	-0.010372837 	 0.088689622 	454.64203 	-8469.2044 	 0.16980547 	-8.7232816e-06 	-2.1946752e-07 	 -0.1130039 	-5.7763763e-06 	1.6385264e-06 		0.03 -1.0501343e-07 -1.5878734e-07 1200000 10
0.03125 443066.41 	9.8417493 	1.0959378 	 636535.36 	-1.7767275 	-1.1384118 	 -1.016084e-06 	-0.031886567 	0.013069211 	 -7.7701136e-08 	-0.0053344688 	-0.010424109 	 0.08814904 	426.13538 	-8840.6723 	 0.17596848 	-8.4762421e-06 	-2.7016504e-07 	 -0.082778009 	-5.7880496e-06 	1.6345526e-06 		0.03125 -1.1577168e-07 -1.6598964e-07 1200000 10
0.0325 453853.63 	9.7604764 	1.0824803 	 653162.06 	-1.475098 	-1.238008 	 -1.0126025e-06 	-0.032697301 	0.013204153 	 -6.9586449e-08 	-0.0054664886 	-0.010390585 	 0.086984836 	402.04702 	-9354.6364 	 0.18178773 	-8.2232397e-06 	-2.8620056e-07 	 -0.054520627 	-5.8410151e-06 	1.7482442e-06 		0.0325 -1.2621216e-07 -1.733078e-07 1200000 10
0.03375 470883.62 	9.6050401 	1.1228285 	 670992.64 	-1.2903429 	-1.2954967 	 -1.0063419e-06 	-0.033705898 	0.01332792 	 -5.2510203e-08 	-0.0055147278 	-0.010465726 	 0.086174927 	376.48291 	-9872.5091 	 0.18725721 	-7.9704483e-06 	-3.395226e-07 	 -0.028188014 	-5.935415e-06 	1.8509064e-06 		0.03375 -1.363462e-07 -1.8064163e-07 1200000 10
0.035 483394.08 	9.5606028 	1.0626535 	 691068.02 	-0.92802123 	-1.4293534 	 -9.9728913e-07 	-0.034676102 	0.013454213 	 -4.7985139e-08 	-0.0056822998 	-0.010420792 	 0.083986419 	354.56163 	-10537.712 	 0.19235222 	-7.7316094e-06 	-3.0916633e-07 	 -0.0040384729 	-6.0140942e-06 	1.9843406e-06 		0.035 -1.4615951e-07 -1.8808397e-07 1200000 10
0.03625 504127.82 	9.4276494 	1.1281943 	 714859.26 	-0.96623125 	-1.3386512 	 -9.8659502e-07 	-0.035960327 	0.013614951 	 -3.3395715e-08 	-0.0058038439 	-0.010519847 	 0.085699929 	330.85257 	-11235.843 	 0.19706164 	-7.4906446e-06 	-3.8265057e-07 	 0.018039244 	-6.0059439e-06 	1.9794023e-06 		0.03625 -1.5566733e-07 -1.9557401e-07 1200000 10
0.0375 518474.34 	9.3753291 	1.1074431 	 738655.31 	-0.63168485 	-1.4267043 	 -9.7348499e-07 	-0.037099695 	0.013734856 	 -3.2443568e-08 	-0.006007889 	-0.010462765 	 0.084734883 	309.84886 	-12086.185 	 0.20135511 	-7.2177268e-06 	-3.8599085e-07 	 0.037692478 	-6.0453921e-06 	2.0636136e-06 		0.0375 -1.6483345e-07 -2.0320788e-07 1200000 10
0.03875 543760.04 	9.1972664 	1.1443506 	 766897.29 	-0.53949581 	-1.2859131 	 -9.5895242e-07 	-0.038640122 	0.013895325 	 -1.923404e-08 	-0.0061396187 	-0.010592108 	 0.084906497 	285.40997 	-12969.339 	 0.20522424 	-6.9535473e-06 	-4.3497724e-07 	 0.055113078 	-6.170799e-06 	2.0253849e-06 		0.03875 -1.737337e-07 -2.1085113e-07 1200000 10
0.04 562365.3 	9.1653388 	1.0949786 	 794818.64 	-0.18662527 	-1.3788901 	 -9.4172455e-07 	-0.040019952 	0.014013544 	 -1.8199704e-08 	-0.0063445834 	-0.010563857 	 0.083316858 	262.98045 	-14020.037 	 0.20862371 	-6.7109298e-06 	-4.1672578e-07 	 0.069871499 	-6.2571583e-06 	2.1226778e-06 		0.04 -1.8226755e-07 -2.1857364e-07 1200000 10
0.04125 590419.7 	9.0116436 	1.1517598 	 827747.12 	-0.19344543 	-1.3101892 	 -9.2179911e-07 	-0.041780458 	0.014173808 	 -6.4792152e-09 	-0.0065127627 	-0.01068145 	 0.084694279 	237.13048 	-15154.375 	 0.21155225 	-6.4442712e-06 	-4.9000352e-07 	 0.082168176 	-6.2657253e-06 	2.1366873e-06 		0.04125 -1.9048579e-07 -2.2636133e-07 1200000 10
0.0425 613265.78 	8.9131485 	1.1446878 	 862534.41 	-0.021689377 	-1.3551637 	 -8.9943146e-07 	-0.043477572 	0.014334373 	 -5.1069547e-09 	-0.0067855743 	-0.01067454 	 0.084788335 	212.71779 	-16495.284 	 0.21394967 	-6.1520942e-06 	-5.1526398e-07 	 0.091585003 	-6.2762461e-06 	2.2119422e-06 		0.0425 -1.9833511e-07 -2.3425255e-07 1200000 10
0.04375 644279.41 	8.753257 	1.1678939 	 900656.58 	0.096098352 	-1.2667346 	 -8.7532526e-07 	-0.045483064 	0.014495828 	 3.89874e-09 	-0.0069871821 	-0.010779027 	 0.085047545 	183.61944 	-17944.012 	 0.21582128 	-5.8716036e-06 	-5.6119924e-07 	 0.098270486 	-6.3506708e-06 	2.1996872e-06 		0.04375 -2.0587041e-07 -2.4217978e-07 1200000 10
0.045 671819.89 	8.6568584 	1.1238306 	 943086.66 	0.29831912 	-1.2651188 	 -8.491375e-07 	-0.04754155 	0.014700186 	 4.2150765e-09 	-0.0073258645 	-0.010792956 	 0.084402871 	155.73435 	-19644.94 	 0.21709602 	-5.5982566e-06 	-5.5544853e-07 	 0.1018495 	-6.4528535e-06 	2.2557759e-06 		0.045 -2.1304276e-07 -2.5016099e-07 1200000 10
0.04625 704845 	8.5170166 	1.132568 	 988882.43 	0.40559274 	-1.2110068 	 -8.2091721e-07 	-0.04985393 	0.014893231 	 9.6074895e-09 	-0.007628588 	-0.010867461 	 0.084957733 	123.28315 	-21544.07 	 0.21777443 	-5.3106046e-06 	-5.9251298e-07 	 0.10237219 	-6.5051525e-06 	2.2700364e-06 		0.04625 -2.1985602e-07 -2.5823597e-07 1200000 10
0.0475 738731.04 	8.393275 	1.137302 	 1037834.2 	0.43626354 	-1.15479 	 -7.9057649e-07 	-0.052313421 	0.015108364 	 1.233328e-08 	-0.0079556618 	-0.010922011 	 0.086338789 	91.63119 	-23642.694 	 0.21779713 	-5.0173394e-06 	-6.3108425e-07 	 0.099588855 	-6.5159543e-06 	2.2879525e-06 		0.0475 -2.2630063e-07 -2.663912e-07 1200000 10
0.04875 772508.42 	8.285225 	1.1146124 	 1094282.7 	0.53566512 	-1.0965039 	 -7.5832248e-07 	-0.055023715 	0.015361602 	 1.2925724e-08 	-0.0084495314 	-0.010952961 	 0.087075914 	58.754707 	-26192.944 	 0.21713306 	-4.7315419e-06 	-6.4963529e-07 	 0.093351885 	-6.5636358e-06 	2.304798e-06 		0.04875 -2.3239659e-07 -2.7458665e-07 1200000 10
0.05 813558.26 	8.150493 	1.1082977 	 1150743.4 	0.62514349 	-0.98516993 	 -7.2458673e-07 	-0.057988125 	0.01558424 	 1.5921191e-08 	-0.0087721121 	-0.011060945 	 0.08794218 	29.051635 	-28828.272 	 0.2157602 	-4.4446168e-06 	-6.8118735e-07 	 0.083625857 	-6.6568389e-06 	2.2846507e-06 		0.05 -2.3814742e-07 -2.8282858e-07 1200000 10
0.05125 849281.72 	8.0557641 	1.0722813 	 1216402 	0.77600829 	-0.98733357 	 -6.8911055e-07 	-0.06116544 	0.015859792 	 1.3221699e-08 	-0.0094028793 	-0.011081488 	 0.088411819 	5.0866909 	-32170.35 	 0.21360413 	-4.1522582e-06 	-6.9786378e-07 	 0.070030657 	-6.7330646e-06 	2.3487951e-06 		0.05125 -2.4351636e-07 -2.9115451e-07 1200000 10
0.0525 897386.67 	7.9147194 	1.0929606 	 1283894.3 	0.73198013 	-0.89598639 	 -6.5178372e-07 	-0.064820018 	0.016123926 	 1.6679001e-08 	-0.0098540475 	-0.011256232 	 0.090827571 	-6.1200278 	-35659.715 	 0.21068164 	-3.8589096e-06 	-7.6460264e-07 	 0.052728198 	-6.7556452e-06 	2.3558188e-06 		0.0525 -2.485287e-07 -2.9960174e-07 1200000 10
0.05375 937091.01 	7.8111399 	1.0432951 	 1356475.4 	0.88890307 	-0.91692039 	 -6.1343958e-07 	-0.068571298 	0.016386414 	 1.2325467e-08 	-0.010594789 	-0.011326706 	 0.090755734 	2.6033161 	-40023.025 	 0.20687903 	-3.5558256e-06 	-7.7905147e-07 	 0.03115287 	-6.8121879e-06 	2.4231775e-06 		0.05375 -2.5313965e-07 -3.0814974e-07 1200000 10
0.055 994240.55 	7.6218788 	1.049127 	 1436381.7 	0.94180799 	-0.75319285 	 -5.7311044e-07 	-0.073121997 	0.016713234 	 1.3719187e-08 	-0.011300533 	-0.011628375 	 0.092371871 	41.87267 	-44793.322 	 0.20225632 	-3.2426614e-06 	-8.402017e-07 	 0.0056440152 	-6.936787e-06 	2.3785318e-06 		0.055 -2.5742304e-07 -3.1668355e-07 1200000 10
0.05625 1039869.1 	7.4944299 	1.012495 	 1516062.4 	1.11797 	-0.73464007 	 -5.3283308e-07 	-0.07762144 	0.016989751 	 7.2348744e-09 	-0.012335243 	-0.011833053 	 0.093096985 	122.0338 	-50746.713 	 0.19664776 	-2.9284542e-06 	-8.706936e-07 	 -0.024556516 	-6.9848292e-06 	2.3996312e-06 		0.05625 -2.6126764e-07 -3.253071e-07 1200000 10
0.0575 1110538.8 	7.29355 	1.0446077 	 1605944.9 	0.99830312 	-0.57333331 	 -4.8982548e-07 	-0.083201389 	0.017401366 	 9.059412e-09 	-0.013442576 	-0.012371836 	 0.097079296 	261.48905 	-57422.161 	 0.19016751 	-2.6153147e-06 	-9.6036489e-07 	 -0.058932599 	-6.9586145e-06 	2.3449451e-06 		0.0575 -2.6476345e-07 -3.3403862e-07 1200000 10
0.05875 1171153.6 	7.1137047 	0.99170715 	 1694292.2 	1.1362062 	-0.54244745 	 -4.4710507e-07 	-0.088707244 	0.017814739 	 2.6903738e-09 	-0.015096841 	-0.012897355 	 0.096608853 	451.19719 	-65857.938 	 0.18260664 	-2.285483e-06 	-9.8167141e-07 	 -0.098333305 	-6.9906245e-06 	2.3477421e-06 		0.05875 -2.6778468e-07 -3.4287983e-07 1200000 10
0.06 1256519.1 	6.8455862 	1.0087495 	 1796624 	1.1683376 	-0.28140887 	 -4.0267037e-07 	-0.095272411 	0.018487008 	 9.5120661e-10 	-0.0172157 	-0.013753657 	 0.10076 	708.7379 	-75892.486 	 0.17409739 	-1.9320192e-06 	-1.060216e-06 	 -0.14223708 	-7.0423116e-06 	2.1872428e-06 		0.06 -2.7043423e-07 -3.5165493e-07 1200000 10
0.06125 1338896.6 	6.5721694 	1.0106251 	 1904001.7 	1.2125409 	-0.095174169 	 -3.5907679e-07 	-0.10179784 	0.01939858 	 -6.6035731e-09 	-0.020354532 	-0.01472901 	 0.10586229 	938.05721 	-88695.203 	 0.16442945 	-1.5552984e-06 	-1.132888e-06 	 -0.19138412 	-7.0225583e-06 	2.0629123e-06 		0.06125 -2.726018e-07 -3.6037327e-07 1200000 10
0.0625 1446389 	6.2815433 	1.0260081 	 2027114.4 	1.1552562 	0.089913064 	 -3.1470743e-07 	-0.10896409 	0.020744273 	 -9.8489917e-09 	-0.024395958 	-0.015990933 	 0.11307507 	1127.9764 	-104313.46 	 0.15370851 	-1.1869607e-06 	-1.2205814e-06 	 -0.24538614 	-6.9539434e-06 	1.942369e-06 		0.0625 -2.7434671e-07 -3.6911191e-07 1200000 10
0.06375 1560186.8 	6.0108293 	0.95841369 	 2168366.6 	1.1185203 	0.14962474 	 -2.7094096e-07 	-0.11575234 	0.022791613 	 -1.6689164e-08 	-0.030057133 	-0.017424142 	 0.11622972 	929.60286 	-123995.18 	 0.1417338 	-8.2816764e-07 	-1.2546156e-06 	 -0.30482814 	-6.8722917e-06 	1.9239851e-06 		0.06375 -2.7559304e-07 -3.7779358e-07 1200000 10
0.065 1694651.7 	5.6903756 	0.90483893 	 2336078.3 	1.1360662 	0.27332183 	 -2.2747949e-07 	-0.12210937 	0.025640076 	 -2.1152214e-08 	-0.037283502 	-0.018901231 	 0.12199325 	145.72331 	-148235.48 	 0.12855432 	-4.4231817e-07 	-1.3075427e-06 	 -0.36951036 	-6.8089292e-06 	1.838389e-06 		0.065 -2.763729e-07 -3.8636792e-07 1200000 10
0.06625 1849203.3 	5.3480811 	0.82432882 	 2537913.2 	1.2391685 	0.40691894 	 -1.8488631e-07 	-0.12690511 	0.029895046 	 -2.7116197e-08 	-0.046238192 	-0.020353311 	 0.12913627 	-2091.7514 	-176853.9 	 0.11398531 	-4.7998361e-08 	-1.3521106e-06 	 -0.43982128 	-6.8064736e-06 	1.7434426e-06 		0.06625 -2.7666885e-07 -3.9483735e-07 1200000 10
0.0675 2005569 	5.0675153 	0.68053241 	 2795629.4 	1.4726415 	0.4816751 	 -1.4293893e-07 	-0.12898959 	0.035583522 	 -3.1639432e-08 	-0.057313916 	-0.021098502 	 0.13309011 	-6726.6493 	-211289.17 	 0.097989081 	2.8519012e-07 	-1.3562491e-06 	 -0.51589303 	-6.84815e-06 	1.6672796e-06 		0.0675 -2.7653045e-07 -4.0334775e-07 1200000 10
0.06875 2188556.8 	4.8184867 	0.50849596 	 3115072.5 	1.7140609 	0.59731922 	 -1.022118e-07 	-0.12700544 	0.04368075 	 -3.5107227e-08 	-0.069038408 	-0.020870961 	 0.1397519 	-15722.041 	-247103.01 	 0.080402699 	5.5994748e-07 	-1.3409405e-06 	 -0.59795556 	-6.8951828e-06 	1.5336849e-06 		0.06875 -2.7602562e-07 -4.1197351e-07 1200000 10
0.07 2338380.3 	4.4532736 	0.40070685 	 3530117.4 	1.8122709 	0.70961824 	 -6.4586606e-08 	-0.11784213 	0.054162479 	 -3.8836231e-08 	-0.081125965 	-0.018259142 	 0.15580647 	-32217.596 	-283081.97 	 0.061081381 	8.7847035e-07 	-1.39265e-06 	 -0.68661773 	-6.7463695e-06 	1.3452277e-06 		0.07 -2.7511691e-07 -4.2053205e-07 1200000 10
0.07125 2480197.2 	3.7795252 	0.35946694 	 4065357 	1.8685745 	0.98105275 	 -2.9876254e-08 	-0.10021467 	0.068628282 	 -4.2863471e-08 	-0.090087013 	-0.011838043 	 0.1812662 	-61767.41 	-307823.62 	 0.039960304 	1.3920806e-06 	-1.5012212e-06 	 -0.78224207 	-6.5709185e-06 	9.8024498e-07 		0.07125 -2.7372046e-07 -4.2880406e-07 1200000 10
0.0725 2511120.8 	2.746203 	0.26586541 	 4762844 	1.8208024 	0.88561347 	 4.6169909e-10 	-0.06761426 	0.088513038 	 -4.7180902e-08 	-0.090574794 	0.0016707588 	 0.17382979 	-117245.44 	-301893.52 	 0.016845402 	2.1146502e-06 	-1.5702805e-06 	 -0.88624462 	-6.2518709e-06 	8.3209558e-07 		0.0725 -2.7156663e-07 -4.3689965e-07 1200000 10
0.07375 2403104.7 	1.6069482 	-0.077846704 	 5703337.8 	1.7401391 	0.59030465 	 3.1294048e-08 	-0.020031029 	0.12160751 	 -5.2752816e-08 	-0.074725952 	0.029100856 	 0.14340378 	-230197.33 	-237294.27 	 -0.0079523534 	2.8102843e-06 	-1.4091984e-06 	 -0.99981776 	-5.9260325e-06 	7.6163911e-07 		0.07375 -2.6858661e-07 -4.4458017e-07 1200000 10
0.075 1872752.3 	0.18271923 	-0.53354749 	 6637638.3 	0.49730252 	-0.24268509 	 5.0235e-08 	0.023297438 	0.020462714 	 -6.3745e-08 	-0.031512742 	0.077677076 	 0.0225759 	-277208.55 	-82926.09 	 -0.029951806 	3.55006e-06 	-1.1330995e-06 	 -1.1049466 	-4.6161e-06 	9.6905183e-07 		0.075 -2.6443056e-07 -4.5121578e-07 1200000 10
