# y jRe_x jRe_y jRe_z jIm_x jIm_y jIm_z BRe_x BRe_y BRe_z BIm_x BIm_y BIm_z F_x F_y F_z VReGrad_x VReGrad_y VReGrad_z VImGrad_x VImGrad_y VImGrad_z s VRe VIm sigma mur
-0.075 -492013.68 	-87694.252 	-13425.017 	 -1856936.4 	-429367.37 	-116990.64 	 -0.0045067071 	0.0026306103 	0.040681783 	 0.00029236523 	-0.00043894094 	0.0029868369 	 -2455.975 	12635.633 	-378.94487 	 -0.49050644 	-0.58481638 	0.00068725049 	 -1.7612456 	-2.967156 	0.099155035 		-0.075 -0.00057011938 -0.0031699243 1200000 1
-0.07375 -539697.55 	-167757.92 	-15017.343 	 -1729061.6 	-433173.03 	-115780.82 	 -0.0044877335 	0.0026100085 	0.040574257 	 0.00031850266 	-0.00044332108 	0.0026345054 	 -3899.2983 	13253.176 	-629.92016 	 -0.49117353 	-0.57996247 	0.0006738143 	 -1.7360432 	-2.9411714 	0.098345761 		-0.07375 -0.0013127892 -0.0069722663 1200000 1
-0.0725 -565840.4 	-281541.38 	-14260.026 	 -1506799.8 	-591542.23 	-99097.486 	 -0.004489515 	0.0025235417 	0.040190688 	 0.00040878258 	-0.00045078505 	0.0016690593 	 -5865.1457 	12689.28 	-861.22773 	 -0.49523428 	-0.54585786 	-2.9831408e-05 	 -1.7931381 	-2.7873378 	0.084493511 		-0.0725 -0.0020386172 -0.010592723 1200000 1
-0.07125 -569697.73 	-427390.66 	-11814.607 	 -1280984.8 	-870418.61 	-71873.294 	 -0.004485635 	0.0023822052 	0.039666385 	 0.00056222055 	-0.00046374634 	0.00023900707 	 -8316.8644 	11583.839 	-1085.0167 	 -0.50000561 	-0.49220418 	-0.0011327917 	 -1.8643777 	-2.5288934 	0.061717478 		-0.07125 -0.0026860405 -0.013944281 1200000 1
-0.07 -566262.55 	-566982.16 	-9489.9225 	 -1085432 	-1086370.9 	-50789.262 	 -0.0044808025 	0.002250184 	0.039092584 	 0.00068021745 	-0.00046743122 	-0.0010870783 	 -10340.197 	10491.983 	-1282.1989 	 -0.50246388 	-0.44302744 	-0.0019350401 	 -1.915596 	-2.3179268 	0.044001054 		-0.07 -0.0032531518 -0.01685942 1200000 1
-0.06875 -556268.55 	-698858.49 	-6781.364 	 -930508.36 	-1334186.6 	-31839.387 	 -0.0045037742 	0.0021311659 	0.038676217 	 0.00074359312 	-0.00044692031 	-0.0016018467 	 -12640.375 	9603.6965 	-1466.8369 	 -0.50118998 	-0.39086619 	-0.0026057481 	 -1.9397549 	-2.0880276 	0.027977118 		-0.06875 -0.0038122862 -0.019757746 1200000 1
-0.0675 -548458 	-842099.77 	-4548.4092 	 -827334.94 	-1503932.8 	-18419.893 	 -0.0044930629 	0.0020119211 	0.038144192 	 0.00084049078 	-0.00044508092 	-0.0026450461 	 -14048.192 	9315.5268 	-1645.8221 	 -0.49307804 	-0.34687295 	-0.0029151192 	 -1.9286729 	-1.915124 	0.016538912 		-0.0675 -0.0042705515 -0.022236387 1200000 1
-0.06625 -514131.47 	-970967.25 	-2121.5393 	 -689612.17 	-1706406.7 	-5166.7507 	 -0.0045464503 	0.0019041047 	0.037768333 	 0.00088704604 	-0.00042269584 	-0.002908292 	 -16008.262 	8522.1378 	-1819.4543 	 -0.49553863 	-0.30171929 	-0.0032582678 	 -1.9541208 	-1.7412382 	0.0051952533 		-0.06625 -0.004776581 -0.024895866 1200000 1
-0.065 -493253.31 	-1099760.7 	-272.44955 	 -606820.33 	-1869833 	3480.3138 	 -0.0045513427 	0.0018061066 	0.037159031 	 0.00092733102 	-0.00040689667 	-0.0033038399 	 -17502.182 	7990.8839 	-1989.7143 	 -0.49078673 	-0.25701338 	-0.0032993038 	 -1.9386798 	-1.5721691 	-0.0022999401 		-0.065 -0.0051201422 -0.026952496 1200000 1
-0.06375 -481305.31 	-1216137.5 	1046.7573 	 -542664.38 	-1961262.9 	8566.19 	 -0.0045110215 	0.0017140472 	0.036463866 	 0.00096013137 	-0.00039595318 	-0.0039818162 	 -18361.75 	7618.8813 	-2140.1736 	 -0.47873227 	-0.21881386 	-0.0031260011 	 -1.9116639 	-1.434196 	-0.0068098054 		-0.06375 -0.0053207774 -0.028439702 1200000 1
-0.0625 -454632.44 	-1311977 	2367.3055 	 -467783.36 	-2091636.6 	14262.571 	 -0.0045367812 	0.0016324644 	0.036427592 	 0.00094502171 	-0.00035810363 	-0.0036336558 	 -20791.372 	7008.9942 	-2325.1271 	 -0.47082564 	-0.17932183 	-0.0030487362 	 -1.9009872 	-1.2952394 	-0.011823274 		-0.0625 -0.0055655716 -0.030098767 1200000 1
-0.06125 -429063.26 	-1437244.3 	3556.0668 	 -404454.19 	-2181981.6 	17091.275 	 -0.0045233145 	0.0015444645 	0.035938571 	 0.0010035924 	-0.00035613642 	-0.0044564886 	 -21146.106 	6708.3123 	-2460.7783 	 -0.45809622 	-0.1438722 	-0.0027294213 	 -1.8863762 	-1.182265 	-0.014495148 		-0.06125 -0.0057611315 -0.031641774 1200000 1
-0.06 -385414.96 	-1537223.5 	4727.3451 	 -328944.86 	-2306085 	21129.676 	 -0.0045756803 	0.0014646178 	0.035747758 	 0.0010175454 	-0.00033300589 	-0.0043144986 	 -22902.732 	5990.0621 	-2615.3001 	 -0.45384711 	-0.10951212 	-0.0025401572 	 -1.888379 	-1.0742683 	-0.01814813 		-0.06 -0.0060076917 -0.033387019 1200000 1
-0.05875 -358332.88 	-1630289 	5432.0591 	 -284264.27 	-2380932.5 	22881.114 	 -0.0045826473 	0.0013933782 	0.035380823 	 0.0010302911 	-0.00031786161 	-0.0043342012 	 -24105.617 	5527.317 	-2763.0858 	 -0.44323246 	-0.078777391 	-0.0022086641 	 -1.8658605 	-0.9813945 	-0.019850289 		-0.05875 -0.0061132609 -0.034647419 1200000 1
-0.0575 -340960.31 	-1713459.2 	5829.7818 	 -251780.18 	-2401828.1 	23043.186 	 -0.004543809 	0.0013263037 	0.034861812 	 0.0010415468 	-0.00030900842 	-0.0047204899 	 -24488.52 	5237.8977 	-2878.8893 	 -0.42599532 	-0.053644031 	-0.0017849916 	 -1.8363857 	-0.9049451 	-0.020202689 		-0.0575 -0.0061162447 -0.035487549 1200000 1
-0.05625 -319105.88 	-1771185.6 	6148.3317 	 -222075.61 	-2465824.4 	24376.953 	 -0.0045723172 	0.0012659942 	0.034980489 	 0.0010067311 	-0.00027642702 	-0.0041028849 	 -27017.616 	4746.8365 	-3048.9506 	 -0.40865811 	-0.027260791 	-0.0014990872 	 -1.8097209 	-0.82939698 	-0.021481091 		-0.05625 -0.0061580737 -0.036504523 1200000 1
-0.055 -296727.1 	-1867740.5 	6578.8022 	 -194014.06 	-2504363.9 	24044.606 	 -0.004560021 	0.0012014258 	0.034633244 	 0.0010501407 	-0.00027570226 	-0.0046751089 	 -26838.032 	4567.2953 	-3153.2936 	 -0.38872258 	-0.0030389938 	-0.0010416188 	 -1.7863205 	-0.76357178 	-0.021446672 		-0.055 -0.0061748787 -0.037528483 1200000 1
-0.05375 -259537.32 	-1936888.4 	6967.2374 	 -156416.91 	-2586526.3 	25100.928 	 -0.0046138109 	0.0011431946 	0.03469015 	 0.0010516655 	-0.00025623185 	-0.0042632088 	 -28576.156 	4039.1773 	-3292.0236 	 -0.37740505 	0.021222922 	-0.00073209954 	 -1.7755715 	-0.69917131 	-0.022517764 		-0.05375 -0.0062381336 -0.038750819 1200000 1
-0.0525 -233374.72 	-1998542 	7052.2802 	 -130118.33 	-2621590.1 	24775.313 	 -0.0046208448 	0.0010893118 	0.034459112 	 0.0010572777 	-0.00024505104 	-0.0041940786 	 -29450.043 	3610.2329 	-3402.0291 	 -0.36387625 	0.040857825 	-0.00034350448 	 -1.7546729 	-0.64759713 	-0.02239771 		-0.0525 -0.006183609 -0.039568759 1200000 1
-0.05125 -215442.52 	-2052158.1 	6989.0587 	 -112485.45 	-2608699.3 	23608.571 	 -0.0045815288 	0.0010379595 	0.034010951 	 0.001063166 	-0.0002391975 	-0.0045253074 	 -29353.351 	3329.784 	-3471.514 	 -0.34469902 	0.055086107 	8.7138439e-05 	 -1.7296821 	-0.60717132 	-0.021562266 		-0.05125 -0.0060636249 -0.040054486 1200000 1
-0.05 -198940.68 	-2078368.1 	6864.2845 	 -100999.44 	-2643151.6 	23605.033 	 -0.0046099807 	0.00099202 	0.034221985 	 0.0010229543 	-0.00021367713 	-0.0038419677 	 -31715.57 	2968.6609 	-3606.052 	 -0.32257202 	0.070562485 	0.00038360997 	 -1.7026899 	-0.56764496 	-0.021638602 		-0.05 -0.0059743828 -0.040715043 1200000 1
-0.04875 -181495.16 	-2148181.6 	6920.5557 	 -89059.744 	-2654310 	22481.285 	 -0.0045969552 	0.00094211502 	0.033909797 	 0.0010632375 	-0.0002139588 	-0.0043727056 	 -31013.804 	2804.405 	-3666.6538 	 -0.29920075 	0.084673409 	0.00081275087 	 -1.6793853 	-0.53308516 	-0.020862939 		-0.04875 -0.0058778985 -0.041448548 1200000 1
-0.0475 -151970.09 	-2189925.7 	6947.2336 	 -69830.901 	-2714258.8 	22601.105 	 -0.0046502002 	0.00089739387 	0.034084738 	 0.0010619335 	-0.00019845948 	-0.003904001 	 -32557.432 	2380.5251 	-3773.8041 	 -0.28380673 	0.09950709 	0.0011078059 	 -1.6651978 	-0.49871027 	-0.021070974 		-0.0475 -0.0058197867 -0.042372804 1200000 1
-0.04625 -128048.98 	-2224950.5 	6789.3175 	 -53344.526 	-2729309 	21779.705 	 -0.0046560572 	0.00085546832 	0.033936539 	 0.0010657819 	-0.00019011679 	-0.0038305519 	 -33072.64 	1989.2059 	-3839.0083 	 -0.26912776 	0.10943973 	0.0014575897 	 -1.6474425 	-0.4744675 	-0.020471623 		-0.04625 -0.0056719635 -0.042960454 1200000 1
-0.045 -110117.54 	-2253468 	6566.3054 	 -42986.354 	-2699305.9 	20433.974 	 -0.004615289 	0.00081512383 	0.033527091 	 0.0010706174 	-0.00018603635 	-0.0041691923 	 -32536.415 	1712.6121 	-3859.9587 	 -0.24989854 	0.11424564 	0.0018333218 	 -1.628018 	-0.45862691 	-0.019432947 		-0.045 -0.0054927945 -0.043276351 1200000 1
-0.04375 -97251.186 	-2253852.1 	6303.9228 	 -39029.317 	-2719278.3 	20087.601 	 -0.0046425018 	0.00077905453 	0.03377199 	 0.001029229 	-0.00016608843 	-0.0034945168 	 -34581.784 	1454.9075 	-3950.8155 	 -0.22581623 	0.12025768 	0.0020957978 	 -1.6046678 	-0.44354858 	-0.01917613 		-0.04375 -0.0053349122 -0.043763059 1200000 1
-0.0425 -83630.799 	-2300273.2 	6221.572 	 -34258.868 	-2716070.9 	18923.699 	 -0.0046279872 	0.0007396186 	0.03346621 	 0.0010694847 	-0.00016651112 	-0.0040372999 	 -33413.483 	1291.3774 	-3964.9719 	 -0.20122906 	0.12537852 	0.002469072 	 -1.5838432 	-0.43165723 	-0.018314597 		-0.0425 -0.0051832402 -0.044365251 1200000 1
-0.04125 -60344.049 	-2318487.7 	6122.2754 	 -23946.061 	-2764122.7 	18792.842 	 -0.004679993 	0.00070437 	0.033704058 	 0.0010678072 	-0.00015403438 	-0.0035762393 	 -34677.369 	948.64005 	-4033.8815 	 -0.18360938 	0.13156761 	0.0027325975 	 -1.5691684 	-0.4196435 	-0.018268918 		-0.04125 -0.0050602892 -0.045150822 1200000 1
-0.04 -38215.55 	-2330782.4 	5910.153 	 -12632.327 	-2768526.5 	17974.041 	 -0.0046844048 	0.00067099508 	0.033606567 	 0.0010712741 	-0.00014736943 	-0.0035287768 	 -34833.43 	586.80829 	-4053.7858 	 -0.16870239 	0.13282763 	0.0030432084 	 -1.5542654 	-0.41589865 	-0.017641686 		-0.04 -0.0048774614 -0.045655653 1200000 1
-0.03875 -19303.15 	-2337526.4 	5678.9451 	 -5183.3245 	-2729376.7 	16796.507 	 -0.0046420638 	0.000638636 	0.03322127 	 0.0010761295 	-0.00014404603 	-0.0038946013 	 -33911.269 	300.48444 	-4028.7012 	 -0.15051451 	0.12918406 	0.0033767403 	 -1.5401338 	-0.41916242 	-0.0167238 		-0.03875 -0.0046947265 -0.045934948 1200000 1
-0.0375 -7879.9008 	-2315899.5 	5422.449 	 -3450.7523 	-2741223.2 	16437.113 	 -0.0046678697 	0.00060966651 	0.033467668 	 0.0010346893 	-0.00012799577 	-0.0032515298 	 -35575.141 	111.72317 	-4074.0656 	 -0.12616008 	0.12664084 	0.0036218462 	 -1.5211469 	-0.42320034 	-0.016446365 		-0.0375 -0.0045233655 -0.046380969 1200000 1
-0.03625 3885.3399 	-2341146 	5326.8547 	 -881.2154 	-2729875.8 	15466.738 	 -0.0046518672 	0.00057799036 	0.033156177 	 0.0010754889 	-0.0001278215 	-0.0038215492 	 -33996.456 	-70.611685 	-4042.5922 	 -0.10170747 	0.12336752 	0.0039636811 	 -1.5032215 	-0.42993096 	-0.015728343 		-0.03625 -0.0043693824 -0.046975417 1200000 1
-0.035 22985.785 	-2338228 	5223.1911 	 5819.7151 	-2770435.9 	15336.412 	 -0.0047026608 	0.0005496241 	0.033424353 	 0.0010739255 	-0.00011730795 	-0.0033901703 	 -34929.503 	-357.29223 	-4070.0758 	 -0.082979729 	0.1212923 	0.0042210726 	 -1.488854 	-0.43664096 	-0.015674447 		-0.035 -0.0042340614 -0.047747434 1200000 1
-0.03375 44392.094 	-2329725.6 	5055.6811 	 15060.642 	-2767794.8 	14700.896 	 -0.0047058363 	0.00052253013 	0.033362801 	 0.0010772721 	-0.00011141514 	-0.003377527 	 -34734.884 	-705.36664 	-4045.1984 	 -0.068338302 	0.11426413 	0.0045230511 	 -1.476121 	-0.45066993 	-0.015202841 		-0.03375 -0.0040695697 -0.048287206 1200000 1
-0.0325 65975.171 	-2316006.1 	4907.7895 	 23101.192 	-2722270.5 	13827.247 	 -0.0046622437 	0.00049611569 	0.033003362 	 0.0010822201 	-0.00010808985 	-0.0037719377 	 -33482.323 	-1022.3627 	-3976.7649 	 -0.051994663 	0.10243836 	0.0048471482 	 -1.4670173 	-0.47127672 	-0.014551737 		-0.0325 -0.0039347681 -0.04864105 1200000 1
-0.03125 78194.994 	-2273843.6 	4742.2593 	 26293.765 	-2727243.6 	13622.628 	 -0.0046869873 	0.00047244921 	0.033237991 	 0.001040752 	-9.4425747e-05 	-0.0031631892 	 -34730.593 	-1174.9458 	-3975.7449 	 -0.028512004 	0.091504659 	0.0051054749 	 -1.4523825 	-0.4928956 	-0.014424776 		-0.03125 -0.003801598 -0.049158312 1200000 1
-0.03 90323.397 	-2278070.3 	4727.5803 	 30373.666 	-2709290.5 	12982.433 	 -0.0046699488 	0.00044672383 	0.032924214 	 0.0010817379 	-9.2976801e-05 	-0.0037591001 	 -32795.913 	-1403.1102 	-3899.3852 	 -0.0052450792 	0.079684722 	0.00544822 	 -1.4373928 	-0.51759619 	-0.013997191 		-0.03 -0.0036970229 -0.04985581 1200000 1
-0.02875 107189.39 	-2254279.5 	4711.9319 	 37187.883 	-2742397.2 	13040.893 	 -0.0047199665 	0.00042352606 	0.033208834 	 0.0010800324 	-8.3321496e-05 	-0.0033601782 	 -33359.88 	-1658.1946 	-3882.2773 	 0.013818246 	0.069055637 	0.0057278324 	 -1.4233781 	-0.54260025 	-0.014122816 		-0.02875 -0.0036013882 -0.05072721 1200000 1
-0.0275 129053.25 	-2224616.2 	4682.9443 	 47151.725 	-2732005.6 	12775.762 	 -0.0047224479 	0.00040116271 	0.033184526 	 0.0010829608 	-7.7297058e-05 	-0.0033787903 	 -32822.311 	-2009.9279 	-3811.9054 	 0.027797074 	0.053344789 	0.0060468295 	 -1.4121774 	-0.57489469 	-0.013991956 		-0.0275 -0.003508478 -0.051412854 1200000 1
-0.02625 155307.45 	-2189544.5 	4728.19 	 60015.821 	-2678718.7 	12410.203 	 -0.0046783397 	0.00037927372 	0.032869959 	 0.0010873045 	-7.3233509e-05 	-0.0037876862 	 -31298.602 	-2381.7566 	-3701.8406 	 0.041375206 	0.032862627 	0.0063815144 	 -1.4085174 	-0.61415226 	-0.013808358 		-0.02625 -0.0034737202 -0.051950923 1200000 1
-0.025 170435.92 	-2126046.3 	4758.1736 	 68782.711 	-2673767.3 	12633.519 	 -0.0047028419 	0.00035973087 	0.033095493 	 0.001044815 	-6.0347499e-05 	-0.0032017584 	 -32102.489 	-2524.6446 	-3652.822 	 0.062852323 	0.012896577 	0.0066664726 	 -1.3985455 	-0.65501762 	-0.014084831 		-0.025 -0.0034316521 -0.052650506 1200000 1
-0.02375 185192.84 	-2107053.7 	4963.9667 	 78816.201 	-2646216.9 	12622.222 	 -0.0046857889 	0.00033872948 	0.0328 	 0.0010845081 	-5.6808088e-05 	-0.0038066069 	 -29878.333 	-2830.1588 	-3532.1705 	 0.083664126 	-0.0084362558 	0.0070193108 	 -1.387137 	-0.70043072 	-0.014228016 		-0.02375 -0.0034318616 -0.053568733 1200000 1
-0.0225 201294.06 	-2060445.2 	5173.5307 	 89575.977 	-2667423.3 	13268.199 	 -0.0047359837 	0.00031956456 	0.033103966 	 0.0010813166 	-4.6606457e-05 	-0.0034272775 	 -30039.317 	-3073.2836 	-3466.9934 	 0.10225308 	-0.028675979 	0.007320846 	 -1.3734953 	-0.7466043 	-0.014890054 		-0.0225 -0.0034322455 -0.054659993 1200000 1
-0.02125 224486.76 	-2007039.7 	5447.9425 	 103917.05 	-2643775.7 	13867.828 	 -0.0047388782 	0.00030085538 	0.033135052 	 0.0010822855 	-3.9248758e-05 	-0.0034577924 	 -29169.976 	-3442.4157 	-3350.1426 	 0.11495574 	-0.05424754 	0.0076435693 	 -1.3636043 	-0.80116524 	-0.01553568 		-0.02125 -0.0034693165 -0.055616572 1200000 1
-0.02 257237.38 	-1947840.8 	5887.854 	 128733.8 	-2576548.6 	14617.647 	 -0.0046957878 	0.00028242139 	0.032905273 	 0.0010832368 	-3.3598245e-05 	-0.0038374098 	 -27455.05 	-3893.3107 	-3201.2988 	 0.12433867 	-0.084495809 	0.0079575978 	 -1.3675693 	-0.86372759 	-0.016348511 		-0.02 -0.0035918475 -0.056466619 1200000 1
-0.01875 276906.65 	-1860464.3 	6301.994 	 149991.54 	-2553220 	16030.263 	 -0.0047217085 	0.00026617209 	0.03314066 	 0.0010360328 	-1.9396697e-05 	-0.0032355611 	 -27787.188 	-4047.0265 	-3103.8924 	 0.14214282 	-0.11488158 	0.0082235891 	 -1.3641783 	-0.92924001 	-0.017674041 		-0.01875 -0.0036998343 -0.057478838 1200000 1
-0.0175 296383.96 	-1813770.6 	6998.9014 	 174297.52 	-2506236.2 	17552.456 	 -0.0047068004 	0.00024889759 	0.032906942 	 0.0010697373 	-1.2889049e-05 	-0.0037965771 	 -25392.29 	-4461.0949 	-2943.1419 	 0.15843268 	-0.14750734 	0.0085263424 	 -1.3595797 	-1.0031012 	-0.019164777 		-0.0175 -0.0038686645 -0.058765835 1200000 1
-0.01625 312134.41 	-1740587.2 	7684.4493 	 195038.65 	-2504305.6 	19921.544 	 -0.0047591424 	0.00023290501 	0.033251102 	 0.0010602426 	-1.7813441e-07 	-0.0033931451 	 -25127.746 	-4704.4831 	-2829.4222 	 0.17525744 	-0.17920226 	0.0087686437 	 -1.3474159 	-1.0780683 	-0.021315609 		-0.01625 -0.0040306555 -0.060229308 1200000 1
-0.015 336415.08 	-1659108.3 	8568.7651 	 220277.98 	-2453857.7 	22855.189 	 -0.0047647356 	0.00021690984 	0.033376567 	 0.0010533972 	1.0106304e-05 	-0.0033779482 	 -23959.894 	-5095.6949 	-2669.5976 	 0.18549274 	-0.21659838 	0.0089803977 	 -1.3400983 	-1.164489 	-0.023963205 		-0.015 -0.0042663593 -0.061624271 1200000 1
-0.01375 376033.98 	-1572180.1 	9739.6434 	 271876.79 	-2359325.3 	26531.45 	 -0.0047260411 	0.00020054444 	0.033328266 	 0.0010402982 	1.7934209e-05 	-0.0035846945 	 -22212.291 	-5678.9721 	-2492.2755 	 0.18829655 	-0.25816272 	0.0091176981 	 -1.3588332 	-1.25956 	-0.027268321 		-0.01375 -0.0046121343 -0.062956871 1200000 1
-0.0125 400154.34 	-1458116.8 	10817.753 	 320392.34 	-2300487.2 	31339.577 	 -0.0047568512 	0.00018632751 	0.033649124 	 0.00097484474 	3.616053e-05 	-0.0028243962 	 -22087.861 	-5904.8595 	-2354.0216 	 0.19956048 	-0.30092061 	0.0091781913 	 -1.369027 	-1.3606807 	-0.031442716 		-0.0125 -0.0049394055 -0.064458015 1200000 1
-0.01125 425244.82 	-1376608.5 	12450.96 	 379789.54 	-2207189.6 	37056.798 	 -0.0047478469 	0.00017143381 	0.033534852 	 0.00098760325 	4.5202085e-05 	-0.0031939114 	 -19730.697 	-6445.6322 	-2167.51 	 0.20775153 	-0.34838171 	0.0092120945 	 -1.3835459 	-1.4831737 	-0.036477456 		-0.01125 -0.0053545303 -0.066334144 1200000 1
-0.01 438053.53 	-1271630.5 	13937.412 	 423637.39 	-2155222.4 	44411.669 	 -0.0048059414 	0.00015713291 	0.03399714 	 0.00095399709 	6.1798425e-05 	-0.0026003548 	 -19067.942 	-6727.3921 	-2014.4089 	 0.22055027 	-0.3950594 	0.0091327838 	 -1.3784655 	-1.6055575 	-0.042775343 		-0.01 -0.0057589422 -0.068398326 1200000 1
-0.00875 459127.93 	-1155023.5 	15774.41 	 474865.39 	-2041370.4 	53914.635 	 -0.0048176903 	0.00014215746 	0.034305698 	 0.0009172354 	7.4468765e-05 	-0.0023320153 	 -17671.371 	-7153.0238 	-1824.7881 	 0.2262509 	-0.44934333 	0.008900368 	 -1.380444 	-1.7500721 	-0.050868571 		-0.00875 -0.0062797155 -0.07050143 1200000 1
-0.0075 492926.99 	-1039029.7 	17994.196 	 569946.69 	-1894314.2 	65939.346 	 -0.0047808793 	0.00012534975 	0.034387269 	 0.00087166508 	7.835458e-05 	-0.0023133865 	 -15770.347 	-7723.0709 	-1626.5748 	 0.22474839 	-0.50537504 	0.0084204345 	 -1.4205044 	-1.8922172 	-0.061064504 		-0.0075 -0.0069405743 -0.072614128 1200000 1
-0.00625 502386.34 	-905492.44 	19854.15 	 645337.63 	-1784113.9 	80723.41 	 -0.0048127983 	0.00010996791 	0.034687648 	 0.00076677816 	9.6705533e-05 	-0.0014839049 	 -14789.441 	-7800.4233 	-1454.4143 	 0.23552219 	-0.55949002 	0.0077668367 	 -1.4369635 	-2.033663 	-0.07341159 		-0.00625 -0.007586677 -0.074924772 1200000 1
-0.005 514340.79 	-784996.13 	22456.431 	 758424.74 	-1608503.5 	97782.679 	 -0.0048110771 	9.408302e-05 	0.034871392 	 0.00069861226 	0.00010085391 	-0.0012395445 	 -12687.045 	-8443.8819 	-1267.6717 	 0.24127874 	-0.62539727 	0.0069733594 	 -1.4792007 	-2.2209699 	-0.087743995 		-0.005 -0.0083705506 -0.077705948 1200000 1
-0.00375 525454.03 	-650870.68 	24426.104 	 902652.25 	-1463209.3 	118637.06 	 -0.0048377661 	7.722689e-05 	0.035203111 	 0.00057432197 	0.00010824887 	-0.00030647394 	 -11212.436 	-9038.2673 	-1083.5383 	 0.24159066 	-0.68894753 	0.0058369809 	 -1.5436243 	-2.3922826 	-0.10504401 		-0.00375 -0.0091709075 -0.080486286 1200000 1
-0.0025 529738.7 	-508686.89 	26362.079 	 1071369.3 	-1269848.9 	144704.09 	 -0.0048663618 	5.9689726e-05 	0.035483315 	 0.00040976868 	0.00011213828 	0.0007204838 	 -9412.4377 	-9717.124 	-888.98142 	 0.2414439 	-0.75862553 	0.004407889 	 -1.6252402 	-2.6004509 	-0.12660298 		-0.0025 -0.010068037 -0.083647768 1200000 1
-0.00125 442502.37 	-392057.73 	23508.13 	 995476.45 	-1111435.8 	137197.47 	 -0.0048857584 	4.1470649e-05 	0.035769139 	 0.00027352263 	0.00010915342 	0.0016770653 	 -7899.3572 	-8642.5668 	-734.51599 	 0.24014431 	-0.51867151 	0.0034267154 	 -1.6659097 	-1.6160862 	-0.13907527 		-0.00125 -0.010581782 -0.085139326 1027142.8 1
5.2475385e-17 287341.61 	-301180.02 	14580.764 	 640691.55 	-988494.46 	88213.52 	 -0.0049203724 	2.1064553e-05 	0.035911439 	 0.00016010427 	0.00010383605 	0.0024930366 	 -6666.4194 	-5546.2098 	-618.78287 	 0.23806412 	0.095775859 	0.0030045934 	 -1.6076611 	0.90052486 	-0.14094482 		5.2475385e-17 -0.010540548 -0.08436126 650000 1
0.00125 129710.99 	-234519.83 	5813.3561 	 296767.13 	-873569 	36135.124 	 -0.0049168359 	1.6716836e-07 	0.03590865 	 7.2854818e-05 	8.4603697e-05 	0.0028989153 	 -5454.08 	-2529.6837 	-526.54336 	 0.24040693 	0.71208613 	0.0028572144 	 -1.5670206 	3.4131277 	-0.13812346 		0.00125 -0.010342869 -0.082865535 272857.17 1
0.0025 36690.001 	-196979.85 	1502.8771 	 97473.651 	-820785.48 	12065.231 	 -0.0049270911 	-1.9289024e-05 	0.035856942 	 3.5269018e-05 	7.5951167e-05 	0.0031209579 	 -4835.6568 	-805.1031 	-470.50777 	 0.2435057 	0.95380982 	0.0033068625 	 -1.4302836 	4.3910236 	-0.12476237 		0.0025 -0.0095898167 -0.079175539 100000 1
0.00375 34687.535 	-187024.19 	1225.4577 	 85952.284 	-802276.21 	9850.1266 	 -0.004926497 	-3.8965728e-05 	0.035650712 	 3.9875056e-05 	6.3515897e-05 	0.0029616773 	 -4539.8859 	-739.62765 	-444.55851 	 0.24543971 	0.88824805 	0.0042271725 	 -1.2477508 	4.1753665 	-0.10221784 		0.00375 -0.0084457121 -0.073711674 100000 1
0.005 32309.655 	-178171.17 	995.70986 	 76630.19 	-787140.86 	8071.7339 	 -0.004923325 	-5.7691506e-05 	0.035448456 	 4.1363425e-05 	5.5104104e-05 	0.0028129056 	 -4279.8759 	-678.06105 	-423.79593 	 0.24992788 	0.82953735 	0.0049083021 	 -1.0850819 	3.9967037 	-0.0840788 		0.005 -0.0073962412 -0.068762904 100000 1
0.00625 30776.516 	-168720.04 	804.74556 	 69197.767 	-770603.57 	6569.3518 	 -0.004941226 	-7.6711486e-05 	0.035304474 	 4.2301717e-05 	4.6872715e-05 	0.0027433664 	 -4067.6355 	-624.97222 	-402.8122 	 0.24891199 	0.76976103 	0.0053160108 	 -0.94438504 	3.8011433 	-0.068736633 		0.00625 -0.0063597073 -0.06374532 100000 1
0.0075 29344.259 	-161909.24 	652.70642 	 63645.872 	-759100.33 	5271.4366 	 -0.0049336895 	-9.5998917e-05 	0.035055538 	 4.4748414e-05 	3.764657e-05 	0.0025112274 	 -3801.4487 	-591.7207 	-384.75307 	 0.24703543 	0.72395026 	0.0056144936 	 -0.82186983 	3.6587823 	-0.055490556 		0.0075 -0.0054390549 -0.059170438 100000 1
0.00875 26879.653 	-154325.71 	514.39169 	 58025.384 	-749777.2 	4172.9738 	 -0.0049823819 	-0.00011398915 	0.034963773 	 4.6361179e-05 	3.2462615e-05 	0.002461009 	 -3634.5912 	-536.27769 	-370.27345 	 0.25393054 	0.67576736 	0.0057971069 	 -0.69738136 	3.5162463 	-0.04424533 		0.00875 -0.0045010524 -0.054757226 100000 1
0.01 25702.845 	-147292.81 	415.79816 	 57993.451 	-734930.76 	3284.4041 	 -0.0049820173 	-0.00013215319 	0.034854606 	 5.1125239e-05 	2.6934603e-05 	0.0023081637 	 -3427.2309 	-509.99302 	-351.15491 	 0.25396626 	0.62893313 	0.0058134598 	 -0.63386122 	3.3487517 	-0.03515415 		0.01 -0.0036855081 -0.050386145 100000 1
0.01125 24971.369 	-141144.77 	341.21457 	 56829.27 	-718220.98 	2603.7808 	 -0.0049354497 	-0.00015114922 	0.034689392 	 5.4534178e-05 	2.2279282e-05 	0.0021069173 	 -3215.1323 	-490.62162 	-332.27611 	 0.25210044 	0.58762953 	0.0057346295 	 -0.56012175 	3.1914922 	-0.028171091 		0.01125 -0.0029933578 -0.046335171 100000 1
0.0125 23476.58 	-134552.4 	275.4094 	 50555.954 	-704291.7 	2013.9771 	 -0.0049451536 	-0.00017003017 	0.034643433 	 5.2263404e-05 	1.8632456e-05 	0.0021131789 	 -3100.0056 	-449.13762 	-318.06938 	 0.25690139 	0.54721991 	0.0056051936 	 -0.4347497 	3.0402461 	-0.022105337 		0.0125 -0.0022815879 -0.042361716 100000 1
0.01375 21866.63 	-129551.09 	222.21989 	 45183.403 	-693665.66 	1534.3485 	 -0.0049330443 	-0.00018937366 	0.034506901 	 5.7767124e-05 	1.5776206e-05 	0.0019321697 	 -2913.4078 	-417.81921 	-302.91259 	 0.26160494 	0.51166913 	0.0054542578 	 -0.31693255 	2.9158793 	-0.017159771 		0.01375 -0.001633393 -0.038741907 100000 1
0.015 19823.257 	-124158.37 	173.39002 	 41402.94 	-686633.95 	1107.4683 	 -0.0049768759 	-0.00020819863 	0.034487382 	 6.0144687e-05 	1.4079836e-05 	0.0019106505 	 -2808.2839 	-376.75546 	-291.9579 	 0.26949796 	0.47761691 	0.0052774435 	 -0.21413854 	2.8054463 	-0.012745779 		0.015 -0.00096078935 -0.035200296 100000 1
0.01625 19026.531 	-119233.83 	137.848 	 42551.637 	-676225.89 	755.78686 	 -0.004974835 	-0.00022709922 	0.034433981 	 6.2604513e-05 	1.2092946e-05 	0.0018136128 	 -2676.1758 	-361.68541 	-278.88978 	 0.26902695 	0.44605184 	0.0050677047 	 -0.16388239 	2.6897042 	-0.0091075002 		0.01625 -0.00038349142 -0.03170255 100000 1
0.0175 18598.593 	-114790.1 	110.75927 	 42663.753 	-662940.27 	494.39328 	 -0.0049271449 	-0.00024704619 	0.03432305 	 6.4729918e-05 	1.0411003e-05 	0.0016571912 	 -2527.9542 	-351.85405 	-265.20404 	 0.26696283 	0.41707665 	0.0048415333 	 -0.10369209 	2.5730474 	-0.006385701 		0.0175 9.4187731e-05 -0.028491191 100000 1
0.01875 17651.436 	-109904.34 	86.92442 	 38987.836 	-652534.01 	243.67792 	 -0.0049356379 	-0.00026731712 	0.0343087 	 6.2341953e-05 	8.693304e-06 	0.0016689126 	 -2451.8295 	-326.02402 	-254.8349 	 0.26926571 	0.38882807 	0.004609838 	 -0.0052517425 	2.4634018 	-0.0037763774 		0.01875 0.00059571724 -0.025299936 100000 1
0.02 16575.042 	-106202.54 	66.584159 	 35475.441 	-644097.91 	47.525386 	 -0.0049227643 	-0.00028789126 	0.034220488 	 6.7369215e-05 	7.8370586e-06 	0.001515037 	 -2312.0057 	-307.45517 	-243.34671 	 0.27183687 	0.36282609 	0.0043878008 	 0.092510681 	2.3665013 	-0.0017222573 		0.02 0.0010595823 -0.022340374 100000 1
0.02125 15150.029 	-102079.02 	47.944734 	 33394.092 	-638856.03 	-151.41328 	 -0.0049659073 	-0.00030819859 	0.034246742 	 6.8815701e-05 	7.2075523e-06 	0.0015176198 	 -2242.6147 	-280.86457 	-235.22705 	 0.27696742 	0.33778488 	0.0041662405 	 0.17661223 	2.2796472 	0.00035642255 		0.02125 0.0015505697 -0.019405994 100000 1
0.0225 14607.297 	-98320.631 	34.590574 	 35066.477 	-630310.71 	-314.0221 	 -0.0049632499 	-0.00032908846 	0.034230049 	 7.0487021e-05 	6.5454483e-06 	0.0014466471 	 -2147.6662 	-271.61435 	-225.38558 	 0.27631464 	0.31467223 	0.0039435241 	 0.22127688 	2.1875853 	0.0020597833 		0.0225 0.0019579791 -0.016558474 100000 1
0.02375 14379.948 	-94906.787 	24.348411 	 35872.316 	-618621.23 	-424.23905 	 -0.0049149786 	-0.00035140614 	0.034152721 	 7.2137695e-05 	6.1679695e-06 	0.0013131519 	 -2034.4477 	-266.67413 	-214.86006 	 0.27433649 	0.29333467 	0.0037263424 	 0.2748188 	2.0914018 	0.0032318925 		0.02375 0.0022804545 -0.014004696 100000 1
0.025 13769.715 	-91049.97 	15.46922 	 33475.904 	-609736.54 	-560.05587 	 -0.0049227842 	-0.00037411812 	0.034167654 	 6.9564101e-05 	5.4387347e-06 	0.0013355326 	 -1982.6328 	-249.71694 	-206.89096 	 0.27542572 	0.27251396 	0.0035168472 	 0.36062695 	2.0015688 	0.0046561219 		0.025 0.0026292536 -0.011424563 100000 1
0.02625 13042.992 	-88207.647 	6.9318038 	 31027.643 	-602409.72 	-655.90268 	 -0.0049092333 	-0.00039736806 	0.034108767 	 7.4326019e-05 	5.6843059e-06 	0.0011977845 	 -1871.3673 	-238.35457 	-197.85864 	 0.27679693 	0.25314003 	0.0033229703 	 0.44763916 	1.9199425 	0.0056747517 		0.02625 0.0029568708 -0.0090028598 100000 1
0.0275 12028.399 	-84933.275 	-0.75200744 	 29896.43 	-598046.06 	-781.65226 	 -0.0049516945 	-0.00042046878 	0.034164848 	 7.5262814e-05 	5.599108e-06 	0.0012121004 	 -1822.3072 	-220.19592 	-191.56054 	 0.28024002 	0.23439178 	0.0031371948 	 0.52195679 	1.8461842 	0.0069897602 		0.0275 0.0033131541 -0.0065628855 100000 1
0.02875 11663.503 	-81938.56 	-6.3492174 	 31909.826 	-590302.55 	-882.0267 	 -0.0049483486 	-0.00044450526 	0.034178352 	 7.6367934e-05 	5.5445468e-06 	0.0011563058 	 -1749.8034 	-214.50582 	-183.86051 	 0.27957872 	0.21706635 	0.0029573883 	 0.56393791 	1.766068 	0.0080448595 		0.02875 0.0035947971 -0.004253559 100000 1
0.03 11584.461 	-79199.805 	-10.693158 	 33285.946 	-579246.99 	-937.68614 	 -0.0048994029 	-0.00047045367 	0.034128522 	 7.7625651e-05 	5.8389367e-06 	0.001037995 	 -1659.0321 	-212.69855 	-175.51355 	 0.27774866 	0.20099822 	0.002786627 	 0.61311846 	1.6797562 	0.0086486481 		0.03 0.0038018076 -0.0022638766 100000 1
0.03125 11208.099 	-76023.164 	-14.301851 	 31761.421 	-570898.44 	-1040.6232 	 -0.0049064116 	-0.0004969094 	0.034166138 	 7.4841876e-05 	5.5608717e-06 	0.0010668907 	 -1621.7905 	-201.33673 	-169.17551 	 0.2781532 	0.18527566 	0.0026269973 	 0.69144844 	1.5989509 	0.0097224003 		0.03125 0.0040366886 -0.00020761115 100000 1
0.0325 10730.365 	-73740.632 	-18.802012 	 30103.37 	-563864.99 	-1102.3025 	 -0.0048920178 	-0.00052416554 	0.034130434 	 7.9332608e-05 	6.4570672e-06 	0.00094037366 	 -1529.281 	-194.83996 	-161.83007 	 0.27875596 	0.17050282 	0.0024808209 	 0.77164567 	1.5236739 	0.010379716 		0.0325 0.004261563 0.0017372804 100000 1
0.03375 10004.38 	-71028.289 	-22.666737 	 29637.724 	-559635.34 	-1212.1207 	 -0.0049335833 	-0.00055136307 	0.034211599 	 7.9875485e-05 	6.6341227e-06 	0.00096138621 	 -1492.2932 	-182.22891 	-156.71516 	 0.28108967 	0.15613871 	0.0023447404 	 0.84027191 	1.4548255 	0.011516265 		0.03375 0.004515977 0.0037380936 100000 1
0.035 9771.7413 	-68526.878 	-25.69669 	 31970.731 	-551906.82 	-1296.0441 	 -0.0049293299 	-0.00057992594 	0.034252955 	 8.0567511e-05 	6.9061395e-06 	0.00091553149 	 -1433.9132 	-178.9716 	-150.43661 	 0.28046841 	0.14278616 	0.002214472 	 0.88085056 	1.378168 	0.012390738 		0.035 0.0047022338 0.0055582282 100000 1
0.03625 9814.8279 	-66213.67 	-27.994478 	 33977.071 	-540714.48 	-1330.5176 	 -0.0048795111 	-0.0006110439 	0.034228268 	 8.1530838e-05 	7.6163363e-06 	0.00080858531 	 -1358.1642 	-179.49358 	-143.58887 	 0.27872436 	0.13031016 	0.0020913048 	 0.92613902 	1.2934599 	0.012768268 		0.03625 0.0048211432 0.0070196899 100000 1
0.0375 9614.3279 	-63473.366 	-29.721292 	 33230.27 	-532122 	-1430.2982 	 -0.0048854979 	-0.00064284471 	0.034285409 	 7.8578785e-05 	7.5300369e-06 	0.0008407832 	 -1329.0455 	-171.95462 	-138.31978 	 0.27866003 	0.11803682 	0.0019800475 	 0.99902282 	1.2133597 	0.013796718 		0.0375 0.0049688631 0.008583683 100000 1
0.03875 9324.7317 	-61526.317 	-32.889174 	 32304.911 	-524633.65 	-1480.1166 	 -0.0048700146 	-0.00067577886 	0.034270183 	 8.2854716e-05 	8.9024967e-06 	0.00072242625 	 -1249.0472 	-169.11224 	-132.09693 	 0.27867914 	0.10634575 	0.0018778889 	 1.0741423 	1.1365382 	0.014322973 		0.03875 0.0051139123 0.010062888 100000 1
0.04 8806.4935 	-59160.861 	-35.431937 	 32398.93 	-519817.3 	-1594.317 	 -0.0049103942 	-0.00070875323 	0.034374909 	 8.3117748e-05 	9.2231829e-06 	0.00074718831 	 -1218.646 	-160.3348 	-127.68838 	 0.28023228 	0.094911307 	0.0017867075 	 1.1393375 	1.0650089 	0.015491247 		0.04 0.0052889259 0.011631322 100000 1
0.04125 8674.5728 	-56949.824 	-37.542273 	 35100.765 	-511349.43 	-1676.013 	 -0.0049049446 	-0.00074365459 	0.034444369 	 8.3510468e-05 	9.7196689e-06 	0.00070899989 	 -1169.1048 	-158.83956 	-122.31216 	 0.27962591 	0.084161363 	0.0016994248 	 1.1791355 	0.98394616 	0.016332934 		0.04125 0.005400217 0.012960026 100000 1
0.0425 8824.5301 	-54872.503 	-38.876417 	 37915.902 	-499254.7 	-1695.9583 	 -0.0048539912 	-0.00078198302 	0.034445012 	 8.42577e-05 	1.0760557e-05 	0.0006124429 	 -1103.7585 	-161.2795 	-116.48202 	 0.27783045 	0.074011162 	0.0016164119 	 1.2198928 	0.89288144 	0.016555613 		0.0425 0.0054492765 0.013879319 100000 1
0.04375 8762.515 	-52385.127 	-39.664393 	 38018.735 	-489631.83 	-1799.2105 	 -0.0048586539 	-0.00082125654 	0.034521074 	 8.1185226e-05 	1.0759025e-05 	0.00064627004 	 -1078.2589 	-156.47216 	-111.86364 	 0.27733714 	0.063932659 	0.0015460985 	 1.2877782 	0.80535955 	0.017609629 		0.04375 0.0055275992 0.014933484 100000 1
0.045 8620.9316 	-50597.336 	-42.160988 	 37915.945 	-480874.48 	-1837.7295 	 -0.0048417593 	-0.00086211733 	0.034526127 	 8.5281106e-05 	1.2587995e-05 	0.00053523756 	 -1006.8956 	-156.60026 	-106.35923 	 0.27679149 	0.054147237 	0.0014802069 	 1.3581369 	0.71867563 	0.018014612 		0.045 0.005607638 0.015909227 100000 1
0.04625 8250.4444 	-48412.262 	-43.960505 	 38568.083 	-474663.37 	-1956.719 	 -0.0048805845 	-0.00090315674 	0.034655265 	 8.533212e-05 	1.3030578e-05 	0.00056262685 	 -979.27925 	-150.51789 	-102.30521 	 0.27772411 	0.044507521 	0.0014262898 	 1.4211666 	0.63624423 	0.019222747 		0.04625 0.0057177071 0.017003482 100000 1
0.0475 8192.3252 	-46334.299 	-45.276144 	 41747.14 	-464598.23 	-2029.8714 	 -0.004873571 	-0.00094689237 	0.03475518 	 8.5481744e-05 	1.3745062e-05 	0.0005320876 	 -935.09288 	-150.30746 	-97.462261 	 0.27704739 	0.03530072 	0.0013741637 	 1.4603251 	0.54208553 	0.019971785 		0.0475 0.005766812 0.017786715 100000 1
0.04875 8435.397 	-44346.612 	-45.377242 	 45694.898 	-450717.42 	-2020.0673 	 -0.0048211459 	-0.00099526324 	0.034783338 	 8.6023188e-05 	1.512004e-05 	0.00044792907 	 -877.38814 	-154.43466 	-92.330611 	 0.27499863 	0.026512479 	0.001323221 	 1.4946009 	0.4357059 	0.019890254 		0.04875 0.0057573335 0.018097961 100000 1
0.05 8482.8488 	-41974.27 	-44.8849 	 46887.853 	-439133.25 	-2111.589 	 -0.0048240869 	-0.0010449741 	0.034879637 	 8.2809013e-05 	1.5185304e-05 	0.00048380335 	 -852.32184 	-151.64921 	-88.077609 	 0.27397683 	0.017664207 	0.0012858388 	 1.5563917 	0.33138145 	0.020820534 		0.05 0.0057771109 0.01857255 100000 1
0.05125 8459.0708 	-40206.348 	-46.108615 	 47889.961 	-428078.65 	-2113.8719 	 -0.004805356 	-0.0010969177 	0.034906716 	 8.6658687e-05 	1.754171e-05 	0.0003822646 	 -787.57065 	-154.31514 	-83.038838 	 0.27274347 	0.0088740808 	0.0012480273 	 1.6205136 	0.22455213 	0.020857318 		0.05125 0.005800656 0.018950888 100000 1
0.0525 8185.1174 	-38074.488 	-46.511165 	 49213.898 	-419441.24 	-2210.4762 	 -0.0048421414 	-0.0011492606 	0.035063058 	 8.6454758e-05 	1.8150848e-05 	0.00041332056 	 -760.09127 	-150.11283 	-79.106459 	 0.27307473 	0.00014249003 	0.0012230968 	 1.681621 	0.12094882 	0.02183596 		0.0525 0.0058539605 0.019472348 100000 1
0.05375 8170.9925 	-36010.752 	-45.938067 	 53075.369 	-406659.13 	-2233.838 	 -0.0048330711 	-0.001205391 	0.035197707 	 8.6287608e-05 	1.9137917e-05 	0.00039309641 	 -719.02584 	-150.79499 	-74.569797 	 0.2721795 	-0.008332065 	0.0011971087 	 1.7194918 	0.0025511046 	0.022081846 		0.05375 0.005847759 0.019593934 100000 1
0.055 8484.5391 	-34006.925 	-43.319115 	 58753.766 	-389855.7 	-2135.9223 	 -0.0047787142 	-0.0012678723 	0.035257179 	 8.6437862e-05 	2.0879001e-05 	0.0003279875 	 -667.60242 	-156.53497 	-69.978782 	 0.26961576 	-0.016467446 	0.001168502 	 1.7428003 	-0.13048455 	0.021114201 		0.055 0.0057858189 0.019168906 100000 1
0.05625 8608.9651 	-31655.967 	-40.081146 	 61575.482 	-375068.07 	-2151.8573 	 -0.0047793886 	-0.0013323005 	0.035376517 	 8.2830127e-05 	2.1041032e-05 	0.00037027459 	 -640.80011 	-155.41894 	-65.952924 	 0.26783938 	-0.024807126 	0.0011538788 	 1.7946287 	-0.26394938 	0.021283865 		0.05625 0.0057526071 0.018930241 100000 1
0.0575 8671.9086 	-29804.28 	-38.023385 	 64386.75 	-360189.81 	-2031.9501 	 -0.0047582066 	-0.0013998931 	0.035429085 	 8.6076879e-05 	2.4008715e-05 	0.00028598518 	 -582.37495 	-160.30274 	-61.298238 	 0.26566875 	-0.033282791 	0.0011332025 	 1.8470272 	-0.40603617 	0.020094353 		0.0575 0.0057233713 0.018542514 100000 1
0.05875 8439.6978 	-27639.678 	-35.092011 	 66728.833 	-347615.94 	-2007.802 	 -0.0047922455 	-0.0014682688 	0.035617408 	 8.5269244e-05 	2.4864002e-05 	0.00032582083 	 -553.26574 	-157.44428 	-57.394597 	 0.26528983 	-0.041774198 	0.0011251862 	 1.9043405 	-0.54570318 	0.01986132 		0.05875 0.0057232372 0.018315628 100000 1
0.06 8425.5303 	-25513.827 	-30.111733 	 71717.806 	-330398.21 	-1846.1208 	 -0.0047803409 	-0.0015420222 	0.035793566 	 8.4341456e-05 	2.6189439e-05 	0.00032363836 	 -513.97818 	-158.736 	-53.097629 	 0.26396382 	-0.050104316 	0.0011109518 	 1.9381335 	-0.70531522 	0.018252803 		0.06 0.005664186 0.01757171 100000 1
0.06125 8758.2265 	-23439.719 	-21.950644 	 80409.837 	-309079.01 	-1486.225 	 -0.0047229591 	-0.0016260743 	0.035900402 	 8.3289335e-05 	2.8231437e-05 	0.00029993862 	 -468.94564 	-167.16016 	-49.065653 	 0.26058595 	-0.058046767 	0.0010875744 	 1.9394081 	-0.88077838 	0.014661572 		0.06125 0.0055521583 0.016198104 100000 1
0.0625 8902.4136 	-21077.064 	-13.444591 	 86132.719 	-289259.15 	-1227.1386 	 -0.0047200699 	-0.0017134371 	0.036060395 	 7.8275954e-05 	2.8474354e-05 	0.00036994133 	 -439.56307 	-169.02296 	-45.309076 	 0.25772315 	-0.06633973 	0.001076234 	 1.9703425 	-1.0614413 	0.012077596 		0.0625 0.0054676923 0.015023807 100000 1
0.06375 8997.7997 	-19073.8 	-4.337167 	 92707.562 	-267447.79 	-728.38098 	 -0.0046951861 	-0.0018023797 	0.03613634 	 7.9678921e-05 	3.1853149e-05 	0.00032038577 	 -387.91463 	-175.69902 	-41.123706 	 0.25429167 	-0.075086511 	0.0010512207 	 1.993349 	-1.2695248 	0.0070962407 		0.06375 0.0053858914 0.013580085 100000 1
0.065 8721.7025 	-16838.099 	4.9365556 	 97079.124 	-248033.34 	-282.11719 	 -0.0047245796 	-0.0018951141 	0.036378292 	 7.6906855e-05 	3.2849862e-05 	0.00039168383 	 -356.03672 	-174.9723 	-37.294453 	 0.25301054 	-0.083906174 	0.0010352097 	 2.0386608 	-1.4738664 	0.0026391831 		0.065 0.00533205 0.012302581 100000 1
0.06625 8613.1089 	-14606.451 	17.753533 	 104407.62 	-222416.65 	467.22216 	 -0.004707442 	-0.0019943342 	0.036617422 	 7.3496384e-05 	3.4198817e-05 	0.00043329111 	 -316.6202 	-177.45373 	-33.262877 	 0.25104303 	-0.092797029 	0.0010024098 	 2.0583137 	-1.7138219 	-0.0048486055 		0.06625 0.005219319 0.010330206 100000 1
0.0675 8738.7736 	-12513.071 	34.432077 	 116950.77 	-194012.41 	1607.1523 	 -0.004642386 	-0.0021046715 	0.036759384 	 6.9564263e-05 	3.6134512e-05 	0.00045852644 	 -273.88106 	-186.32115 	-29.601876 	 0.24761582 	-0.10074456 	0.00094665711 	 2.0314577 	-1.9565846 	-0.016242486 		0.0675 0.0050547364 0.0076044598 100000 1
0.06875 8592.9034 	-10327.706 	49.795775 	 124360.83 	-168034.07 	2755.8898 	 -0.004631506 	-0.0022214735 	0.036961065 	 6.1269214e-05 	3.6314449e-05 	0.00055296145 	 -237.94524 	-187.5966 	-25.974579 	 0.24516497 	-0.10822888 	0.00089501095 	 2.055974 	-2.1947526 	-0.027724653 		0.06875 0.0049154794 0.005057386 100000 1
0.07 8349.9414 	-8262.9064 	68.182579 	 135989.61 	-135742.38 	4369.9233 	 -0.0045942614 	-0.0023418704 	0.037116934 	 5.5863712e-05 	3.8101122e-05 	0.00059849463 	 -191.90178 	-194.96174 	-22.30225 	 0.24262141 	-0.11699438 	0.0008185855 	 2.0402114 	-2.4967787 	-0.043860342 		0.07 0.0047671831 0.0019226946 100000 1
0.07125 8051.3633 	-6140.6229 	83.812544 	 151056.75 	-106219.58 	6155.3577 	 -0.0045777797 	-0.0024706413 	0.037305402 	 4.5809351e-05 	3.7793064e-05 	0.00071823596 	 -149.84897 	-204.91379 	-18.632177 	 0.23961527 	-0.12535592 	0.00073186682 	 1.9925604 	-2.7747882 	-0.06170964 		0.07125 0.0046197198 -0.0012423501 100000 1
0.0725 7711.3814 	-4059.0395 	100.03937 	 168735.47 	-71686.599 	8451.7708 	 -0.004556522 	-0.0026068589 	0.037513186 	 3.2756342e-05 	3.6670956e-05 	0.00083792407 	 -103.00129 	-214.9506 	-14.72398 	 0.23640988 	-0.13369728 	0.00062260637 	 1.9205703 	-3.1005971 	-0.08466853 		0.0725 0.0044561987 -0.0049414138 100000 1
0.07375 7026.0716 	-2356.6729 	103.7873 	 185353.9 	-49953.884 	9849.4341 	 -0.0045393628 	-0.0026902481 	0.037635324 	 2.5060447e-05 	3.6021487e-05 	0.00092272407 	 -66.54007 	-217.76543 	-10.863087 	 0.23455188 	-0.13929078 	0.00055401907 	 1.8627395 	-3.2975926 	-0.098639372 		0.07375 0.0042824044 -0.0090151639 100000 1
0.075 6144.5649 	-1131.3558 	90.494613 	 193947.09 	-44747.757 	9931.238 	 -0.0045538637 	-0.0027093478 	0.037669765 	 2.2830121e-05 	3.5636761e-05 	0.00095377879 	 -42.741425 	-207.09269 	-7.002188 	 0.23361249 	-0.14028467 	0.00054875298 	 1.8869453 	-3.3320508 	-0.099450668 		0.075 0.0041050749 -0.013285824 100000 1
