# y jRe_x jRe_y jRe_z jIm_x jIm_y jIm_z BRe_x BRe_y BRe_z BIm_x BIm_y BIm_z F_x F_y F_z VReGrad_x VReGrad_y VReGrad_z VImGrad_x VImGrad_y VImGrad_z s VRe VIm sigma mur
-0.075 -1817870 	-220.09419 	83.911779 	 -4451541.8 	-177.34696 	254.15409 	 3.2153451e-06 	0.0088216714 	0.038725554 	 5.494877e-07 	0.01157615 	0.0055171926 	 -6.5862563 	47478.959 	-33783.825 	 0.16147652 	2.48966e-05 	-5.90796e-05 	 0.37185649 	3.3338e-05 	-0.00021443892 		-0.075 -7.178691e-06 -2.7844579e-05 1200000 1
-0.07375 -1907948 	-0.04944037 	0.059253502 	 -4112751.2 	0.13120112 	-0.024334232 	 5.6969959e-09 	0.0090799572 	0.037940824 	 2.2273434e-09 	0.011471254 	0.0038541705 	 -0.00084098743 	44236.458 	-32216.845 	 0.14449889 	3.2301788e-06 	-3.1455014e-07 	 0.30305915 	-5.8821373e-06 	6.4579837e-08 		-0.07375 2.4706567e-07 9.8317307e-07 1200000 1
-0.0725 -1934379.7 	0.22435875 	0.1441341 	 -3771326.1 	0.26078447 	-0.23850481 	 6.1239358e-09 	0.0099186733 	0.035949441 	 2.2498369e-09 	0.012449107 	0.00051513275 	 0.0047924734 	35835.688 	-33050.339 	 0.11581047 	3.067849e-06 	-3.9757675e-07 	 0.18707806 	-6.1557651e-06 	2.4660596e-07 		-0.0725 2.5098665e-07 9.756398e-07 1200000 1
-0.07125 -1936230.3 	0.36931439 	0.1588603 	 -3452967.8 	0.24056103 	-0.39003883 	 6.4985976e-09 	0.010423356 	0.034048395 	 2.1808318e-09 	0.012786405 	-0.0021871968 	 0.0076609606 	29277.02 	-32178.016 	 0.088835228 	3.0135158e-06 	-4.2187972e-07 	 0.076089162 	-6.3075632e-06 	3.7728486e-07 		-0.07125 2.5475602e-07 9.6779886e-07 1200000 1
-0.07 -1919608.3 	0.26465313 	0.12605155 	 -3156479.6 	0.37920459 	-0.42086947 	 6.9858705e-09 	0.010737837 	0.032216747 	 2.166303e-09 	0.012770746 	-0.0044965602 	 0.0053348996 	23905.659 	-30493.668 	 0.063615823 	3.1658162e-06 	-4.0611896e-07 	 -0.0298401 	-6.595535e-06 	4.080815e-07 		-0.07 2.5854005e-07 9.5984126e-07 1200000 1
-0.06875 -1887837 	0.37487692 	0.13569226 	 -2880091.6 	0.38159827 	-0.63396497 	 7.4500025e-09 	0.010896775 	0.030461655 	 2.1603524e-09 	0.012545084 	-0.0064794232 	 0.0076787088 	19488.341 	-28400.281 	 0.04008169 	3.1330483e-06 	-4.2565421e-07 	 -0.13111824 	-6.773301e-06 	5.9116292e-07 		-0.06875 2.6262503e-07 9.5135741e-07 1200000 1
-0.0675 -1843059.4 	0.61086943 	0.15144313 	 -2623123.7 	0.32452023 	-0.55034111 	 8.0222384e-09 	0.010923769 	0.028770279 	 2.0117256e-09 	0.012106447 	-0.0081948418 	 0.0099004385 	15812.077 	-25999.701 	 0.018212429 	2.9903328e-06 	-4.489635e-07 	 -0.22788804 	-6.9051197e-06 	5.275835e-07 		-0.0675 2.663494e-07 9.4293891e-07 1200000 1
-0.06625 -1787374.7 	0.56398431 	0.11125942 	 -2384097.3 	0.49823399 	-0.52281603 	 8.4938298e-09 	0.010808044 	0.027122538 	 1.6597981e-09 	0.011440568 	-0.0096986265 	 0.007560468 	12728.643 	-23351.685 	 -0.0020581158 	3.0832553e-06 	-4.2512711e-07 	 -0.32049243 	-7.2310937e-06 	5.1141523e-07 		-0.06625 2.701518e-07 9.3399115e-07 1200000 1
-0.065 -1725431.9 	0.52487504 	0.092104655 	 -2165379.7 	0.60030341 	-0.62167953 	 9.0500911e-09 	0.0106437 	0.025597738 	 1.4722008e-09 	0.010914478 	-0.010941182 	 0.0062936716 	10270.166 	-21038.563 	 -0.020530177 	3.1664889e-06 	-4.1924518e-07 	 -0.40757206 	-7.4985397e-06 	6.0072469e-07 		-0.065 2.7409106e-07 9.2480951e-07 1200000 1
-0.06375 -1658939.8 	0.73651221 	0.12256797 	 -1963321.6 	0.3954694 	-0.58951284 	 9.7139036e-09 	0.010387769 	0.024196761 	 1.4529755e-09 	0.010404152 	-0.011954785 	 0.0089508772 	8361.2396 	-18860.379 	 -0.037384241 	3.0350534e-06 	-4.544178e-07 	 -0.48986813 	-7.5127358e-06 	5.8110279e-07 		-0.06375 2.7787925e-07 9.1568972e-07 1200000 1
-0.0625 -1585113.3 	0.81338309 	0.11572644 	 -1777052.9 	0.37272329 	-0.56417708 	 1.0254822e-08 	0.010074852 	0.02282815 	 1.1878924e-09 	0.0097659401 	-0.012867711 	 0.0090305002 	6687.5362 	-16700.347 	 -0.052856513 	3.0129816e-06 	-4.5788983e-07 	 -0.56848865 	-7.680112e-06 	5.6786705e-07 		-0.0625 2.8160025e-07 9.0630091e-07 1200000 1
-0.06125 -1507933.4 	0.71907791 	0.076023716 	 -1605833.7 	0.5515354 	-0.4844651 	 1.0785222e-08 	0.0096853088 	0.021541656 	 9.4000807e-10 	0.0090976294 	-0.013635124 	 0.0057958907 	5324.3729 	-14651.218 	 -0.066927939 	3.1318746e-06 	-4.3408696e-07 	 -0.64296491 	-8.015714e-06 	5.0978642e-07 		-0.06125 2.8533282e-07 8.9670829e-07 1200000 1
-0.06 -1428112.3 	0.79859928 	0.096132648 	 -1448568 	0.49312894 	-0.63866792 	 1.1200312e-08 	0.0092666334 	0.020345283 	 6.1426278e-10 	0.0084583421 	-0.01428359 	 0.006896342 	4210.5362 	-12788.938 	 -0.079696995 	3.0992874e-06 	-4.6091555e-07 	 -0.71357823 	-8.1546463e-06 	6.4685284e-07 		-0.06 2.8929134e-07 8.8657308e-07 1200000 1
-0.05875 -1346507.7 	0.99782238 	0.13054888 	 -1304240.1 	0.22679591 	-0.50526789 	 1.1776984e-08 	0.0087866563 	0.019225968 	 2.9579388e-10 	0.0078020077 	-0.014835206 	 0.0092928647 	3292.3987 	-11046.445 	 -0.091237229 	2.9623753e-06 	-4.9925466e-07 	 -0.78052106 	-8.1217838e-06 	5.4470169e-07 		-0.05875 2.9293022e-07 8.7674066e-07 1200000 1
-0.0575 -1262949.6 	0.94913396 	0.10130879 	 -1170145.5 	0.33775383 	-0.48801644 	 1.2129987e-08 	0.0083203156 	0.01812538 	 -3.052237e-10 	0.0070967952 	-0.015331737 	 0.0073292459 	2498.3512 	-9451.8126 	 -0.10174175 	3.0309964e-06 	-4.850058e-07 	 -0.84472677 	-8.4032269e-06 	5.4013325e-07 		-0.0575 2.9664375e-07 8.6642989e-07 1200000 1
-0.05625 -1179616.7 	0.87231014 	0.082705952 	 -1049106 	0.48528453 	-0.54968634 	 1.2469077e-08 	0.0078039907 	0.017129736 	 -8.1762065e-10 	0.0064580249 	-0.015728999 	 0.0051534228 	1866.3625 	-8030.4922 	 -0.1110509 	3.1195444e-06 	-4.8064999e-07 	 -0.90498065 	-8.7128073e-06 	6.0166882e-07 		-0.05625 3.0047734e-07 8.5582758e-07 1200000 1
-0.055 -1099521.1 	1.0484919 	0.11968552 	 -940153.36 	0.19926059 	-0.49392735 	 1.311915e-08 	0.0072149972 	0.016337376 	 -1.1483297e-09 	0.0059679378 	-0.015962544 	 0.0080475748 	1487.6736 	-6804.5349 	 -0.11911811 	2.9938276e-06 	-5.2332367e-07 	 -0.96070296 	-8.6632203e-06 	5.6546531e-07 		-0.055 3.0413058e-07 8.4549635e-07 1200000 1
-0.05375 -1017992 	1.123633 	0.13271643 	 -840093.14 	0.078568863 	-0.47587101 	 1.3671157e-08 	0.0066564132 	0.015543818 	 -1.7307131e-09 	0.0054419479 	-0.016197169 	 0.0089441707 	1117.7827 	-5706.1836 	 -0.12636951 	2.9505367e-06 	-5.4647784e-07 	 -1.0142189 	-8.7509751e-06 	5.6152274e-07 		-0.05375 3.0767041e-07 8.3507373e-07 1200000 1
-0.0525 -937057.73 	0.97916087 	0.087951082 	 -748442.19 	0.31183764 	-0.40455724 	 1.4113995e-08 	0.0060841839 	0.01480202 	 -2.2683231e-09 	0.0049142501 	-0.016381582 	 0.0054669985 	817.41809 	-4723.4618 	 -0.13280418 	3.0896167e-06 	-5.2235589e-07 	 -1.0651819 	-9.1323652e-06 	5.1393743e-07 		-0.0525 3.1124902e-07 8.2440425e-07 1200000 1
-0.05125 -857183.01 	1.0096483 	0.10131319 	 -664865.7 	0.34608781 	-0.55078911 	 1.4388633e-08 	0.0055145137 	0.014133312 	 -2.8879498e-09 	0.0044289649 	-0.016525086 	 0.0053154554 	576.9608 	-3868.3648 	 -0.1384713 	3.0786658e-06 	-5.4812837e-07 	 -1.1136106 	-9.3480984e-06 	6.4804185e-07 		-0.05125 3.1506993e-07 8.1313785e-07 1200000 1
-0.05 -778467.74 	1.2256239 	0.13422281 	 -588348.77 	-0.025306298 	-0.37907407 	 1.4958622e-08 	0.0049165731 	0.013520815 	 -3.4259811e-09 	0.0039574757 	-0.016643176 	 0.0089053413 	379.45903 	-3107.3934 	 -0.14345663 	2.9103366e-06 	-5.9035253e-07 	 -1.1598139 	-9.2271757e-06 	5.1755006e-07 		-0.05 3.1858383e-07 8.0216475e-07 1200000 1
-0.04875 -700420.3 	1.1627766 	0.1161133 	 -516894.94 	0.017165949 	-0.38158447 	 1.5314326e-08 	0.0043865624 	0.012929648 	 -4.1959171e-09 	0.0034900598 	-0.016747002 	 0.0078178034 	212.49014 	-2468.5794 	 -0.14790801 	2.9748459e-06 	-5.9145064e-07 	 -1.2045145 	-9.4486334e-06 	5.3317126e-07 		-0.04875 3.2209768e-07 7.9089987e-07 1200000 1
-0.0475 -622834.88 	1.0248586 	0.07424955 	 -450755.42 	0.18896315 	-0.45884922 	 1.5396857e-08 	0.0038754834 	0.012342547 	 -4.9434116e-09 	0.0030193156 	-0.016854252 	 0.0054228653 	53.50878 	-1918.9383 	 -0.15188251 	3.1007805e-06 	-5.741891e-07 	 -1.2478076 	-9.7777701e-06 	6.1172546e-07 		-0.0475 3.2585987e-07 7.7910445e-07 1200000 1
-0.04625 -550425.63 	1.1902573 	0.098886359 	 -393360.33 	-0.019116601 	-0.39221073 	 1.6101527e-08 	0.003199029 	0.012004452 	 -5.2886168e-09 	0.0026749328 	-0.016835612 	 0.0077447751 	-1.8531548 	-1435.297 	 -0.15510685 	2.9759522e-06 	-6.1306871e-07 	 -1.2873234 	-9.7908898e-06 	5.6994925e-07 		-0.04625 3.2939726e-07 7.6780087e-07 1200000 1
-0.045 -478397.37 	1.2730596 	0.12589793 	 -340080.43 	-0.18605419 	-0.35916967 	 1.6892333e-08 	0.0025631491 	0.011669841 	 -5.8141676e-09 	0.0023338011 	-0.016836709 	 0.0092226379 	-67.324768 	-1036.2194 	 -0.15801522 	2.9202966e-06 	-6.5478e-07 	 -1.3258523 	-9.8369994e-06 	5.5668723e-07 		-0.045 3.3272346e-07 7.5659609e-07 1200000 1
-0.04375 -406602.17 	1.0620654 	0.066675673 	 -289887.05 	-0.018290673 	-0.34926644 	 1.7400012e-08 	0.0019839924 	0.011340497 	 -6.3763156e-09 	0.0019776727 	-0.016836807 	 0.0065429971 	-128.53852 	-716.38334 	 -0.16070988 	3.1100433e-06 	-6.2596683e-07 	 -1.3637486 	-1.01615e-05 	5.6359429e-07 		-0.04375 3.3617319e-07 7.4500872e-07 1200000 1
-0.0425 -336067.66 	1.0379622 	0.063565626 	 -243289.79 	0.19840265 	-0.5500551 	 1.7739172e-08 	0.0014039036 	0.01106766 	 -6.9681439e-09 	0.0016470096 	-0.016826054 	 0.0046447691 	-179.7317 	-460.7956 	 -0.16318112 	3.1460038e-06 	-6.4501227e-07 	 -1.4005538 	-1.0527413e-05 	7.4629462e-07 		-0.0425 3.3990855e-07 7.3298538e-07 1200000 1
-0.04125 -266466.15 	1.2677994 	0.089923936 	 -199445.7 	-0.022730886 	-0.32324925 	 1.8540645e-08 	0.00081129421 	0.010832656 	 -7.367775e-09 	0.0013263357 	-0.016817766 	 0.0072148124 	-225.54077 	-262.04728 	 -0.16552374 	2.973209e-06 	-6.8802271e-07 	 -1.4366376 	-1.0528954e-05 	5.7253069e-07 		-0.04125 3.4337767e-07 7.2091727e-07 1200000 1
-0.04 -197480.92 	1.2039248 	0.069900677 	 -157416.22 	0.032844156 	-0.35629586 	 1.912063e-08 	0.00027252654 	0.010632556 	 -7.9905167e-09 	0.0010157853 	-0.016806489 	 0.0063104263 	-263.9975 	-127.19167 	 -0.16784351 	3.0472381e-06 	-6.9334967e-07 	 -1.4723689 	-1.0760213e-05 	6.1596448e-07 		-0.04 3.467938e-07 7.0866532e-07 1200000 1
-0.03875 -127978.15 	1.0435948 	-0.00048213026 	 -115338.05 	0.2463234 	-0.52538991 	 1.9235557e-08 	-0.00018025042 	0.0104041 	 -8.6905754e-09 	0.00069120557 	-0.016821296 	 0.0037899436 	-297.47526 	-50.674915 	 -0.17032586 	3.2025905e-06 	-6.5741662e-07 	 -1.5086369 	-1.1120554e-05 	7.7333441e-07 		-0.03875 3.5052839e-07 6.9572346e-07 1200000 1
-0.0375 -61346.638 	1.220689 	0.020118268 	 -77490.482 	0.34135777 	-0.41812004 	 1.9872877e-08 	-0.00079602523 	0.01034127 	 -8.8861283e-09 	0.00040602086 	-0.016774249 	 0.003719501 	-328.05095 	-14.863201 	 -0.17269477 	3.0842815e-06 	-6.9644432e-07 	 -1.5431933 	-1.1383723e-05 	6.9955872e-07 		-0.0375 3.5413889e-07 6.8297142e-07 1200000 1
-0.03625 3775.0416 	1.328506 	0.051987944 	 -42107.179 	0.3223844 	-0.27167551 	 2.1042406e-08 	-0.0014990241 	0.010357954 	 -8.9940725e-09 	0.00014026778 	-0.016711984 	 0.0042210868 	-368.79923 	-27.331001 	 -0.1751291 	3.028505e-06 	-7.4435641e-07 	 -1.5769976 	-1.1550328e-05 	5.9263722e-07 		-0.03625 3.5738011e-07 6.7059201e-07 1200000 1
-0.035 70519.401 	1.1363685 	-0.021793351 	 -5345.3988 	0.42854662 	-0.33450405 	 2.1571709e-08 	-0.0020551277 	0.010349529 	 -9.44089e-09 	-0.00014596744 	-0.016671755 	 0.0024158434 	-405.74131 	-93.151434 	 -0.17804569 	3.2204751e-06 	-7.0555924e-07 	 -1.6121657 	-1.1821374e-05 	6.6117331e-07 		-0.035 3.608047e-07 6.5757948e-07 1200000 1
-0.03375 136930.42 	1.1366609 	-0.041064769 	 31300.733 	0.81590558 	-0.5238578 	 2.2012822e-08 	-0.0026282053 	0.010394938 	 -9.9187047e-09 	-0.00042615896 	-0.016623558 	 -0.00072759441 	-446.91327 	-205.22528 	 -0.18130015 	3.2587027e-06 	-7.123356e-07 	 -1.6475603 	-1.2329212e-05 	8.3477211e-07 		-0.03375 3.6447857e-07 6.4433255e-07 1200000 1
-0.0325 203635.45 	1.3963452 	-0.0054334759 	 68560.863 	0.68963836 	-0.14502113 	 2.2996173e-08 	-0.0032054603 	0.010472164 	 -1.0157506e-08 	-0.00071010318 	-0.016583906 	 0.0016116852 	-492.00246 	-366.02559 	 -0.18502272 	3.0886504e-06 	-7.6368058e-07 	 -1.6836368 	-1.2408169e-05 	5.3430058e-07 		-0.0325 3.679179e-07 6.3071272e-07 1200000 1
-0.03125 270771.44 	1.368641 	-0.033273553 	 106810.61 	0.62321505 	-0.17614809 	 2.3840357e-08 	-0.0037514396 	0.010591411 	 -1.063051e-08 	-0.00099232754 	-0.016540735 	 0.0020170154 	-544.00742 	-573.27367 	 -0.18930323 	3.1625524e-06 	-7.6322693e-07 	 -1.7205601 	-1.2537083e-05 	5.757009e-07 		-0.03125 3.7127515e-07 6.1709078e-07 1200000 1
-0.03 339634.89 	1.2426425 	-0.12427649 	 149198.7 	0.69946246 	-0.44182835 	 2.4167376e-08 	-0.004182129 	0.010704967 	 -1.1309308e-08 	-0.0012938273 	-0.016512182 	 0.0007622755 	-580.59341 	-819.14663 	 -0.19450902 	3.3199853e-06 	-7.1113184e-07 	 -1.7596369 	-1.2783225e-05 	8.1271175e-07 		-0.03 3.7494025e-07 6.0287104e-07 1200000 1
-0.02875 408371.08 	1.4726651 	-0.10514417 	 192274.87 	0.90740671 	-0.32898762 	 2.4767181e-08 	-0.0046781739 	0.010903529 	 -1.164779e-08 	-0.0015928562 	-0.016459491 	 0.00046990128 	-640.1935 	-1123.7655 	 -0.20032939 	3.1932682e-06 	-7.4969348e-07 	 -1.799248 	-1.3142579e-05 	7.3320324e-07 		-0.02875 3.7861604e-07 5.8847665e-07 1200000 1
-0.0275 474660.27 	1.5922538 	-0.057686722 	 233053.89 	1.1311869 	-0.038641681 	 2.657977e-08 	-0.0054477263 	0.011234232 	 -1.1161702e-08 	-0.0019113241 	-0.016347117 	 -0.00041650102 	-759.34948 	-1530.2405 	 -0.20636119 	3.1708279e-06 	-8.1030975e-07 	 -1.8377228 	-1.3506566e-05 	5.0400927e-07 		-0.0275 3.8178994e-07 5.7490808e-07 1200000 1
-0.02625 544112.77 	1.4270274 	-0.13696986 	 279386.74 	1.1757405 	-0.22138744 	 2.7571956e-08 	-0.0060203875 	0.011561053 	 -1.1141431e-08 	-0.0022394444 	-0.016246859 	 -0.0017015814 	-874.37916 	-1964.6245 	 -0.21379664 	3.3813371e-06 	-7.6714557e-07 	 -1.8793447 	-1.372215e-05 	6.6959325e-07 		-0.02625 3.8517297e-07 5.6048123e-07 1200000 1
-0.025 614415.79 	1.4762023 	-0.16765467 	 329656.64 	1.8105436 	-0.51970213 	 2.8459869e-08 	-0.006590894 	0.011943839 	 -1.1410737e-08 	-0.0025810589 	-0.016126684 	 -0.0064490677 	-1009.8661 	-2460.3411 	 -0.22232118 	3.4194197e-06 	-7.6402185e-07 	 -1.9226988 	-1.4430374e-05 	9.3021204e-07 		-0.025 3.8881272e-07 5.4603929e-07 1200000 1
-0.02375 685993.53 	1.7511304 	-0.11125422 	 384125.86 	2.1505151 	0.00083717657 	 2.9818866e-08 	-0.0071501931 	0.01236908 	 -1.1185177e-08 	-0.0029356032 	-0.016001626 	 -0.0064726861 	-1167.6563 	-3021.9158 	 -0.23207085 	3.2822515e-06 	-8.3123845e-07 	 -1.9680713 	-1.4889048e-05 	5.071908e-07 		-0.02375 3.9224704e-07 5.3071831e-07 1200000 1
-0.0225 758817.33 	1.7380561 	-0.1606735 	 443194.06 	2.2327162 	0.057046597 	 3.1101082e-08 	-0.0076791646 	0.012846622 	 -1.0981089e-08 	-0.0032951538 	-0.015855184 	 -0.0068510961 	-1359.1812 	-3644.6316 	 -0.24316326 	3.3873961e-06 	-8.1057753e-07 	 -2.0155889 	-1.5128831e-05 	4.703283e-07 		-0.0225 3.9563921e-07 5.1516705e-07 1200000 1
-0.02125 833488.05 	1.6159935 	-0.25462554 	 510027.08 	2.2222056 	-0.40098787 	 3.2087547e-08 	-0.0081164867 	0.013377563 	 -1.1052208e-08 	-0.0036852729 	-0.015675272 	 -0.0077016804 	-1576.9251 	-4319.2451 	 -0.25609926 	3.5782823e-06 	-7.5354223e-07 	 -2.0663896 	-1.5285988e-05 	8.6060601e-07 		-0.02125 3.9930108e-07 4.991498e-07 1200000 1
-0.02 910874.08 	1.8725713 	-0.25036821 	 586024.68 	2.4380821 	-0.41995068 	 3.2514254e-08 	-0.0084076821 	0.013958334 	 -1.1465601e-08 	-0.0040550136 	-0.015482312 	 -0.0069206593 	-1822.0649 	-5017.0521 	 -0.27127215 	3.4611927e-06 	-7.7695221e-07 	 -2.1212452 	-1.5632242e-05 	8.8324701e-07 		-0.02 4.0318616e-07 4.8231281e-07 1200000 1
-0.01875 983019.36 	1.9363265 	-0.22464995 	 657659.71 	3.09735 	0.028224348 	 3.4629761e-08 	-0.0091714323 	0.014677958 	 -9.6238044e-09 	-0.0045095868 	-0.015171028 	 -0.009965686 	-2227.6857 	-5991.4082 	 -0.28610371 	3.5208078e-06 	-8.1462726e-07 	 -2.173054 	-1.6337276e-05 	5.1336006e-07 		-0.01875 4.0648889e-07 4.6694791e-07 1200000 1
-0.0175 1057831 	1.7324501 	-0.27788149 	 739204.09 	3.320474 	-0.16512782 	 3.638457e-08 	-0.009749837 	0.015448225 	 -8.2907902e-09 	-0.0049549039 	-0.01481261 	 -0.012545771 	-2701.2489 	-6989.5896 	 -0.30346107 	3.7921959e-06 	-7.8746435e-07 	 -2.2291908 	-1.6674144e-05 	6.7647087e-07 		-0.0175 4.1001962e-07 4.5063833e-07 1200000 1
-0.01625 1133789.3 	1.6772007 	-0.28766077 	 831846.33 	3.7142441 	-0.75210422 	 3.7726831e-08 	-0.010234777 	0.016307089 	 -7.5485766e-09 	-0.0054139661 	-0.014382111 	 -0.015791851 	-3271.9989 	-8049.923 	 -0.3234415 	3.938125e-06 	-7.9583157e-07 	 -2.2893826 	-1.714495e-05 	1.1643682e-06 		-0.01625 4.1386268e-07 4.3420911e-07 1200000 1
-0.015 1210083.3 	1.8237482 	-0.28656496 	 934125.7 	4.2378687 	-0.53697637 	 3.9399221e-08 	-0.010664643 	0.01725083 	 -5.7875549e-09 	-0.005865639 	-0.013881937 	 -0.016366352 	-3967.8465 	-9182.4793 	 -0.34589068 	3.9205004e-06 	-8.0993896e-07 	 -2.3530109 	-1.7715994e-05 	9.8074613e-07 		-0.015 4.1766937e-07 4.1719749e-07 1200000 1
-0.01375 1286113.8 	1.6218417 	-0.39169405 	 1046842.5 	4.7454767 	-0.41402165 	 4.1030055e-08 	-0.011047548 	0.018293835 	 -4.3073736e-09 	-0.0063136972 	-0.013282106 	 -0.019864254 	-4832.0264 	-10391.823 	 -0.37103877 	4.1866845e-06 	-7.3285375e-07 	 -2.4202158 	-1.8264217e-05 	8.7015352e-07 		-0.01375 4.215192e-07 3.9967744e-07 1200000 1
-0.0125 1360973.6 	1.3150253 	-0.58377492 	 1172568.6 	4.7597832 	-0.88313762 	 4.2510223e-08 	-0.011328751 	0.019458644 	 -2.9952676e-09 	-0.0067821004 	-0.012514795 	 -0.022644255 	-5928.8746 	-11658.754 	 -0.39935463 	4.5388869e-06 	-5.8059558e-07 	 -2.4915763 	-1.8389562e-05 	1.2480456e-06 		-0.0125 4.2572555e-07 3.817088e-07 1200000 1
-0.01125 1436439.3 	1.6762781 	-0.61449945 	 1319453.8 	4.3139554 	-1.618903 	 4.3536108e-08 	-0.011364921 	0.020774178 	 -1.4096676e-09 	-0.0072110403 	-0.011535814 	 -0.016175148 	-7336.2183 	-12882.723 	 -0.43283171 	4.3352049e-06 	-5.5770756e-07 	 -2.570707 	-1.8128974e-05 	1.8414852e-06 		-0.01125 4.3027545e-07 3.6298492e-07 1200000 1
-0.01 1502632.9 	1.656395 	-0.35822976 	 1467801 	4.638718 	-2.702615 	 4.600095e-08 	-0.011732367 	0.022335643 	 3.3102998e-09 	-0.0076697992 	-0.010280646 	 -0.017584532 	-9261.1104 	-14404.478 	 -0.46684004 	4.4405134e-06 	-7.6484388e-07 	 -2.6474793 	-1.8493208e-05 	2.717632e-06 		-0.01 4.342131e-07 3.4587796e-07 1200000 1
-0.00875 598999.94 	1.2512485 	-0.087609684 	 601067.58 	1.4817582 	-0.71226053 	 4.7821059e-08 	-0.011762327 	0.023723368 	 6.7503071e-09 	-0.0077704811 	-0.0091562019 	 0.0043888669 	-4122.7207 	-5673.298 	 -0.52090579 	-1.1530746e-06 	-1.3885663e-06 	 -2.763555 	-1.6759837e-05 	-3.9554251e-06 		-0.00875 4.3921188e-07 3.0898068e-07 459078.61 1
-0.0075 135856.81 	1.0767418 	0.16019044 	 154292.41 	0.14755158 	0.40282418 	 4.8417796e-08 	-0.011146142 	0.024668131 	 7.8453337e-09 	-0.0075688222 	-0.0084724783 	 0.015164199 	-1023.8642 	-1338.5447 	 -0.55438221 	-4.7948742e-06 	-2.6043685e-06 	 -2.8431338 	-1.6249144e-05 	-3.6395132e-06 		-0.0075 4.393241e-07 2.7292777e-07 100000 1
-0.00625 136893.94 	1.1857168 	0.22904839 	 163608.58 	0.77131108 	-0.2683648 	 4.8695164e-08 	-0.010474548 	0.025404913 	 8.7870328e-09 	-0.0072469021 	-0.0079785082 	 0.012099705 	-1087.996 	-1308.0996 	 -0.56107693 	-5.8048197e-06 	-3.2578084e-06 	 -2.8664015 	-2.254665e-05 	3.0261957e-06 		-0.00625 4.3418388e-07 2.498502e-07 100000 1
-0.005 137078.5 	1.4214551 	0.20363937 	 171007.02 	0.72538019 	-0.22558447 	 4.863578e-08 	-0.010009291 	0.02590858 	 1.0002632e-08 	-0.0069484423 	-0.0075433789 	 0.015774536 	-1131.8533 	-1279.6758 	 -0.56120234 	-8.0902509e-06 	-2.9696571e-06 	 -2.8723498 	-2.2139799e-05 	2.5521327e-06 		-0.005 4.269998e-07 2.2990485e-07 100000 1
-0.00375 136718.03 	1.6342904 	0.19032785 	 177575.87 	0.69115278 	-0.18540221 	 4.8448509e-08 	-0.0095460671 	0.026333358 	 1.0666391e-08 	-0.006702163 	-0.0071095934 	 0.019238757 	-1169.5262 	-1248.0305 	 -0.55799683 	-1.0152871e-05 	-2.8026983e-06 	 -2.8673121 	-2.1841335e-05 	2.1037245e-06 		-0.00375 4.1797074e-07 2.0952832e-07 100000 1
-0.0025 135822.13 	1.8310704 	0.17597491 	 183258.86 	0.62579095 	-0.17335948 	 4.8022161e-08 	-0.0090131635 	0.026776147 	 1.0981739e-08 	-0.0064191931 	-0.0066896492 	 0.022601003 	-1205.8297 	-1201.0794 	 -0.55131782 	-1.2057938e-05 	-2.6258566e-06 	 -2.8503543 	-2.1225863e-05 	1.9362312e-06 		-0.0025 4.0681835e-07 1.8867108e-07 100000 1
-0.00125 134448.9 	2.0332546 	0.16970517 	 187974.06 	0.66082984 	-0.20097646 	 4.7491345e-08 	-0.0085224424 	0.027162045 	 1.1238345e-08 	-0.0061566023 	-0.0063106228 	 0.025585133 	-1233.0563 	-1152.698 	 -0.54164374 	-1.4018095e-05 	-2.5309478e-06 	 -2.8226787 	-2.1611745e-05 	2.166115e-06 		-0.00125 3.9395313e-07 1.6810476e-07 100000 1
5.2475385e-17 132649.21 	2.2439487 	0.16360321 	 191765.39 	0.74180961 	-0.18515309 	 4.7051321e-08 	-0.008033101 	0.027501751 	 1.1484213e-08 	-0.0058790881 	-0.0059574977 	 0.028686826 	-1252.92 	-1097.8277 	 -0.52934492 	-1.6068989e-05 	-2.4393641e-06 	 -2.7849389 	-2.244833e-05 	1.9635055e-06 		5.2475385e-17 3.7895749e-07 1.465674e-07 100000 1
0.00125 130486.26 	2.4346639 	0.15874903 	 194705.96 	0.81194109 	-0.16596752 	 4.6673771e-08 	-0.0075739484 	0.027797487 	 1.1700825e-08 	-0.0056097232 	-0.0056328976 	 0.031602648 	-1265.2429 	-1041.6518 	 -0.51480517 	-1.7924471e-05 	-2.3617014e-06 	 -2.7380533 	-2.3169183e-05 	1.729577e-06 		0.00125 3.6207087e-07 1.2415936e-07 100000 1
0.0025 127994.44 	2.6003368 	0.15260939 	 196838 	0.82010391 	-0.14227113 	 4.6019739e-08 	-0.0071540867 	0.028059458 	 1.1626248e-08 	-0.0053364648 	-0.0053429945 	 0.034401096 	-1269.8449 	-984.44482 	 -0.49829515 	-1.9533829e-05 	-2.2726897e-06 	 -2.6826859 	-2.3264864e-05 	1.4534706e-06 		0.0025 3.4334316e-07 1.0096047e-07 100000 1
0.00375 125118.41 	2.7468807 	0.1457194 	 198192.72 	0.85526636 	-0.1789545 	 4.5142922e-08 	-0.0065933966 	0.028303464 	 1.1520542e-08 	-0.0050530178 	-0.0050747616 	 0.036701606 	-1267.7059 	-914.70603 	 -0.47931298 	-2.0949863e-05 	-2.176948e-06 	 -2.6162087 	-2.3627771e-05 	1.7829232e-06 		0.00375 3.2204496e-07 7.643474e-08 100000 1
0.005 121977.01 	2.8839744 	0.1405476 	 198784.14 	0.91566516 	-0.19972164 	 4.4095559e-08 	-0.0060303322 	0.028495227 	 1.1371839e-08 	-0.004775294 	-0.0048463239 	 0.038772813 	-1256.0945 	-844.2686 	 -0.45868683 	-2.2276716e-05 	-2.1001462e-06 	 -2.541822 	-2.4231364e-05 	1.9571204e-06 		0.005 2.987541e-07 5.06065e-08 100000 1
0.00625 118852.9 	3.0641195 	0.11784728 	 198643.24 	1.0324409 	-0.17203768 	 4.4064297e-08 	-0.0058237869 	0.028641353 	 1.1728722e-08 	-0.004530939 	-0.0046434944 	 0.0413681 	-1240.7551 	-798.17606 	 -0.43802962 	-2.4040192e-05 	-1.8511426e-06 	 -2.4664308 	-2.5400379e-05 	1.6523963e-06 		0.00625 2.755597e-07 2.6324055e-08 100000 1
0.0075 115574.69 	3.212473 	0.1066215 	 198004.34 	1.1125839 	-0.1429191 	 4.3784452e-08 	-0.0056228945 	0.02876046 	 1.1839237e-08 	-0.0043060365 	-0.004470736 	 0.043652752 	-1219.2306 	-753.48299 	 -0.41641322 	-2.5489701e-05 	-1.7179953e-06 	 -2.3856083 	-2.6192177e-05 	1.3367182e-06 		0.0075 2.5088762e-07 8.978155e-10 100000 1
0.00875 112093.68 	3.3154622 	0.095403144 	 196809.98 	1.1151764 	-0.13970347 	 4.3127714e-08 	-0.0052950436 	0.028887745 	 1.1739115e-08 	-0.0040668107 	-0.0043071902 	 0.045439502 	-1195.0846 	-699.10094 	 -0.39330928 	-2.6488176e-05 	-1.5858435e-06 	 -2.2969016 	-2.6197874e-05 	1.2831726e-06 		0.00875 2.2391515e-07 -2.6224462e-08 100000 1
0.01 108532.5 	3.4202801 	0.077126203 	 195169.51 	1.16682 	-0.17391405 	 4.255292e-08 	-0.0049911405 	0.028984818 	 1.1782205e-08 	-0.0038491974 	-0.0041712511 	 0.046982758 	-1165.7254 	-648.52056 	 -0.3696155 	-2.750531e-05 	-1.3841746e-06 	 -2.2041693 	-2.6692774e-05 	1.6069929e-06 		0.01 1.959492e-07 -5.3415097e-08 100000 1
0.01125 104918.54 	3.5168936 	0.062436779 	 193146.42 	1.2343868 	-0.16924523 	 4.2137983e-08 	-0.0047009875 	0.029063726 	 1.1945828e-08 	-0.0036368202 	-0.004049902 	 0.048429976 	-1133.4519 	-599.71401 	 -0.34549783 	-2.8448549e-05 	-1.2198202e-06 	 -2.1080408 	-2.7336628e-05 	1.5457756e-06 		0.01125 1.667364e-07 -8.1472292e-08 100000 1
0.0125 101282.72 	3.5832718 	0.054109892 	 190823 	1.276165 	-0.15301888 	 4.1771347e-08 	-0.0044411404 	0.029129379 	 1.2131596e-08 	-0.003443715 	-0.0039429795 	 0.049512481 	-1098.8869 	-555.14455 	 -0.32115429 	-2.9094565e-05 	-1.1201165e-06 	 -2.0093321 	-2.7714521e-05 	1.3722628e-06 		0.0125 1.3662687e-07 -1.1025034e-07 100000 1
0.01375 97647.987 	3.6150502 	0.052220391 	 188272.91 	1.2647075 	-0.1288482 	 4.1160129e-08 	-0.0042131253 	0.02919238 	 1.2086494e-08 	-0.00325671 	-0.0038519559 	 0.050227561 	-1062.621 	-513.71966 	 -0.29676947 	-2.9399652e-05 	-1.085675e-06 	 -1.9088036 	-2.7550186e-05 	1.1222758e-06 		0.01375 1.0577527e-07 -1.3945132e-07 100000 1
0.015 93971.06 	3.6309891 	0.036150385 	 185462.34 	1.273451 	-0.16197546 	 4.0401025e-08 	-0.0039185605 	0.029251141 	 1.2000786e-08 	-0.0030803742 	-0.0037709577 	 0.050534911 	-1024.6729 	-471.13924 	 -0.27193484 	-2.9546398e-05 	-9.0993805e-07 	 -1.8045264 	-2.7582397e-05 	1.4475644e-06 		0.015 7.3797524e-08 -1.6935095e-07 100000 1
0.01625 90291.44 	3.6263834 	0.02198419 	 182507.27 	1.2834666 	-0.18128657 	 3.9370315e-08 	-0.0035675987 	0.02929224 	 1.1896366e-08 	-0.0029020112 	-0.0037108427 	 0.050519289 	-983.75403 	-427.43619 	 -0.24705162 	-2.949467e-05 	-7.5383212e-07 	 -1.698185 	-2.7614884e-05 	1.6373117e-06 		0.01625 4.0768524e-08 -2.0031833e-07 100000 1
0.0175 86844.671 	3.6448109 	0.011919775 	 179659.19 	1.320914 	-0.16082048 	 3.9189135e-08 	-0.0034324326 	0.029329445 	 1.2274873e-08 	-0.0027660625 	-0.0036466359 	 0.050844947 	-945.97801 	-399.20873 	 -0.22363104 	-2.9678381e-05 	-6.3967649e-07 	 -1.5967573 	-2.791691e-05 	1.4313819e-06 		0.0175 8.9725761e-09 -2.2995416e-07 100000 1
0.01875 83547.492 	3.6579489 	0.011248941 	 176919.65 	1.3581062 	-0.12451247 	 3.9083131e-08 	-0.003405852 	0.029361845 	 1.2627678e-08 	-0.002649549 	-0.0035927751 	 0.051123198 	-908.7196 	-378.40573 	 -0.20120356 	-2.9813843e-05 	-6.1981816e-07 	 -1.4982672 	-2.820826e-05 	1.0685793e-06 		0.01875 -2.217424e-08 -2.5926612e-07 100000 1
0.02 80266.832 	3.6218492 	0.0076272693 	 174159.17 	1.3284895 	-0.11509765 	 3.8540367e-08 	-0.0032724279 	0.029405736 	 1.2680362e-08 	-0.0025312271 	-0.003541721 	 0.050781832 	-871.73738 	-353.33262 	 -0.17871295 	-2.9461497e-05 	-5.7063837e-07 	 -1.397796 	-2.782288e-05 	9.7618476e-07 		0.02 -5.428225e-08 -2.8963873e-07 100000 1
0.02125 77076.984 	3.5876604 	-0.0083322877 	 171502.53 	1.3198685 	-0.14493565 	 3.7866775e-08 	-0.003124189 	0.029439376 	 1.2684466e-08 	-0.0024212325 	-0.0035013413 	 0.050326908 	-834.29757 	-329.43014 	 -0.15678273 	-2.912989e-05 	-3.9811713e-07 	 -1.2983346 	-2.7644316e-05 	1.2771203e-06 		0.02125 -8.6196728e-08 -3.1980551e-07 100000 1
0.0225 74008.263 	3.5521016 	-0.015027868 	 169021.05 	1.3188149 	-0.13451762 	 3.7381404e-08 	-0.0029853097 	0.029470797 	 1.28308e-08 	-0.0023203991 	-0.0034629817 	 0.049894475 	-797.87721 	-307.77956 	 -0.13561522 	-2.8793234e-05 	-3.1856665e-07 	 -1.200902 	-2.7528332e-05 	1.1767602e-06 		0.0225 -1.1798824e-07 -3.4998731e-07 100000 1
0.02375 71065.278 	3.4987334 	-0.013013566 	 166755.31 	1.3045204 	-0.1150165 	 3.6896887e-08 	-0.0028648493 	0.029503361 	 1.293312e-08 	-0.0022314639 	-0.0034272599 	 0.049243576 	-762.57399 	-288.88046 	 -0.11525489 	-2.8283457e-05 	-3.262169e-07 	 -1.1058375 	-2.7271941e-05 	9.8637877e-07 		0.02375 -1.4945514e-07 -3.8023972e-07 100000 1
0.025 68253.353 	3.4255596 	-0.007672808 	 164750.36 	1.2605636 	-0.091821155 	 3.6231993e-08 	-0.0027619079 	0.029544268 	 1.287399e-08 	-0.0021483697 	-0.0033952051 	 0.048370411 	-728.55613 	-272.0885 	 -0.095756123 	-2.75798e-05 	-3.671427e-07 	 -1.0134998 	-2.6711229e-05 	7.5961402e-07 		0.025 -1.8049802e-07 -4.1024938e-07 100000 1
0.02625 65563.065 	3.3526748 	-0.01641708 	 163001.79 	1.2511484 	-0.10357663 	 3.5534017e-08 	-0.0026360263 	0.029584715 	 1.278988e-08 	-0.0020762499 	-0.0033639851 	 0.047378192 	-695.6669 	-256.36338 	 -0.076976444 	-2.6879445e-05 	-2.6704351e-07 	 -0.92329957 	-2.6495466e-05 	8.8245503e-07 		0.02625 -2.110933e-07 -4.399897e-07 100000 1
0.0275 62959.916 	3.2765096 	-0.02624249 	 161563.69 	1.217342 	-0.090975843 	 3.4426392e-08 	-0.0024179992 	0.029620041 	 1.2477534e-08 	-0.0019955947 	-0.0033446479 	 0.046387414 	-662.24959 	-238.09687 	 -0.058793133 	-2.615376e-05 	-1.5593537e-07 	 -0.83466649 	-2.6018526e-05 	7.6229442e-07 		0.0275 -2.4185005e-07 -4.7062315e-07 100000 1
0.02875 60555.589 	3.210554 	-0.026659665 	 160516.03 	1.1848616 	-0.07305631 	 3.3779238e-08 	-0.0022950198 	0.029660507 	 1.2426002e-08 	-0.0019382582 	-0.0033163065 	 0.045563568 	-631.9049 	-225.84854 	 -0.041902066 	-2.5534521e-05 	-1.3920559e-07 	 -0.75133724 	-2.5552147e-05 	5.8904281e-07 		0.02875 -2.7152012e-07 -5.0021859e-07 100000 1
0.03 58368.906 	3.1563111 	-0.022622847 	 159879.35 	1.1743898 	-0.062570483 	 3.3429391e-08 	-0.0023379343 	0.029707382 	 1.2467405e-08 	-0.0019008633 	-0.0032828522 	 0.044881524 	-604.56294 	-221.03217 	 -0.026496984 	-2.5033667e-05 	-1.6711907e-07 	 -0.67456985 	-2.5307073e-05 	4.8975854e-07 		0.03 -2.9952414e-07 -5.2834513e-07 100000 1
0.03125 56292.701 	3.0765846 	-0.019481438 	 159607.83 	1.1458005 	-0.049947216 	 3.2964468e-08 	-0.0023192635 	0.029762928 	 1.2494809e-08 	-0.0018674113 	-0.0032490638 	 0.043865342 	-578.4292 	-215.07768 	 -0.011729711 	-2.4280862e-05 	-1.8596877e-07 	 -0.60018977 	-2.4874498e-05 	3.690799e-07 		0.03125 -3.2726718e-07 -5.5654438e-07 100000 1
0.0325 54320.172 	2.9999177 	-0.017567175 	 159727.18 	1.1189979 	-0.046104015 	 3.2309796e-08 	-0.0022469437 	0.029812951 	 1.2450397e-08 	-0.0018310089 	-0.0032215884 	 0.042866306 	-552.42833 	-207.92359 	 0.0023462904 	-2.3562213e-05 	-1.9237019e-07 	 -0.52865317 	-2.4452039e-05 	3.3605579e-07 		0.0325 -3.5453756e-07 -5.8475014e-07 100000 1
0.03375 52483.648 	2.9321076 	-0.016843485 	 160277.67 	1.0954518 	-0.039448984 	 3.1630622e-08 	-0.0021786956 	0.029866254 	 1.2349977e-08 	-0.0018025861 	-0.003191585 	 0.041993452 	-527.96667 	-202.1876 	 0.015533933 	-2.2936331e-05 	-1.8695836e-07 	 -0.4611727 	-2.4057591e-05 	2.7474169e-07 		0.03375 -3.8128391e-07 -6.126168e-07 100000 1
0.035 50775.747 	2.8523146 	-0.01295796 	 161270.59 	1.0687509 	-0.036036083 	 3.0956828e-08 	-0.0021223744 	0.029925465 	 1.2200918e-08 	-0.0017793642 	-0.0031602733 	 0.040951498 	-504.90564 	-197.83014 	 0.027864557 	-2.2195409e-05 	-2.1329044e-07 	 -0.3977958 	-2.3624525e-05 	2.4573956e-07 		0.035 -4.0736644e-07 -6.4018657e-07 100000 1
0.03625 49195.143 	2.7603924 	-0.007256663 	 162736.79 	1.033733 	-0.024747105 	 3.0180002e-08 	-0.0020725279 	0.029994333 	 1.1991776e-08 	-0.0017615066 	-0.0031284344 	 0.039758529 	-483.22691 	-194.7087 	 0.039346115 	-2.1336265e-05 	-2.5779671e-07 	 -0.33868586 	-2.3104915e-05 	1.3773065e-07 		0.03625 -4.3266522e-07 -6.6729129e-07 100000 1
0.0375 47739.687 	2.6692961 	-0.0007864525 	 164678.59 	0.99713799 	-0.017014264 	 2.9503743e-08 	-0.002012816 	0.030061912 	 1.187458e-08 	-0.0017499679 	-0.0030942984 	 0.038570544 	-462.78862 	-192.46425 	 0.050044532 	-2.0487137e-05 	-3.0998776e-07 	 -0.28370276 	-2.2569193e-05 	6.4971775e-08 		0.0375 -4.57093e-07 -6.9403722e-07 100000 1
0.03875 46384.858 	2.5851281 	0.00074252102 	 167189.06 	0.9560314 	-0.011418632 	 2.8525603e-08 	-0.0018853482 	0.030130026 	 1.155739e-08 	-0.001732316 	-0.0030661454 	 0.037475686 	-442.48082 	-188.84346 	 0.060027497 	-1.9711719e-05 	-3.1274821e-07 	 -0.23275872 	-2.1978727e-05 	1.3278636e-08 		0.03875 -4.8105374e-07 -7.2059946e-07 100000 1
0.04 45149.64 	2.4967603 	0.0060231074 	 170254.78 	0.91522789 	-0.0079962821 	 2.7542971e-08 	-0.0017475721 	0.030204774 	 1.1189221e-08 	-0.0017202495 	-0.0030337787 	 0.036318634 	-423.60126 	-186.12802 	 0.069221611 	-1.8899339e-05 	-3.5337163e-07 	 -0.18647862 	-2.1387324e-05 	-1.6787864e-08 		0.04 -5.0437831e-07 -7.4678568e-07 100000 1
0.04125 44080.455 	2.4201966 	0.010412835 	 173734.84 	0.89273326 	-0.0027230771 	 2.7058355e-08 	-0.0018095579 	0.030290947 	 1.107933e-08 	-0.0017331058 	-0.002986102 	 0.035328055 	-408.21865 	-190.71434 	 0.077294645 	-1.8203405e-05 	-3.8543497e-07 	 -0.14677505 	-2.098113e-05 	-6.5987559e-08 		0.04125 -5.2590148e-07 -7.7138142e-07 100000 1
0.0425 43119.991 	2.3374664 	0.016068254 	 177769.91 	0.86300599 	0.0054715669 	 2.6576506e-08 	-0.0018446278 	0.030383519 	 1.1038631e-08 	-0.0017528204 	-0.0029344373 	 0.034261939 	-394.22255 	-195.8201 	 0.084704815 	-1.7447038e-05 	-4.3032131e-07 	 -0.1114811 	-2.0499671e-05 	-1.4468511e-07 		0.0425 -5.467042e-07 -7.9557533e-07 100000 1
0.04375 42235.881 	2.2518115 	0.020412249 	 182437.98 	0.82597032 	0.0080145178 	 2.5867608e-08 	-0.0018054055 	0.030472368 	 1.0860844e-08 	-0.0017634548 	-0.0028878881 	 0.033139975 	-380.08861 	-199.21378 	 0.091519383 	-1.6665717e-05 	-4.6225877e-07 	 -0.080549417 	-1.9942052e-05 	-1.6703102e-07 		0.04375 -5.6694176e-07 -8.1965487e-07 100000 1
0.045 41452.121 	2.1710994 	0.021003716 	 187699.27 	0.79022643 	0.0098929139 	 2.5092767e-08 	-0.0017677355 	0.030568457 	 1.0592048e-08 	-0.0017814751 	-0.0028358059 	 0.032086339 	-367.44118 	-204.01206 	 0.097639904 	-1.5936456e-05 	-4.5702018e-07 	 -0.054688011 	-1.9393132e-05 	-1.8295907e-07 		0.045 -5.8638614e-07 -8.4308422e-07 100000 1
0.04625 40757.738 	2.0864925 	0.025310335 	 193564.12 	0.75803634 	0.0096413746 	 2.4330899e-08 	-0.0017386627 	0.030673818 	 1.0300145e-08 	-0.0018012543 	-0.0027795631 	 0.030972273 	-356.11951 	-209.92393 	 0.103099 	-1.517133e-05 	-4.8928834e-07 	 -0.033923342 	-1.8876339e-05 	-1.777474e-07 		0.04625 -6.0503835e-07 -8.6603391e-07 100000 1
0.0475 40151.519 	1.9989892 	0.030054748 	 200073.43 	0.72405919 	0.014642551 	 2.3509097e-08 	-0.0017082909 	0.03078843 	 1.0003165e-08 	-0.0018266938 	-0.0027193748 	 0.029822183 	-346.12003 	-217.19265 	 0.10790504 	-1.4379079e-05 	-5.2620023e-07 	 -0.018486261 	-1.8339117e-05 	-2.2527145e-07 		0.0475 -6.2281891e-07 -8.8840182e-07 100000 1
0.04875 39631.737 	1.9114566 	0.035838133 	 207239.65 	0.68658686 	0.01845657 	 2.2781984e-08 	-0.0016713927 	0.030901637 	 9.7926488e-09 	-0.0018544922 	-0.0026541089 	 0.028664531 	-337.37919 	-225.41361 	 0.11208807 	-1.3587395e-05 	-5.7373151e-07 	 -0.0084481666 	-1.7766206e-05 	-2.6113176e-07 		0.04875 -6.3974892e-07 -9.102973e-07 100000 1
0.05 39182.12 	1.8286348 	0.036485685 	 215144.78 	0.64832263 	0.020585229 	 2.1902934e-08 	-0.001607473 	0.031020583 	 9.4661275e-09 	-0.0018800601 	-0.0025871635 	 0.027566145 	-329.508 	-233.87252 	 0.11564556 	-1.2844999e-05 	-5.7016893e-07 	 -0.0042146463 	-1.718212e-05 	-2.8036007e-07 		0.05 -6.5583198e-07 -9.3156007e-07 100000 1
0.05125 38803.096 	1.7438341 	0.041724961 	 223856.26 	0.61413431 	0.021292132 	 2.0905453e-08 	-0.001509206 	0.031149231 	 9.0312619e-09 	-0.0019015647 	-0.0025153129 	 0.026430268 	-322.87242 	-242.13523 	 0.11858732 	-1.2086894e-05 	-6.1294731e-07 	 -0.006095618 	-1.6634342e-05 	-2.8539453e-07 		0.05125 -6.7118407e-07 -9.5239529e-07 100000 1
0.0525 38499.629 	1.6630134 	0.044461357 	 233135.1 	0.58767704 	0.023161953 	 2.0174828e-08 	-0.0015178062 	0.0312907 	 8.7617472e-09 	-0.0019419559 	-0.0024287951 	 0.025351864 	-319.32343 	-255.61001 	 0.12088919 	-1.1367871e-05 	-6.3104085e-07 	 -0.013874612 	-1.616618e-05 	-3.0233627e-07 		0.0525 -6.854103e-07 -9.7230068e-07 100000 1
0.05375 38276.206 	1.5839304 	0.045821867 	 243081.06 	0.56132867 	0.027645504 	 1.9637182e-08 	-0.0015600407 	0.03143902 	 8.6739508e-09 	-0.0019976487 	-0.0023288734 	 0.024299878 	-318.68891 	-272.59999 	 0.12261332 	-1.0664664e-05 	-6.3564412e-07 	 -0.02756539 	-1.570239e-05 	-3.4563289e-07 		0.05375 -6.987225e-07 -9.9152635e-07 100000 1
0.055 38084.503 	1.5010671 	0.047939252 	 253924.66 	0.52993417 	0.0304526 	 1.8950859e-08 	-0.0015443786 	0.031587086 	 8.4871045e-09 	-0.0020405331 	-0.0022283301 	 0.023176062 	-318.73287 	-288.48261 	 0.12377693 	-9.9262867e-06 	-6.4811313e-07 	 -0.047824386 	-1.5184587e-05 	-3.7220449e-07 		0.055 -7.1129433e-07 -1.0104186e-06 100000 1
0.05625 37937.9 	1.4197939 	0.046423585 	 265603.37 	0.50075649 	0.030989803 	 1.814619e-08 	-0.0015191405 	0.031747264 	 8.1934921e-09 	-0.0020862449 	-0.0021183733 	 0.022064025 	-321.09697 	-305.87989 	 0.12437984 	-9.205545e-06 	-6.2463915e-07 	 -0.074661697 	-1.4687806e-05 	-3.7614926e-07 		0.05625 -7.2298281e-07 -1.0286683e-06 100000 1
0.0575 37822.948 	1.338504 	0.049277792 	 278111.64 	0.47781628 	0.030555255 	 1.7369686e-08 	-0.0014985355 	0.031920807 	 7.8970612e-09 	-0.0021301297 	-0.0019989411 	 0.020944378 	-325.98283 	-324.59228 	 0.12444052 	-8.4860928e-06 	-6.4523213e-07 	 -0.10807252 	-1.4252025e-05 	-3.7042892e-07 		0.0575 -7.3387678e-07 -1.0464741e-06 100000 1
0.05875 37737.366 	1.2561374 	0.052115092 	 291501.19 	0.45416397 	0.03555336 	 1.656591e-08 	-0.0014719195 	0.032103524 	 7.6280224e-09 	-0.0021764811 	-0.001869286 	 0.01980589 	-333.63598 	-345.09494 	 0.12395368 	-7.7563624e-06 	-6.659564e-07 	 -0.14838223 	-1.3809061e-05 	-4.1911092e-07 		0.05875 -7.4388666e-07 -1.063762e-06 100000 1
0.06 37675.154 	1.1723888 	0.055767133 	 305784.15 	0.42515567 	0.040319228 	 1.5849791e-08 	-0.0014430322 	0.032287287 	 7.4113491e-09 	-0.0022200439 	-0.0017284165 	 0.018634682 	-344.28155 	-366.7184 	 0.1229268 	-7.0127396e-06 	-6.9511881e-07 	 -0.19573798 	-1.3314099e-05 	-4.6553282e-07 		0.06 -7.5305719e-07 -1.0806009e-06 100000 1
0.06125 37616.326 	1.0912703 	0.05406882 	 320982.83 	0.39583194 	0.042050988 	 1.5074042e-08 	-0.0014141953 	0.032483106 	 7.1411606e-09 	-0.0022603794 	-0.00157576 	 0.017487952 	-358.42778 	-389.55007 	 0.12135826 	-6.2958119e-06 	-6.7113021e-07 	 -0.25032231 	-1.2816197e-05 	-4.8168188e-07 		0.06125 -7.6128179e-07 -1.0967406e-06 100000 1
0.0625 37548.452 	1.0096215 	0.059557673 	 337298.18 	0.37167664 	0.042880449 	 1.4164501e-08 	-0.0013517671 	0.032693547 	 6.7543733e-09 	-0.0022813124 	-0.0014105156 	 0.016320011 	-376.29758 	-410.14888 	 0.11919813 	-5.5758846e-06 	-7.1947449e-07 	 -0.31320818 	-1.2367887e-05 	-4.8874136e-07 		0.0625 -7.686496e-07 -1.1124238e-06 100000 1
0.06375 37462.974 	0.92730564 	0.063299136 	 354520.19 	0.34863781 	0.045900079 	 1.3362635e-08 	-0.0013265864 	0.032917771 	 6.4509223e-09 	-0.0023069401 	-0.0012270067 	 0.015132654 	-399.65252 	-433.72426 	 0.11651331 	-4.8489276e-06 	-7.5070588e-07 	 -0.38334394 	-1.1932011e-05 	-5.1773871e-07 		0.06375 -7.751122e-07 -1.1275242e-06 100000 1
0.065 37385.984 	0.84622478 	0.06101481 	 372602.39 	0.32322845 	0.049203608 	 1.2801665e-08 	-0.0013413861 	0.033152961 	 6.3322902e-09 	-0.002352396 	-0.0010211882 	 0.013951559 	-429.97152 	-463.11745 	 0.11332289 	-4.1316388e-06 	-7.2199205e-07 	 -0.46055732 	-1.1477577e-05 	-5.4964383e-07 		0.065 -7.8070217e-07 -1.142027e-06 100000 1
0.06625 37249.124 	0.76306816 	0.058273161 	 391785.71 	0.29184402 	0.048920551 	 1.220974e-08 	-0.0013339164 	0.033394507 	 6.1669448e-09 	-0.002377009 	-0.00080091081 	 0.012711953 	-465.799 	-490.24983 	 0.10956908 	-3.3941327e-06 	-6.891263e-07 	 -0.54601653 	-1.0964207e-05 	-5.4560017e-07 		0.06625 -7.8540599e-07 -1.156014e-06 100000 1
0.0675 37050.549 	0.67802425 	0.053900084 	 412116.35 	0.2618465 	0.044407742 	 1.1483137e-08 	-0.0013103109 	0.03365515 	 5.9020047e-09 	-0.0023814397 	-0.00056117622 	 0.011413732 	-508.74999 	-514.79296 	 0.10523753 	-2.6382587e-06 	-6.4044269e-07 	 -0.63999649 	-1.04654e-05 	-4.9914698e-07 		0.0675 -7.8912751e-07 -1.1692653e-06 100000 1
0.06875 36773.758 	0.59175969 	0.05373272 	 433548.46 	0.23391249 	0.038081122 	 1.0806978e-08 	-0.0012849073 	0.033935478 	 5.6568436e-09 	-0.0023685364 	-0.00029929393 	 0.010074619 	-560.23506 	-536.85911 	 0.10035492 	-1.8701012e-06 	-6.3424437e-07 	 -0.74214646 	-9.9890378e-06 	-4.3446969e-07 		0.06875 -7.9194721e-07 -1.1820652e-06 100000 1
0.07 36405.889 	0.49942035 	0.051423746 	 456123.64 	0.19409716 	0.032989837 	 1.0147829e-08 	-0.0012524272 	0.034227758 	 5.4591871e-09 	-0.0023306337 	-1.1881572e-05 	 0.0086057839 	-621.63485 	-554.15787 	 0.094907671 	-1.0401493e-06 	-6.0700196e-07 	 -0.85270315 	-9.3961889e-06 	-3.8206996e-07 		0.07 -7.9379552e-07 -1.1942041e-06 100000 1
0.07125 35927.198 	0.39502557 	0.044777451 	 479844.29 	0.15297468 	0.024014912 	 9.6148125e-09 	-0.0012127814 	0.03452733 	 5.3276721e-09 	-0.0022653276 	0.00030434909 	 0.0068871096 	-694.55733 	-565.1274 	 0.088896521 	-8.9095204e-08 	-5.3679442e-07 	 -0.97173437 	-8.7928591e-06 	-2.9072772e-07 		0.07125 -7.9457779e-07 -1.2055333e-06 100000 1
0.0725 35302.94 	0.27538229 	0.032060389 	 504702.73 	0.11493099 	0.01037674 	 9.1245358e-09 	-0.0011730126 	0.034841038 	 5.2138198e-09 	-0.0021519268 	0.00065563147 	 0.0048562486 	-781.71129 	-563.56863 	 0.082332857 	1.015302e-06 	-4.0619852e-07 	 -1.0991115 	-8.2236538e-06 	-1.52684e-07 		0.0725 -7.9409418e-07 -1.2161883e-06 100000 1
0.07375 34468.743 	0.14223847 	0.020715256 	 530789.3 	0.063581719 	0.0051102773 	 8.5195161e-09 	-0.0011566286 	0.0351505 	 5.0251949e-09 	-0.0019514789 	0.0010853175 	 0.0025406326 	-895.42305 	-537.31094 	 0.075185994 	2.2544431e-06 	-2.8960759e-07 	 -1.2353728 	-7.5228984e-06 	-9.8282748e-08 		0.07375 -7.9206985e-07 -1.2260887e-06 100000 1
0.075 33110.296 	0.076047643 	0.018006943 	 548996.12 	0.046559999 	0.0061678619 	 8.2146e-09 	-0.0011649089 	0.035288895 	 4.9129e-09 	-0.001846886 	0.001293971 	 0.0013881433 	-939.40378 	-526.26922 	 0.071928229 	2.83043e-06 	-2.598282e-07 	 -1.2968993 	-7.1806e-06 	-1.07133e-07 		0.075 -7.886556e-07 -1.2345342e-06 100000 1
