# z jRe_x jRe_y jRe_z jIm_x jIm_y jIm_z BRe_x BRe_y BRe_z BIm_x BIm_y BIm_z F_x F_y F_z VReGrad_x VReGrad_y VReGrad_z VImGrad_x VImGrad_y VImGrad_z s VRe VIm sigma mur
0.02 -1892.6784 	-1943505.1 	-562.18692 	 -13079.797 	-4457134.1 	3248.5426 	 -0.010858745 	-0.00115855 	0.040758889 	 -0.013555514 	0.00020503747 	0.0043856883 	 -49422.21 	47.646766 	-40741.781 	 -0.12305156 	0.2168112 	0.024043873 	 -1.5131598 	-0.37292165 	-0.019577375 		0.02 -0.0052237108 -0.052299255 1200000 1
0.01875 -1547.1843 	-2023406.8 	173.65868 	 -8419.8158 	-4397919.2 	9523.1209 	 -0.0099559265 	0.00063929062 	0.04160538 	 -0.011076408 	0.00020305212 	0.0056158532 	 -54549.352 	1.2888066 	-34384.828 	 -0.126688 	0.18405614 	0.024208129 	 -1.5168933 	-0.33952847 	-0.025260365 		0.01875 -0.0052880558 -0.052214864 1200000 1
0.0175 -3307.7974 	-2118350.3 	1952.6481 	 -7068.3543 	-4340505.6 	15320.282 	 -0.0094356645 	0.0004615456 	0.042361802 	 -0.0086664741 	0.00016751409 	0.0066997542 	 -59433.037 	18.65586 	-28802.141 	 -0.12614896 	0.18594117 	0.023550444 	 -1.5141464 	-0.3167026 	-0.030598419 		0.0175 -0.005321748 -0.052223449 1200000 1
0.01625 -511.97515 	-2191565.4 	3951.788 	 -1854.583 	-4249235.6 	19718.824 	 -0.0088079089 	0.00044966812 	0.042792012 	 -0.0064770175 	0.00013232086 	0.0072819667 	 -62378.08 	-63.464882 	-23416.105 	 -0.12927328 	0.18546331 	0.022638388 	 -1.5154144 	-0.31672187 	-0.034749265 		0.01625 -0.0053485247 -0.052161745 1200000 1
0.015 -3737.0942 	-2246147.8 	6057.1639 	 -4906.7089 	-4162693.3 	23477.437 	 -0.0083111311 	0.00047149814 	0.043049259 	 -0.0048215512 	9.8732507e-05 	0.0076779614 	 -64373.842 	17.314823 	-19372.784 	 -0.12701559 	0.18496539 	0.021528992 	 -1.5097905 	-0.31697924 	-0.038318639 		0.015 -0.0053745452 -0.052092835 1200000 1
0.01375 -1570.9471 	-2281495.4 	7823.8602 	 -1690.5832 	-4101719.9 	27211.407 	 -0.0076717159 	0.00050573979 	0.043210786 	 -0.0031223838 	6.553176e-05 	0.0080661575 	 -65894.799 	-32.230433 	-15157.624 	 -0.12870448 	0.18557334 	0.020542378 	 -1.508811 	-0.31547832 	-0.041774532 		0.01375 -0.0054067088 -0.052112754 1200000 1
0.0125 -2680.705 	-2307309.8 	9763.2486 	 -2399.2372 	-4016538.6 	29424.364 	 -0.0070907471 	0.00054627324 	0.043039608 	 -0.0016942163 	3.0690207e-05 	0.0080669683 	 -65947.641 	6.9476832 	-11586.394 	 -0.12770988 	0.18426284 	0.01930491 	 -1.5048261 	-0.31623612 	-0.043914098 		0.0125 -0.0054257507 -0.051989612 1200000 1
0.01125 -1935.7774 	-2314210.5 	11329.045 	 -1319.1737 	-3971185.5 	31359.243 	 -0.0064693121 	0.00058541525 	0.042885379 	 -0.00030029459 	-3.4189839e-06 	0.0082448475 	 -66078.59 	4.8944023 	-8086.3251 	 -0.12755739 	0.18490494 	0.018170019 	 -1.5014768 	-0.31425804 	-0.045683272 		0.01125 -0.0054569466 -0.052023735 1200000 1
0.01 -1879.6098 	-2314488.8 	12364.929 	 -973.14559 	-3894035.9 	32375.668 	 -0.0058114048 	0.00062789382 	0.04236566 	 0.0010164708 	-3.9473892e-05 	0.0080088934 	 -64728.055 	23.505402 	-4752.2483 	 -0.12701021 	0.1827923 	0.017367638 	 -1.4978336 	-0.31482005 	-0.046631277 		0.01 -0.0054716284 -0.051875954 1200000 1
0.00875 -1393.2006 	-2296396.9 	12948.412 	 -246.12964 	-3860472.7 	33066.088 	 -0.0051648051 	0.00066791664 	0.041901703 	 0.0022927841 	-7.3132244e-05 	0.0080117313 	 -63658.829 	34.118006 	-1510.946 	 -0.12609149 	0.18285088 	0.01671872 	 -1.4935754 	-0.31242542 	-0.047150163 		0.00875 -0.0055003331 -0.051905581 1200000 1
0.0075 -1531.864 	-2272044.1 	13153.287 	 -6.5037921 	-3797004.2 	32152.676 	 -0.0044557236 	0.00071159015 	0.041088438 	 0.0035611279 	-0.00010858055 	0.0076244969 	 -61242.464 	59.051042 	1690.4817 	 -0.1248407 	0.18027021 	0.016271497 	 -1.4891589 	-0.31260569 	-0.046270317 		0.0075 -0.0055135401 -0.051759511 1200000 1
0.00625 30.276174 	-2230500.2 	12822.018 	 1932.647 	-3772016.8 	30768.404 	 -0.0037446199 	0.00075505537 	0.040299268 	 0.0048791034 	-0.00014074481 	0.0074214002 	 -58999.877 	42.940047 	5018.3817 	 -0.12442067 	0.17956551 	0.016065179 	 -1.4852923 	-0.31020158 	-0.044849501 		0.00625 -0.0055392907 -0.051769503 1200000 1
0.005 -1507.596 	-2180546.4 	11757.326 	 738.40721 	-3727035.2 	27900.391 	 -0.0030104422 	0.00080463782 	0.039223709 	 0.0061702361 	-0.00017189742 	0.006886771 	 -55648.549 	95.188339 	8206.4963 	 -0.12151672 	0.17679734 	0.016358043 	 -1.4788641 	-0.3098105 	-0.042126397 		0.005 -0.0055542606 -0.05164833 1200000 1
0.00375 2386.6368 	-2114572.3 	9995.0313 	 5837.5686 	-3708587.5 	24197.315 	 -0.0021902009 	0.00086248166 	0.038069748 	 0.007710973 	-0.00019944251 	0.0063695574 	 -52082.006 	17.542653 	11977.162 	 -0.12278516 	0.17521248 	0.017074976 	 -1.4768649 	-0.30775425 	-0.038593681 		0.00375 -0.0055770412 -0.051628018 1200000 1
0.0025 -926.80192 	-2034844.5 	7725.0024 	 3574.9738 	-3689740.8 	18230.009 	 -0.0014434558 	0.0009577448 	0.036739678 	 0.0091977824 	-0.0002183687 	0.0056509238 	 -47824.745 	84.624789 	15489.307 	 -0.1179462 	0.17307759 	0.018115499 	 -1.4683557 	-0.30655677 	-0.033111245 		0.0025 -0.0055991811 -0.05157414 1200000 1
0.00125 2993.1384 	-1939678.7 	4072.1657 	 11256.139 	-3689385.6 	9226.3991 	 -0.00050292482 	0.0011661831 	0.035232466 	 0.011147419 	-0.00023673289 	0.0046458602 	 -42766.719 	-28.986426 	20067.459 	 -0.11918853 	0.17162693 	0.02023555 	 -1.467013 	-0.29535005 	-0.025044031 		0.00125 -0.0056208706 -0.051515922 1200000 1
0 4607.6486 	-1841832.5 	1173.285 	 17521.658 	-3641574.5 	2212.2836 	 0.00014370362 	-5.6870857e-05 	0.033804045 	 0.013009386 	-0.00025074369 	0.0035455626 	 -37635.792 	-92.755473 	23792.643 	 -0.11992434 	0.18654612 	0.021629504 	 -1.466269 	-0.33431666 	-0.018548148 		0 -0.0056706383 -0.051447979 1200000 1
