# y jRe_x jRe_y jRe_z jIm_x jIm_y jIm_z BRe_x BRe_y BRe_z BIm_x BIm_y BIm_z F_x F_y F_z VReGrad_x VReGrad_y VReGrad_z VImGrad_x VImGrad_y VImGrad_z s VRe VIm sigma mur
-0.075 -497396.57 	-239023.81 	-5527.4259 	 -1705468.6 	-1059099.3 	-49263.287 	 -0.0040322312 	0.0022696099 	0.037836537 	 0.00044254209 	-0.00041378789 	0.00054417215 	 -5171.8458 	9029.6439 	-493.56053 	 -0.46621137 	-0.45876599 	-0.0037327567 	 -1.7168329 	-2.2694653 	0.042681111 		-0.075 -0.0012975143 -0.0055980797 1200000 1
-0.07375 -495626.01 	-304176.63 	-6358.8082 	 -1498196.8 	-1013521.3 	-48639.862 	 -0.0041558494 	0.0022651944 	0.038095734 	 0.00045120437 	-0.00040454915 	0.00079977001 	 -6486.202 	9307.0939 	-705.03335 	 -0.48693264 	-0.46314244 	-0.003803246 	 -1.7955363 	-2.3177159 	0.042277665 		-0.07375 -0.0019028682 -0.0083068846 1200000 1
-0.0725 -493855.45 	-369329.45 	-7190.1906 	 -1290924.9 	-967943.3 	-48016.436 	 -0.0042794675 	0.0022607789 	0.038354932 	 0.00045986665 	-0.0003953104 	0.0010553679 	 -7800.5583 	9584.5438 	-916.50616 	 -0.5076539 	-0.46751888 	-0.0038737352 	 -1.8742397 	-2.3659665 	0.041874219 		-0.0725 -0.002508222 -0.01101569 1200000 1
-0.07125 -492084.89 	-434482.27 	-8021.5729 	 -1083653 	-922365.28 	-47393.011 	 -0.0044030857 	0.0022563634 	0.038614129 	 0.00046852892 	-0.00038607166 	0.0013109657 	 -9114.9145 	9861.9937 	-1127.979 	 -0.52837517 	-0.47189532 	-0.0039442244 	 -1.9529431 	-2.4142172 	0.041470773 		-0.07125 -0.0031135758 -0.013724494 1200000 1
-0.07 -502547.02 	-514826.95 	-8059.9993 	 -922566.32 	-942092.9 	-44303.472 	 -0.0044280993 	0.0022159739 	0.038350488 	 0.00049461821 	-0.00037934942 	0.0010029403 	 -10263.709 	9922.528 	-1301.1004 	 -0.5326673 	-0.45835988 	-0.0039122281 	 -1.9761542 	-2.3741257 	0.03888226 		-0.07 -0.0036800523 -0.01638157 1200000 1
-0.06875 -510576.92 	-596357.52 	-6891.3982 	 -872356.79 	-1115507.7 	-37985.85 	 -0.0043372845 	0.0021342554 	0.037626662 	 0.00054327593 	-0.0003744776 	0.00019258393 	 -11021.188 	9502.5454 	-1351.5681 	 -0.51506913 	-0.42140581 	-0.0037549328 	 -1.9201376 	-2.2157973 	0.033401563 		-0.06875 -0.004217025 -0.019057959 1200000 1
-0.0675 -516299.44 	-676705.17 	-5326.4905 	 -861459.72 	-1343273 	-30646.026 	 -0.0042108953 	0.0020399298 	0.036775801 	 0.00059905991 	-0.00037007142 	-0.00075721874 	 -11640.201 	8914.0196 	-1357.1581 	 -0.4905071 	-0.37703831 	-0.003558698 	 -1.8384836 	-2.0198114 	0.027002363 		-0.0675 -0.0047464373 -0.021747717 1200000 1
-0.06625 -522021.97 	-757052.82 	-3761.5829 	 -850562.65 	-1571038.4 	-23306.202 	 -0.0040845061 	0.0019456043 	0.035924939 	 0.00065484388 	-0.00036566524 	-0.0017070214 	 -12259.214 	8325.4937 	-1362.748 	 -0.46594507 	-0.33267081 	-0.0033624633 	 -1.7568296 	-1.8238255 	0.020603163 		-0.06625 -0.0052758495 -0.024437474 1200000 1
-0.065 -503927.67 	-884568.55 	-2155.8048 	 -778778.91 	-1721751.3 	-14993.491 	 -0.0040827213 	0.0018485232 	0.035554078 	 0.00072205218 	-0.00035044723 	-0.0021719494 	 -14117.94 	7776.3571 	-1532.4975 	 -0.45864064 	-0.28952969 	-0.003230866 	 -1.7347748 	-1.6567245 	0.013366754 		-0.065 -0.0056244919 -0.026450224 1200000 1
-0.06375 -462016.54 	-1059252.4 	-509.15632 	 -646108.51 	-1795411.8 	-5707.8943 	 -0.0042055409 	0.0017486865 	0.035663219 	 0.00080068481 	-0.00032441739 	-0.0021520027 	 -17216.38 	7266.6096 	-1866.4066 	 -0.46859379 	-0.24761495 	-0.0031639062 	 -1.7723191 	-1.5185082 	0.0052931344 		-0.06375 -0.0057923643 -0.027785968 1200000 1
-0.0625 -420105.42 	-1233936.2 	1137.4921 	 -513438.1 	-1869072.4 	3577.7024 	 -0.0043283605 	0.0016488499 	0.035772359 	 0.00087931743 	-0.00029838755 	-0.0021320559 	 -20314.819 	6756.8621 	-2200.3156 	 -0.47854694 	-0.20570022 	-0.0030969463 	 -1.8098635 	-1.3802919 	-0.0027804848 		-0.0625 -0.0059602367 -0.029121711 1200000 1
-0.06125 -379326.64 	-1384155.2 	2591.453 	 -395385.09 	-1941487.4 	11398.612 	 -0.0044161461 	0.0015540553 	0.035672436 	 0.0009457837 	-0.00027613048 	-0.0022690318 	 -22766.585 	6154.4872 	-2463.4503 	 -0.48406041 	-0.16746048 	-0.0029694278 	 -1.8386551 	-1.2541492 	-0.0096139207 		-0.06125 -0.0061402853 -0.0304871 1200000 1
-0.06 -348207.89 	-1454519.9 	3331.6584 	 -331075.17 	-2020353.8 	14568.272 	 -0.0043904523 	0.0014761705 	0.034966845 	 0.00097335116 	-0.00026590773 	-0.0028534672 	 -23180.956 	5372.0492 	-2500.2955 	 -0.47366534 	-0.140131 	-0.002639759 	 -1.8325324 	-1.1620663 	-0.012489828 		-0.06 -0.0063364875 -0.031905201 1200000 1
-0.05875 -342129.4 	-1456346.4 	3221.0642 	 -329830.4 	-2134292.4 	14109.65 	 -0.0042698128 	0.0014140699 	0.033956881 	 0.00096981464 	-0.00026522716 	-0.003640131 	 -22052.721 	4778.4651 	-2356.177 	 -0.44563617 	-0.1191183 	-0.0021239942 	 -1.7786243 	-1.0841956 	-0.012223141 		-0.05875 -0.0064803038 -0.033244822 1200000 1
-0.0575 -336050.91 	-1458172.9 	3110.47 	 -328585.62 	-2248230.9 	13651.027 	 -0.0041491734 	0.0013519693 	0.032946917 	 0.00096627813 	-0.00026454659 	-0.0044267949 	 -20924.486 	4184.8809 	-2212.0585 	 -0.417607 	-0.098105591 	-0.0016082294 	 -1.7247162 	-1.0063248 	-0.011956455 		-0.0575 -0.0066241201 -0.034584443 1200000 1
-0.05625 -329972.42 	-1459999.4 	2999.8759 	 -327340.85 	-2362169.5 	13192.405 	 -0.0040285339 	0.0012898687 	0.031936953 	 0.00096274162 	-0.00026386602 	-0.0052134588 	 -19796.252 	3591.2967 	-2067.94 	 -0.38957783 	-0.077092887 	-0.0010924645 	 -1.6708082 	-0.92845411 	-0.011689768 		-0.05625 -0.0067679365 -0.035924064 1200000 1
-0.055 -295916.62 	-1610743.4 	3819.4642 	 -272595.7 	-2344975.2 	15320.218 	 -0.0041606619 	0.001227141 	0.032575666 	 0.00098804454 	-0.00023944161 	-0.0044466788 	 -23196.09 	3476.6977 	-2471.6083 	 -0.38225487 	-0.048887028 	-0.00065618658 	 -1.6757317 	-0.86001478 	-0.013779455 		-0.055 -0.0066966544 -0.03667392 1200000 1
-0.05375 -261860.82 	-1761487.4 	4639.0525 	 -217850.54 	-2327780.8 	17448.031 	 -0.0042927899 	0.0011644133 	0.033214379 	 0.0010133475 	-0.0002150172 	-0.0036798989 	 -26595.928 	3362.0987 	-2875.2765 	 -0.37493191 	-0.02068117 	-0.00021990862 	 -1.6806553 	-0.79157545 	-0.015869142 		-0.05375 -0.0066253723 -0.037423776 1200000 1
-0.0525 -227805.01 	-1912231.3 	5458.6409 	 -163105.39 	-2310586.5 	19575.844 	 -0.0044249179 	0.0011016856 	0.033853092 	 0.0010386504 	-0.0001905928 	-0.0029131189 	 -29995.766 	3247.4997 	-3278.9448 	 -0.36760894 	0.0075246889 	0.00021636935 	 -1.6855789 	-0.72313612 	-0.017958828 		-0.0525 -0.0065540903 -0.038173633 1200000 1
-0.05125 -192643.32 	-1983373.4 	5809.8162 	 -126772.98 	-2324761.2 	20356.407 	 -0.0044568946 	0.0010461503 	0.0337462 	 0.0010487604 	-0.00017616104 	-0.0027851647 	 -31055.335 	2922.7939 	-3411.4619 	 -0.35618967 	0.02508059 	0.00062055242 	 -1.6835838 	-0.6739255 	-0.018817763 		-0.05125 -0.0065475716 -0.038997253 1200000 1
-0.05 -175012.95 	-1959574.2 	5451.6927 	 -115856.35 	-2390547.7 	19389.789 	 -0.004371428 	0.00099989669 	0.032883228 	 0.0010411317 	-0.0001746625 	-0.0033596775 	 -29589.56 	2522.433 	-3239.8826 	 -0.33540785 	0.031612208 	0.001010672 	 -1.6604594 	-0.64349418 	-0.01805499 		-0.05 -0.006499676 -0.039770451 1200000 1
-0.04875 -164515.76 	-1906482.5 	4860.9494 	 -113097.37 	-2473556.8 	17871.271 	 -0.0042499095 	0.00095657104 	0.031799164 	 0.0010280649 	-0.00017724714 	-0.0041454869 	 -27368.949 	2114.7306 	-2976.2448 	 -0.31132788 	0.034895927 	0.0013986674 	 -1.6296382 	-0.61847691 	-0.016777798 		-0.04875 -0.0064281645 -0.040515433 1200000 1
-0.0475 -154018.57 	-1853390.7 	4270.2061 	 -110338.38 	-2556565.9 	16352.753 	 -0.0041283911 	0.00091324539 	0.0307151 	 0.0010149981 	-0.00017983178 	-0.0049312963 	 -25148.339 	1707.0283 	-2712.607 	 -0.28724791 	0.038179645 	0.0017866628 	 -1.598817 	-0.59345965 	-0.015500607 		-0.0475 -0.006356653 -0.041260416 1200000 1
-0.04625 -138172.75 	-1887135 	4183.9398 	 -99006.152 	-2570052.7 	15826.612 	 -0.0041345405 	0.00087070011 	0.030630502 	 0.0010166541 	-0.0001721177 	-0.0048668712 	 -25707.619 	1441.1256 	-2780.9581 	 -0.26719102 	0.047246783 	0.0021683284 	 -1.5792782 	-0.56763435 	-0.015167546 		-0.04625 -0.0062438713 -0.041901509 1200000 1
-0.045 -116978.3 	-2007715.2 	4602.1505 	 -79100.677 	-2514017.3 	16292.849 	 -0.0042683577 	0.00082893522 	0.031545372 	 0.0010330331 	-0.00015410491 	-0.0039522116 	 -29046.789 	1317.0226 	-3181.2982 	 -0.2511572 	0.06209734 	0.002543664 	 -1.5710218 	-0.54100101 	-0.015778617 		-0.045 -0.0060898194 -0.042438714 1200000 1
-0.04375 -95783.848 	-2128295.5 	5020.3612 	 -59195.201 	-2457981.8 	16759.086 	 -0.0044021749 	0.00078717032 	0.032460241 	 0.0010494121 	-0.00013609213 	-0.0030375521 	 -32385.96 	1192.9196 	-3581.6383 	 -0.23512339 	0.076947897 	0.0029189997 	 -1.5627653 	-0.51436768 	-0.016389689 		-0.04375 -0.0059357675 -0.042975919 1200000 1
-0.0425 -72449.918 	-2219119.9 	5312.2372 	 -41392.767 	-2419639.3 	17019.61 	 -0.0044990415 	0.0007467704 	0.033078937 	 0.0010614811 	-0.00012077789 	-0.002372945 	 -34810.114 	1025.003 	-3873.2262 	 -0.219583 	0.088225079 	0.0032797805 	 -1.555586 	-0.49230685 	-0.016796207 		-0.0425 -0.0058073808 -0.043535388 1200000 1
-0.04125 -46682.588 	-2213002.8 	5171.6446 	 -29551.584 	-2440211.1 	16553.331 	 -0.004475991 	0.00071090778 	0.032746617 	 0.0010595681 	-0.00011464994 	-0.0025187436 	 -34292.777 	749.22893 	-3813.5291 	 -0.20446506 	0.087957959 	0.0035988367 	 -1.5491986 	-0.48511197 	-0.016483426 		-0.04125 -0.0057252449 -0.044135108 1200000 1
-0.04 -31604.684 	-2124195 	4603.4012 	 -20290.437 	-2514616.7 	15307.798 	 -0.0043519582 	0.0006791697 	0.031642152 	 0.0010458952 	-0.00011746825 	-0.003343882 	 -31377.628 	479.6009 	-3462.6829 	 -0.18637295 	0.07811767 	0.003898321 	 -1.5358417 	-0.49051103 	-0.015408288 		-0.04 -0.0055774316 -0.044678311 1200000 1
-0.03875 -16526.78 	-2035387.1 	4035.1579 	 -11029.29 	-2589022.4 	14062.265 	 -0.0042279253 	0.00064743163 	0.030537687 	 0.0010322224 	-0.00012028657 	-0.0041690204 	 -28462.479 	209.97287 	-3111.8367 	 -0.16828083 	0.06827738 	0.0041978053 	 -1.5224847 	-0.49591008 	-0.014333151 		-0.03875 -0.0054296183 -0.045221513 1200000 1
-0.0375 -1448.8757 	-1946579.3 	3466.9145 	 -1768.1428 	-2663428 	12816.732 	 -0.0041038925 	0.00061569355 	0.029433222 	 0.0010185495 	-0.00012310488 	-0.0049941589 	 -25547.331 	-59.655161 	-2760.9906 	 -0.15018872 	0.058437091 	0.0044972896 	 -1.5091278 	-0.50130913 	-0.013258013 		-0.0375 -0.0052818051 -0.045764716 1200000 1
-0.03625 10408.636 	-2038283.6 	3766.0361 	 1308.9857 	-2591714.1 	12963.651 	 -0.0042368033 	0.00058646029 	0.030435439 	 0.0010345578 	-0.00010920822 	-0.0040976897 	 -28483.898 	-238.80674 	-3116.7561 	 -0.12911814 	0.060809196 	0.0048361785 	 -1.4930553 	-0.5051419 	-0.013562465 		-0.03625 -0.0051621349 -0.046342542 1200000 1
-0.035 22266.148 	-2129987.9 	4065.1577 	 4386.1143 	-2520000.2 	13110.569 	 -0.0043697141 	0.00055722704 	0.031437657 	 0.001050566 	-9.5311559e-05 	-0.0032012204 	 -31420.466 	-417.95833 	-3472.5217 	 -0.10804756 	0.063181301 	0.0051750674 	 -1.4769828 	-0.50897466 	-0.013866918 		-0.035 -0.0050424648 -0.046920368 1200000 1
-0.03375 34123.661 	-2221692.2 	4364.2793 	 7463.2428 	-2448286.3 	13257.488 	 -0.0045026249 	0.00052799378 	0.032439875 	 0.0010665743 	-8.14149e-05 	-0.0023047512 	 -34357.033 	-597.10991 	-3828.2873 	 -0.086976972 	0.065553406 	0.0055139563 	 -1.4609102 	-0.51280742 	-0.01417137 		-0.03375 -0.0049227947 -0.047498194 1200000 1
-0.0325 57991.992 	-2232126.4 	4440.9729 	 15674.303 	-2431964.3 	13201.591 	 -0.0045338778 	0.00050053416 	0.03265467 	 0.0010705693 	-7.3082387e-05 	-0.0020936957 	 -34868.791 	-841.69819 	-3885.0013 	 -0.071932108 	0.058896431 	0.0058344002 	 -1.4565838 	-0.52598655 	-0.014249341 		-0.0325 -0.0048713787 -0.048128353 1200000 1
-0.03125 82055.722 	-2145489.1 	4178.393 	 33883.444 	-2478630.5 	12778.942 	 -0.0044453548 	0.00047543826 	0.031909599 	 0.0010603997 	-7.2166019e-05 	-0.002697564 	 -32462.251 	-1059.9745 	-3586.3132 	 -0.060036275 	0.040848865 	0.0061503297 	 -1.4578867 	-0.55220024 	-0.013932342 		-0.03125 -0.0047821102 -0.048741136 1200000 1
-0.03 104887.34 	-2028889.1 	3804.3686 	 55531.751 	-2544449.3 	12231.717 	 -0.0043200114 	0.00045109436 	0.030866483 	 0.0010458749 	-7.360911e-05 	-0.0035526294 	 -29152.918 	-1260.5874 	-3178.0881 	 -0.048742701 	0.019230053 	0.0064664656 	 -1.46016 	-0.58260817 	-0.013482061 		-0.03 -0.0046702546 -0.049341258 1200000 1
-0.02875 127718.96 	-1912289.1 	3430.3442 	 77180.059 	-2610268.1 	11684.493 	 -0.004194668 	0.00042675046 	0.029823366 	 0.0010313501 	-7.5052202e-05 	-0.0044076948 	 -25843.584 	-1461.2004 	-2769.8629 	 -0.037449128 	-0.0023887589 	0.0067826016 	 -1.4624333 	-0.61301609 	-0.01303178 		-0.02875 -0.0045583991 -0.049941381 1200000 1
-0.0275 142146.52 	-1883481.5 	3458.179 	 85192.363 	-2602653.5 	11621.718 	 -0.0041983077 	0.00040403361 	0.029792605 	 0.0010317121 	-6.9314272e-05 	-0.0044088017 	 -25328.599 	-1697.6036 	-2707.0273 	 -0.019105133 	-0.018909177 	0.007142638 	 -1.4517956 	-0.64542529 	-0.013093059 		-0.0275 -0.0045156316 -0.050669023 1200000 1
-0.02625 148170.02 	-1942466.1 	3887.8728 	 79568.662 	-2521605.6 	12043.392 	 -0.0043309307 	0.0003829438 	0.0307742 	 0.0010469609 	-5.6395321e-05 	-0.00355595 	 -27607.964 	-1969.797 	-2989.5813 	 0.0062892837 	-0.030331202 	0.0075465748 	 -1.4282468 	-0.67983576 	-0.013665898 		-0.02625 -0.0045419523 -0.051524184 1200000 1
-0.025 154193.52 	-2001450.8 	4317.5666 	 73944.961 	-2440557.7 	12465.066 	 -0.0044635536 	0.00036185399 	0.031755794 	 0.0010622097 	-4.347637e-05 	-0.0027030983 	 -29887.328 	-2241.9904 	-3272.1353 	 0.0316837 	-0.041753227 	0.0079505117 	 -1.404698 	-0.71424623 	-0.014238736 		-0.025 -0.0045682729 -0.052379346 1200000 1
-0.02375 167569.58 	-2031661.9 	4717.0388 	 75760.453 	-2379363.7 	12999.215 	 -0.0045597082 	0.00034087221 	0.032499959 	 0.0010718159 	-3.232108e-05 	-0.0020774225 	 -31395.854 	-2528.6953 	-3453.9452 	 0.052729404 	-0.056179063 	0.0083379281 	 -1.3895443 	-0.75138094 	-0.014891175 		-0.02375 -0.0046175779 -0.053250185 1200000 1
-0.0225 200006.51 	-1967935.4 	4970.1934 	 101807.93 	-2379412.7 	13912.09 	 -0.0045374075 	0.00032037412 	0.032440677 	 0.0010630149 	-2.6786554e-05 	-0.0021991451 	 -30340.131 	-2824.6219 	-3306.3412 	 0.061069605 	-0.080915558 	0.0086772545 	 -1.3985894 	-0.79892527 	-0.015801108 		-0.0225 -0.0047100124 -0.054155919 1200000 1
-0.02125 234934.75 	-1823528.7 	4963.8826 	 148513.38 	-2422026.4 	15182.608 	 -0.0044150624 	0.00030065931 	0.031611862 	 0.001038444 	-2.5694602e-05 	-0.0029788824 	 -26948.172 	-3021.3388 	-2874.3738 	 0.062686172 	-0.11592286 	0.0089916901 	 -1.4194069 	-0.85966603 	-0.016925504 		-0.02125 -0.0047498991 -0.05504588 1200000 1
-0.02 269862.98 	-1679122 	4957.5717 	 195218.84 	-2464640 	16453.126 	 -0.0042927174 	0.00028094449 	0.030783047 	 0.0010138732 	-2.4602651e-05 	-0.0037586197 	 -23556.213 	-3218.0557 	-2442.4063 	 0.064302739 	-0.15093017 	0.0093061257 	 -1.4402245 	-0.9204068 	-0.0180499 		-0.02 -0.0047897857 -0.055935841 1200000 1
-0.01875 304791.22 	-1534715.4 	4951.2608 	 241924.3 	-2507253.7 	17723.644 	 -0.0041703723 	0.00026122967 	0.029954232 	 0.00098930228 	-2.3510699e-05 	-0.004538357 	 -20164.254 	-3414.7726 	-2010.4389 	 0.065919306 	-0.18593747 	0.0096205613 	 -1.4610421 	-0.98114756 	-0.019174297 		-0.01875 -0.0048296723 -0.056825802 1200000 1
-0.0175 306110.87 	-1546866.1 	6028.1918 	 233196.32 	-2404617.1 	19881.602 	 -0.0043066132 	0.0002460065 	0.030853327 	 0.00099386132 	-7.0194466e-06 	-0.0036948922 	 -21501.524 	-3821.0584 	-2188.9581 	 0.094963005 	-0.21586518 	0.010075083 	 -1.4272375 	-1.0604121 	-0.021310511 		-0.0175 -0.005141818 -0.058272215 1200000 1
-0.01625 307430.52 	-1559016.8 	7105.1229 	 224468.34 	-2301980.5 	22039.56 	 -0.004442854 	0.00023078334 	0.031752421 	 0.00099842037 	9.4718057e-06 	-0.0028514273 	 -22838.793 	-4227.3443 	-2367.4773 	 0.1240067 	-0.2457929 	0.010529605 	 -1.393433 	-1.1396767 	-0.023446726 		-0.01625 -0.0054539636 -0.059718627 1200000 1
-0.015 308750.18 	-1571167.6 	8182.0539 	 215740.36 	-2199343.9 	24197.517 	 -0.0045790948 	0.00021556017 	0.032651515 	 0.0010029794 	2.5963058e-05 	-0.0020079625 	 -24176.063 	-4633.6301 	-2545.9966 	 0.1530504 	-0.27572061 	0.010984127 	 -1.3596285 	-1.2189413 	-0.02558294 		-0.015 -0.0057661093 -0.061165039 1200000 1
-0.01375 337987.47 	-1511918.4 	9230.9994 	 257632.03 	-2145207.9 	28253.922 	 -0.0046184744 	0.00019893536 	0.033169983 	 0.00097596153 	3.5815199e-05 	-0.0015429654 	 -23909.109 	-5176.5578 	-2498.9727 	 0.16156675 	-0.31250921 	0.011179153 	 -1.3687985 	-1.3014908 	-0.029196836 		-0.01375 -0.0061303803 -0.062628733 1200000 1
-0.0125 382033.68 	-1366405.8 	9967.3466 	 347374.37 	-2121443.8 	35180.243 	 -0.0045436621 	0.00018125027 	0.033025335 	 0.00090889495 	3.988702e-05 	-0.001653353 	 -21495.851 	-5648.6326 	-2189.4482 	 0.15174177 	-0.36077316 	0.011073327 	 -1.4128276 	-1.4032553 	-0.035022621 		-0.0125 -0.0064862318 -0.064104037 1200000 1
-0.01125 428957.89 	-1194177 	10581.707 	 450734.83 	-2104537.5 	43047.427 	 -0.0044337397 	0.00016329399 	0.032656963 	 0.00082925366 	4.2370981e-05 	-0.001952607 	 -18399.076 	-6077.4598 	-1799.5282 	 0.13681959 	-0.41287879 	0.010875469 	 -1.4661122 	-1.5123475 	-0.04157196 		-0.01125 -0.0068330291 -0.065582099 1200000 1
-0.01 475882.11 	-1021948.1 	11196.068 	 554095.29 	-2087631.1 	50914.611 	 -0.0043238172 	0.0001453377 	0.032288591 	 0.00074961237 	4.4854942e-05 	-0.0022518611 	 -15302.302 	-6506.2871 	-1409.6082 	 0.12189741 	-0.46498441 	0.010677611 	 -1.5193968 	-1.6214397 	-0.048121299 		-0.01 -0.0071798265 -0.067060161 1200000 1
-0.00875 495239.32 	-907257.49 	12839.628 	 605241.73 	-1987948.2 	59927.199 	 -0.0043435804 	0.00013046197 	0.032485575 	 0.00068071337 	5.7930819e-05 	-0.0019188608 	 -13733.696 	-6954.4563 	-1236.7483 	 0.12897435 	-0.51926408 	0.010557951 	 -1.5230698 	-1.7612599 	-0.055828303 		-0.00875 -0.0077458248 -0.069100353 1200000 1
-0.0075 487029.54 	-850105.07 	15512.387 	 604174.14 	-1805488.7 	70085.191 	 -0.0044930291 	0.00011866677 	0.033247915 	 0.00062255665 	8.1598611e-05 	-0.00095360611 	 -13693.257 	-7421.9674 	-1280.9485 	 0.15805041 	-0.57571779 	0.010516488 	 -1.4771311 	-1.931808 	-0.064692971 		-0.0075 -0.0085310242 -0.071702675 1200000 1
-0.00625 478819.77 	-792952.65 	18185.146 	 603106.56 	-1623029.2 	80243.184 	 -0.0046424777 	0.00010687158 	0.034010255 	 0.00056439994 	0.0001052664 	1.1648582e-05 	 -13652.819 	-7889.4786 	-1325.1487 	 0.18712647 	-0.63217149 	0.010475026 	 -1.4311925 	-2.1023562 	-0.073557638 		-0.00625 -0.0093162237 -0.074304997 1200000 1
-0.005 463278.9 	-729193.42 	19949.846 	 598242.48 	-1474872.4 	87221.561 	 -0.0047537484 	9.3656287e-05 	0.034679263 	 0.00050630883 	0.00012273319 	0.00085441922 	 -13380.758 	-8132.1866 	-1326.2076 	 0.20746261 	-0.65096381 	0.010347058 	 -1.3959813 	-2.1351302 	-0.080762627 		-0.005 -0.0099434979 -0.076285893 1179047.6 1
-0.00375 428886.03 	-646155.89 	18820.834 	 579668.39 	-1414967.9 	83790.694 	 -0.0047410381 	7.5699415e-05 	0.034979414 	 0.00044701271 	0.00011966 	0.0012426173 	 -12330.28 	-7678.6743 	-1198.2691 	 0.2000473 	-0.54663342 	0.0099313268 	 -1.3920398 	-1.7091039 	-0.082685949 		-0.00375 -0.010054637 -0.076199969 1090000 1
-0.0025 392570.78 	-552993.75 	15405.409 	 545625.53 	-1364215.1 	71339.072 	 -0.0046236957 	5.3374268e-05 	0.034782622 	 0.00038269682 	9.8116184e-05 	0.0010868197 	 -10548.816 	-6733.0503 	-992.80122 	 0.17099252 	-0.33608248 	0.0092534374 	 -1.4044191 	-0.86374013 	-0.080456875 		-0.0025 -0.0097209302 -0.074232103 943333.33 1
-0.00125 356255.53 	-459831.61 	11989.983 	 511582.67 	-1313462.2 	58887.451 	 -0.0045063533 	3.1049122e-05 	0.034585829 	 0.00031838094 	7.6572368e-05 	0.00093102208 	 -8767.3514 	-5787.4262 	-787.33339 	 0.14193773 	-0.12553154 	0.0085755479 	 -1.4167984 	-0.018376357 	-0.0782278 		-0.00125 -0.0093872229 -0.072264237 796666.67 1
5.2475385e-17 319940.28 	-366669.47 	8574.5579 	 477539.8 	-1262709.4 	46435.829 	 -0.0043890108 	8.7239761e-06 	0.034389036 	 0.00025406506 	5.5028552e-05 	0.00077522447 	 -6985.8871 	-4841.8022 	-581.86555 	 0.11288295 	0.085019409 	0.0078976585 	 -1.4291777 	0.82698741 	-0.075998726 		5.2475385e-17 -0.0090535157 -0.070296371 650000 1
0.00125 247652.13 	-320548.23 	6579.4828 	 368677.82 	-1125701.7 	35943.645 	 -0.0045319491 	-8.6186604e-06 	0.034711325 	 0.00019799698 	5.1059486e-05 	0.0013566077 	 -6345.0525 	-3770.1438 	-552.78624 	 0.13392352 	0.29797217 	0.0073143944 	 -1.3087855 	1.7138803 	-0.077132995 		0.00125 -0.0092072424 -0.069901688 503333.33 1
0.0025 175363.97 	-274426.98 	4584.4077 	 259815.83 	-988693.94 	25451.46 	 -0.0046748874 	-2.5961297e-05 	0.035033613 	 0.0001419289 	4.7090419e-05 	0.001937991 	 -5704.2179 	-2698.4853 	-523.70693 	 0.15496408 	0.51092492 	0.0067311304 	 -1.1883934 	2.6007733 	-0.078267263 		0.0025 -0.0093609691 -0.069507005 356666.67 1
0.00375 103075.82 	-228305.74 	2589.3326 	 150953.84 	-851686.21 	14959.276 	 -0.0048178256 	-4.3303933e-05 	0.035355901 	 8.5860826e-05 	4.3121353e-05 	0.0025193743 	 -5063.3833 	-1626.8269 	-494.62763 	 0.17600465 	0.72387768 	0.0061478664 	 -1.0680012 	3.4876662 	-0.079401532 		0.00375 -0.0095146959 -0.069112322 210000 1
0.005 44952.537 	-191876.82 	1135.5841 	 82455.295 	-793832.62 	8693.9297 	 -0.0048526288 	-6.106924e-05 	0.035476556 	 5.2840011e-05 	3.9843011e-05 	0.0027815455 	 -4532.7597 	-817.62223 	-448.27558 	 0.18460188 	0.83096023 	0.0057608432 	 -0.97724085 	3.9150944 	-0.076682996 		0.005 -0.0092055689 -0.067198649 120952.38 1
0.00625 29952.739 	-175234.08 	687.24145 	 67877.954 	-769637.37 	6575.3702 	 -0.0047597287 	-8.0209257e-05 	0.035286447 	 4.4899663e-05 	3.3516855e-05 	0.0025754878 	 -4155.6011 	-600.67521 	-409.99509 	 0.17433187 	0.81637676 	0.0055927885 	 -0.92690426 	3.8348774 	-0.068840143 		0.00625 -0.0083533237 -0.063020351 100000 1
0.0075 30657.073 	-165448.47 	582.00734 	 70465.811 	-750270.47 	5654.4156 	 -0.004627544 	-9.9853047e-05 	0.034994029 	 4.4477256e-05 	2.589622e-05 	0.0022169617 	 -3827.8054 	-591.99992 	-376.82752 	 0.15787241 	0.76467635 	0.0054909132 	 -0.88950463 	3.6017256 	-0.059367871 		0.0075 -0.0073343243 -0.058101911 100000 1
0.00875 31361.408 	-155662.87 	476.77324 	 73053.667 	-730903.57 	4733.4611 	 -0.0044953593 	-0.00011949684 	0.03470161 	 4.4054849e-05 	1.8275585e-05 	0.0018584356 	 -3500.0098 	-583.32463 	-343.65995 	 0.14141295 	0.71297594 	0.0053890379 	 -0.85210499 	3.3685738 	-0.049895598 		0.00875 -0.0063153248 -0.053183472 100000 1
0.01 30080.124 	-148760.39 	394.41111 	 69938.039 	-716761.6 	3895.7691 	 -0.0044934452 	-0.00013787464 	0.034567273 	 4.4736254e-05 	1.4032547e-05 	0.0017411305 	 -3304.0263 	-551.86578 	-326.27733 	 0.14417508 	0.66731106 	0.005316342 	 -0.75588576 	3.2056884 	-0.041305595 		0.01 -0.0054784762 -0.048925936 100000 1
0.01125 26813.221 	-144741.04 	334.92097 	 61118.926 	-707844.56 	3141.3397 	 -0.0046218015 	-0.00015498645 	0.034591017 	 4.652147e-05 	1.3167106e-05 	0.0018650463 	 -3239.855 	-497.62335 	-324.67968 	 0.1661588 	0.6276817 	0.0052728257 	 -0.60084692 	3.1130693 	-0.033597861 		0.01125 -0.0048237783 -0.045329305 100000 1
0.0125 23546.318 	-140721.7 	275.43083 	 52299.814 	-698927.52 	2386.9103 	 -0.0047501578 	-0.00017209826 	0.034614762 	 4.8306687e-05 	1.2301665e-05 	0.0019889622 	 -3175.6837 	-443.38093 	-323.08202 	 0.18814251 	0.58805234 	0.0052293094 	 -0.44580808 	3.0204502 	-0.025890127 		0.0125 -0.0041690804 -0.041732675 100000 1
0.01375 20649.152 	-136350.11 	218.90502 	 45062.813 	-689891.32 	1721.4228 	 -0.0048412417 	-0.00018978149 	0.034600249 	 4.9959553e-05 	1.153324e-05 	0.0020535131 	 -3093.2655 	-393.68557 	-318.77406 	 0.2064463 	0.5499291 	0.0051533539 	 -0.30607279 	2.9231036 	-0.019072654 		0.01375 -0.0035200733 -0.038252193 100000 1
0.015 19215.112 	-130810.94 	174.69815 	 43112.187 	-679863.32 	1323.9258 	 -0.0048111598 	-0.00020935148 	0.034464192 	 5.120287e-05 	1.0610342e-05 	0.0019219562 	 -2945.8971 	-362.79132 	-305.06795 	 0.21130388 	0.51618402 	0.0049727151 	 -0.21951434 	2.804922 	-0.01494539 		0.015 -0.0028854979 -0.034989031 100000 1
0.01625 19756.624 	-124219.45 	148.48766 	 46042.244 	-667290.95 	1093.7601 	 -0.0046784665 	-0.00023060159 	0.034233158 	 5.2157717e-05 	8.2317188e-06 	0.0016155164 	 -2727.6413 	-359.15316 	-281.74653 	 0.20059133 	0.48468622 	0.0047055961 	 -0.18765516 	2.6536799 	-0.01252151 		0.01625 -0.0022516729 -0.031458006 100000 1
0.0175 20298.135 	-117627.96 	122.27718 	 48972.301 	-654718.58 	863.5943 	 -0.0045457732 	-0.00025185171 	0.034002123 	 5.3112564e-05 	5.8530957e-06 	0.0013090766 	 -2509.3855 	-355.515 	-258.42511 	 0.18987879 	0.45318842 	0.0044384771 	 -0.15579597 	2.5024378 	-0.010097631 		0.0175 -0.0016178478 -0.027926982 100000 1
0.01875 20839.647 	-111036.47 	96.066686 	 51902.358 	-642146.21 	633.42853 	 -0.0044130799 	-0.00027310182 	0.033771089 	 5.4067411e-05 	3.4744725e-06 	0.0010026368 	 -2291.1297 	-351.87684 	-235.10369 	 0.17916624 	0.42169062 	0.004171358 	 -0.12393678 	2.3511958 	-0.0076737511 		0.01875 -0.00098402268 -0.024395957 100000 1
0.02 18824.957 	-108854.28 	80.070377 	 46480.952 	-635468.29 	386.34582 	 -0.0045406419 	-0.00029209671 	0.033882256 	 5.7422044e-05 	3.4664437e-06 	0.0011490369 	 -2278.5893 	-323.92473 	-235.3397 	 0.19302329 	0.39744147 	0.0039695406 	 -0.0065480337 	2.2894249 	-0.0051184769 		0.02 -0.00058280024 -0.021730457 100000 1
0.02125 16810.267 	-106672.09 	64.074067 	 41059.546 	-628790.37 	139.26311 	 -0.004668204 	-0.00031109161 	0.033993422 	 6.0776677e-05 	3.4584148e-06 	0.0012954371 	 -2266.0488 	-295.97263 	-235.57571 	 0.20688033 	0.37319231 	0.0037677231 	 0.11084071 	2.2276541 	-0.0025632027 		0.02125 -0.0001815778 -0.019064958 100000 1
0.0225 14795.577 	-104489.9 	48.077758 	 35638.14 	-622112.45 	-107.81961 	 -0.0047957661 	-0.0003300865 	0.034104589 	 6.413131e-05 	3.450386e-06 	0.0014418372 	 -2253.5084 	-268.02052 	-235.81172 	 0.22073738 	0.34894315 	0.0035659057 	 0.22822946 	2.1658832 	-7.9285214e-06 		0.0225 0.00021964464 -0.016399459 100000 1
0.02375 13494.718 	-101252.79 	34.185954 	 33534.106 	-614651.43 	-266.78885 	 -0.0048209678 	-0.00035188451 	0.034100746 	 6.6293444e-05 	3.7393335e-06 	0.0014314366 	 -2190.3939 	-246.60604 	-229.92524 	 0.22801787 	0.32681117 	0.0033685994 	 0.3140573 	2.0867735 	0.0016617366 		0.02375 0.00061230286 -0.013998824 100000 1
0.025 13504.362 	-96737.762 	26.392245 	 35460.603 	-605323.94 	-346.90837 	 -0.0047249903 	-0.00037679291 	0.033961861 	 6.7039213e-05 	3.6638315e-06 	0.0012246145 	 -2054.1525 	-239.73505 	-215.45761 	 0.22454586 	0.30614268 	0.0031710551 	 0.35726861 	1.9791203 	0.0025299254 		0.025 0.0010030559 -0.011475111 100000 1
0.02625 13960.335 	-91826.66 	20.80819 	 38637.418 	-595335.29 	-405.10039 	 -0.0045917078 	-0.00040263967 	0.033781505 	 6.7348528e-05 	3.4101523e-06 	0.0009563293 	 -1894.1776 	-237.96826 	-198.22543 	 0.21749028 	0.28582861 	0.0029729235 	 0.38687631 	1.8619412 	0.0031741357 		0.02625 0.0013939811 -0.0088732722 100000 1
0.0275 14416.309 	-86915.558 	15.224136 	 41814.233 	-585346.64 	-463.29241 	 -0.0044584252 	-0.00042848643 	0.033601149 	 6.7657842e-05 	3.1564732e-06 	0.00068804413 	 -1734.2027 	-236.20147 	-180.99325 	 0.2104347 	0.26551454 	0.0027747919 	 0.41648402 	1.7447621 	0.003818346 		0.0275 0.0017849063 -0.0062714333 100000 1
0.02875 14014.046 	-83815.267 	9.0793837 	 41548.228 	-577313.08 	-563.19551 	 -0.0044549792 	-0.00045292225 	0.033593123 	 6.9157185e-05 	3.0865012e-06 	0.00063062279 	 -1657.6712 	-228.24504 	-172.98211 	 0.21149162 	0.2473707 	0.002601514 	 0.48141231 	1.6610456 	0.0048714675 		0.02875 0.0020991273 -0.004010894 100000 1
0.03 12753.545 	-82525.788 	2.3739325 	 37839.405 	-571234.6 	-704.80969 	 -0.0045813698 	-0.00047594712 	0.033757427 	 7.1846556e-05 	3.2002363e-06 	0.00078406528 	 -1664.5829 	-214.09898 	-174.192 	 0.22066102 	0.23139709 	0.0024530899 	 0.5816612 	1.6107916 	0.0063335 		0.03 0.002336644 -0.0020916541 100000 1
0.03125 11493.045 	-81236.309 	-4.3315188 	 34130.581 	-565156.12 	-846.42386 	 -0.0047077603 	-0.000498972 	0.03392173 	 7.4535926e-05 	3.3139715e-06 	0.00093750777 	 -1671.4947 	-199.95293 	-175.4019 	 0.22983043 	0.21542347 	0.0023046658 	 0.68191008 	1.5605377 	0.0077955326 		0.03125 0.0025741606 -0.00017241419 100000 1
0.0325 10432.049 	-79560.651 	-10.284338 	 31574.713 	-558702.22 	-964.8194 	 -0.0047969964 	-0.00052364126 	0.034043389 	 7.6800633e-05 	3.5967241e-06 	0.001037352 	 -1661.5892 	-187.01962 	-174.71442 	 0.23732199 	0.19987193 	0.0021614178 	 0.77138842 	1.5031011 	0.0090240089 		0.0325 0.0028097102 0.0016607964 100000 1
0.03375 10085.451 	-76631.721 	-13.42319 	 32676.868 	-550830.38 	-1013.2715 	 -0.0047653727 	-0.00055353259 	0.03402575 	 7.7681811e-05 	4.3103864e-06 	0.00095922876 	 -1593.8343 	-179.03975 	-167.57241 	 0.23885101 	0.18548853 	0.0020335894 	 0.82580631 	1.4207758 	0.0095480512 		0.03375 0.0030405902 0.003331205 100000 1
0.035 10529.523 	-72647.424 	-13.143294 	 36623.002 	-541200.74 	-1018.1017 	 -0.0046311789 	-0.000587498 	0.033888259 	 7.7382806e-05 	5.0547235e-06 	0.00071987557 	 -1468.1219 	-178.10552 	-154.15644 	 0.23389764 	0.17151938 	0.0019148517 	 0.85039921 	1.3130324 	0.0096301008 		0.035 0.0032723794 0.0051932754 100000 1
0.03625 10973.595 	-68663.127 	-12.863399 	 40569.136 	-531571.1 	-1022.932 	 -0.004496985 	-0.00062146341 	0.033750769 	 7.7083802e-05 	5.7990607e-06 	0.00048052238 	 -1342.4095 	-177.1713 	-140.74048 	 0.22894428 	0.15755022 	0.0017961139 	 0.8749921 	1.205289 	0.0097121505 		0.03625 0.0035041687 0.0070553458 100000 1
0.0375 11417.668 	-64678.831 	-12.583503 	 44515.27 	-521941.46 	-1027.7623 	 -0.0043627911 	-0.00065542882 	0.033613278 	 7.6784797e-05 	6.5433979e-06 	0.00024116918 	 -1216.6972 	-176.23707 	-127.32451 	 0.22399091 	0.14358107 	0.0016773761 	 0.89958499 	1.0975455 	0.0097942001 		0.0375 0.003735958 0.0089174162 100000 1
0.03875 10607.666 	-63735.085 	-17.972555 	 41659.265 	-514934.83 	-1166.118 	 -0.0044872638 	-0.00068543201 	0.033813881 	 7.8834399e-05 	6.5501087e-06 	0.00038832796 	 -1226.2966 	-170.35802 	-128.51204 	 0.23050684 	0.13205231 	0.0015952525 	 0.9942947 	1.0423048 	0.011203893 		0.03875 0.0038588222 0.0101125 100000 1
0.04 9797.6645 	-62791.339 	-23.361607 	 38803.26 	-507928.21 	-1304.4738 	 -0.0046117365 	-0.00071543519 	0.034014484 	 8.0884001e-05 	6.5568195e-06 	0.00053548674 	 -1235.8961 	-164.47896 	-129.69956 	 0.23702278 	0.12052355 	0.0015131289 	 1.0890044 	0.98706405 	0.012613587 		0.04 0.0039816864 0.011307584 100000 1
0.04125 8987.663 	-61847.593 	-28.750658 	 35947.256 	-500921.59 	-1442.8295 	 -0.0047362092 	-0.00074543838 	0.034215087 	 8.2933603e-05 	6.5635304e-06 	0.00068264551 	 -1245.4956 	-158.5999 	-130.88708 	 0.24353871 	0.1089948 	0.0014310053 	 1.1837141 	0.93182331 	0.01402328 		0.04125 0.0041045506 0.012502668 100000 1
0.0425 8660.0314 	-59878.806 	-30.903598 	 36859.81 	-492697.54 	-1498.7288 	 -0.0047588343 	-0.00078258791 	0.034302433 	 8.3876328e-05 	7.2868926e-06 	0.00070058212 	 -1216.6594 	-154.23625 	-127.77686 	 0.2462988 	0.098101287 	0.0013597819 	 1.2435513 	0.85499509 	0.014605515 		0.0425 0.0042239981 0.013477512 100000 1
0.04375 8957.4961 	-56736.485 	-29.193685 	 41429.703 	-482316.14 	-1476.8215 	 -0.004660528 	-0.00082755034 	0.034251899 	 8.350511e-05 	8.5920126e-06 	0.00054913404 	 -1132.8018 	-152.88548 	-118.81415 	 0.24379316 	0.087418692 	0.0012987522 	 1.2673547 	0.74731383 	0.014406344 		0.04375 0.0043430198 0.014551931 100000 1
0.045 9452.3773 	-53236.572 	-26.291661 	 47051.415 	-471204.62 	-1432.7868 	 -0.0045249598 	-0.00087485833 	0.034158568 	 8.2729065e-05 	1.0051655e-05 	0.00034402906 	 -1031.1288 	-152.57454 	-107.97927 	 0.23959096 	0.076751163 	0.0012406108 	 1.2805489 	0.62964635 	0.013984879 		0.045 0.004462244 0.015690206 100000 1
0.04625 9947.2585 	-49736.66 	-23.389637 	 52673.128 	-460093.09 	-1388.7521 	 -0.0043893917 	-0.00092216632 	0.034065237 	 8.1953019e-05 	1.1511298e-05 	0.00013892407 	 -929.45573 	-152.26359 	-97.144399 	 0.23538877 	0.066083633 	0.0011824694 	 1.2937431 	0.51197887 	0.013563414 		0.04625 0.0045814682 0.016828481 100000 1
0.0475 9914.9591 	-47479.027 	-24.43749 	 54199.603 	-449596.36 	-1438.7816 	 -0.0043823645 	-0.0009666073 	0.034135309 	 8.2343135e-05 	1.2230856e-05 	0.00010374047 	 -879.85547 	-151.88728 	-91.890595 	 0.23576342 	0.055880532 	0.0011388714 	 1.3492467 	0.41308594 	0.014080869 		0.0475 0.0046566462 0.017561044 100000 1
0.04875 9355.4793 	-46463.672 	-29.43522 	 51630.843 	-439714.44 	-1582.8752 	 -0.0045038782 	-0.0010081813 	0.034368785 	 8.3899411e-05 	1.2210329e-05 	0.00023847824 	 -882.32799 	-151.4456 	-92.217861 	 0.24071491 	0.046141859 	0.0011098169 	 1.4470597 	0.33296754 	0.015537244 		0.04875 0.004687778 0.017887894 100000 1
0.05 8795.9995 	-45448.317 	-34.432951 	 49062.082 	-429832.51 	-1726.9688 	 -0.004625392 	-0.0010497552 	0.034602261 	 8.5455686e-05 	1.2189803e-05 	0.00037321602 	 -884.80052 	-151.00392 	-92.545127 	 0.24566641 	0.036403186 	0.0010807624 	 1.5448727 	0.25284914 	0.016993619 		0.05 0.0047189099 0.018214744 100000 1
0.05125 8406.9155 	-44101.324 	-37.620984 	 48421.476 	-419480.69 	-1819.0699 	 -0.0047100656 	-0.0010954641 	0.034796985 	 8.6524619e-05 	1.2508251e-05 	0.00047251343 	 -877.14299 	-150.91521 	-91.734365 	 0.24927679 	0.026836368 	0.0010534816 	 1.6247856 	0.16461581 	0.017929184 		0.05125 0.0047496118 0.018467414 100000 1
0.0525 8557.4737 	-41696.863 	-35.240698 	 53600.933 	-407254.74 	-1747.3698 	 -0.0046747494 	-0.0011543313 	0.034864086 	 8.6006767e-05 	1.387988e-05 	0.00044885527 	 -833.84351 	-151.76398 	-87.013761 	 0.24845856 	0.017666275 	0.0010317151 	 1.6501533 	0.047280156 	0.017224088 		0.0525 0.004778787 0.018576688 100000 1
0.05375 9124.7575 	-38455.022 	-29.032119 	 62445.875 	-392464.33 	-1551.6624 	 -0.004537171 	-0.0012235423 	0.034818463 	 8.4138018e-05 	1.6005904e-05 	0.00029923 	 -752.71567 	-152.81451 	-78.388997 	 0.24369564 	0.0083755063 	0.0010139078 	 1.6396057 	-0.10237705 	0.015277327 		0.05375 0.0048063053 0.018840171 100000 1
0.055 9692.0413 	-35213.181 	-22.82354 	 71290.818 	-377673.93 	-1355.955 	 -0.0043995926 	-0.0012927534 	0.034772841 	 8.2269269e-05 	1.8131928e-05 	0.00014960473 	 -671.58782 	-153.86504 	-69.764233 	 0.23893272 	-0.00091526256 	0.00099610056 	 1.629058 	-0.25203426 	0.013330566 		0.055 0.0048338237 0.019103653 100000 1
0.05625 10259.325 	-31971.341 	-16.614961 	 80135.761 	-362883.52 	-1160.2476 	 -0.0042620142 	-0.0013619644 	0.034727218 	 8.0400521e-05 	2.0257951e-05 	-2.0533929e-08 	 -590.45998 	-154.91557 	-61.139469 	 0.2341698 	-0.010206031 	0.00097829331 	 1.6185103 	-0.40169147 	0.011383806 		0.05625 0.0048613421 0.019367136 100000 1
0.0575 9794.2241 	-30558.212 	-17.983678 	 77479.623 	-346858.3 	-1200.9934 	 -0.0043790945 	-0.0014228271 	0.034992731 	 8.0836851e-05 	2.0451256e-05 	0.00011763594 	 -578.32133 	-157.3959 	-60.076058 	 0.23790735 	-0.020078106 	0.00098723495 	 1.7264609 	-0.53926809 	0.011799951 		0.0575 0.0048058609 0.018452322 100000 1
0.05875 9329.123 	-29145.083 	-19.352395 	 74823.485 	-330833.07 	-1241.7391 	 -0.0044961748 	-0.0014836897 	0.035258245 	 8.1273181e-05 	2.064456e-05 	0.00023529242 	 -566.18267 	-159.87624 	-59.012647 	 0.2416449 	-0.029950181 	0.00099617658 	 1.8344116 	-0.67684471 	0.012216097 		0.05875 0.0047503797 0.017537509 100000 1
0.06 8864.022 	-27731.954 	-20.721113 	 72167.348 	-314807.85 	-1282.4849 	 -0.0046132551 	-0.0015445524 	0.035523758 	 8.1709511e-05 	2.0837864e-05 	0.0003529489 	 -554.04402 	-162.35657 	-57.949237 	 0.24538245 	-0.039822256 	0.0010051182 	 1.9423622 	-0.81442133 	0.012632243 		0.06 0.0046948985 0.016622696 100000 1
0.06125 8823.5949 	-25651.115 	-15.655009 	 77868.668 	-297914.75 	-1004.2144 	 -0.0046298773 	-0.0016234269 	0.035689553 	 7.9437459e-05 	2.181832e-05 	0.00043667293 	 -525.99565 	-169.65899 	-55.206256 	 0.24496487 	-0.049055176 	0.00099978457 	 1.9718303 	-0.97006885 	0.0098565185 		0.06125 0.0046415189 0.015546677 100000 1
0.0625 9235.371 	-22880.697 	-5.1636896 	 90930.326 	-277421.34 	-324.75786 	 -0.0045265265 	-0.0017222774 	0.035726755 	 7.3801192e-05 	2.3772107e-05 	0.00043491249 	 -472.08803 	-178.15884 	-49.899236 	 0.23973775 	-0.058036441 	0.00097722825 	 1.9308733 	-1.1694146 	0.0030678912 		0.0625 0.0045818146 0.014525901 100000 1
0.06375 9781.7003 	-19907.288 	6.7957353 	 106024.4 	-255582.48 	480.37143 	 -0.0043861456 	-0.0018271535 	0.035723397 	 6.7114699e-05 	2.6029355e-05 	0.00040266 	 -409.57234 	-186.61163 	-43.749827 	 0.2330401 	-0.066986769 	0.00094934017 	 1.8703081 	-1.3842683 	-0.0049776934 		0.06375 0.0045193513 0.013544809 100000 1
0.065 10328.03 	-16933.879 	18.75516 	 121118.47 	-233743.62 	1285.5007 	 -0.0042457647 	-0.0019320295 	0.03572004 	 6.0428206e-05 	2.8286604e-05 	0.0003704075 	 -347.05664 	-195.06442 	-37.600418 	 0.22634245 	-0.075937098 	0.00092145208 	 1.8097428 	-1.599122 	-0.013023278 		0.065 0.004456888 0.012563717 100000 1
0.06625 10331.295 	-14468.343 	29.988605 	 127349.61 	-208225.6 	2006.1057 	 -0.0042309636 	-0.0020308964 	0.03585721 	 5.4665492e-05 	2.9637781e-05 	0.00040826041 	 -299.21756 	-199.39826 	-33.214149 	 0.22403652 	-0.085883271 	0.00090644582 	 1.8396844 	-1.8392139 	-0.02022438 		0.06625 0.0043524144 0.010603462 100000 1
0.0675 9791.4964 	-12510.679 	40.49607 	 124717.83 	-179028.4 	2642.1864 	 -0.0043417425 	-0.0021237541 	0.036134905 	 4.9826555e-05 	3.0082885e-05 	0.00051621872 	 -266.05512 	-199.61314 	-30.591019 	 0.22612233 	-0.09682529 	0.00090432138 	 1.9601328 	-2.1045439 	-0.026580998 		0.0675 0.0042059304 0.0076640457 100000 1
0.06875 9251.6979 	-10553.014 	51.003535 	 122086.04 	-149831.21 	3278.267 	 -0.0044525213 	-0.0022166119 	0.036412601 	 4.4987619e-05 	3.052799e-05 	0.00062417703 	 -232.89267 	-199.82802 	-27.96789 	 0.22820814 	-0.10776731 	0.00090219693 	 2.0805813 	-2.3698738 	-0.032937617 		0.06875 0.0040594464 0.0047246291 100000 1
0.07 8691.5337 	-8675.1629 	58.563353 	 123279.21 	-125779.13 	3823.2604 	 -0.0045298256 	-0.0022973654 	0.036633541 	 4.0770183e-05 	3.1001384e-05 	0.00071838452 	 -201.65579 	-199.26016 	-25.153783 	 0.22932902 	-0.11691508 	0.00089868076 	 2.1651877 	-2.5871834 	-0.038383103 		0.07 0.0039147517 0.0017840227 100000 1
0.07125 8205.7244 	-7149.5505 	57.155297 	 135935.22 	-116943.66 	4081.4867 	 -0.0044981197 	-0.0023385534 	0.036667781 	 3.8525979e-05 	3.1594892e-05 	0.00075913668 	 -176.8185 	-197.5486 	-21.972146 	 0.22734355 	-0.12029817 	0.00089053269 	 2.1375865 	-2.6533096 	-0.04096017 		0.07125 0.0037653668 -0.0011774223 100000 1
0.0725 8179.2343 	-6183.8655 	49.885147 	 155559.68 	-116738.84 	4123.2014 	 -0.0043735585 	-0.0023456223 	0.036537719 	 3.7819873e-05 	3.2369495e-05 	0.00072993525 	 -157.79529 	-198.81851 	-19.193521 	 0.22281333 	-0.11899138 	0.00087815851 	 2.0271101 	-2.605284 	-0.041371755 		0.0725 0.003582384 -0.0042043674 100000 1
0.07375 8152.7442 	-5218.1805 	42.614996 	 175184.14 	-116534.03 	4164.916 	 -0.0042489973 	-0.0023526912 	0.036407657 	 3.7113766e-05 	3.3144097e-05 	0.00070073382 	 -138.77207 	-200.08843 	-16.414895 	 0.21828312 	-0.1176846 	0.00086578433 	 1.9166337 	-2.5572585 	-0.04178334 		0.07375 0.0033994013 -0.0072313125 100000 1
0.075 8126.2541 	-4252.4954 	35.344845 	 194808.6 	-116329.21 	4206.6306 	 -0.0041244361 	-0.0023597601 	0.036277595 	 3.640766e-05 	3.3918699e-05 	0.00067153238 	 -119.74885 	-201.35835 	-13.63627 	 0.21375291 	-0.11637782 	0.00085341015 	 1.8061572 	-2.5092329 	-0.042194925 		0.075 0.0032164185 -0.010258258 100000 1
