# x y z jRe_x jRe_y jRe_z jIm_x jIm_y jIm_z BRe_x BRe_y BRe_z BIm_x BIm_y BIm_z F_x F_y F_z
# 1e-3 1e-3 1e-3 1e+6 1e+6 1e+6 1e+6 1e+6 1e+6 1 1 1 1 1 1 1e+6 1e+6 1e+6
30 -75 10 -0.525647 -0.0441018 -0.0167597 -2.19469 -0.0867525 -0.169074 -0.00449697 0.00280871 0.0415899 9.71152e-05 -0.000417887 0.005215 -0.00115509 0.0166829 -0.000374579
30 -74.5 10 -0.54123 -0.0662776 -0.016204 -2.0628 -0.140357 -0.154117 -0.00449392 0.00276454 0.0414388 0.000162159 -0.000427933 0.00464263 -0.00170962 0.0160263 -0.000444299
30 -74 10 -0.558078 -0.120955 -0.0170565 -1.93431 -0.248682 -0.142482 -0.00449521 0.00270306 0.0411763 0.000242565 -0.000442704 0.0037198 -0.00296124 0.0151085 -0.000567791
30 -73.5 10 -0.570381 -0.179088 -0.01692 -1.80726 -0.37084 -0.128306 -0.00448608 0.00263842 0.0409062 0.000330985 -0.000456086 0.00282574 -0.0041938 0.0142362 -0.000680649
30 -73 10 -0.58061 -0.233613 -0.0161508 -1.68255 -0.482881 -0.112803 -0.00447728 0.00257529 0.0406221 0.000416114 -0.000470713 0.00195739 -0.00522326 0.0134522 -0.000774126
30 -72.5 10 -0.587585 -0.299015 -0.0134989 -1.56616 -0.605959 -0.097078 -0.0044838 0.00250695 0.040313 0.000498963 -0.000490954 0.00112659 -0.00637533 0.0127319 -0.00087125
30 -72 10 -0.594236 -0.358395 -0.0114261 -1.46579 -0.719079 -0.0844647 -0.00448125 0.00244342 0.040029 0.00056302 -0.000511621 0.000412186 -0.00732895 0.0121973 -0.000951621
30 -71.5 10 -0.598275 -0.418929 -0.0140251 -1.3753 -0.83648 -0.0803137 -0.0044648 0.00238792 0.0397707 0.000619894 -0.000512153 -0.000192994 -0.00825364 0.0117706 -0.00103809
30 -71 10 -0.595658 -0.472952 -0.0113352 -1.28207 -0.928771 -0.0671526 -0.00446717 0.00233139 0.0394973 0.000668772 -0.00051875 -0.000776562 -0.00898375 0.0112685 -0.00110763
30 -70.5 10 -0.59472 -0.53244 -0.0100212 -1.20078 -1.03195 -0.057377 -0.00446446 0.00227556 0.0392407 0.00071586 -0.000520265 -0.00129301 -0.00978303 0.0108941 -0.00118346
30 -70 10 -0.591162 -0.593334 -0.00946697 -1.12318 -1.13193 -0.0497882 -0.00446323 0.00222367 0.0389735 0.000765959 -0.000519097 -0.0017909 -0.010551 0.0105161 -0.00125634
30 -69.5 10 -0.589154 -0.648624 -0.00866004 -1.05536 -1.22148 -0.0427256 -0.00444873 0.00216567 0.0387138 0.000813274 -0.000525315 -0.00223156 -0.0111943 0.0102285 -0.00130684
30 -69 10 -0.58376 -0.708189 -0.00785221 -0.991451 -1.31145 -0.0361079 -0.00445092 0.00211876 0.0384531 0.000840523 -0.000518489 -0.00265332 -0.0118772 0.00991067 -0.00138629
30 -68.5 10 -0.575148 -0.758411 -0.00725411 -0.927257 -1.3871 -0.0300262 -0.00445344 0.00207107 0.0382508 0.000870759 -0.000514131 -0.00295493 -0.0124557 0.00963302 -0.00144208
30 -68 10 -0.570396 -0.812491 -0.00675485 -0.873399 -1.46632 -0.0252269 -0.00445473 0.00202892 0.0380256 0.000897224 -0.000509656 -0.00325997 -0.0130572 0.00942493 -0.00150798
30 -67.5 10 -0.564591 -0.873394 -0.0039409 -0.82451 -1.54675 -0.0178111 -0.00444693 0.0019773 0.0377737 0.000925526 -0.000506514 -0.0036028 -0.0137099 0.00917859 -0.00157555
30 -67 10 -0.553666 -0.923859 -0.00385367 -0.772362 -1.61405 -0.01389 -0.00445099 0.00193764 0.0375806 0.000949794 -0.00049877 -0.00382388 -0.0142733 0.00892882 -0.00163332
30 -66.5 10 -0.545398 -0.977483 -0.00224239 -0.726961 -1.68447 -0.00819403 -0.00445395 0.0018944 0.0373871 0.000969711 -0.00049204 -0.00402615 -0.0148815 0.00873302 -0.00169786
30 -66 10 -0.540233 -1.02735 -9.70552e-06 -0.688708 -1.74252 -0.00253158 -0.00444906 0.00184853 0.0371492 0.00098627 -0.00048907 -0.00429172 -0.015344 0.0085555 -0.00175698
30 -65.5 10 -0.527838 -1.07649 -0.000570097 -0.646594 -1.80348 -0.000954503 -0.00444982 0.0018108 0.0369805 0.00100216 -0.00048007 -0.00444602 -0.0158951 0.00832328 -0.0018141
30 -65 10 -0.515349 -1.12712 5.20758e-05 -0.606051 -1.86259 0.00220726 -0.00444463 0.0017658 0.0367995 0.0010285 -0.000476462 -0.00459022 -0.0164635 0.00809235 -0.00185761
30 -64.5 10 -0.506263 -1.17776 -0.000394605 -0.573778 -1.91686 0.0034737 -0.00444674 0.0017321 0.0366179 0.00103082 -0.000460287 -0.00474601 -0.0170136 0.00791023 -0.00193701
30 -64 10 -0.49776 -1.22574 -0.00072939 -0.543627 -1.96407 0.00430171 -0.00443746 0.00168968 0.0364127 0.00104995 -0.000457477 -0.00492482 -0.0174783 0.00772763 -0.00198468
30 -63.5 10 -0.488651 -1.26994 -0.000466088 -0.511759 -2.01009 0.00624355 -0.00442742 0.00165084 0.0362363 0.00107302 -0.000455527 -0.00504854 -0.0179332 0.00756601 -0.00201964
30 -63 10 -0.473718 -1.31634 0.000431143 -0.477758 -2.05976 0.00873224 -0.00444517 0.00161672 0.0361242 0.00107546 -0.000447998 -0.00508487 -0.0185375 0.00734541 -0.00209401
30 -62.5 10 -0.462028 -1.36367 0.00253439 -0.450191 -2.10921 0.0127936 -0.00445211 0.00158632 0.0360032 0.00108536 -0.000436128 -0.00512286 -0.0191448 0.00716542 -0.00215926
30 -62 10 -0.453023 -1.40508 0.00153867 -0.423944 -2.14704 0.0130008 -0.00444373 0.00155154 0.0358397 0.00109944 -0.00042765 -0.00521871 -0.0195749 0.00701562 -0.00220243
30 -61.5 10 -0.440485 -1.44565 0.00536591 -0.399161 -2.18088 0.0176536 -0.00445652 0.00152025 0.0357038 0.00109258 -0.000420765 -0.00529138 -0.0200381 0.00680512 -0.00228074
30 -61 10 -0.43014 -1.4852 0.0046474 -0.375538 -2.21853 0.019346 -0.00446291 0.0014972 0.0355867 0.00109306 -0.000404133 -0.00533919 -0.0205037 0.0066513 -0.00234778
30 -60.5 10 -0.420093 -1.52996 0.00423247 -0.354924 -2.2562 0.0184763 -0.00445203 0.00145769 0.0354339 0.00111416 -0.000400541 -0.00539021 -0.0210248 0.00648709 -0.00238392
30 -60 10 -0.405424 -1.56997 0.00538066 -0.337053 -2.28921 0.0203143 -0.00446576 0.00143698 0.0353355 0.0011072 -0.000388049 -0.00539136 -0.0215668 0.00625356 -0.00246414
30 -59.5 10 -0.394297 -1.60636 0.00641171 -0.316143 -2.31898 0.0231192 -0.00447258 0.00140661 0.0352329 0.00111447 -0.000381451 -0.00540205 -0.0220349 0.00609074 -0.00251709
30 -59 10 -0.383948 -1.64081 0.00782932 -0.296564 -2.34781 0.0227013 -0.00447827 0.00136916 0.0351293 0.00111798 -0.000381263 -0.00541698 -0.0224624 0.00593584 -0.00256791
30 -58.5 10 -0.372842 -1.67961 0.00660421 -0.279683 -2.37438 0.0204306 -0.00446413 0.00133844 0.0349769 0.00112559 -0.000376663 -0.005483 -0.022865 0.00575045 -0.00260956
30 -58 10 -0.36315 -1.7157 0.00623344 -0.266336 -2.40036 0.020441 -0.00445896 0.00130673 0.0348765 0.00114724 -0.000372462 -0.00548679 -0.0233339 0.00559986 -0.00263589
30 -57.5 10 -0.3515 -1.74826 0.0060356 -0.250648 -2.42421 0.0223958 -0.0044601 0.00128437 0.0348024 0.00114825 -0.000360298 -0.00546911 -0.0237926 0.00543051 -0.00268748
30 -57 10 -0.339896 -1.78058 0.00638623 -0.23503 -2.44656 0.0234098 -0.00446313 0.00126057 0.0347081 0.00114775 -0.000349977 -0.00546647 -0.0242133 0.00525537 -0.00274257
30 -56.5 10 -0.330646 -1.81253 0.00669136 -0.220897 -2.47022 0.0228981 -0.00446793 0.00122961 0.034616 0.0011494 -0.00035215 -0.00546884 -0.0246167 0.00511701 -0.00279388
30 -56 10 -0.319702 -1.8442 0.00685039 -0.206507 -2.49264 0.0220373 -0.00446983 0.00120282 0.0345479 0.00116085 -0.000350516 -0.00544438 -0.0250715 0.00495785 -0.00283093
30 -55.5 10 -0.308541 -1.87455 0.00655102 -0.193528 -2.51007 0.0211188 -0.00446925 0.0011733 0.0344694 0.00116 -0.00034822 -0.00543349 -0.0254883 0.00478945 -0.00288039
30 -55 10 -0.299566 -1.90475 0.00719296 -0.184404 -2.52883 0.0233452 -0.00446 0.00114921 0.0343586 0.00116381 -0.000338095 -0.00546162 -0.0258167 0.00464031 -0.00291702
30 -54.5 10 -0.29005 -1.93335 0.00764173 -0.173205 -2.54824 0.0245277 -0.00446114 0.00112846 0.0342778 0.0011688 -0.000327773 -0.00545226 -0.0261889 0.00449625 -0.00295855
30 -54 10 -0.279035 -1.95998 0.00745894 -0.162545 -2.56069 0.0236755 -0.00447361 0.00110725 0.0342109 0.001163 -0.000318917 -0.00542452 -0.0265814 0.00432924 -0.00302361
30 -53.5 10 -0.269957 -1.98477 0.00750165 -0.152395 -2.57548 0.0248523 -0.00448265 0.00109271 0.0341413 0.00114905 -0.000300367 -0.00541084 -0.0269139 0.00419353 -0.00309343
30 -53 10 -0.259364 -2.0108 0.00788817 -0.141852 -2.59094 0.0228794 -0.0045016 0.00106827 0.0340898 0.00113324 -0.000299417 -0.0053766 -0.0273094 0.0040347 -0.00317512
30 -52.5 10 -0.249615 -2.03683 0.00840123 -0.131956 -2.60495 0.0204719 -0.00449116 0.00102807 0.0340292 0.00114981 -0.000314788 -0.005349 -0.0276901 0.00388709 -0.00318381
30 -52 10 -0.240475 -2.05914 0.00855588 -0.123325 -2.61937 0.0230966 -0.00448194 0.00101588 0.0339795 0.0011747 -0.0002982 -0.00530284 -0.0280401 0.00375303 -0.00317974
30 -51.5 10 -0.230651 -2.08224 0.00821212 -0.117949 -2.62834 0.0230939 -0.00448273 0.00100065 0.0339015 0.00117565 -0.000287998 -0.00530507 -0.0283245 0.00359201 -0.00322047
30 -51 10 -0.220985 -2.10307 0.00888943 -0.111681 -2.63986 0.0217361 -0.0045042 0.000975839 0.0338873 0.00114686 -0.000280826 -0.0052392 -0.0287197 0.00344418 -0.0033147
30 -50.5 10 -0.212644 -2.12301 0.00862328 -0.103997 -2.65335 0.0219585 -0.00449798 0.000949699 0.0338249 0.00115668 -0.000283806 -0.00521983 -0.0289812 0.0033182 -0.0033263
30 -50 10 -0.204342 -2.14312 0.00789695 -0.10002 -2.66105 0.0218667 -0.00449582 0.000933019 0.0337612 0.00116049 -0.000282037 -0.00521568 -0.0292381 0.00318352 -0.00335469
30 -49.5 10 -0.194835 -2.16299 0.00774343 -0.0934267 -2.67072 0.0212876 -0.00449091 0.000916384 0.0337194 0.00117401 -0.000274686 -0.00517123 -0.0295626 0.0030384 -0.00336562
30 -49 10 -0.185984 -2.18225 0.00798568 -0.0867304 -2.67899 0.0198395 -0.00448831 0.000896859 0.0336752 0.00118709 -0.000268462 -0.00513452 -0.029867 0.00290271 -0.00337897
30 -48.5 10 -0.17757 -2.19858 0.00842769 -0.0816955 -2.68775 0.0209693 -0.00449541 0.000882891 0.0336346 0.00116861 -0.000258096 -0.00511403 -0.0301026 0.00277067 -0.00343913
30 -48 10 -0.168713 -2.21462 0.00866395 -0.0751473 -2.6969 0.0220258 -0.00450254 0.000863846 0.0336205 0.0011722 -0.00025336 -0.00505067 -0.0304187 0.00263975 -0.00346841
30 -47.5 10 -0.159602 -2.23068 0.00890234 -0.0675594 -2.70429 0.0211844 -0.00450587 0.000837172 0.0335966 0.00118027 -0.000258862 -0.00500323 -0.0307074 0.00250448 -0.00348773
30 -47 10 -0.151398 -2.24553 0.00864619 -0.0632316 -2.70826 0.0219739 -0.00450847 0.000824998 0.0335359 0.0011664 -0.000249074 -0.00499887 -0.0308847 0.00237391 -0.00353708
30 -46.5 10 -0.1437 -2.25969 0.00845772 -0.0615077 -2.71536 0.0224931 -0.00450545 0.000813461 0.0334896 0.00117991 -0.000240656 -0.00498174 -0.0310752 0.00224723 -0.00353957
30 -46 10 -0.135723 -2.27202 0.00843139 -0.0543263 -2.72417 0.0218573 -0.0045063 0.000796577 0.0334684 0.00117556 -0.000236326 -0.00493893 -0.0312939 0.00213091 -0.00356562
30 -45.5 10 -0.12703 -2.28594 0.00848704 -0.052155 -2.7273 0.0218247 -0.00449781 0.00077827 0.033445 0.00118556 -0.000231376 -0.0049025 -0.0315422 0.00199026 -0.00356758
30 -45 10 -0.119851 -2.29809 0.00842552 -0.0485288 -2.72601 0.0196698 -0.00448747 0.000752726 0.0333406 0.00119768 -0.000235458 -0.00495221 -0.0315608 0.00187067 -0.00356325
30 -44.5 10 -0.112076 -2.30868 0.00861752 -0.0433534 -2.73116 0.0188538 -0.00449465 0.000732181 0.0333089 0.00119345 -0.000235821 -0.00492669 -0.0317229 0.00175166 -0.00359451
30 -44 10 -0.104022 -2.31824 0.00881089 -0.0384456 -2.74041 0.0198149 -0.00450471 0.000727337 0.0333383 0.00118346 -0.000223596 -0.0048342 -0.0320202 0.00163291 -0.00363344
30 -43.5 10 -0.0959763 -2.32816 0.00855098 -0.0344884 -2.74156 0.0200027 -0.00450166 0.000720338 0.0333235 0.00119564 -0.000211404 -0.00479584 -0.0322181 0.00150914 -0.00363225
30 -43 10 -0.0890872 -2.33825 0.00916215 -0.0358803 -2.74953 0.0212069 -0.00449815 0.00070572 0.0332858 0.00119821 -0.00020303 -0.00478027 -0.0323445 0.00138901 -0.00363942
30 -42.5 10 -0.081763 -2.34622 0.0087831 -0.0329901 -2.74948 0.0172575 -0.00449141 0.000671362 0.0332272 0.0012022 -0.000220172 -0.00480061 -0.0323806 0.00126984 -0.00364002
30 -42 10 -0.0739182 -2.35251 0.00914832 -0.0267064 -2.75033 0.0182408 -0.00449202 0.000660539 0.033224 0.00120807 -0.000214724 -0.00473416 -0.0325708 0.00115518 -0.00364402
30 -41.5 10 -0.0668018 -2.35968 0.00897246 -0.0241724 -2.75322 0.0195653 -0.00449851 0.000657431 0.033183 0.00119457 -0.000197949 -0.00473295 -0.0326362 0.00104264 -0.00368264
30 -41 10 -0.059492 -2.36603 0.00906664 -0.0193256 -2.75757 0.0187371 -0.00449878 0.000640371 0.0331785 0.00120345 -0.00019402 -0.00469539 -0.0327777 0.000932435 -0.00368001
30 -40.5 10 -0.052286 -2.37169 0.00930039 -0.0167061 -2.7615 0.0181103 -0.00449722 0.0006195 0.0331533 0.00120616 -0.000198427 -0.00468339 -0.0328492 0.000817614 -0.00368214
30 -40 10 -0.0451645 -2.37606 0.00948505 -0.0172117 -2.76156 0.0179736 -0.00449701 0.00059938 0.033117 0.00120657 -0.000203685 -0.00467199 -0.0328941 0.000697166 -0.00368836
30 -39.5 10 -0.0380835 -2.38006 0.00964416 -0.0146452 -2.76247 0.0174407 -0.00449321 0.000587363 0.0331026 0.00122054 -0.000196813 -0.0046381 -0.0329878 0.000585346 -0.00367094
30 -39 10 -0.0308253 -2.38309 0.00994169 -0.0101631 -2.76211 0.0181782 -0.00449959 0.000575854 0.0330779 0.00120739 -0.000193746 -0.00462658 -0.0330253 0.000474915 -0.00370188
30 -38.5 10 -0.0240543 -2.38566 0.0100724 -0.00834734 -2.76338 0.0177095 -0.00449783 0.000566096 0.0330478 0.00120885 -0.000186419 -0.00461905 -0.0330395 0.000366246 -0.00370091
30 -38 10 -0.0169083 -2.38713 0.0100918 -0.0069482 -2.76512 0.0162447 -0.0044982 0.000556176 0.0330413 0.00121829 -0.000177078 -0.00457484 -0.0331133 0.00025064 -0.00368864
30 -37.5 10 -0.00990584 -2.38873 0.0106198 -0.00373086 -2.76347 0.0159033 -0.0044892 0.000539348 0.0329948 0.00121262 -0.000181403 -0.00460552 -0.0330456 0.000140635 -0.00368854
30 -37 10 -0.00288011 -2.38941 0.0110226 -0.000727407 -2.76267 0.0166841 -0.00447539 0.000532103 0.032987 0.00123965 -0.000176079 -0.00456838 -0.0331007 3.15177e-05 -0.0036351
30 -36.5 10 0.00361446 -2.38966 0.0113276 -0.000938326 -2.7652 0.0178028 -0.00449867 0.000523595 0.0329882 0.00122069 -0.000165524 -0.00453914 -0.0331411 -7.63606e-05 -0.00368641
30 -36 10 0.0107686 -2.38875 0.011686 0.00262904 -2.76394 0.0172192 -0.00450322 0.000505203 0.0329546 0.00121669 -0.000166622 -0.00454553 -0.03308 -0.0001873 -0.00369461
30 -35.5 10 0.0176899 -2.38732 0.0121219 0.00397731 -2.76404 0.0174378 -0.00449848 0.000492939 0.0329307 0.00122064 -0.000164263 -0.00453758 -0.0330386 -0.000298869 -0.00367866
30 -35 10 0.0245256 -2.38508 0.0124963 0.00454866 -2.76729 0.018298 -0.00450576 0.000487673 0.0329629 0.00122221 -0.000153335 -0.00447001 -0.0331262 -0.000411021 -0.00367655
30 -34.5 10 0.0315206 -2.38268 0.0129687 0.00606504 -2.76558 0.0195981 -0.00449 0.000484199 0.0329318 0.00123233 -0.000142295 -0.00447603 -0.0330453 -0.00052248 -0.00363786
30 -34 10 0.0379198 -2.37859 0.013695 0.00875189 -2.76278 0.0182221 -0.00448039 0.00046157 0.032906 0.0012464 -0.000151646 -0.00446259 -0.0329722 -0.000623689 -0.00359866
30 -33.5 10 0.0448958 -2.37457 0.0139983 0.0132141 -2.7621 0.0182051 -0.00449553 0.00044543 0.0329003 0.00123481 -0.0001499 -0.00445632 -0.0329094 -0.000729325 -0.00362314
30 -33 10 0.0517368 -2.37031 0.0146641 0.016849 -2.76003 0.0176055 -0.00450163 0.000431948 0.032894 0.00122657 -0.000148164 -0.0044514 -0.0328432 -0.000835623 -0.00363251
30 -32.5 10 0.0593662 -2.36446 0.0154955 0.0196159 -2.75685 0.0197424 -0.00448713 0.000432259 0.0328209 0.00122835 -0.000137906 -0.00449815 -0.0326035 -0.000952749 -0.00360015
30 -32 10 0.0668021 -2.35887 0.0167351 0.0207545 -2.7499 0.0229089 -0.00446831 0.000425147 0.0327366 0.00125191 -0.000129182 -0.00456941 -0.0323302 -0.00106907 -0.00353591
30 -31.5 10 0.0740685 -2.35242 0.0175597 0.0238396 -2.75252 0.0216017 -0.0044648 0.000408555 0.0327574 0.00126218 -0.000130585 -0.00452617 -0.0323026 -0.00118476 -0.00350088
30 -31 10 0.080892 -2.3453 0.0182933 0.0267581 -2.75356 0.0206432 -0.00447867 0.00039614 0.0328028 0.00125969 -0.0001288 -0.0044697 -0.0323148 -0.0012949 -0.00350331
30 -30.5 10 0.0875257 -2.33664 0.019264 0.029734 -2.75022 0.022479 -0.0044818 0.000391876 0.032818 0.0012601 -0.000120968 -0.00443138 -0.0322507 -0.00139934 -0.00348805
30 -30 10 0.0944431 -2.32838 0.0205257 0.0316634 -2.7439 0.0258985 -0.0044718 0.000389839 0.0327863 0.00127241 -0.000111675 -0.00445021 -0.0320666 -0.00150718 -0.00344371
30 -29.5 10 0.101375 -2.31783 0.0218316 0.0330941 -2.74275 0.0260812 -0.00446741 0.000383812 0.0327928 0.00127694 -0.000103756 -0.00441712 -0.0319494 -0.00162121 -0.00340846
30 -29 10 0.108725 -2.30891 0.0227389 0.0374185 -2.73949 0.0276827 -0.00449202 0.000368255 0.0327688 0.00125131 -0.000104067 -0.00444992 -0.0317377 -0.00173189 -0.00345379
30 -28.5 10 0.116467 -2.29805 0.0243774 0.0437771 -2.73354 0.0288447 -0.00449253 0.000359633 0.0327447 0.00124996 -9.68757e-05 -0.00446956 -0.0315186 -0.00184574 -0.0034348
30 -28 10 0.123846 -2.2861 0.0261146 0.0431783 -2.72862 0.0308868 -0.00448924 0.000356284 0.0327271 0.00125395 -8.69405e-05 -0.00447713 -0.0313038 -0.00196915 -0.00340046
30 -27.5 10 0.131451 -2.2744 0.0282535 0.0445225 -2.7255 0.0321891 -0.00449276 0.000349591 0.0327127 0.00125104 -8.25077e-05 -0.00448199 -0.0310966 -0.00209361 -0.00338317
30 -27 10 0.138744 -2.26155 0.0303106 0.0480216 -2.72268 0.033827 -0.00449315 0.000344806 0.0327382 0.00125175 -7.61895e-05 -0.00444086 -0.0309778 -0.0022114 -0.00335459
30 -26.5 10 0.146008 -2.2473 0.032085 0.0530472 -2.71562 0.0357222 -0.00448386 0.000329991 0.0327149 0.00126172 -7.63963e-05 -0.00445289 -0.0307179 -0.00231961 -0.00330306
30 -26 10 0.154454 -2.23308 0.0340884 0.0610451 -2.70903 0.0387331 -0.00446922 0.000325314 0.0326902 0.00128209 -6.81643e-05 -0.00447771 -0.0304391 -0.00243925 -0.00323043
30 -25.5 10 0.162036 -2.21874 0.0359234 0.0628744 -2.70672 0.0394669 -0.00448881 0.000315441 0.0326981 0.00126741 -6.52384e-05 -0.00447674 -0.03022 -0.00256401 -0.00324098
30 -25 10 0.169607 -2.20231 0.0388446 0.0670337 -2.70118 0.0420248 -0.00450336 0.000302621 0.0327045 0.00125418 -6.21468e-05 -0.00447565 -0.0299725 -0.00268456 -0.00324144
30 -24.5 10 0.176944 -2.18592 0.0421159 0.0689709 -2.69255 0.0460798 -0.00450081 0.000299522 0.0327138 0.00125715 -5.22532e-05 -0.00446744 -0.0297455 -0.002806 -0.00320204
30 -24 10 0.184501 -2.16967 0.0454202 0.0700101 -2.68657 0.0499718 -0.00450134 0.000295174 0.0327383 0.00126268 -4.48385e-05 -0.00444115 -0.0295555 -0.00293535 -0.0031614
30 -23.5 10 0.193122 -2.15099 0.0479836 0.0798457 -2.68125 0.054449 -0.00451947 0.000288983 0.0327314 0.00124432 -3.49542e-05 -0.00444474 -0.0292496 -0.00305767 -0.00316599
30 -23 10 0.201087 -2.13319 0.0513249 0.0841468 -2.67118 0.0574507 -0.00451974 0.000279203 0.0327327 0.00124433 -3.69076e-05 -0.00444074 -0.0289876 -0.00318447 -0.00313229
30 -22.5 10 0.209134 -2.1116 0.0556176 0.0896526 -2.66566 0.0628219 -0.00453064 0.000272336 0.0327415 0.00123452 -2.20739e-05 -0.0044324 -0.0286676 -0.0033122 -0.00311055
30 -22 10 0.218254 -2.09241 0.0596313 0.0949984 -2.65594 0.0682217 -0.00452719 0.000272661 0.0327342 0.00123837 -9.13951e-06 -0.00445167 -0.0283428 -0.00345348 -0.00306252
30 -21.5 10 0.226876 -2.07274 0.0637769 0.101833 -2.64693 0.0749901 -0.00454708 0.000262219 0.0327555 0.00122071 -4.43638e-06 -0.00444311 -0.0280747 -0.00358872 -0.00306737
30 -21 10 0.235348 -2.05075 0.0680757 0.108169 -2.63667 0.0803627 -0.00456503 0.000251615 0.0327606 0.00120029 8.07462e-07 -0.00444009 -0.027747 -0.00372208 -0.00306884
30 -20.5 10 0.24557 -2.0279 0.0727281 0.11889 -2.62591 0.0863516 -0.00456117 0.000246505 0.0327285 0.00119867 8.27488e-06 -0.00448608 -0.0273044 -0.003866 -0.00302025
30 -20 10 0.252844 -2.00417 0.0781212 0.125311 -2.6158 0.0938092 -0.00459021 0.000236733 0.0327735 0.00117509 1.17109e-05 -0.0044404 -0.027044 -0.00398925 -0.0030322
30 -19.5 10 0.261876 -1.98003 0.0838377 0.134814 -2.60401 0.102242 -0.00460967 0.000227256 0.0327907 0.00114757 2.04058e-05 -0.00443914 -0.0266941 -0.00412889 -0.00303837
30 -19 10 0.270732 -1.95665 0.0896006 0.144004 -2.59336 0.111362 -0.00462298 0.000224613 0.0328126 0.00112808 3.18041e-05 -0.00442303 -0.026378 -0.00426753 -0.00302734
30 -18.5 10 0.280152 -1.93084 0.0963643 0.150898 -2.582 0.122214 -0.00463042 0.000226115 0.0328316 0.00112094 4.27353e-05 -0.00440652 -0.026021 -0.00442107 -0.00298828
30 -18 10 0.288884 -1.90441 0.1042 0.159663 -2.56926 0.132679 -0.00465136 0.000212967 0.0328728 0.0010936 4.79243e-05 -0.00437738 -0.0256926 -0.00456854 -0.0029896
30 -17.5 10 0.297973 -1.87791 0.11207 0.172883 -2.55608 0.143529 -0.00468109 0.000195474 0.0329057 0.00105227 4.73073e-05 -0.00435969 -0.0253394 -0.00471243 -0.00301727
30 -17 10 0.307049 -1.85149 0.119449 0.185889 -2.54277 0.156118 -0.00470377 0.000187295 0.0329261 0.00102194 5.30377e-05 -0.00434847 -0.024968 -0.00485196 -0.00302153
30 -16.5 10 0.315972 -1.82369 0.127008 0.195594 -2.53047 0.170034 -0.0047452 0.000184432 0.0329802 0.000984261 6.76796e-05 -0.0042979 -0.0246525 -0.00500776 -0.00304581
30 -16 10 0.326318 -1.79465 0.134701 0.211111 -2.51316 0.185527 -0.00480918 0.000164073 0.0329909 0.000888748 6.45541e-05 -0.00431144 -0.024203 -0.00516913 -0.00316504
30 -15.5 10 0.334214 -1.76531 0.145226 0.220239 -2.50004 0.202196 -0.00482969 0.000151124 0.0330584 0.000857028 6.24523e-05 -0.00423445 -0.0239033 -0.00532204 -0.00315952
30 -15 10 0.343816 -1.73617 0.15481 0.234457 -2.48624 0.218715 -0.00487479 0.000135734 0.0331029 0.000792898 5.83739e-05 -0.00419001 -0.0235444 -0.00549009 -0.00321589
30 -14.5 10 0.354524 -1.70537 0.165407 0.249742 -2.47328 0.23624 -0.00492731 0.000114937 0.0331518 0.000717096 5.219e-05 -0.00414903 -0.0231529 -0.00568126 -0.00328777
30 -14 10 0.364731 -1.67456 0.176645 0.266515 -2.4576 0.256984 -0.00496528 0.000110329 0.0331831 0.000654148 6.21291e-05 -0.00411411 -0.0227459 -0.00585771 -0.00332511
30 -13.5 10 0.376713 -1.64575 0.186471 0.287264 -2.43793 0.277951 -0.00499671 0.000100158 0.0331731 0.000586329 6.44053e-05 -0.00413556 -0.0222745 -0.00603875 -0.00336885
30 -13 10 0.382975 -1.6154 0.200044 0.300767 -2.42935 0.301972 -0.00505918 9.32459e-05 0.0333069 0.000517254 6.85629e-05 -0.00396575 -0.0221047 -0.00620942 -0.00342985
30 -12.5 10 0.392833 -1.58094 0.213106 0.316748 -2.40987 0.326337 -0.00512761 5.99839e-05 0.0333484 0.000397762 4.48477e-05 -0.00393105 -0.021638 -0.00640907 -0.00355507
30 -12 10 0.402519 -1.54915 0.226746 0.336063 -2.3947 0.352648 -0.00517933 3.85897e-05 0.0334058 0.000300743 3.33338e-05 -0.00386191 -0.0212616 -0.00660849 -0.00363833
30 -11.5 10 0.41299 -1.51694 0.239129 0.358049 -2.37865 0.377574 -0.00524709 9.68059e-06 0.0334639 0.000182581 8.38004e-06 -0.00378647 -0.0208807 -0.00682516 -0.00375911
30 -11 10 0.420346 -1.48437 0.251395 0.379913 -2.36366 0.405652 -0.00533703 -1.48737e-05 0.0335551 2.37966e-05 -1.03274e-05 -0.00366824 -0.0205648 -0.00702158 -0.00393802
30 -10.5 10 0.428169 -1.45216 0.263986 0.404272 -2.34706 0.433882 -0.00541751 -4.8341e-05 0.0336381 -0.000130688 -4.1832e-05 -0.00357506 -0.0202131 -0.00722217 -0.00410573
30 -10 10 0.437291 -1.41844 0.278295 0.426204 -2.33509 0.465722 -0.00551918 -8.68876e-05 0.0337355 -0.000295042 -8.06923e-05 -0.00342716 -0.0198936 -0.00748246 -0.00429497
30 -9.5 10 0.448421 -1.38659 0.292713 0.452229 -2.32113 0.498751 -0.00559873 -0.000118759 0.0337932 -0.000457049 -0.000119086 -0.00334231 -0.0195025 -0.00775443 -0.00446555
30 -9 10 0.456889 -1.3528 0.306877 0.479612 -2.30704 0.532149 -0.00568525 -0.000155399 0.0338688 -0.000621756 -0.000158517 -0.00321963 -0.0191289 -0.00800282 -0.00463622
30 -8.5 10 0.465014 -1.31932 0.322713 0.508537 -2.29315 0.566853 -0.00578521 -0.000207514 0.0339612 -0.000816384 -0.000221193 -0.00307213 -0.0187842 -0.00827994 -0.0048568
30 -8 10 0.473461 -1.28569 0.337001 0.539797 -2.27677 0.602301 -0.00587514 -0.000245205 0.0340514 -0.00101404 -0.000271669 -0.00293298 -0.0184277 -0.00856475 -0.00506253
30 -7.5 10 0.481361 -1.25491 0.351221 0.569448 -2.2684 0.639387 -0.00599607 -0.000297808 0.0341557 -0.00125033 -0.000351897 -0.00274698 -0.0181508 -0.00889116 -0.00535227
30 -7 10 0.487631 -1.22036 0.364796 0.603572 -2.25527 0.675803 -0.00611662 -0.0003564 0.0342462 -0.00151187 -0.000436109 -0.00257981 -0.0177749 -0.00919774 -0.00565557
30 -6.5 10 0.493699 -1.18571 0.37677 0.6382 -2.24196 0.712928 -0.00624102 -0.000415321 0.0343543 -0.00178114 -0.000524338 -0.00238522 -0.0174282 -0.00952984 -0.00596648
30 -6 10 0.500169 -1.1528 0.39098 0.676097 -2.22931 0.755057 -0.00636978 -0.000471626 0.0344626 -0.00207423 -0.000618739 -0.00216784 -0.017122 -0.00991404 -0.0063107
30 -5.5 10 0.505898 -1.11992 0.403503 0.714298 -2.21915 0.793307 -0.00649905 -0.000529703 0.0345617 -0.00235094 -0.000717804 -0.00194208 -0.0168066 -0.0102924 -0.00663809
30 -5 10 0.510215 -1.08499 0.41619 0.755765 -2.20162 0.834877 -0.00663714 -0.00061519 0.0346562 -0.002707 -0.000867131 -0.00175061 -0.0163838 -0.0106907 -0.00706513
30 -4.5 10 0.51388 -1.05072 0.428581 0.798053 -2.19026 0.875518 -0.00676597 -0.000685809 0.0347641 -0.00303128 -0.000996844 -0.00149527 -0.0160428 -0.0111125 -0.00744817
30 -4 10 0.516921 -1.01749 0.439156 0.84177 -2.18399 0.914177 -0.00690167 -0.000745121 0.034875 -0.00335585 -0.00111789 -0.0012151 -0.015741 -0.0115518 -0.00783885
30 -3.5 10 0.517164 -0.982936 0.448682 0.887424 -2.17051 0.955063 -0.00704429 -0.000822203 0.0349947 -0.00373518 -0.00127649 -0.000920349 -0.0154059 -0.0120046 -0.00829467
30 -3 10 0.520121 -0.945691 0.458103 0.94013 -2.15802 0.997312 -0.00719634 -0.000912178 0.0351111 -0.00414114 -0.00145114 -0.000584625 -0.0150387 -0.0125695 -0.00879043
30 -2.5 10 0.520496 -0.910432 0.467347 0.994492 -2.14492 1.04079 -0.00733861 -0.000988379 0.0352035 -0.00456522 -0.00162788 -0.000288195 -0.014638 -0.0131089 -0.00930335
30 -2 10 0.518502 -0.874851 0.477128 1.04477 -2.13223 1.08153 -0.00747643 -0.00107124 0.0353128 -0.0049739 -0.0018211 5.95783e-05 -0.0142699 -0.0136593 -0.00980216
30 -1.5 10 0.517503 -0.839107 0.484758 1.10239 -2.12124 1.12638 -0.00762941 -0.00115754 0.0354304 -0.00543788 -0.00201806 0.000438331 -0.0139127 -0.014321 -0.0103803
30 -1 10 0.516504 -0.802238 0.49224 1.16722 -2.11203 1.16567 -0.0077847 -0.00126495 0.0355082 -0.00594102 -0.00227645 0.000783873 -0.0134327 -0.0150061 -0.0110516
30 -0.5 10 0.511737 -0.771298 0.491842 1.22659 -2.10358 1.19488 -0.0078976 -0.00131895 0.035597 -0.00627209 -0.00243222 0.00114147 -0.0131511 -0.0154976 -0.0114718
30 0 10 0.506805 -0.74364 0.486774 1.28252 -2.10228 1.2142 -0.00798512 -0.00134154 0.0356429 -0.00649822 -0.00253597 0.00144216 -0.0129026 -0.0158453 -0.0117657
30 0.5 10 0.0412273 -0.160043 -0.0586791 0.102099 -0.562042 -0.268647 -0.00780599 -0.00139291 0.0357101 -0.00641846 -0.00260291 0.00178442 -0.00374954 0.000263964 -0.00258996
30 1 10 0.0408048 -0.1596 -0.0592849 0.101873 -0.568967 -0.267988 -0.00770295 -0.00133782 0.0356698 -0.00614193 -0.00251812 0.00186769 -0.00375484 0.000228434 -0.00251753
30 1.5 10 0.0403317 -0.1585 -0.0589232 0.099317 -0.57616 -0.264098 -0.00753645 -0.00129625 0.0356156 -0.00577615 -0.00242466 0.00192177 -0.00373452 0.000171119 -0.0024078
30 2 10 0.0399947 -0.157353 -0.0585407 0.0967683 -0.583267 -0.260612 -0.00736667 -0.00125364 0.0355537 -0.00540582 -0.00232969 0.00196968 -0.00371194 0.000113753 -0.00229389
30 2.5 10 0.0395591 -0.156281 -0.0580414 0.094612 -0.590174 -0.256797 -0.00721203 -0.00121308 0.0355062 -0.00507894 -0.00225065 0.00200871 -0.0036914 6.4106e-05 -0.00219274
30 3 10 0.038952 -0.155394 -0.0573534 0.0920638 -0.598398 -0.252655 -0.00706497 -0.00117176 0.0354627 -0.00474694 -0.00215819 0.00205445 -0.00367627 1.70284e-05 -0.00209137
30 3.5 10 0.0383895 -0.154532 -0.0565826 0.0893874 -0.606089 -0.247915 -0.0069178 -0.00112922 0.0354158 -0.00443454 -0.00206604 0.00208596 -0.00365663 -2.76203e-05 -0.00199239
30 4 10 0.0379428 -0.153708 -0.0561664 0.0873626 -0.61281 -0.244616 -0.00679137 -0.00109444 0.0353552 -0.00414125 -0.00199316 0.00209462 -0.00363351 -6.5001e-05 -0.00189867
30 4.5 10 0.0372808 -0.15318 -0.0555507 0.0856225 -0.620113 -0.240737 -0.00668218 -0.00106023 0.0353129 -0.00387141 -0.00191828 0.00212185 -0.00362285 -9.74889e-05 -0.00181403
30 5 10 0.0365671 -0.152725 -0.0548943 0.0834225 -0.627991 -0.236305 -0.00657487 -0.00101971 0.0352728 -0.00360524 -0.00183572 0.00214726 -0.00361263 -0.000128047 -0.00172932
30 5.5 10 0.0360049 -0.152183 -0.0537865 0.0822736 -0.63444 -0.230446 -0.00646051 -0.000983871 0.0352193 -0.00335081 -0.00175092 0.00215098 -0.00359043 -0.000162685 -0.00164427
30 6 10 0.03542 -0.151606 -0.052665 0.08036 -0.640893 -0.22471 -0.00635832 -0.000953737 0.0351756 -0.00311819 -0.00168161 0.00215327 -0.00357047 -0.000191703 -0.00156565
30 6.5 10 0.03488 -0.151055 -0.0514905 0.0789042 -0.647488 -0.218944 -0.00626175 -0.000924366 0.0351294 -0.00290277 -0.00161366 0.00215294 -0.00355068 -0.000218611 -0.00149247
30 7 10 0.0341969 -0.150741 -0.0503107 0.0771175 -0.654181 -0.213358 -0.00617416 -0.000894156 0.0350828 -0.00269544 -0.00154267 0.00214868 -0.00353409 -0.000239852 -0.00142177
30 7.5 10 0.0335609 -0.150246 -0.0491525 0.0754839 -0.660287 -0.207519 -0.00609983 -0.000863863 0.0350365 -0.00249218 -0.00147272 0.00214367 -0.0035138 -0.000260335 -0.00135109
30 8 10 0.0329693 -0.149824 -0.0477618 0.0738434 -0.665445 -0.200771 -0.00601919 -0.000833469 0.0349881 -0.0023128 -0.00140903 0.00212685 -0.00349003 -0.000279378 -0.00128619
30 8.5 10 0.0320774 -0.149583 -0.0460475 0.0706479 -0.673473 -0.192812 -0.00595078 -0.000800376 0.0349607 -0.00213666 -0.00134397 0.00212932 -0.00347979 -0.000292946 -0.00122487
30 9 10 0.0317199 -0.148728 -0.0443694 0.0703377 -0.676904 -0.185546 -0.00586963 -0.000786299 0.0349052 -0.00197064 -0.00128432 0.00209517 -0.00344139 -0.000314241 -0.00116109
30 9.5 10 0.0311387 -0.14828 -0.0428701 0.0693488 -0.681189 -0.178762 -0.00581197 -0.000762463 0.0348625 -0.00182802 -0.00122679 0.00207789 -0.00341843 -0.000326866 -0.00110792
30 10 10 0.0306241 -0.147709 -0.0411014 0.0682353 -0.685472 -0.170641 -0.00575606 -0.000743267 0.0348182 -0.00168253 -0.00117011 0.00205337 -0.00339036 -0.000341349 -0.00105308
30 10.5 10 0.0300721 -0.146806 -0.0393659 0.0668946 -0.688819 -0.162851 -0.00569794 -0.000725591 0.0347806 -0.00155388 -0.00111908 0.0020295 -0.00335739 -0.000352166 -0.00100176
30 11 10 0.0294962 -0.145968 -0.0376203 0.0656467 -0.691292 -0.155365 -0.00565107 -0.000707302 0.0347377 -0.00142914 -0.00106262 0.00200494 -0.00332415 -0.000360807 -0.000951725
30 11.5 10 0.0288127 -0.145059 -0.0357175 0.0637677 -0.693942 -0.147279 -0.00559865 -0.000689532 0.0347075 -0.00130917 -0.00101127 0.00198016 -0.00329117 -0.000366752 -0.00090249
30 12 10 0.0280886 -0.144033 -0.0338776 0.0620924 -0.695889 -0.139268 -0.00555931 -0.000670807 0.0346727 -0.00120122 -0.000962078 0.00195591 -0.0032559 -0.000369863 -0.000857609
30 12.5 10 0.027485 -0.142912 -0.032096 0.060783 -0.696631 -0.131382 -0.00551178 -0.000653855 0.03464 -0.00110954 -0.000916187 0.00192431 -0.00321618 -0.000373184 -0.000817149
30 13 10 0.0269952 -0.141837 -0.0302383 0.059519 -0.698099 -0.123653 -0.00547924 -0.000642805 0.0346079 -0.00101104 -0.000870813 0.00190435 -0.00318261 -0.000378446 -0.000776074
30 13.5 10 0.0265311 -0.140499 -0.0285171 0.0582923 -0.697516 -0.116235 -0.00543662 -0.000631969 0.0345643 -0.000928531 -0.000831534 0.00185684 -0.00313305 -0.000381153 -0.000738372
30 14 10 0.0259755 -0.13921 -0.0268312 0.057056 -0.697445 -0.109174 -0.00540379 -0.000621178 0.0345361 -0.00085064 -0.00079403 0.00182805 -0.00309304 -0.000381767 -0.000703488
30 14.5 10 0.0254561 -0.137738 -0.0251629 0.0561195 -0.696674 -0.102251 -0.00537234 -0.000608905 0.0345036 -0.000780262 -0.000755332 0.0018017 -0.0030501 -0.000382236 -0.000670726
30 15 10 0.024852 -0.136193 -0.0235149 0.0548597 -0.695437 -0.0954363 -0.00534421 -0.000599153 0.0344816 -0.000713747 -0.000717728 0.00177564 -0.0030068 -0.000380281 -0.000639239
30 15.5 10 0.0242932 -0.134675 -0.0220079 0.0536077 -0.69396 -0.089124 -0.00531844 -0.000588685 0.0344568 -0.000650769 -0.000682842 0.0017487 -0.00296391 -0.000377882 -0.000609388
30 16 10 0.0237822 -0.133118 -0.0204896 0.0522691 -0.692086 -0.0828447 -0.00529125 -0.000578939 0.0344208 -0.000587966 -0.000650808 0.00171304 -0.00291668 -0.000375508 -0.000579533
30 16.5 10 0.0232973 -0.131298 -0.0190451 0.0513423 -0.689428 -0.0768319 -0.0052617 -0.000574176 0.0344026 -0.00054259 -0.000621515 0.00167969 -0.00286686 -0.000372915 -0.000555108
30 17 10 0.022928 -0.129682 -0.0177519 0.0505121 -0.686979 -0.0713648 -0.00523846 -0.000571081 0.034379 -0.000493438 -0.000592083 0.00164299 -0.00281972 -0.000371512 -0.00053066
30 17.5 10 0.0225119 -0.128033 -0.0165353 0.0496623 -0.684174 -0.0664408 -0.00521806 -0.00056652 0.0343495 -0.000445418 -0.000564766 0.00161044 -0.0027733 -0.000368688 -0.000506815
30 18 10 0.0218836 -0.126496 -0.0154129 0.048592 -0.681714 -0.0617717 -0.00520862 -0.000558978 0.0343282 -0.000404045 -0.000537348 0.00159164 -0.00273461 -0.000361664 -0.000486327
30 18.5 10 0.021464 -0.124586 -0.0142025 0.0476862 -0.678473 -0.0570385 -0.0051909 -0.000556811 0.0343134 -0.000367777 -0.000511473 0.00156278 -0.00268618 -0.000358163 -0.000466291
30 19 10 0.0210089 -0.122671 -0.0130262 0.0466456 -0.67506 -0.0524581 -0.00517236 -0.000552999 0.0342955 -0.000332857 -0.000485734 0.00153212 -0.00263701 -0.00035357 -0.000446736
30 19.5 10 0.0205226 -0.121051 -0.0121198 0.0458003 -0.672088 -0.0487647 -0.00515301 -0.000548176 0.0342791 -0.00030117 -0.00046476 0.0015042 -0.00259488 -0.000347626 -0.000429362
30 20 10 0.0200819 -0.119252 -0.0112414 0.0450318 -0.668421 -0.0452362 -0.00513608 -0.000547562 0.0342568 -0.00027256 -0.000445094 0.00147311 -0.00254808 -0.000342107 -0.000412857
30 20.5 10 0.0197039 -0.117582 -0.010417 0.0443014 -0.664984 -0.0418059 -0.00512207 -0.000544683 0.0342422 -0.000245939 -0.000424576 0.00144525 -0.00250537 -0.000337546 -0.000397675
30 21 10 0.0192068 -0.115867 -0.00959686 0.0432393 -0.661632 -0.0385895 -0.00510887 -0.00054096 0.0342335 -0.000225014 -0.000404781 0.0014189 -0.00246307 -0.000330578 -0.00038436
30 21.5 10 0.0188452 -0.114075 -0.00885196 0.0427618 -0.657841 -0.0356507 -0.00509978 -0.000539218 0.0342122 -0.00020009 -0.000384472 0.00138819 -0.00241722 -0.00032591 -0.000369993
30 22 10 0.0185136 -0.112457 -0.00820779 0.0421969 -0.65457 -0.0331 -0.00508941 -0.000543211 0.0342008 -0.00017602 -0.000368417 0.00136183 -0.00237709 -0.000321524 -0.000356579
30 22.5 10 0.0181553 -0.110861 -0.00757994 0.0415663 -0.650932 -0.0306697 -0.00507579 -0.000544521 0.0341827 -0.000156264 -0.000353746 0.00133028 -0.00233521 -0.000316312 -0.000344507
30 23 10 0.0178948 -0.109137 -0.00701255 0.0410188 -0.646845 -0.028379 -0.00506699 -0.000542851 0.0341694 -0.000140042 -0.000336498 0.00129581 -0.00229035 -0.000312551 -0.00033355
30 23.5 10 0.0175008 -0.107506 -0.00645819 0.0407362 -0.643391 -0.0261243 -0.00506094 -0.000544524 0.0341673 -0.000123773 -0.000320574 0.00127896 -0.00225398 -0.000307069 -0.000323152
30 24 10 0.0171229 -0.105852 -0.00598097 0.0400083 -0.639781 -0.0243072 -0.00505223 -0.000546365 0.034163 -0.000111263 -0.0003086 0.00125825 -0.00221601 -0.000301194 -0.000313838
30 24.5 10 0.0168425 -0.104188 -0.0054056 0.0397327 -0.636082 -0.0221818 -0.00503088 -0.0005504 0.0341551 -9.97509e-05 -0.000295338 0.00122766 -0.00217448 -0.000297314 -0.000304306
30 25 10 0.0165322 -0.102671 -0.00499825 0.0391014 -0.63268 -0.0205698 -0.00503695 -0.000549334 0.0341437 -8.06656e-05 -0.000281743 0.00120562 -0.00213844 -0.000292388 -0.000294141
30 25.5 10 0.0163214 -0.101104 -0.00463422 0.0391434 -0.628534 -0.0191378 -0.0050181 -0.000555628 0.0341278 -7.35282e-05 -0.00027004 0.00117094 -0.0020971 -0.000289094 -0.000286603
30 26 10 0.0160126 -0.0996149 -0.0043266 0.0387285 -0.625333 -0.0179103 -0.00501786 -0.000558389 0.0341278 -5.79655e-05 -0.000256373 0.00115371 -0.00206405 -0.000284204 -0.000277486
30 26.5 10 0.015606 -0.0981052 -0.00394927 0.0376965 -0.622011 -0.0165644 -0.00501468 -0.000557599 0.0341263 -4.47123e-05 -0.000245412 0.0011371 -0.00203076 -0.000277448 -0.000268865
30 27 10 0.0153454 -0.0966632 -0.00361709 0.0376833 -0.618386 -0.0154319 -0.00500622 -0.00056782 0.0341221 -3.62226e-05 -0.000236094 0.00111123 -0.00199561 -0.000273412 -0.000261964
30 27.5 10 0.0150608 -0.0951923 -0.00330199 0.0373954 -0.614561 -0.0142193 -0.00499175 -0.000572954 0.034122 -3.14539e-05 -0.000226699 0.00108341 -0.00195955 -0.000268745 -0.000255807
30 28 10 0.0148613 -0.0937636 -0.0029866 0.0369201 -0.610962 -0.0130295 -0.0049781 -0.000572958 0.0341114 -2.23598e-05 -0.00021671 0.00105467 -0.00192365 -0.00026536 -0.00024847
30 28.5 10 0.0145479 -0.0923743 -0.00280416 0.0366753 -0.607297 -0.0122513 -0.0049803 -0.000581004 0.0341126 -1.65104e-05 -0.000210578 0.00103404 -0.00189166 -0.000260011 -0.000243127
30 29 10 0.0143091 -0.0909457 -0.00259593 0.0363816 -0.603988 -0.0115108 -0.00498057 -0.000588058 0.0341202 -1.15066e-05 -0.000200674 0.00101597 -0.00186028 -0.000256065 -0.000237813
30 29.5 10 0.0140273 -0.089589 -0.00238278 0.0359274 -0.601011 -0.0107689 -0.00498943 -0.00059328 0.0341342 -4.82285e-06 -0.000190639 0.0010067 -0.00183328 -0.000251518 -0.000232534
30 30 10 0.0137125 -0.088313 -0.00218805 0.0354955 -0.597239 -0.0098501 -0.00497457 -0.000592918 0.0341354 8.70849e-07 -0.000182913 0.000985663 -0.00180319 -0.000246096 -0.000226711
30 30.5 10 0.0136096 -0.0868748 -0.00196035 0.0357696 -0.593638 -0.00908126 -0.00495327 -0.00060494 0.0341317 4.87207e-06 -0.000176773 0.000957335 -0.00176814 -0.000244549 -0.000220989
30 31 10 0.0134134 -0.0856517 -0.00181834 0.0358429 -0.590321 -0.00853366 -0.00495514 -0.000611338 0.0341266 1.26492e-05 -0.000170295 0.000935669 -0.00173895 -0.000241194 -0.000215626
30 31.5 10 0.0131468 -0.084257 -0.00164481 0.0353383 -0.586688 -0.00812814 -0.00494654 -0.000621846 0.0341379 1.89437e-05 -0.000163962 0.00091903 -0.00170895 -0.000236649 -0.000209818
30 32 10 0.0129627 -0.0829918 -0.00151662 0.0353395 -0.583048 -0.00771122 -0.00494561 -0.00062988 0.0341408 2.28166e-05 -0.0001574 0.000895905 -0.00167896 -0.000233446 -0.000205435
30 32.5 10 0.0128034 -0.0817791 -0.00139323 0.0354915 -0.57966 -0.00719899 -0.0049422 -0.000637406 0.0341422 2.50637e-05 -0.000151303 0.000872473 -0.00164992 -0.000230699 -0.000201586
30 33 10 0.0126136 -0.0805818 -0.00127677 0.0354351 -0.576447 -0.00667305 -0.00492994 -0.000643844 0.0341539 2.55647e-05 -0.000145702 0.000852434 -0.00162268 -0.000227443 -0.000197906
30 33.5 10 0.0124183 -0.0793723 -0.00119605 0.0353259 -0.572973 -0.00637085 -0.00493892 -0.000649922 0.0341568 3.29618e-05 -0.000137792 0.000837783 -0.00159639 -0.000224034 -0.000193033
30 34 10 0.0122339 -0.0781465 -0.00107734 0.0353836 -0.569501 -0.0059132 -0.00493158 -0.000659504 0.0341647 3.46952e-05 -0.000131907 0.000817605 -0.00156849 -0.000220894 -0.000189181
30 34.5 10 0.0121031 -0.0769456 -0.000948025 0.0353358 -0.566003 -0.00551606 -0.00492541 -0.000667168 0.0341676 3.94901e-05 -0.000126893 0.00079598 -0.00154045 -0.000218605 -0.000184598
30 35 10 0.0119193 -0.0757772 -0.000879314 0.0354187 -0.562379 -0.00524894 -0.00492314 -0.000676918 0.0341754 4.43786e-05 -0.00012242 0.000775708 -0.0015136 -0.000215363 -0.000180254
30 35.5 10 0.0117903 -0.0746471 -0.000793888 0.0354759 -0.559126 -0.00479328 -0.00492228 -0.000683617 0.0341897 4.78469e-05 -0.000118168 0.000761091 -0.00148941 -0.000213214 -0.000176467
30 36 10 0.0116637 -0.0735299 -0.000700969 0.035804 -0.555545 -0.00447612 -0.00491545 -0.000693839 0.0341954 4.80547e-05 -0.000114311 0.000740524 -0.00146339 -0.000211064 -0.000173461
30 36.5 10 0.011462 -0.0724111 -0.000658491 0.0357713 -0.552029 -0.00430772 -0.0049098 -0.000704237 0.0342082 4.73854e-05 -0.000110371 0.000723066 -0.00143857 -0.000207465 -0.000170693
30 37 10 0.0113253 -0.0713206 -0.000616404 0.0358775 -0.548868 -0.00407844 -0.00490447 -0.00071451 0.0342232 4.89899e-05 -0.000104342 0.000707147 -0.00141491 -0.000205068 -0.000167368
30 37.5 10 0.0111001 -0.0701887 -0.00058894 0.0353358 -0.545338 -0.00423121 -0.00490801 -0.000725488 0.03425 5.26543e-05 -9.98589e-05 0.000694732 -0.00139184 -0.000201031 -0.000163677
30 38 10 0.0110305 -0.0691105 -0.00054889 0.0357867 -0.541554 -0.0040941 -0.00490663 -0.000735889 0.034257 5.45084e-05 -9.68501e-05 0.000673315 -0.00136648 -0.000199748 -0.000160582
30 38.5 10 0.0109405 -0.0680734 -0.000489825 0.0361624 -0.537994 -0.00396584 -0.00490084 -0.000748267 0.0342686 5.81671e-05 -9.34614e-05 0.000653213 -0.00134247 -0.000198184 -0.000156945
30 39 10 0.0108446 -0.06697 -0.000426728 0.0365683 -0.534621 -0.0034434 -0.0048959 -0.000758756 0.0342873 5.73845e-05 -8.83955e-05 0.000638984 -0.00131923 -0.000196654 -0.00015433
30 39.5 10 0.0107701 -0.0659004 -0.000395287 0.0370241 -0.530889 -0.0032567 -0.00489211 -0.00077179 0.0343011 5.66336e-05 -8.54493e-05 0.000619755 -0.00129503 -0.000195312 -0.000151901
30 40 10 0.0106494 -0.064821 -0.000355623 0.0372964 -0.526793 -0.00342802 -0.00488989 -0.000785582 0.0343089 6.31392e-05 -8.28929e-05 0.000599496 -0.00127016 -0.000193103 -0.000147582
30 40.5 10 0.0105507 -0.0638649 -0.000304154 0.0374976 -0.523496 -0.00320209 -0.0048845 -0.000798076 0.0343292 6.26751e-05 -7.99113e-05 0.000584537 -0.00124947 -0.000191416 -0.000145277
30 41 10 0.0104558 -0.0628951 -0.000313904 0.0377721 -0.520188 -0.0032085 -0.00488521 -0.000810878 0.034348 6.36814e-05 -7.58724e-05 0.000570681 -0.00122884 -0.000189682 -0.000142737
30 41.5 10 0.0103499 -0.0619473 -0.000337547 0.0381335 -0.51694 -0.00332548 -0.00489699 -0.000823303 0.0343652 7.06229e-05 -6.8684e-05 0.000561221 -0.00120973 -0.00018783 -0.000138994
30 42 10 0.0102647 -0.0608606 -0.00027246 0.0381503 -0.512736 -0.00306938 -0.00488348 -0.000832553 0.0343918 6.78126e-05 -6.91717e-05 0.00054229 -0.0011858 -0.000186293 -0.000136813
30 42.5 10 0.0102061 -0.0597944 -0.000218431 0.0384678 -0.508462 -0.00295573 -0.00487216 -0.000845646 0.0344072 6.79403e-05 -6.77877e-05 0.000522462 -0.0011617 -0.000185199 -0.000134011
30 43 10 0.010121 -0.0588396 -0.000180615 0.0391248 -0.504938 -0.002827 -0.00487181 -0.000863134 0.0344296 7.13211e-05 -6.3152e-05 0.000512591 -0.00114249 -0.000183919 -0.000130925
30 43.5 10 0.00999333 -0.0579375 -0.000144534 0.0396244 -0.501295 -0.00260916 -0.00487187 -0.000874596 0.0344509 7.30243e-05 -6.01809e-05 0.000500826 -0.00112367 -0.000181805 -0.000128391
30 44 10 0.00994652 -0.0569009 -0.000118557 0.0401667 -0.497307 -0.00265688 -0.00486075 -0.00089135 0.0344797 7.21341e-05 -5.91331e-05 0.000482875 -0.00110116 -0.000180982 -0.000125975
30 44.5 10 0.00990217 -0.0558809 -0.000143468 0.0406355 -0.492922 -0.00274032 -0.00484894 -0.000906097 0.0345055 7.11024e-05 -5.7771e-05 0.000463575 -0.0010785 -0.000180008 -0.000123618
30 45 10 0.0098452 -0.0549556 -0.000132543 0.0409324 -0.4891 -0.00273319 -0.00484861 -0.000922977 0.0345297 7.2501e-05 -5.46372e-05 0.000449629 -0.00105889 -0.000178956 -0.000121161
30 45.5 10 0.00976569 -0.0540535 -9.24887e-05 0.041459 -0.485367 -0.00256357 -0.00485212 -0.00093973 0.0345554 7.38964e-05 -5.16583e-05 0.00043916 -0.00104061 -0.000177703 -0.000118863
30 46 10 0.00967637 -0.0530843 -7.52274e-05 0.0419941 -0.4811 -0.00245812 -0.00484587 -0.000954565 0.034586 7.30747e-05 -4.99054e-05 0.00042682 -0.00102076 -0.000176203 -0.000116708
30 46.5 10 0.00965134 -0.0521858 -9.19317e-05 0.0428153 -0.477021 -0.00245121 -0.00484846 -0.000969403 0.034604 7.49353e-05 -4.79611e-05 0.000411492 -0.00100117 -0.000175665 -0.000114342
30 47 10 0.00960748 -0.0512215 -8.59801e-05 0.0433351 -0.472851 -0.0023828 -0.00484042 -0.000983296 0.0346379 7.60705e-05 -4.45414e-05 0.000399519 -0.000981654 -0.000174931 -0.00011167
30 47.5 10 0.00958276 -0.0502576 -9.99153e-05 0.0438207 -0.468497 -0.00265269 -0.00483936 -0.00100219 0.0346713 7.35125e-05 -4.40205e-05 0.00038717 -0.000962052 -0.000174462 -0.000110154
30 48 10 0.00953734 -0.0493609 -0.000119359 0.0445936 -0.463851 -0.00294364 -0.00482425 -0.00101885 0.0346949 7.12717e-05 -4.3576e-05 0.000367723 -0.000941695 -0.000173465 -0.000108365
30 48.5 10 0.00954491 -0.0484095 -0.000111989 0.0455263 -0.459637 -0.00303055 -0.00483316 -0.00103815 0.0347217 7.68722e-05 -4.21688e-05 0.000356874 -0.000922568 -0.000173677 -0.000105233
30 49 10 0.00949359 -0.0475018 -3.78704e-05 0.0463244 -0.45526 -0.00255862 -0.00482216 -0.00105799 0.0347595 7.56364e-05 -3.81222e-05 0.000345387 -0.000904259 -0.000173001 -0.000103219
30 49.5 10 0.00948733 -0.0466205 1.94619e-05 0.0473063 -0.450763 -0.00219368 -0.00481252 -0.0010732 0.0347861 7.65314e-05 -3.53091e-05 0.000330011 -0.00088528 -0.00017295 -0.000100858
30 50 10 0.00945639 -0.0456322 -1.04324e-05 0.0481616 -0.446014 -0.00220916 -0.00481122 -0.00108908 0.034825 7.7125e-05 -3.3836e-05 0.000324618 -0.000867005 -0.000172536 -9.85381e-05
30 50.5 10 0.00941594 -0.0447351 -3.40967e-05 0.048889 -0.441347 -0.00237068 -0.00481819 -0.00111209 0.0348605 7.78467e-05 -3.26192e-05 0.000316743 -0.000849698 -0.000171875 -9.66253e-05
30 51 10 0.0094546 -0.0438643 -3.63714e-05 0.0501979 -0.436672 -0.00259065 -0.00481245 -0.00113723 0.0348896 7.91367e-05 -3.15512e-05 0.000298815 -0.000830509 -0.000172449 -9.44371e-05
30 51.5 10 0.00942696 -0.0429427 -3.0598e-05 0.0510359 -0.431848 -0.00264372 -0.00480665 -0.00115563 0.0349341 7.6339e-05 -3.05234e-05 0.000290403 -0.000812845 -0.000172099 -9.29476e-05
30 52 10 0.00938576 -0.0420049 -3.11092e-05 0.0517934 -0.4267 -0.00260146 -0.00480204 -0.00117232 0.0349723 7.47512e-05 -2.91032e-05 0.00028246 -0.000794822 -0.000171458 -9.11616e-05
30 52.5 10 0.00935702 -0.0411281 -3.34857e-05 0.0525465 -0.421432 -0.00259921 -0.0047986 -0.00119533 0.0350001 8.16868e-05 -2.47787e-05 0.000269464 -0.000776577 -0.000170854 -8.77093e-05
30 53 10 0.00936624 -0.0402093 -4.31416e-06 0.053837 -0.416481 -0.00235337 -0.00479591 -0.00121717 0.0350433 8.12648e-05 -2.24366e-05 0.000261758 -0.000759072 -0.000171244 -8.58016e-05
30 53.5 10 0.00936308 -0.0392907 -2.90579e-06 0.0549537 -0.41092 -0.00229879 -0.00479285 -0.00123926 0.0350783 8.31577e-05 -2.0892e-05 0.000252479 -0.000741024 -0.000171246 -8.34473e-05
30 54 10 0.00934682 -0.0383545 2.6455e-07 0.0558958 -0.405463 -0.00244821 -0.00479705 -0.00127034 0.035125 8.00984e-05 -2.12111e-05 0.000245426 -0.000723381 -0.000171111 -8.22853e-05
30 54.5 10 0.00933467 -0.0374788 -6.83077e-06 0.0569961 -0.400395 -0.00250855 -0.00478663 -0.00128726 0.0351718 7.86984e-05 -2.0794e-05 0.00024152 -0.00070748 -0.000171124 -8.05441e-05
30 55 10 0.00933609 -0.0365659 -5.77237e-06 0.0581383 -0.394502 -0.00240878 -0.00477875 -0.00130687 0.0352121 8.14327e-05 -1.90138e-05 0.000230567 -0.000689289 -0.000171158 -7.79602e-05
30 55.5 10 0.00933336 -0.0356469 -1.91085e-05 0.0594915 -0.388477 -0.0023799 -0.00477463 -0.00132779 0.0352556 8.22555e-05 -1.66012e-05 0.000222063 -0.000671543 -0.000171185 -7.58134e-05
30 56 10 0.00935766 -0.0348219 -2.86613e-05 0.0613345 -0.382928 -0.00245216 -0.0047713 -0.00134854 0.03529 8.1381e-05 -1.42496e-05 0.000211497 -0.000654964 -0.000171633 -7.4238e-05
30 56.5 10 0.00934823 -0.0338241 4.21065e-05 0.0625103 -0.37707 -0.00211924 -0.00476607 -0.00138687 0.0353587 8.13529e-05 -1.3143e-05 0.000215752 -0.00063865 -0.000172201 -7.21592e-05
30 57 10 0.00939269 -0.0329624 3.31464e-05 0.0640442 -0.370957 -0.00204462 -0.00476325 -0.00141151 0.0353978 8.32066e-05 -1.08809e-05 0.000203275 -0.000621089 -0.000172914 -7.00483e-05
30 57.5 10 0.00941308 -0.0320643 2.83155e-05 0.0655507 -0.364631 -0.00198932 -0.00475935 -0.00143782 0.0354432 8.33738e-05 -9.12348e-06 0.000197378 -0.000604204 -0.000173434 -6.81686e-05
30 58 10 0.00939317 -0.0311129 2.81095e-05 0.0669863 -0.358118 -0.00213682 -0.00475516 -0.00146742 0.0354998 8.19535e-05 -1.01556e-05 0.000198009 -0.000587697 -0.000173514 -6.65309e-05
30 58.5 10 0.00939709 -0.030188 2.25416e-05 0.0686576 -0.351509 -0.00208678 -0.00475349 -0.00149424 0.0355482 8.31563e-05 -7.39968e-06 0.000194974 -0.000570824 -0.000173859 -6.44089e-05
30 59 10 0.00942119 -0.0293012 -5.32012e-06 0.0704067 -0.344749 -0.00198291 -0.00474501 -0.00151971 0.035595 8.22451e-05 -3.09937e-06 0.000188536 -0.000553993 -0.000174379 -6.2608e-05
30 59.5 10 0.0094616 -0.0283742 2.73603e-05 0.0725004 -0.337679 -0.00173462 -0.00473477 -0.00155016 0.0356421 8.2563e-05 -2.62391e-06 0.000185145 -0.000536897 -0.000175463 -6.06613e-05
30 60 10 0.00944766 -0.0274567 7.32147e-05 0.0742206 -0.330658 -0.00145544 -0.00473046 -0.00158346 0.035697 8.45951e-05 -2.46124e-06 0.000186188 -0.000520788 -0.000175771 -5.85267e-05
30 60.5 10 0.00941255 -0.0265751 9.68868e-05 0.0757595 -0.323772 -0.00127746 -0.00472594 -0.00161539 0.0357584 8.5472e-05 -1.53302e-06 0.000189419 -0.000505729 -0.000175748 -5.66201e-05
30 61 10 0.00945694 -0.0256819 6.5428e-05 0.0779916 -0.316557 -0.00140853 -0.00471633 -0.00164156 0.0358188 8.07861e-05 -1.2471e-06 0.00018999 -0.000489967 -0.000176988 -5.55862e-05
30 61.5 10 0.00946472 -0.0246897 4.77054e-05 0.0799353 -0.308396 -0.00149766 -0.00471736 -0.00167721 0.0358832 8.02828e-05 -5.8695e-08 0.000193803 -0.000472816 -0.000177731 -5.37951e-05
30 62 10 0.00952144 -0.0237805 4.8821e-05 0.0826754 -0.300655 -0.00129584 -0.00471114 -0.00170763 0.0359414 7.87761e-05 1.64863e-06 0.000194234 -0.000456508 -0.000179302 -5.22359e-05
30 62.5 10 0.00955044 -0.0228884 5.05955e-05 0.0852193 -0.292956 -0.00113194 -0.00471118 -0.00174145 0.0359945 8.08391e-05 5.16346e-06 0.000197702 -0.000440841 -0.000180471 -5.01703e-05
30 63 10 0.00954029 -0.0219658 3.88469e-05 0.0875208 -0.284625 -0.00107525 -0.00470266 -0.00177882 0.0360606 8.05258e-05 5.65079e-06 0.000205725 -0.000425289 -0.000181151 -4.84269e-05
30 63.5 10 0.00953545 -0.0209985 3.66994e-05 0.0901718 -0.275768 -0.000969988 -0.00469858 -0.00181302 0.0361226 7.95468e-05 6.69105e-06 0.000211155 -0.000408338 -0.000181867 -4.67055e-05
30 64 10 0.00955059 -0.0201011 4.41921e-05 0.0930821 -0.26745 -0.000747065 -0.00468963 -0.00184861 0.0361933 7.64467e-05 5.57718e-06 0.000221154 -0.000393293 -0.000183258 -4.54785e-05
30 64.5 10 0.00953417 -0.0191623 4.83796e-05 0.0957227 -0.258456 -0.000480803 -0.00468923 -0.00188567 0.0362617 7.63212e-05 8.29402e-06 0.000233259 -0.000377524 -0.000184159 -4.36575e-05
30 65 10 0.00955728 -0.0182277 2.51445e-05 0.0990014 -0.249028 -0.000567018 -0.00468352 -0.00192802 0.0363235 7.73157e-05 1.11376e-05 0.000242485 -0.000361212 -0.000185661 -4.17201e-05
30 65.5 10 0.00957025 -0.0173256 1.917e-05 0.10237 -0.239477 -0.000444439 -0.00467505 -0.0019685 0.0363807 7.53522e-05 1.14037e-05 0.000253952 -0.000345545 -0.000187146 -4.03122e-05
30 66 10 0.00955353 -0.0163851 4.00799e-05 0.105703 -0.229799 6.63487e-05 -0.00466738 -0.00200666 0.0364586 7.2637e-05 1.15291e-05 0.000271968 -0.000329898 -0.000188619 -3.88678e-05
30 66.5 10 0.00951052 -0.015445 6.9548e-05 0.10895 -0.219929 0.000731364 -0.00465714 -0.00204498 0.0365457 7.12645e-05 1.20302e-05 0.000292784 -0.000314353 -0.00018987 -3.71971e-05
30 67 10 0.00947137 -0.0145669 7.33978e-05 0.112527 -0.21013 0.00107482 -0.00465249 -0.00209126 0.0366111 7.07087e-05 1.35062e-05 0.000314009 -0.000299577 -0.000191179 -3.56008e-05
30 67.5 10 0.009463 -0.0135303 5.47676e-05 0.116671 -0.198055 0.00120887 -0.00464679 -0.00213461 0.0366942 6.90497e-05 1.57685e-05 0.00033587 -0.000281454 -0.000193297 -3.37785e-05
30 68 10 0.00946048 -0.0126023 8.18088e-05 0.121545 -0.187113 0.0018742 -0.00464288 -0.00218067 0.0367707 6.65908e-05 1.63833e-05 0.000363931 -0.000265672 -0.000196179 -3.23449e-05
30 68.5 10 0.00937935 -0.011761 9.38398e-05 0.125543 -0.176837 0.00243307 -0.00463659 -0.00222567 0.036847 6.50785e-05 1.74684e-05 0.000391901 -0.000251248 -0.000197539 -3.08525e-05
30 69 10 0.00934342 -0.0108816 7.36732e-05 0.130714 -0.165795 0.00266582 -0.00461934 -0.00226831 0.0369287 6.034e-05 1.70076e-05 0.000422234 -0.000235864 -0.000200206 -2.96163e-05
30 69.5 10 0.00925693 -0.00990637 7.90178e-05 0.135727 -0.15307 0.00328856 -0.00462129 -0.00231933 0.0370139 5.85756e-05 1.89292e-05 0.000460168 -0.000218495 -0.000202633 -2.78573e-05
30 70 10 0.00917309 -0.00900808 9.8116e-05 0.141233 -0.140904 0.00411708 -0.00461123 -0.0023725 0.0370988 5.52751e-05 1.93447e-05 0.000499182 -0.000202186 -0.000205518 -2.63904e-05
30 70.5 10 0.00906877 -0.00812054 0.000112004 0.147099 -0.128927 0.00489619 -0.00459732 -0.00242221 0.0371794 5.17313e-05 1.88043e-05 0.000542997 -0.000185872 -0.000208654 -2.49318e-05
30 71 10 0.0089354 -0.00714417 0.000104301 0.153317 -0.114682 0.00546895 -0.00460038 -0.0024738 0.0372757 4.81728e-05 2.0583e-05 0.000594715 -0.000167181 -0.000212235 -2.3145e-05
30 71.5 10 0.00875779 -0.00621367 0.000114476 0.159365 -0.100913 0.00640035 -0.00460008 -0.00252871 0.0373689 4.44272e-05 2.02099e-05 0.000646766 -0.000148652 -0.000215291 -2.15126e-05
30 72 10 0.00860624 -0.00539766 0.000147134 0.167192 -0.0884752 0.00766811 -0.00458977 -0.00258495 0.0374551 3.93663e-05 1.94078e-05 0.00070473 -0.000132145 -0.000220273 -2.01465e-05
30 72.5 10 0.00845608 -0.00449566 0.000173341 0.175765 -0.0744026 0.0090058 -0.00457477 -0.002646 0.0375476 3.34403e-05 1.86534e-05 0.000768156 -0.000112832 -0.000226506 -1.85874e-05
30 73 10 0.00825167 -0.00355196 0.000171259 0.184817 -0.0595633 0.0100258 -0.00456894 -0.00270154 0.0376512 2.66292e-05 1.62478e-05 0.000842974 -9.1823e-05 -0.000233498 -1.69659e-05
30 73.5 10 0.00796244 -0.00268975 0.00015058 0.193192 -0.0453515 0.0109044 -0.0045419 -0.00274976 0.0377653 1.85116e-05 1.44724e-05 0.000916938 -7.14538e-05 -0.000239166 -1.5238e-05
30 74 10 0.00767327 -0.00179194 0.000166319 0.202684 -0.0302954 0.0124946 -0.00453714 -0.00281448 0.0378657 1.03512e-05 1.35484e-05 0.00100018 -4.89276e-05 -0.00024695 -1.33334e-05
30 74.5 10 0.00738319 -0.00101907 0.000181689 0.213055 -0.0171784 0.0139592 -0.00453911 -0.0028786 0.0379487 4.62635e-06 1.2392e-05 0.00107886 -2.84277e-05 -0.000255399 -1.15796e-05
30 75 10 0.00712057 -0.000603722 0.000173271 0.223509 -0.0104225 0.0153411 -0.00453545 -0.00293398 0.0380128 -1.50192e-06 1.14349e-05 0.00113684 -1.72325e-05 -0.000262788 -1.05448e-05
