# x y z jRe_x jRe_y jRe_z jIm_x jIm_y jIm_z BRe_x BRe_y BRe_z BIm_x BIm_y BIm_z F_x F_y F_z
# 1e-3 1e-3 1e-3 1e+6 1e+6 1e+6 1e+6 1e+6 1e+6 1 1 1 1 1 1 1e+6 1e+6 1e+6
30 -75 10 -0.532371 -0.044905 -0.0168162 -2.21388 -0.0874862 -0.168699 -0.00448259 0.00278867 0.0419627 6.79925e-05 -0.000362052 0.00542344 -0.0011865 0.0172053 -0.000439206
30 -74.5 10 -0.548595 -0.0674585 -0.0163487 -2.08082 -0.141535 -0.153779 -0.00447963 0.00274502 0.0418143 0.00013273 -0.000371319 0.00484673 -0.00175947 0.0165385 -0.000508331
30 -74 10 -0.566133 -0.123143 -0.0173199 -1.95116 -0.250768 -0.142214 -0.00448068 0.0026837 0.0415559 0.000212345 -0.000385129 0.00391687 -0.00305393 0.015608 -0.000633199
30 -73.5 10 -0.579068 -0.182326 -0.0172941 -1.82294 -0.373962 -0.128089 -0.00447167 0.00261928 0.0412909 0.000299982 -0.00039756 0.00301611 -0.00433096 0.0147236 -0.000747566
30 -73 10 -0.589901 -0.237845 -0.0166195 -1.69708 -0.486939 -0.112604 -0.00446306 0.00255639 0.0410117 0.000384398 -0.000411303 0.00214134 -0.00540047 0.0139289 -0.000842168
30 -72.5 10 -0.59743 -0.304489 -0.0140227 -1.57959 -0.611036 -0.0968928 -0.00446931 0.00248811 0.0407076 0.00046634 -0.000430687 0.00130462 -0.00659951 0.0131991 -0.000941033
30 -72 10 -0.604637 -0.365009 -0.0120132 -1.47824 -0.725091 -0.0843056 -0.00446669 0.00242456 0.0404289 0.000529568 -0.000450466 0.000585076 -0.007595 0.0126594 -0.00102324
30 -71.5 10 -0.609166 -0.426709 -0.0147687 -1.38686 -0.843467 -0.080242 -0.00445041 0.0023694 0.0401755 0.000585667 -0.000449994 -2.42475e-05 -0.00856194 0.0122293 -0.00111216
30 -71 10 -0.606911 -0.481829 -0.0121235 -1.2927 -0.936508 -0.0670806 -0.0044526 0.00231317 0.0399066 0.000633765 -0.000455703 -0.000611798 -0.00932886 0.0117202 -0.00118333
30 -70.5 10 -0.606381 -0.542542 -0.0108848 -1.21058 -1.04053 -0.0573276 -0.0044498 0.00225745 0.0396552 0.000679983 -0.000456265 -0.00113148 -0.0101694 0.0113429 -0.0012616
30 -70 10 -0.603177 -0.604729 -0.0104145 -1.13217 -1.14131 -0.0497712 -0.00444823 0.0022054 0.039393 0.000729246 -0.000454199 -0.00163241 -0.0109793 0.0109614 -0.00133685
30 -69.5 10 -0.601574 -0.661217 -0.00968481 -1.06361 -1.23156 -0.042732 -0.0044335 0.00214743 0.0391386 0.00077581 -0.00045943 -0.00207564 -0.0116608 0.0106734 -0.00138962
30 -69 10 -0.596506 -0.722119 -0.0089492 -0.999002 -1.32221 -0.0361373 -0.00443572 0.00210066 0.0388835 0.000802169 -0.000451673 -0.00249967 -0.0123855 0.0103539 -0.00147215
30 -68.5 10 -0.588163 -0.773517 -0.00842384 -0.934107 -1.39844 -0.0300739 -0.00443805 0.00205262 0.038686 0.000831577 -0.000446396 -0.00280245 -0.0130007 0.0100741 -0.00153014
30 -68 10 -0.583774 -0.828886 -0.00800521 -0.879604 -1.47824 -0.025301 -0.00443942 0.00201071 0.0384666 0.000857195 -0.000440961 -0.0031086 -0.0136421 0.00986764 -0.00159928
30 -67.5 10 -0.57832 -0.891295 -0.00520227 -0.830126 -1.55924 -0.0178797 -0.00443099 0.00195937 0.0382209 0.00088448 -0.000436675 -0.00345281 -0.01434 0.00962245 -0.00167042
30 -67 10 -0.567631 -0.943055 -0.00519752 -0.77735 -1.62699 -0.0139795 -0.00443489 0.00191942 0.0380336 0.000907938 -0.000428032 -0.00367416 -0.014943 0.00937163 -0.00173096
30 -66.5 10 -0.559658 -0.998101 -0.00362396 -0.731378 -1.69788 -0.00828382 -0.00443746 0.00187589 0.0378463 0.000926899 -0.000420311 -0.00387638 -0.0155947 0.00917715 -0.00179886
30 -66 10 -0.554906 -1.04933 -0.00140862 -0.692585 -1.75627 -0.00261922 -0.00443221 0.00183004 0.0376144 0.000942491 -0.000416232 -0.00414249 -0.0160965 0.00900362 -0.0018614
30 -65.5 10 -0.542735 -1.09987 -0.00205911 -0.649936 -1.8176 -0.00106142 -0.00443288 0.00179231 0.0374523 0.000957512 -0.0004062 -0.00429615 -0.0166904 0.00877128 -0.00192199
30 -65 10 -0.53047 -1.152 -0.00149372 -0.608853 -1.87703 0.00209841 -0.00442729 0.00174713 0.0372777 0.000982948 -0.000401594 -0.0044395 -0.0173038 0.00854019 -0.00196876
30 -64.5 10 -0.521715 -1.20418 -0.00202798 -0.576099 -1.93154 0.00335502 -0.00442949 0.00171367 0.0371033 0.000984201 -0.000384233 -0.00459446 -0.0179 0.00836139 -0.00205279
30 -64 10 -0.513577 -1.2537 -0.00244536 -0.545464 -1.97892 0.00417014 -0.00441995 0.00167096 0.0369049 0.00100237 -0.000380346 -0.00477258 -0.0184088 0.00818263 -0.0021042
30 -63.5 10 -0.504837 -1.29938 -0.00225224 -0.513086 -2.02511 0.00610355 -0.00440923 0.0016318 0.0367352 0.00102453 -0.000377353 -0.00489511 -0.0189069 0.00802493 -0.00214231
30 -63 10 -0.490102 -1.34739 -0.00139618 -0.478601 -2.07494 0.00858981 -0.00442644 0.00159737 0.0366307 0.0010258 -0.000368766 -0.00492922 -0.0195614 0.00780432 -0.00222103
30 -62.5 10 -0.478711 -1.39643 0.000711973 -0.450593 -2.12455 0.0126614 -0.00443318 0.00156719 0.0365181 0.00103465 -0.000355717 -0.0049648 -0.0202219 0.00762721 -0.00229121
30 -62 10 -0.470104 -1.43941 -0.000389704 -0.423865 -2.16241 0.0128794 -0.00442471 0.00153265 0.036362 0.00104778 -0.00034595 -0.00505896 -0.0206976 0.00748242 -0.00233855
30 -61.5 10 -0.457876 -1.48158 0.00351569 -0.398659 -2.19623 0.0175171 -0.00443635 0.00150073 0.0362332 0.00103959 -0.000337905 -0.00512944 -0.0212081 0.00727402 -0.00242103
30 -61 10 -0.447924 -1.52274 0.00269636 -0.374574 -2.23388 0.0192185 -0.00444278 0.00147772 0.0361241 0.001039 -0.000320045 -0.00517484 -0.0217227 0.00712525 -0.00249311
30 -60.5 10 -0.438291 -1.56944 0.00220516 -0.353526 -2.27149 0.0183423 -0.00443083 0.00143752 0.0359807 0.00105886 -0.000315289 -0.00522304 -0.0223015 0.00696659 -0.00253367
30 -60 10 -0.423865 -1.61127 0.00333625 -0.335324 -2.30439 0.0201825 -0.00444435 0.00141718 0.0358914 0.00105069 -0.000301548 -0.00522076 -0.0228993 0.00673444 -0.00261971
30 -59.5 10 -0.413147 -1.64941 0.00435551 -0.313968 -2.33403 0.0229968 -0.00445004 0.00138646 0.0357973 0.0010567 -0.000293714 -0.00522819 -0.0234204 0.00657649 -0.00267708
30 -59 10 -0.403211 -1.68559 0.00577461 -0.293957 -2.36272 0.0225444 -0.00445539 0.00134922 0.0357023 0.00105899 -0.000292263 -0.00523979 -0.0239003 0.00642672 -0.00273299
30 -58.5 10 -0.392588 -1.7264 0.00442228 -0.276659 -2.38901 0.0202736 -0.00444091 0.00131812 0.0355588 0.00106525 -0.000286233 -0.00530256 -0.0243604 0.00624746 -0.00278008
30 -58 10 -0.383401 -1.7645 0.00397957 -0.262934 -2.41473 0.0202919 -0.00443479 0.00128618 0.0354679 0.0010857 -0.000280836 -0.00530241 -0.0248894 0.00610431 -0.0028114
30 -57.5 10 -0.372164 -1.79896 0.00370123 -0.246852 -2.4383 0.0222822 -0.00443547 0.00126353 0.0354031 0.00108534 -0.000267267 -0.00528065 -0.0254059 0.00594 -0.00286857
30 -57 10 -0.361059 -1.83326 0.00400752 -0.230807 -2.46031 0.0233069 -0.00443822 0.00124031 0.035318 0.00108352 -0.000255503 -0.00527366 -0.0258857 0.00577108 -0.00292974
30 -56.5 10 -0.352373 -1.8673 0.0042544 -0.21626 -2.48365 0.0227791 -0.0044418 0.00120875 0.0352358 0.00108358 -0.000256297 -0.00527173 -0.026351 0.00564093 -0.00298671
30 -56 10 -0.341961 -1.90114 0.00433753 -0.201448 -2.50569 0.0219007 -0.00444293 0.00118144 0.0351781 0.00109353 -0.000253401 -0.00524259 -0.0268709 0.00548904 -0.00302977
30 -55.5 10 -0.331288 -1.93368 0.00394936 -0.188093 -2.52264 0.0209887 -0.00444215 0.00115172 0.0351102 0.00109121 -0.000249741 -0.00522684 -0.0273528 0.00532691 -0.00308577
30 -55 10 -0.323014 -1.96623 0.00458194 -0.178566 -2.5409 0.0232489 -0.00443191 0.00112782 0.0350095 0.00109346 -0.000237854 -0.00524996 -0.0277485 0.00518811 -0.00312882
30 -54.5 10 -0.31418 -1.99718 0.00499421 -0.166939 -2.55982 0.0244437 -0.0044323 0.00110714 0.034939 0.00109683 -0.000225973 -0.00523526 -0.0281891 0.00505392 -0.00317727
30 -54 10 -0.303721 -2.02612 0.00473008 -0.155926 -2.5717 0.0235898 -0.00444424 0.00108567 0.0348827 0.00108925 -0.000215775 -0.00520184 -0.0286496 0.00489409 -0.00324973
30 -53.5 10 -0.295409 -2.05322 0.00469992 -0.145337 -2.58591 0.0247985 -0.00445304 0.0010717 0.034824 0.0010736 -0.000195419 -0.00518238 -0.0290502 0.00476993 -0.00332752
30 -53 10 -0.285453 -2.08182 0.00502877 -0.134394 -2.60074 0.0227831 -0.00447248 0.00104835 0.0347835 0.00105609 -0.000193071 -0.00514189 -0.0295206 0.0046198 -0.0034188
30 -52.5 10 -0.276417 -2.11057 0.00550952 -0.124094 -2.61405 0.0203174 -0.00446002 0.00100665 0.0347345 0.00107059 -0.000206895 -0.00510791 -0.0299793 0.00448226 -0.0034336
30 -52 10 -0.268068 -2.13545 0.00559998 -0.115042 -2.62784 0.0229894 -0.00444886 0.000993822 0.0346964 0.00109378 -0.000188601 -0.00505509 -0.0304048 0.00435982 -0.00343538
30 -51.5 10 -0.259018 -2.1613 0.00514199 -0.109329 -2.63601 0.0230008 -0.00444837 0.000978249 0.0346296 0.00109277 -0.00017676 -0.00505033 -0.0307666 0.0042099 -0.00348388
30 -51 10 -0.250112 -2.18481 0.00584032 -0.102701 -2.64679 0.0216014 -0.00447082 0.000955221 0.0346268 0.00106195 -0.000167778 -0.00497695 -0.031241 0.00407313 -0.00358941
30 -50.5 10 -0.242793 -2.20761 0.00544244 -0.0946044 -2.65959 0.0218481 -0.00446277 0.000927792 0.034576 0.00106969 -0.000168993 -0.0049501 -0.0315833 0.00396279 -0.00360821
30 -50 10 -0.235497 -2.23066 0.00449328 -0.090242 -2.66641 0.0217961 -0.0044596 0.000910652 0.0345247 0.00107173 -0.000165522 -0.00493838 -0.0319228 0.00384407 -0.00364486
30 -49.5 10 -0.226913 -2.25374 0.00421582 -0.0832624 -2.67515 0.0212161 -0.00445308 0.000893723 0.0344949 0.00108306 -0.000156491 -0.00488529 -0.032337 0.00371238 -0.00366425
30 -49 10 -0.218964 -2.27633 0.00439427 -0.076194 -2.68247 0.0197242 -0.00444869 0.000873845 0.034463 0.00109363 -0.000148645 -0.0048398 -0.0327337 0.00358971 -0.00368654
30 -48.5 10 -0.211723 -2.29574 0.00481814 -0.0707524 -2.69033 0.0208579 -0.00445544 0.000860573 0.0344339 0.00107293 -0.000136019 -0.00481058 -0.0330553 0.0034755 -0.00375728
30 -48 10 -0.203809 -2.31507 0.00498127 -0.0638338 -2.69855 0.021913 -0.00446122 0.0008417 0.0344323 0.00107435 -0.00012947 -0.00473805 -0.0334643 0.00335824 -0.00379606
30 -47.5 10 -0.195623 -2.33472 0.0051226 -0.0558793 -2.70491 0.0210235 -0.00446258 0.000814335 0.034421 0.00107993 -0.000133509 -0.00468105 -0.0338515 0.00323591 -0.00382481
30 -47 10 -0.188672 -2.35308 0.00466936 -0.0511567 -2.70777 0.0218627 -0.00446527 0.000802899 0.0343727 0.00106373 -0.000121611 -0.00466668 -0.0341233 0.00312443 -0.00388604
30 -46.5 10 -0.18231 -2.37093 0.00430488 -0.0490956 -2.71384 0.0223977 -0.00445936 0.000791077 0.034339 0.0010747 -0.000111509 -0.00463909 -0.0344133 0.00301873 -0.00389751
30 -46 10 -0.175668 -2.38677 0.0040498 -0.0414394 -2.72166 0.0217558 -0.00446008 0.000775327 0.0343298 0.00106802 -0.000104934 -0.00458589 -0.0347285 0.00292289 -0.00393513
30 -45.5 10 -0.168069 -2.40499 0.00395266 -0.0390419 -2.72348 0.0217152 -0.00444989 0.000756938 0.0343196 0.0010752 -9.80601e-05 -0.00453789 -0.0350902 0.00279832 -0.00394853
30 -45 10 -0.162514 -2.42122 0.00371582 -0.0349583 -2.72085 0.0195013 -0.00443698 0.000730958 0.0342264 0.00108436 -0.000100049 -0.00457597 -0.03521 0.00270349 -0.00395391
30 -44.5 10 -0.156293 -2.43592 0.00377408 -0.0293681 -2.72481 0.0186279 -0.00444361 0.000711193 0.0342064 0.00107759 -9.81517e-05 -0.00453853 -0.0354791 0.00260811 -0.00399815
30 -44 10 -0.149543 -2.44956 0.00377991 -0.0241454 -2.73302 0.0195628 -0.00445205 0.000706802 0.0342491 0.00106487 -8.41142e-05 -0.00443385 -0.0358893 0.00250934 -0.00404947
30 -43.5 10 -0.142848 -2.46401 0.00312921 -0.0199069 -2.73281 0.0197675 -0.00444715 0.000700723 0.0342482 0.00107408 -7.02156e-05 -0.00438229 -0.0362063 0.00240619 -0.00406061
30 -43 10 -0.137918 -2.47923 0.00387577 -0.0209907 -2.73941 0.0208667 -0.00444012 0.000685263 0.0342229 0.00107317 -5.91456e-05 -0.00435225 -0.0364626 0.00231689 -0.00408075
30 -42.5 10 -0.132297 -2.49179 0.00310805 -0.0178218 -2.73801 0.0168272 -0.00443057 0.000649834 0.0341744 0.00107399 -7.43937e-05 -0.00435899 -0.0366107 0.0022239 -0.00409206
30 -42 10 -0.125953 -2.50263 0.00323057 -0.0112129 -2.73758 0.0177517 -0.00442919 0.000639425 0.0341845 0.0010769 -6.69661e-05 -0.00427844 -0.0369197 0.00213125 -0.00410814
30 -41.5 10 -0.120788 -2.51517 0.00268442 -0.00837983 -2.73898 0.0191157 -0.00443452 0.000637806 0.0341551 0.00106023 -4.77274e-05 -0.00426158 -0.0371172 0.00204909 -0.00416312
30 -41 10 -0.115346 -2.52702 0.00251101 -0.00322801 -2.74193 0.0181709 -0.00443206 0.000621249 0.0341625 0.00106557 -4.17974e-05 -0.00420862 -0.0373952 0.00196758 -0.00417485
30 -40.5 10 -0.110297 -2.5382 0.00246775 -0.000319292 -2.74445 0.0174264 -0.00442792 0.000601273 0.0341489 0.00106489 -4.3678e-05 -0.00418036 -0.0376023 0.00188641 -0.00419136
30 -40 10 -0.105241 -2.54825 0.00231033 -0.000705712 -2.74302 0.0171928 -0.00442507 0.000581445 0.034124 0.00106204 -4.66454e-05 -0.00415159 -0.0377845 0.00179818 -0.00421207
30 -39.5 10 -0.100338 -2.55825 0.00212309 0.00207034 -2.74241 0.0165244 -0.00441704 0.000569882 0.0341213 0.00107215 -3.79592e-05 -0.00410006 -0.0380237 0.00172024 -0.00420843
30 -39 10 -0.095223 -2.56699 0.00198613 0.00676366 -2.74058 0.017173 -0.00442077 0.000558439 0.0341066 0.00105587 -3.26624e-05 -0.00407112 -0.0381973 0.00164231 -0.0042539
30 -38.5 10 -0.090852 -2.57611 0.00162591 0.00871058 -2.74032 0.016554 -0.00441612 0.000549657 0.0340871 0.00105324 -2.31354e-05 -0.00404429 -0.0383651 0.00157118 -0.00427018
30 -38 10 -0.0859564 -2.58419 0.00110459 0.0101397 -2.74054 0.0148884 -0.00441302 0.000541333 0.0340909 0.00105876 -1.18085e-05 -0.00398007 -0.038595 0.00149079 -0.00427456
30 -37.5 10 -0.0817153 -2.59214 0.00124847 0.0135159 -2.73735 0.0143098 -0.00439968 0.000524098 0.0340516 0.00104924 -1.37438e-05 -0.00399146 -0.0386705 0.001423 -0.00428774
30 -37 10 -0.0771864 -2.59997 0.00102602 0.0165469 -2.73492 0.0149172 -0.00437929 0.000516064 0.034054 0.00107271 -6.81265e-06 -0.00393325 -0.0388914 0.00135255 -0.00424612
30 -36.5 10 -0.0732549 -2.60767 0.000956157 0.0162267 -2.73597 0.0157933 -0.00440085 0.000512396 0.0340661 0.00104986 6.50663e-06 -0.00388184 -0.0391066 0.00128544 -0.0043205
30 -36 10 -0.0691302 -2.61442 0.000895685 0.019808 -2.73309 0.0148616 -0.00440151 0.000496012 0.0340389 0.00104168 8.1004e-06 -0.00386584 -0.0392134 0.00122061 -0.00434726
30 -35.5 10 -0.0652178 -2.62085 0.000466041 0.0210172 -2.73167 0.0148276 -0.00439189 0.000485088 0.0340228 0.00104168 1.25417e-05 -0.00383434 -0.0393475 0.00115644 -0.00434818
30 -35 10 -0.0610875 -2.62696 3.54046e-05 0.0212656 -2.73353 0.0153919 -0.00439409 0.000481828 0.0340654 0.00103918 2.52272e-05 -0.00374218 -0.0396298 0.0010882 -0.00436569
30 -34.5 10 -0.0572157 -2.63239 -0.00012773 0.0225071 -2.73036 0.0163473 -0.0043712 0.000478828 0.0340382 0.00104499 3.85058e-05 -0.0037237 -0.0397178 0.00102449 -0.00434002
30 -34 10 -0.0538825 -2.63691 -0.000682592 0.02493 -2.72606 0.0145231 -0.00435488 0.00045671 0.034018 0.00105488 3.06493e-05 -0.00368485 -0.0398287 0.000971567 -0.00431579
30 -33.5 10 -0.0501685 -2.64278 -0.000830713 0.0290289 -2.7238 0.013958 -0.00436396 0.000444087 0.0340158 0.00103949 3.48821e-05 -0.00365159 -0.0399752 0.000915329 -0.00436145
30 -33 10 -0.0468559 -2.64751 -0.00101986 0.0322344 -2.72031 0.0127473 -0.00436547 0.000435479 0.0340117 0.00102735 3.94514e-05 -0.00361958 -0.0401 0.000863936 -0.00439103
30 -32.5 10 -0.0441199 -2.65101 -0.00113094 0.0346897 -2.71575 0.0143753 -0.00434212 0.000436803 0.0339383 0.00102522 5.1871e-05 -0.00363686 -0.0400471 0.000821583 -0.00437211
30 -32 10 -0.0412346 -2.65511 -0.00175188 0.0352319 -2.70719 0.0170949 -0.00431596 0.000435679 0.0338503 0.00104557 6.2836e-05 -0.00367778 -0.0399601 0.000775407 -0.00432228
30 -31.5 10 -0.0381175 -2.65914 -0.00209461 0.0375784 -2.70874 0.0149282 -0.00430185 0.000420713 0.0338717 0.0010514 6.34818e-05 -0.00360527 -0.0401519 0.000725646 -0.00430246
30 -31 10 -0.0348077 -2.66348 -0.0024508 0.0396059 -2.70866 0.0129895 -0.00430608 0.000411774 0.0339186 0.00104462 6.56847e-05 -0.0035189 -0.0404049 0.000672061 -0.00432568
30 -30.5 10 -0.0318451 -2.66612 -0.00266974 0.0415393 -2.70416 0.0139256 -0.00429921 0.00041183 0.0339333 0.00104177 7.50489e-05 -0.00344836 -0.0405726 0.000624918 -0.00432755
30 -30 10 -0.0294781 -2.66883 -0.00277778 0.0423425 -2.69656 0.0164579 -0.00427573 0.00041463 0.0338964 0.00105187 8.62784e-05 -0.00343458 -0.0406012 0.00058691 -0.00429167
30 -29.5 10 -0.0270196 -2.67099 -0.00336033 0.0423871 -2.69455 0.0154907 -0.00425875 0.000413255 0.0338982 0.00105212 9.48006e-05 -0.00336521 -0.0407371 0.000544582 -0.00427363
30 -29 10 -0.0245697 -2.67381 -0.00359681 0.0453921 -2.69043 0.0158126 -0.0042763 0.000408485 0.0338637 0.00102434 9.78558e-05 -0.00336375 -0.0407476 0.000508144 -0.00434185
30 -28.5 10 -0.022257 -2.67612 -0.0040357 0.0504427 -2.68358 0.015581 -0.00426449 0.000408272 0.0338263 0.00102101 0.000106567 -0.00334805 -0.0407692 0.000477437 -0.00433801
30 -28 10 -0.0204933 -2.6782 -0.00444631 0.0478044 -2.67791 0.0160072 -0.00424751 0.000413709 0.0337944 0.00102303 0.000118302 -0.00331519 -0.0408151 0.000443151 -0.00431946
30 -27.5 10 -0.0187688 -2.67986 -0.00494061 0.0470784 -2.67434 0.0155766 -0.00423649 0.000415534 0.0337645 0.00101876 0.000122783 -0.00328127 -0.0408545 0.000412498 -0.00431537
30 -27 10 -0.0168734 -2.68085 -0.00539843 0.0484007 -2.67126 0.0153601 -0.00422076 0.000420776 0.0337761 0.0010183 0.000129438 -0.00320102 -0.0409987 0.000381637 -0.00429795
30 -26.5 10 -0.015223 -2.68184 -0.00603075 0.0511366 -2.66386 0.0150727 -0.00419151 0.000416292 0.033732 0.00102808 0.000130716 -0.00317142 -0.0410075 0.000358226 -0.00425097
30 -26 10 -0.0133134 -2.68314 -0.00654745 0.0567335 -2.65695 0.0158097 -0.00415157 0.000421454 0.0336788 0.00104922 0.000138396 -0.00315575 -0.0409898 0.000335593 -0.00417464
30 -25.5 10 -0.0123776 -2.68491 -0.00729733 0.0556091 -2.6551 0.0137595 -0.00415282 0.00042592 0.0336639 0.0010358 0.000141801 -0.00311262 -0.0410594 0.000317161 -0.00419859
30 -25 10 -0.0110976 -2.68571 -0.00781818 0.0564477 -2.64998 0.0133771 -0.00414845 0.000431858 0.0336387 0.00102486 0.000145894 -0.00306719 -0.0411072 0.000296293 -0.00421112
30 -24.5 10 -0.0103086 -2.68634 -0.00863941 0.0545575 -2.64179 0.0141537 -0.00412019 0.000447119 0.0336138 0.0010316 0.000154657 -0.00301412 -0.0411669 0.000280575 -0.00416956
30 -24 10 -0.00983597 -2.68727 -0.00943627 0.0513702 -2.63674 0.0144225 -0.0040942 0.000463007 0.0336048 0.00104245 0.000162018 -0.00294251 -0.0412722 0.000267681 -0.00412489
30 -23.5 10 -0.00898442 -2.68702 -0.00977013 0.0573883 -2.6326 0.0154062 -0.00408835 0.000479483 0.0335594 0.00103052 0.000172414 -0.00290186 -0.0412667 0.000261932 -0.00413347
30 -23 10 -0.00846758 -2.68722 -0.0105606 0.057105 -2.62327 0.0138908 -0.00405588 0.000489737 0.0335159 0.00103855 0.000168121 -0.00284832 -0.0412951 0.000251855 -0.00408461
30 -22.5 10 -0.00845022 -2.68765 -0.011473 0.0573311 -2.62012 0.0143805 -0.0040371 0.000516321 0.0334731 0.00103803 0.00018283 -0.00278952 -0.0413259 0.000252013 -0.00406221
30 -22 10 -0.00861117 -2.68843 -0.0123731 0.0569217 -2.61185 0.0145231 -0.00399399 0.000548813 0.0334081 0.00105452 0.000193789 -0.00276015 -0.0413011 0.000254764 -0.0039885
30 -21.5 10 -0.00889545 -2.68923 -0.0132082 0.0575897 -2.60499 0.0155069 -0.00398073 0.000574749 0.0333699 0.00105252 0.000199271 -0.00270286 -0.0413469 0.000260698 -0.00397846
30 -21 10 -0.00964309 -2.6886 -0.0143734 0.0571199 -2.59689 0.0145962 -0.00395869 0.000603689 0.0333079 0.00104908 0.000200758 -0.00264943 -0.0413328 0.000272369 -0.00395667
30 -20.5 10 -0.0101673 -2.68882 -0.0152829 0.0605056 -2.58914 0.0137201 -0.00390972 0.000640334 0.0331946 0.00106576 0.000207288 -0.00264738 -0.0411964 0.000286028 -0.00387354
30 -20 10 -0.0112325 -2.68901 -0.0162691 0.0591085 -2.58209 0.0134694 -0.00389405 0.000683472 0.033169 0.0010678 0.000208216 -0.00254759 -0.0413027 0.000300445 -0.00385469
30 -19.5 10 -0.0126682 -2.68963 -0.0175165 0.0597493 -2.57388 0.0132762 -0.00386403 0.000733789 0.0330994 0.00106885 0.000214166 -0.00249568 -0.0412958 0.00032515 -0.00381911
30 -19 10 -0.014271 -2.68974 -0.0187351 0.0597369 -2.56669 0.0134153 -0.0038231 0.000791492 0.0330351 0.00108077 0.000219607 -0.00242976 -0.0413037 0.000351358 -0.00375366
30 -18.5 10 -0.01642 -2.69041 -0.0199894 0.0563318 -2.55933 0.0144362 -0.00376446 0.000861102 0.0329535 0.00111291 0.000220961 -0.00236023 -0.0413019 0.000382684 -0.00364067
30 -18 10 -0.0189574 -2.69152 -0.0217217 0.0537716 -2.55157 0.0130215 -0.00372158 0.000933902 0.0328917 0.00112764 0.000219578 -0.00228198 -0.0413442 0.000420884 -0.00357267
30 -17.5 10 -0.0213843 -2.69225 -0.0232616 0.0552695 -2.54288 0.0115948 -0.00368562 0.00100499 0.0328079 0.00113435 0.000213879 -0.00221694 -0.0413344 0.000461496 -0.00352388
30 -17 10 -0.0244243 -2.6933 -0.0247343 0.055395 -2.5342 0.0114699 -0.00363639 0.00109129 0.0327173 0.00115627 0.00021684 -0.00215744 -0.0413128 0.000510908 -0.00343915
30 -16.5 10 -0.0282717 -2.69494 -0.026472 0.0501279 -2.52671 0.0113742 -0.00359823 0.00120698 0.0326531 0.00118281 0.00022484 -0.00205973 -0.0413823 0.000567557 -0.00336562
30 -16 10 -0.0316003 -2.6964 -0.0280561 0.0505603 -2.51526 0.012188 -0.00359882 0.00131143 0.0325155 0.00115675 0.000222212 -0.00202913 -0.0412685 0.000622582 -0.00341227
30 -15.5 10 -0.0365135 -2.6985 -0.0304401 0.0425296 -2.5077 0.0109087 -0.00351473 0.00144128 0.032452 0.00120764 0.000206627 -0.00190681 -0.0413741 0.000693097 -0.00324996
30 -15 10 -0.0417458 -2.70043 -0.0327387 0.038152 -2.49913 0.00914572 -0.00346286 0.00157877 0.0323593 0.00123059 0.000189579 -0.00182324 -0.0413888 0.000772524 -0.00316725
30 -14.5 10 -0.0476693 -2.70381 -0.0356319 0.0320399 -2.4937 0.00622781 -0.00341399 0.00173615 0.032244 0.00125433 0.000174982 -0.00174841 -0.0413806 0.000861265 -0.00309001
30 -14 10 -0.0534697 -2.7064 -0.0380244 0.0268418 -2.48329 0.00672925 -0.0033388 0.00192668 0.0321176 0.00130317 0.000177753 -0.00168218 -0.0413368 0.000949098 -0.00294911
30 -13.5 10 -0.0598039 -2.70781 -0.0399782 0.0238785 -2.46443 0.0083733 -0.00324513 0.00211877 0.0319334 0.0013551 0.00017097 -0.0016849 -0.0411171 0.00104553 -0.00278514
30 -13 10 -0.0673489 -2.71271 -0.0436003 0.0131312 -2.4623 0.00842222 -0.00316807 0.00235204 0.0319484 0.00142368 0.000149197 -0.00149779 -0.0414388 0.00116074 -0.00262249
30 -12.5 10 -0.0758151 -2.71703 -0.0478322 -0.000327429 -2.44824 0.00545192 -0.00309307 0.0026 0.0318059 0.00146246 0.000121557 -0.00145005 -0.041372 0.00128341 -0.00251034
30 -12 10 -0.0844584 -2.72182 -0.0519148 -0.0110136 -2.43623 0.00557045 -0.00298764 0.00287051 0.0316995 0.00153642 9.31299e-05 -0.00138185 -0.0413827 0.00141287 -0.0023161
30 -11.5 10 -0.0943992 -2.72654 -0.0563159 -0.0237934 -2.42103 0.0034431 -0.00288378 0.00314997 0.0315861 0.00160553 5.30839e-05 -0.00131899 -0.041375 0.00155912 -0.00213715
30 -11 10 -0.104212 -2.73319 -0.0606825 -0.0369934 -2.41181 0.00333873 -0.00281912 0.00346639 0.0315339 0.00164169 3.19647e-05 -0.00121417 -0.0415247 0.00170892 -0.00205407
30 -10.5 10 -0.114456 -2.74091 -0.0653703 -0.0494546 -2.39948 0.00220015 -0.00271901 0.00379053 0.0314565 0.00169986 5.50894e-06 -0.00115185 -0.0416039 0.00186245 -0.00190394
30 -10 10 -0.127371 -2.74794 -0.0717825 -0.0722785 -2.38473 0.00159659 -0.00259811 0.00416904 0.0314339 0.0017892 -4.68771e-05 -0.00105693 -0.0417794 0.00205836 -0.00170016
30 -9.5 10 -0.14125 -2.75602 -0.0784003 -0.0937656 -2.37077 0.00496333 -0.00244653 0.00457583 0.0313467 0.00189296 -9.4483e-05 -0.00104509 -0.0417777 0.00226546 -0.0014462
30 -9 10 -0.154763 -2.76339 -0.0851581 -0.113365 -2.35388 0.0102034 -0.00227841 0.00499033 0.0312911 0.00200529 -0.000144125 -0.00101512 -0.0418267 0.00247105 -0.00116594
30 -8.5 10 -0.170287 -2.77188 -0.0944263 -0.138832 -2.3365 0.01156 -0.00209924 0.00542533 0.0312579 0.00211425 -0.000206173 -0.000984996 -0.0419135 0.00270436 -0.000887054
30 -8 10 -0.187142 -2.78468 -0.103207 -0.167753 -2.32316 0.0146466 -0.00190098 0.00590582 0.0312535 0.00223773 -0.000249504 -0.000981059 -0.0420693 0.00295661 -0.000579183
30 -7.5 10 -0.204784 -2.79448 -0.113871 -0.20328 -2.30941 0.0165852 -0.00171383 0.00640395 0.031329 0.00234289 -0.000316579 -0.000942066 -0.0423191 0.0032291 -0.00031282
30 -7 10 -0.221841 -2.80573 -0.124162 -0.234712 -2.28877 0.0241243 -0.00148868 0.00691535 0.0313557 0.00246268 -0.000368633 -0.000958535 -0.0424572 0.00348762 6.03956e-06
30 -6.5 10 -0.241442 -2.81768 -0.135163 -0.272827 -2.26861 0.0338365 -0.00123648 0.00746497 0.0314107 0.00259048 -0.000425373 -0.000986858 -0.0426215 0.00378471 0.000353238
30 -6 10 -0.263331 -2.83054 -0.148234 -0.318313 -2.24737 0.0431484 -0.000941172 0.00804206 0.0314808 0.00272633 -0.000466613 -0.00103634 -0.0427832 0.00410856 0.000746928
30 -5.5 10 -0.285129 -2.84227 -0.161093 -0.362692 -2.2295 0.0547099 -0.000655592 0.00859313 0.0315963 0.00286082 -0.000520942 -0.00108544 -0.0429862 0.00443872 0.00112681
30 -5 10 -0.309761 -2.85625 -0.177207 -0.420353 -2.19563 0.0700076 -0.000271081 0.00921269 0.0316238 0.00299761 -0.000572799 -0.00123845 -0.0429668 0.00476656 0.00159721
30 -4.5 10 -0.336577 -2.87037 -0.193477 -0.47841 -2.16778 0.0899108 0.000165118 0.0098255 0.0317339 0.00316448 -0.000625434 -0.00137826 -0.0430716 0.00513705 0.00216301
30 -4 10 -0.364955 -2.88568 -0.208791 -0.541555 -2.14688 0.114292 0.000615885 0.0104492 0.0319171 0.00332685 -0.0006661 -0.00152664 -0.0432835 0.00553659 0.00273342
30 -3.5 10 -0.391922 -2.90078 -0.226555 -0.611156 -2.1198 0.136668 0.00109684 0.0110971 0.0320803 0.00347094 -0.000703169 -0.00167182 -0.0434518 0.00588855 0.00330997
30 -3 10 -0.428031 -2.91775 -0.247727 -0.689179 -2.08725 0.156569 0.00162765 0.011702 0.0321683 0.00363404 -0.000764463 -0.00191707 -0.0434196 0.0063068 0.00392615
30 -2.5 10 -0.46423 -2.93888 -0.26993 -0.778639 -2.04551 0.187007 0.00231497 0.0123295 0.0322828 0.00382604 -0.00079809 -0.00224461 -0.0434033 0.00666477 0.00476365
30 -2 10 -0.498826 -2.95741 -0.290291 -0.86891 -2.01044 0.233294 0.00298006 0.0129651 0.0324412 0.00397561 -0.000819279 -0.00254017 -0.0434402 0.00701888 0.00552526
30 -1.5 10 -0.538401 -2.97886 -0.3136 -0.96217 -1.9795 0.2738 0.00367698 0.0135925 0.0325959 0.00412175 -0.000840884 -0.00286023 -0.0434718 0.00738652 0.00630151
30 -1 10 -0.586227 -2.99975 -0.336831 -1.07645 -1.91129 0.342537 0.00452733 0.0141907 0.0325276 0.00423923 -0.000872808 -0.00344568 -0.042955 0.00764332 0.00715191
30 -0.5 10 -0.625806 -3.01468 -0.350127 -1.16217 -1.88228 0.381076 0.0051507 0.0146605 0.0326229 0.00431944 -0.000917917 -0.0038182 -0.0428388 0.00791041 0.00777512
30 0 10 -0.663857 -3.02082 -0.356953 -1.23209 -1.8539 0.406093 0.00569624 0.0150432 0.0327413 0.00437055 -0.000990739 -0.00420911 -0.042665 0.00814554 0.00827199
30 0.5 10 -0.686865 -3.17632 -0.358297 -1.1561 -1.58525 0.436822 0.0543432 -0.0572021 0.109883 0.0365207 0.0181594 -0.0280073 -0.166526 0.0197886 0.124401
30 1 10 -0.663661 -3.22971 -0.30833 -1.00547 -1.48362 0.387714 0.0530348 -0.0553007 0.109777 0.0336021 0.0188644 -0.0310716 -0.166408 0.0191447 0.119437
30 1.5 10 -0.641441 -3.28928 -0.275344 -0.878562 -1.35046 0.344226 0.0492566 -0.0516864 0.109313 0.0292938 0.0201005 -0.0353956 -0.166455 0.0177708 0.108536
30 2 10 -0.6171 -3.34197 -0.244442 -0.747689 -1.21781 0.298641 0.0454215 -0.0479966 0.108234 0.0248313 0.0211441 -0.0395321 -0.16581 0.0167731 0.0979232
30 2.5 10 -0.587639 -3.39112 -0.220176 -0.63299 -1.10179 0.260513 0.0415712 -0.0444337 0.107066 0.0210258 0.0221184 -0.0433247 -0.165442 0.0159082 0.0881247
30 3 10 -0.554572 -3.43301 -0.203359 -0.53927 -1.00772 0.229303 0.0375767 -0.0410701 0.107143 0.0178671 0.0225603 -0.0462467 -0.167372 0.0154673 0.0788081
30 3.5 10 -0.520874 -3.46085 -0.187744 -0.462536 -0.908962 0.194349 0.03372 -0.0376367 0.106618 0.0149284 0.0227331 -0.0489271 -0.168 0.0147373 0.0696791
30 4 10 -0.483882 -3.48498 -0.174385 -0.380502 -0.816409 0.160203 0.0305491 -0.034525 0.105541 0.0123151 0.0228081 -0.0514491 -0.167739 0.0140692 0.0622724
30 4.5 10 -0.43963 -3.50044 -0.166113 -0.305475 -0.762054 0.125851 0.0275197 -0.0321363 0.105605 0.0103075 0.0224321 -0.0528363 -0.168781 0.0135065 0.0557308
30 5 10 -0.40146 -3.51483 -0.157306 -0.246213 -0.699432 0.09516 0.0246143 -0.0294202 0.105659 0.00822028 0.0220846 -0.0544225 -0.170018 0.0129642 0.049319
30 5.5 10 -0.3643 -3.52133 -0.153995 -0.204565 -0.619034 0.0661946 0.0216969 -0.0269755 0.104936 0.00674178 0.0215374 -0.0561189 -0.170177 0.0119266 0.0429984
30 6 10 -0.325949 -3.51956 -0.15094 -0.15592 -0.581286 0.0411046 0.0190684 -0.0246744 0.104798 0.00551255 0.0208469 -0.0566346 -0.170252 0.0113384 0.0375544
30 6.5 10 -0.288871 -3.52762 -0.150148 -0.115018 -0.536576 0.0232408 0.016731 -0.0223967 0.104235 0.00455278 0.0202719 -0.0577106 -0.170285 0.0105332 0.0328009
30 7 10 -0.254558 -3.51948 -0.151452 -0.0857779 -0.492228 0.000769666 0.0146533 -0.0205343 0.10388 0.00370495 0.0194231 -0.0582885 -0.170019 0.00961359 0.0284785
30 7.5 10 -0.224404 -3.52331 -0.151215 -0.0617202 -0.452532 -0.0117432 0.0127014 -0.0187342 0.10356 0.00296247 0.0186513 -0.0591305 -0.170364 0.00881712 0.0245722
30 8 10 -0.196272 -3.51591 -0.152068 -0.0465321 -0.409803 -0.0250133 0.0109331 -0.0169841 0.102676 0.00249197 0.0178677 -0.0598547 -0.169303 0.00782115 0.0209815
30 8.5 10 -0.177125 -3.52474 -0.152344 -0.0482237 -0.421308 -0.0342406 0.00919251 -0.015299 0.103824 0.00220925 0.0169371 -0.0594955 -0.171319 0.00702236 0.0176125
30 9 10 -0.145237 -3.51121 -0.157061 -0.0244754 -0.374965 -0.0476182 0.00777641 -0.0139919 0.10247 0.0019884 0.0160896 -0.0601567 -0.169334 0.006047 0.0148443
30 9.5 10 -0.119171 -3.49972 -0.158876 -0.00716301 -0.344277 -0.0552722 0.00655632 -0.0128647 0.102032 0.00190714 0.0152788 -0.0603894 -0.168746 0.0052898 0.0125128
30 10 10 -0.0945342 -3.49131 -0.159317 0.00703589 -0.328114 -0.0583781 0.00533948 -0.0115284 0.101619 0.00174196 0.0144598 -0.0605149 -0.167959 0.00453992 0.0102025
30 10.5 10 -0.0724023 -3.48439 -0.161318 0.0140813 -0.31379 -0.0627847 0.00412689 -0.0105281 0.101405 0.00184187 0.0136643 -0.0605401 -0.167589 0.00370652 0.00795617
30 11 10 -0.0569134 -3.47187 -0.165823 0.0121635 -0.301984 -0.0724872 0.00316872 -0.00980965 0.101349 0.00192655 0.0127896 -0.0602241 -0.167192 0.00291779 0.00614852
30 11.5 10 -0.0434564 -3.46345 -0.168049 0.00833886 -0.299224 -0.0770057 0.00245147 -0.00904657 0.101626 0.00188935 0.0119849 -0.0598578 -0.167331 0.00217898 0.00477448
30 12 10 -0.0275961 -3.45821 -0.167006 0.0141161 -0.285704 -0.0708664 0.00159186 -0.00823642 0.101375 0.00209622 0.0113919 -0.0600384 -0.166995 0.00161533 0.003246
30 12.5 10 -0.0134283 -3.44393 -0.164777 0.0156953 -0.27613 -0.0649939 0.000993563 -0.0074922 0.101074 0.00222604 0.0107716 -0.0597957 -0.166058 0.000993683 0.00215305
30 13 10 -0.00510814 -3.44426 -0.166903 0.0102284 -0.280777 -0.0697436 0.00052758 -0.00702603 0.101285 0.00238801 0.0100685 -0.0596963 -0.16628 0.000436686 0.00131325
30 13.5 10 0.00168752 -3.42308 -0.166738 0.000311523 -0.262223 -0.0684793 7.25261e-06 -0.00656166 0.100251 0.00262551 0.00944306 -0.0595283 -0.164002 -0.000165817 0.000352583
30 14 10 0.00829066 -3.4173 -0.168221 -0.00107951 -0.251576 -0.0712055 -0.000469292 -0.00618528 0.10018 0.00278196 0.00890391 -0.0596218 -0.163876 -0.000507033 -0.000482364
30 14.5 10 0.0170669 -3.41242 -0.166444 0.000759067 -0.25704 -0.0689389 -0.000728263 -0.00573829 0.100222 0.00307538 0.0084415 -0.0592753 -0.163568 -0.000878141 -0.000893083
30 15 10 0.0245987 -3.40596 -0.164419 0.000134065 -0.258675 -0.0655243 -0.0010687 -0.00543292 0.100504 0.00316899 0.00797141 -0.0588752 -0.163727 -0.00124815 -0.0014764
30 15.5 10 0.0303407 -3.39827 -0.160985 -0.00283102 -0.256621 -0.0599223 -0.00129579 -0.00510104 0.100552 0.00327495 0.00758693 -0.0586614 -0.163508 -0.00160227 -0.00186963
30 16 10 0.0316964 -3.38954 -0.159967 -0.0133387 -0.246479 -0.05832 -0.00134319 -0.00477864 0.0999836 0.00347982 0.00723189 -0.0587978 -0.162374 -0.00197074 -0.00197151
30 16.5 10 0.0366459 -3.3807 -0.156265 -0.0129176 -0.248873 -0.0518851 -0.00161235 -0.00450759 0.0999156 0.003667 0.00691986 -0.0585184 -0.161783 -0.00217786 -0.00239642
30 17 10 0.0375122 -3.37094 -0.15297 -0.0178863 -0.244699 -0.0462623 -0.0017494 -0.00436901 0.0995093 0.00378842 0.00657502 -0.0583925 -0.160758 -0.00234245 -0.00262579
30 17.5 10 0.0399756 -3.35737 -0.151483 -0.0193737 -0.237603 -0.0449403 -0.00175562 -0.00420967 0.0991694 0.00389799 0.00627858 -0.0582502 -0.159732 -0.00250105 -0.00262901
30 18 10 0.0462409 -3.35077 -0.147839 -0.0139744 -0.231419 -0.0402327 -0.00181853 -0.00387559 0.0995083 0.00405015 0.00608511 -0.0580906 -0.160157 -0.00265362 -0.00271022
30 18.5 10 0.045792 -3.34723 -0.145343 -0.0197357 -0.244029 -0.0388588 -0.00193761 -0.00372672 0.0996802 0.00419941 0.005819 -0.057822 -0.159929 -0.00279364 -0.00287316
30 19 10 0.0437593 -3.34124 -0.142369 -0.0267185 -0.255849 -0.0368629 -0.00202944 -0.00357844 0.0996967 0.00432062 0.00557161 -0.0575294 -0.159348 -0.00288505 -0.00299044
30 19.5 10 0.0470513 -3.33503 -0.139017 -0.0249109 -0.259139 -0.0342269 -0.00188558 -0.00345507 0.0996866 0.00442226 0.00541517 -0.0572435 -0.158959 -0.0030028 -0.00271997
30 20 10 0.0491077 -3.32159 -0.137282 -0.023089 -0.259259 -0.0330793 -0.00199438 -0.00335089 0.0995103 0.00460249 0.00524927 -0.0568793 -0.158036 -0.00303923 -0.00285851
30 20.5 10 0.0484366 -3.31402 -0.132008 -0.0267533 -0.255981 -0.0262848 -0.00201584 -0.00320175 0.0993467 0.00458077 0.00512069 -0.0567786 -0.157495 -0.00309266 -0.00290001
30 21 10 0.0456495 -3.31429 -0.12825 -0.0308774 -0.253691 -0.0226399 -0.00208753 -0.00303989 0.09927 0.00474235 0.00502152 -0.056989 -0.157414 -0.00306547 -0.00300471
30 21.5 10 0.0486545 -3.30694 -0.12449 -0.0271216 -0.24874 -0.01982 -0.00206501 -0.00285274 0.0988021 0.00481064 0.00489691 -0.0571582 -0.156387 -0.00309783 -0.00295194
30 22 10 0.0493167 -3.30078 -0.122606 -0.0316681 -0.257961 -0.0211124 -0.00203298 -0.00288714 0.098824 0.0047745 0.00471761 -0.0568555 -0.155892 -0.00326286 -0.00288528
30 22.5 10 0.0493491 -3.29121 -0.120736 -0.0348857 -0.253203 -0.0201999 -0.00196328 -0.00281744 0.0982826 0.00489356 0.00461549 -0.0567878 -0.154669 -0.00334653 -0.00276127
30 23 10 0.0461752 -3.27632 -0.117369 -0.0422087 -0.247727 -0.0166358 -0.00217995 -0.00260544 0.0976282 0.00486513 0.00455606 -0.0566922 -0.153023 -0.00336299 -0.00312481
30 23.5 10 0.0527782 -3.2742 -0.111862 -0.0297863 -0.251771 -0.0116619 -0.00213266 -0.00247648 0.098146 0.00488934 0.00445909 -0.0564687 -0.153679 -0.00334021 -0.00300765
30 24 10 0.0501962 -3.26504 -0.110783 -0.034304 -0.265588 -0.0124329 -0.00218823 -0.00247926 0.0985791 0.00491628 0.00435475 -0.0558535 -0.153625 -0.0033415 -0.00305639
30 24.5 10 0.0509529 -3.26457 -0.106965 -0.0293801 -0.259868 -0.00912112 -0.00200694 -0.00241788 0.0978995 0.00517707 0.00428098 -0.0562658 -0.152599 -0.00323696 -0.00272772
30 25 10 0.0480543 -3.25947 -0.104418 -0.0379322 -0.25985 -0.00843473 -0.00205553 -0.00232398 0.0979371 0.00501576 0.00420912 -0.0561131 -0.152425 -0.00333123 -0.00283396
30 25.5 10 0.0525698 -3.24516 -0.102464 -0.0296649 -0.245412 -0.00717874 -0.0021003 -0.00219795 0.0968034 0.00508338 0.00419784 -0.0563688 -0.150252 -0.0032912 -0.00290419
30 26 10 0.0527281 -3.23972 -0.100971 -0.0294858 -0.266953 -0.00814319 -0.00204519 -0.00209716 0.097332 0.00499105 0.00409163 -0.0558357 -0.150301 -0.00330631 -0.00276234
30 26.5 10 0.0451346 -3.23996 -0.099952 -0.0425286 -0.270229 -0.00923766 -0.00183703 -0.00204025 0.0977072 0.00509007 0.0040575 -0.0557168 -0.150839 -0.00332147 -0.00242053
30 27 10 0.050208 -3.23366 -0.100204 -0.0317631 -0.26295 -0.0108424 -0.0018619 -0.00213785 0.0972142 0.0051011 0.00397524 -0.0558702 -0.149919 -0.00326214 -0.0024565
30 27.5 10 0.0508855 -3.22202 -0.09733 -0.0292674 -0.259424 -0.00746698 -0.00190603 -0.00209865 0.0967798 0.0051046 0.00393441 -0.0557568 -0.148768 -0.00320457 -0.00251948
30 28 10 0.0447938 -3.21286 -0.0939772 -0.0424329 -0.25789 -0.00504431 -0.00170377 -0.00195088 0.0961603 0.00523581 0.00392561 -0.0557839 -0.147364 -0.00327038 -0.00218884
30 28.5 10 0.0478495 -3.20372 -0.092074 -0.0374923 -0.250022 -0.00410251 -0.00193685 -0.00201557 0.0960191 0.0051892 0.0038699 -0.0557193 -0.146928 -0.00326323 -0.00257461
30 29 10 0.0472318 -3.20399 -0.0918437 -0.0411525 -0.26146 -0.00564455 -0.00211747 -0.00195117 0.096278 0.00523364 0.00382446 -0.0554594 -0.147065 -0.00333237 -0.00283276
30 29.5 10 0.0451816 -3.20619 -0.091635 -0.0460027 -0.281541 -0.00690979 -0.002245 -0.00190918 0.0971696 0.00518677 0.00377397 -0.0550313 -0.1481 -0.00337599 -0.00299875
30 30 10 0.0442654 -3.19174 -0.0870528 -0.0465856 -0.258975 -0.000794465 -0.00205817 -0.00179497 0.0968678 0.00520944 0.00376719 -0.0552456 -0.147512 -0.00334325 -0.00273749
30 30.5 10 0.047911 -3.18302 -0.0856295 -0.0438835 -0.280392 -0.00035965 -0.00183334 -0.00178161 0.0963851 0.00530349 0.00374625 -0.0546917 -0.145806 -0.00343144 -0.00229913
30 31 10 0.0508 -3.17449 -0.0846612 -0.0366101 -0.282794 -3.72308e-05 -0.00193446 -0.00177531 0.0961238 0.00523404 0.00373198 -0.0544352 -0.14495 -0.00335619 -0.00244379
30 31.5 10 0.0459423 -3.17235 -0.0872943 -0.044608 -0.278216 -0.00690909 -0.00175957 -0.00189258 0.0961592 0.00525087 0.00364361 -0.054602 -0.145 -0.00336807 -0.0021853
30 32 10 0.0471081 -3.16305 -0.0874857 -0.0420647 -0.27047 -0.00975191 -0.00184626 -0.00189292 0.0956616 0.00525356 0.00360428 -0.0547052 -0.143959 -0.00334865 -0.00232983
30 32.5 10 0.0501128 -3.15582 -0.085853 -0.0384293 -0.270399 -0.00777433 -0.00194386 -0.00185203 0.0951535 0.00526561 0.00359199 -0.0546842 -0.142816 -0.00337197 -0.00247074
30 33 10 0.0506855 -3.15271 -0.0833117 -0.0399454 -0.269709 -0.00369783 -0.001941 -0.00176248 0.094906 0.00530538 0.00361049 -0.0547485 -0.142289 -0.00342761 -0.00246103
30 33.5 10 0.0501826 -3.14385 -0.0828004 -0.0414477 -0.280766 -0.00407547 -0.00203034 -0.00165263 0.0950505 0.0051219 0.00359193 -0.0542545 -0.141857 -0.00343568 -0.00258841
30 34 10 0.0526764 -3.13952 -0.0811015 -0.0398137 -0.279451 -0.00181397 -0.00201093 -0.00160169 0.0947469 0.00517714 0.00358791 -0.0542906 -0.141206 -0.00349937 -0.00254691
30 34.5 10 0.0501442 -3.12832 -0.0810392 -0.0462045 -0.287959 -0.00411329 -0.00189855 -0.00161066 0.0945285 0.00531689 0.00355034 -0.0538994 -0.140155 -0.00354923 -0.00232652
30 35 10 0.0521687 -3.1207 -0.0800733 -0.0423549 -0.278687 -0.00352675 -0.00187637 -0.00161564 0.0941136 0.00531149 0.00355405 -0.0540309 -0.13938 -0.00353337 -0.00230509
30 35.5 10 0.0512296 -3.11642 -0.0766546 -0.0475692 -0.283498 0.00171895 -0.00176946 -0.00158826 0.0941738 0.00531549 0.00354925 -0.0539194 -0.139163 -0.00362231 -0.00212883
30 36 10 0.0545465 -3.1054 -0.0763207 -0.0402366 -0.279567 0.00100349 -0.00186688 -0.00162877 0.0937331 0.00528861 0.00352911 -0.0538054 -0.138082 -0.00356499 -0.00227486
30 36.5 10 0.0545883 -3.09726 -0.0758 -0.0392886 -0.280792 0.000621637 -0.00202516 -0.00168356 0.0935392 0.00521523 0.00349914 -0.0536286 -0.137393 -0.0035282 -0.00251872
30 37 10 0.0561184 -3.09643 -0.0742538 -0.0417269 -0.289056 0.0040779 -0.00201027 -0.00151929 0.0935294 0.00532576 0.00354351 -0.0535924 -0.137121 -0.00365699 -0.00245916
30 37.5 10 0.0485883 -3.09195 -0.0792286 -0.0550567 -0.290014 -0.00258466 -0.00203527 -0.0015871 0.0938149 0.00522758 0.00351303 -0.0535009 -0.137336 -0.00367808 -0.00252372
30 38 10 0.0515408 -3.07918 -0.0788057 -0.0532507 -0.283004 -0.00349645 -0.00210861 -0.0016079 0.0931784 0.0052401 0.00350382 -0.0535077 -0.135942 -0.00375198 -0.00263964
30 38.5 10 0.0541563 -3.06929 -0.0795273 -0.051724 -0.278592 -0.00653847 -0.00203475 -0.00167421 0.0927232 0.00521318 0.00345566 -0.053451 -0.134907 -0.00382926 -0.00253115
30 39 10 0.0570927 -3.06593 -0.0732474 -0.0481031 -0.295701 0.00534897 -0.00204252 -0.00151808 0.0928302 0.0052387 0.00351474 -0.0530324 -0.13453 -0.00383666 -0.00248444
30 39.5 10 0.0592757 -3.05562 -0.0716132 -0.0453988 -0.295623 0.00917182 -0.00211487 -0.00146806 0.0923108 0.00529842 0.00355891 -0.0530062 -0.133267 -0.00383908 -0.00257225
30 40 10 0.06068 -3.04183 -0.0772013 -0.0435321 -0.286096 -0.00195335 -0.00198364 -0.00160505 0.0917267 0.00526363 0.00351988 -0.0529672 -0.13199 -0.00386445 -0.00238932
30 40.5 10 0.0598648 -3.03795 -0.0759191 -0.0495987 -0.285322 0.000751716 -0.00199529 -0.00158507 0.0915037 0.00531774 0.00353922 -0.0530386 -0.131487 -0.00397651 -0.00240737
30 41 10 0.0597898 -3.03335 -0.0750915 -0.052406 -0.293154 0.00228319 -0.00200859 -0.00154352 0.0914262 0.00527897 0.00352897 -0.0528965 -0.130972 -0.00403778 -0.00241122
30 41.5 10 0.0621311 -3.02971 -0.0756882 -0.0477666 -0.303989 0.000154067 -0.00197581 -0.00146076 0.0916702 0.00515922 0.00347473 -0.0526442 -0.130921 -0.00402993 -0.00233727
30 42 10 0.0561784 -3.01312 -0.0751872 -0.0616647 -0.309885 0.00159254 -0.00204855 -0.00153751 0.091412 0.00520893 0.00353064 -0.0520791 -0.129709 -0.00409225 -0.00243122
30 42.5 10 0.054661 -3.00059 -0.0764241 -0.069852 -0.301478 -0.00120564 -0.00206245 -0.00160704 0.0908054 0.00524378 0.00353504 -0.0520337 -0.128451 -0.00422344 -0.00247123
30 43 10 0.0611731 -2.9957 -0.0764527 -0.0619696 -0.309686 -0.0022512 -0.00195982 -0.00159737 0.090926 0.00522155 0.00350561 -0.0517986 -0.12823 -0.00431704 -0.00228448
30 43.5 10 0.0660318 -2.98684 -0.0751275 -0.0518962 -0.305732 -0.000576906 -0.00185872 -0.00157396 0.0908005 0.00523034 0.00353209 -0.0517385 -0.127752 -0.00427206 -0.00211993
30 44 10 0.0662604 -2.98213 -0.0774846 -0.0517386 -0.31009 -0.00373922 -0.00183819 -0.00166119 0.0903921 0.00536799 0.00353696 -0.0516977 -0.126823 -0.00427091 -0.00205512
30 44.5 10 0.0649015 -2.96661 -0.0768292 -0.0561849 -0.306881 -0.00132581 -0.00189543 -0.00167862 0.0898606 0.00530878 0.00357008 -0.051499 -0.125451 -0.00429349 -0.00215169
30 45 10 0.0619264 -2.95862 -0.0770278 -0.0669376 -0.31042 -0.0011924 -0.00194233 -0.00168175 0.0896145 0.00523746 0.00357058 -0.0513344 -0.124663 -0.00442117 -0.00223197
30 45.5 10 0.0646757 -2.9508 -0.0768363 -0.0666716 -0.31882 -0.00231404 -0.00194186 -0.00170603 0.0896332 0.00524134 0.00356582 -0.0510003 -0.124176 -0.00453015 -0.00220353
30 46 10 0.0672002 -2.94096 -0.0760916 -0.0635217 -0.315056 -0.000381973 -0.00193972 -0.00168452 0.0894226 0.00531241 0.00362117 -0.0509025 -0.123539 -0.00454853 -0.00218708
30 46.5 10 0.0699515 -2.92907 -0.0748339 -0.0613543 -0.313669 0.0025045 -0.00198256 -0.00170229 0.0888906 0.00529276 0.00363897 -0.0508001 -0.122285 -0.00458661 -0.00224462
30 47 10 0.0685334 -2.9253 -0.0736264 -0.0666446 -0.317023 0.00585018 -0.00189818 -0.00155195 0.0887387 0.00531492 0.00370097 -0.0507034 -0.121824 -0.00464491 -0.0021104
30 47.5 10 0.064854 -2.91439 -0.077769 -0.0751418 -0.323334 -0.00152848 -0.00205748 -0.00174434 0.0885557 0.00529502 0.00363352 -0.0504709 -0.120948 -0.00469187 -0.00233519
30 48 10 0.0675704 -2.89359 -0.0815668 -0.0727144 -0.313093 -0.00836183 -0.00217625 -0.00184489 0.0877063 0.00529875 0.00362601 -0.0501675 -0.119099 -0.00472052 -0.00251325
30 48.5 10 0.0682756 -2.8923 -0.0838604 -0.074749 -0.32341 -0.0115019 -0.00204068 -0.00193178 0.0873732 0.00527125 0.00362794 -0.0502619 -0.118287 -0.00480599 -0.00230029
30 49 10 0.0721766 -2.88491 -0.0807885 -0.0709766 -0.323264 -0.00700723 -0.00203437 -0.00185102 0.0870713 0.00526706 0.00364928 -0.0501245 -0.117557 -0.00485737 -0.00227947
30 49.5 10 0.0742061 -2.87077 -0.0788641 -0.0717117 -0.320697 -0.00423963 -0.00192916 -0.00172247 0.0864161 0.00532064 0.00371546 -0.049987 -0.116085 -0.00493384 -0.00211306
30 50 10 0.0761864 -2.8608 -0.077115 -0.0723336 -0.339847 -7.55419e-05 -0.00185562 -0.00168095 0.0867664 0.00537366 0.00376907 -0.049373 -0.115786 -0.00501953 -0.00194152
30 50.5 10 0.0774897 -2.85473 -0.0782948 -0.0773462 -0.335896 -0.000362834 -0.00196354 -0.00178152 0.0864977 0.00535898 0.0037827 -0.0494233 -0.115232 -0.0051868 -0.00211797
30 51 10 0.0804475 -2.84048 -0.0822583 -0.0750836 -0.337715 -0.00743937 -0.00199456 -0.00195529 0.0855829 0.00530192 0.00370972 -0.0492941 -0.113291 -0.00523074 -0.0021554
30 51.5 10 0.0801368 -2.83056 -0.0840293 -0.0799373 -0.344454 -0.01093 -0.00209047 -0.00200938 0.0854308 0.00528183 0.00370487 -0.0490593 -0.112523 -0.00532494 -0.00227753
30 52 10 0.0797902 -2.82118 -0.083457 -0.0874941 -0.341813 -0.00919934 -0.00212881 -0.00196322 0.0850965 0.0053401 0.00377269 -0.0490336 -0.111721 -0.00547574 -0.00233359
30 52.5 10 0.0768769 -2.80469 -0.0831887 -0.0945793 -0.33099 -0.00701724 -0.00184848 -0.00187237 0.0843081 0.00529107 0.00378792 -0.0489891 -0.110186 -0.00549903 -0.00196766
30 53 10 0.0813535 -2.79672 -0.0814581 -0.0946039 -0.349699 -0.00534466 -0.00185847 -0.00183413 0.0841347 0.00532126 0.00379387 -0.0485581 -0.109225 -0.00565775 -0.00192245
30 53.5 10 0.0821301 -2.78101 -0.0805889 -0.098967 -0.345734 -0.00449663 -0.00172263 -0.00184156 0.0835455 0.00533186 0.00380718 -0.0485367 -0.107846 -0.00577514 -0.00173764
30 54 10 0.081755 -2.77293 -0.0844376 -0.109292 -0.34996 -0.00973205 -0.00201173 -0.00210527 0.0830752 0.00527068 0.00377486 -0.048595 -0.106748 -0.00599216 -0.00215926
30 54.5 10 0.0837903 -2.76392 -0.0856032 -0.117624 -0.367722 -0.0108877 -0.00201864 -0.0020847 0.083116 0.00533044 0.00384589 -0.0480398 -0.106098 -0.0062501 -0.00212313
30 55 10 0.0846596 -2.74887 -0.0843665 -0.127079 -0.362297 -0.00768602 -0.00182913 -0.00202578 0.0822866 0.00534339 0.00388992 -0.0481377 -0.104448 -0.0064852 -0.00187899
30 55.5 10 0.0880758 -2.731 -0.0827336 -0.132315 -0.362705 -0.00479019 -0.00179956 -0.00192013 0.0816697 0.00534582 0.00393111 -0.0479885 -0.102887 -0.00670974 -0.00183245
30 56 10 0.100271 -2.71665 -0.0833037 -0.124524 -0.360617 -0.00810215 -0.00200775 -0.00178408 0.0808094 0.00533378 0.00400607 -0.0480081 -0.101167 -0.00697851 -0.00210433
30 56.5 10 0.101102 -2.7133 -0.0846641 -0.136931 -0.395398 -0.0131617 -0.00169459 -0.0019863 0.0812123 0.00549964 0.00394552 -0.0477508 -0.100794 -0.00733908 -0.00158222
30 57 10 0.105295 -2.69788 -0.0830407 -0.153383 -0.387909 -0.0102051 -0.00176611 -0.00198388 0.0799118 0.00535278 0.00395583 -0.048167 -0.098516 -0.00785513 -0.001752
30 57.5 10 0.109447 -2.68064 -0.0822875 -0.168355 -0.391435 -0.00816844 -0.00176652 -0.00195809 0.0792327 0.0053517 0.00397839 -0.0482576 -0.0968168 -0.00834727 -0.00176233
30 58 10 0.11672 -2.67112 -0.0859249 -0.174469 -0.404952 -0.0150819 -0.0017561 -0.00212571 0.0790849 0.00545367 0.00400305 -0.0484039 -0.0958831 -0.00880357 -0.0017144
30 58.5 10 0.128197 -2.65671 -0.0843098 -0.18325 -0.418597 -0.0143326 -0.00170572 -0.00204531 0.0785635 0.00545658 0.00400562 -0.0485932 -0.0942472 -0.00945534 -0.00162186
30 59 10 0.138741 -2.63669 -0.0793895 -0.197324 -0.419476 -0.00392181 -0.00180736 -0.00178703 0.0776797 0.00543122 0.00407515 -0.0489416 -0.0922069 -0.0101563 -0.00176963
30 59.5 10 0.154449 -2.61771 -0.0796111 -0.207425 -0.429372 -0.00731186 -0.00166601 -0.00181568 0.0770098 0.00558436 0.0041416 -0.0492707 -0.0902741 -0.0110111 -0.00155143
30 60 10 0.171416 -2.60287 -0.0806629 -0.218003 -0.442344 -0.0146421 -0.00142654 -0.00194189 0.0767177 0.00571166 0.00414219 -0.0498092 -0.0888749 -0.0119889 -0.00121124
30 60.5 10 0.188386 -2.58714 -0.0804716 -0.232038 -0.455393 -0.0197991 -0.00126868 -0.0020173 0.0766206 0.00575867 0.00411216 -0.0504021 -0.0876782 -0.0130707 -0.000997008
30 61 10 0.208972 -2.56448 -0.0787713 -0.247923 -0.470515 -0.0196432 -0.00154082 -0.00196806 0.0762879 0.00581119 0.00419382 -0.0507663 -0.0859125 -0.0142605 -0.00133408
30 61.5 10 0.232787 -2.5438 -0.0781196 -0.266705 -0.488254 -0.020897 -0.00164367 -0.00202176 0.0762382 0.00586183 0.0042003 -0.0515865 -0.084409 -0.0157499 -0.001455
30 62 10 0.266756 -2.51784 -0.0743276 -0.27486 -0.506771 -0.0193701 -0.00175389 -0.00191328 0.075955 0.00591032 0.00427617 -0.0523272 -0.0823919 -0.0173141 -0.00155328
30 62.5 10 0.302335 -2.49217 -0.0708982 -0.2835 -0.526083 -0.0199187 -0.00173985 -0.00182693 0.0759372 0.00590019 0.00426782 -0.0530936 -0.0806806 -0.0190024 -0.00149714
30 63 10 0.340637 -2.4635 -0.0676909 -0.290517 -0.537232 -0.0184042 -0.00170185 -0.00187946 0.0763505 0.00604387 0.00431066 -0.0542309 -0.0795013 -0.0208794 -0.00141904
30 63.5 10 0.387374 -2.42652 -0.0645302 -0.288206 -0.562067 -0.0209522 -0.00184216 -0.00186122 0.0766918 0.00611323 0.00436389 -0.0550658 -0.0775859 -0.0227939 -0.00150633
30 64 10 0.440457 -2.39456 -0.060157 -0.286543 -0.585062 -0.0222348 -0.00198747 -0.00198095 0.077462 0.00625955 0.00443021 -0.0562565 -0.0762971 -0.0251291 -0.00161942
30 64.5 10 0.495893 -2.35548 -0.0544587 -0.281961 -0.609542 -0.0206366 -0.00212031 -0.00188587 0.078797 0.00631161 0.00450047 -0.0572117 -0.0753709 -0.0276106 -0.00167566
30 65 10 0.561491 -2.30918 -0.0508196 -0.270858 -0.624078 -0.0215588 -0.00223234 -0.00183244 0.0798369 0.00633803 0.00449869 -0.0584589 -0.0739357 -0.0303425 -0.00172343
30 65.5 10 0.63274 -2.25785 -0.0457485 -0.25352 -0.627384 -0.0217763 -0.00241189 -0.0018865 0.0811125 0.00655245 0.00458627 -0.0599254 -0.0727649 -0.0332739 -0.00184558
30 66 10 0.710616 -2.20464 -0.0371542 -0.223721 -0.656819 -0.0187168 -0.00265026 -0.00193432 0.0836562 0.00668658 0.00468853 -0.0607594 -0.072254 -0.0365336 -0.00193724
30 66.5 10 0.792611 -2.14722 -0.0262743 -0.182694 -0.687291 -0.0137114 -0.00280526 -0.00196172 0.0868495 0.00680454 0.00475437 -0.0613325 -0.0721589 -0.0400313 -0.00188514
30 67 10 0.882327 -2.08118 -0.0177982 -0.125768 -0.704364 -0.010449 -0.0030589 -0.00199586 0.0901697 0.00692311 0.00483244 -0.0617507 -0.0720745 -0.0436716 -0.00192924
30 67.5 10 0.98033 -2.00002 -0.00956585 -0.0599264 -0.70847 -0.00445935 -0.00349299 -0.00185076 0.0938596 0.00689672 0.00496032 -0.062641 -0.0716688 -0.0478823 -0.00210578
30 68 10 1.08946 -1.9172 0.00265788 0.0420655 -0.724011 -0.000477209 -0.00390273 -0.00200004 0.0987685 0.00695594 0.00496921 -0.0622736 -0.0721321 -0.0524991 -0.00220803
30 68.5 10 1.19018 -1.83376 0.0143536 0.156983 -0.732638 0.00714808 -0.00428434 -0.0021216 0.104018 0.00703039 0.00502794 -0.0613354 -0.0729065 -0.0570914 -0.00222074
30 69 10 1.30294 -1.74333 0.0247569 0.302344 -0.730908 0.0173501 -0.00483377 -0.00225416 0.109604 0.0070062 0.00507375 -0.0602328 -0.0735415 -0.0622969 -0.00235449
30 69.5 10 1.41061 -1.63097 0.0380672 0.4807 -0.7228 0.0315428 -0.00552916 -0.00232518 0.116845 0.00692419 0.0051694 -0.0576114 -0.074502 -0.0685607 -0.00240403
30 70 10 1.51247 -1.51621 0.0532395 0.697669 -0.707633 0.0471527 -0.00617173 -0.0025607 0.124428 0.0067933 0.00517669 -0.0539753 -0.0752856 -0.0752726 -0.00240592
30 70.5 10 1.6137 -1.40191 0.0678425 0.945739 -0.696733 0.0639972 -0.00683856 -0.00280053 0.132508 0.00656142 0.00508769 -0.0496235 -0.0756628 -0.0834707 -0.00236155
30 71 10 1.6975 -1.26075 0.0791802 1.24804 -0.648371 0.0849255 -0.00765707 -0.00285886 0.142318 0.0062437 0.00516357 -0.0427522 -0.0759606 -0.0941523 -0.00200701
30 71.5 10 1.75241 -1.11685 0.0935443 1.59161 -0.603462 0.111463 -0.00865942 -0.00329668 0.152117 0.00576543 0.00498439 -0.0340829 -0.0747858 -0.106246 -0.00201799
30 72 10 1.79351 -0.986855 0.110583 2.01311 -0.549073 0.140184 -0.00960063 -0.00369188 0.16207 0.00516681 0.00468135 -0.0234965 -0.0736431 -0.121855 -0.0019174
30 72.5 10 1.81049 -0.833348 0.125095 2.48233 -0.481397 0.177551 -0.0107057 -0.00412662 0.172643 0.00432261 0.00433597 -0.0103655 -0.0695676 -0.143704 -0.00177427
30 73 10 1.77063 -0.666427 0.132539 3.02969 -0.410689 0.219323 -0.0120287 -0.00456836 0.184209 0.0031262 0.0039456 0.0072794 -0.0630057 -0.174565 -0.00143363
30 73.5 10 1.66495 -0.508314 0.13078 3.61732 -0.319702 0.267378 -0.0130179 -0.00468671 0.194504 0.0017788 0.00377878 0.0268513 -0.0539254 -0.211097 -9.12751e-05
30 74 10 1.49017 -0.345902 0.131534 4.27303 -0.213749 0.325444 -0.0142739 -0.0051978 0.204485 -0.000100983 0.00311247 0.0508624 -0.0409664 -0.261982 0.000297536
30 74.5 10 1.24615 -0.197312 0.130427 4.97575 -0.119163 0.377963 -0.0152746 -0.0056958 0.212455 -0.00170962 0.00217105 0.0750249 -0.0254688 -0.320347 0.000243588
30 75 10 0.970287 -0.113885 0.114372 5.66101 -0.0829308 0.444329 -0.0160386 -0.00596647 0.21754 -0.00341007 0.00160081 0.0931552 -0.0162644 -0.370889 0.000581838
