# x y z jRe_x jRe_y jRe_z jIm_x jIm_y jIm_z BRe_x BRe_y BRe_z BIm_x BIm_y BIm_z F_x F_y F_z
# 1e-3 1e-3 1e-3 1e+6 1e+6 1e+6 1e+6 1e+6 1e+6 1 1 1 1 1 1 1e+6 1e+6 1e+6
30 -75 10 -0.534183 -0.0455139 -0.0176423 -2.21347 -0.0984861 -0.168973 -0.00449557 0.00281397 0.0419523 7.98965e-05 -0.000363323 0.00540116 -0.00122655 0.0172157 -0.000447858
30 -74.5 10 -0.549784 -0.0689578 -0.0199272 -2.08675 -0.144324 -0.161658 -0.0044928 0.00277554 0.0418119 0.000137966 -0.000366509 0.00485097 -0.00179365 0.0165887 -0.000525517
30 -74 10 -0.566518 -0.1195 -0.0171858 -1.95558 -0.249115 -0.139872 -0.00448868 0.00271269 0.0415663 0.00022783 -0.000405143 0.00398675 -0.00298519 0.0156949 -0.00061207
30 -73.5 10 -0.582885 -0.178683 -0.0138596 -1.82292 -0.365669 -0.118613 -0.00448504 0.00263899 0.0412743 0.000322464 -0.000448022 0.00300622 -0.00424543 0.0147811 -0.000702501
30 -73 10 -0.590617 -0.249569 -0.014693 -1.69075 -0.506087 -0.111172 -0.00448242 0.00257117 0.0409723 0.000390994 -0.00045741 0.00204445 -0.00563658 0.013839 -0.000833001
30 -72.5 10 -0.595492 -0.304462 -0.0153057 -1.57918 -0.612133 -0.101689 -0.00447736 0.00251152 0.0406997 0.000469206 -0.000465521 0.00132784 -0.00660661 0.013177 -0.000918209
30 -72 10 -0.603024 -0.364781 -0.0162223 -1.47673 -0.727577 -0.0928387 -0.00447463 0.00245344 0.0404251 0.000531368 -0.000465242 0.00060686 -0.00759562 0.0126484 -0.00101905
30 -71.5 10 -0.605692 -0.425743 -0.0143869 -1.38347 -0.836045 -0.0806432 -0.00447022 0.00239865 0.040161 0.000588342 -0.000471007 -2.07244e-05 -0.00854219 0.0121567 -0.00110625
30 -71 10 -0.606572 -0.48573 -0.0122423 -1.29297 -0.942344 -0.0682194 -0.00446656 0.00234339 0.0399064 0.000641957 -0.000478371 -0.000606115 -0.00940825 0.0117166 -0.00118376
30 -70.5 10 -0.604748 -0.543325 -0.0100353 -1.20966 -1.04069 -0.0572752 -0.00446908 0.00228848 0.0396506 0.000684287 -0.000482703 -0.00112661 -0.0101877 0.0113107 -0.00125803
30 -70 10 -0.602923 -0.603014 -0.00791409 -1.13285 -1.13846 -0.0470462 -0.00447144 0.0022357 0.0393924 0.000723237 -0.000482509 -0.00162559 -0.0109543 0.0109552 -0.00133716
30 -69.5 10 -0.601627 -0.663362 -0.00623721 -1.06532 -1.23417 -0.0383349 -0.00447182 0.0021867 0.0391459 0.000758376 -0.000477711 -0.00206798 -0.0117102 0.0106735 -0.00141857
30 -69 10 -0.597581 -0.723029 -0.00450221 -1.00067 -1.32423 -0.0302123 -0.00446832 0.00213718 0.0388969 0.0007907 -0.000475122 -0.00247628 -0.0124246 0.0103812 -0.00149268
30 -68.5 10 -0.591159 -0.777737 -0.00393599 -0.938218 -1.40279 -0.0246094 -0.00446813 0.00208812 0.0386604 0.00082891 -0.000470366 -0.00283369 -0.0130479 0.0100965 -0.00155267
30 -68 10 -0.586932 -0.831024 -0.00467654 -0.88471 -1.47846 -0.0216906 -0.00445631 0.0020335 0.0384414 0.000873054 -0.000475712 -0.00313854 -0.0136532 0.00989386 -0.0015926
30 -67.5 10 -0.57911 -0.890531 -0.00514481 -0.829839 -1.55977 -0.0189543 -0.00445225 0.001989 0.0382338 0.000896078 -0.000471697 -0.00341911 -0.014357 0.00965508 -0.0016638
30 -67 10 -0.570173 -0.944644 -0.00337929 -0.780978 -1.62863 -0.0126846 -0.00445899 0.001949 0.0380231 0.000916128 -0.000462871 -0.00367722 -0.0149644 0.00940567 -0.00173495
30 -66.5 10 -0.56071 -0.9946 -0.00241283 -0.734321 -1.69015 -0.00751584 -0.0044558 0.0019089 0.0378135 0.000940174 -0.000456287 -0.00392171 -0.0154899 0.00916313 -0.00178899
30 -66 10 -0.549932 -1.04558 -0.00172231 -0.689324 -1.75402 -0.00400263 -0.00445691 0.00186724 0.0376379 0.000950454 -0.000446592 -0.00410559 -0.0160753 0.00893604 -0.00185597
30 -65.5 10 -0.540458 -1.09896 -0.00213243 -0.648712 -1.81654 -0.000495597 -0.00445568 0.00183528 0.0374467 0.000967159 -0.000430972 -0.00429453 -0.0166737 0.00873074 -0.00192602
30 -65 10 -0.530908 -1.15309 -0.00119804 -0.61133 -1.87548 0.00298835 -0.00445394 0.00179252 0.0372579 0.000990149 -0.000429567 -0.00445974 -0.0172971 0.00853124 -0.00198393
30 -64.5 10 -0.521467 -1.20447 -0.000714956 -0.577329 -1.93421 0.0047803 -0.00445634 0.00174827 0.0371032 0.0010072 -0.000424419 -0.00457184 -0.0179218 0.00835832 -0.00204302
30 -64 10 -0.512684 -1.25257 0.000710359 -0.542898 -1.98215 0.0087143 -0.00446041 0.00171486 0.0369375 0.00100729 -0.000409617 -0.00470882 -0.0184654 0.00819324 -0.00212359
30 -63.5 10 -0.501096 -1.30179 0.00113124 -0.506648 -2.03176 0.0107497 -0.00446721 0.00167934 0.0367945 0.00101031 -0.000399546 -0.00481299 -0.0190587 0.00800244 -0.00220088
30 -63 10 -0.489236 -1.34941 0.00164121 -0.476114 -2.07674 0.0120242 -0.00446352 0.00163659 0.0366446 0.00102932 -0.000397844 -0.00491094 -0.0196239 0.00779737 -0.00224838
30 -62.5 10 -0.480082 -1.39429 0.00307138 -0.451707 -2.11917 0.0138146 -0.00446287 0.0015975 0.0364854 0.00104607 -0.000395864 -0.00500082 -0.0201366 0.00762891 -0.00229693
30 -62 10 -0.470544 -1.43956 0.00337502 -0.427662 -2.16218 0.0150667 -0.00447919 0.00156825 0.0363528 0.00103285 -0.000382824 -0.00506897 -0.0206857 0.00746911 -0.00239453
30 -61.5 10 -0.459384 -1.48434 0.00353075 -0.403011 -2.20059 0.0152755 -0.00447247 0.00153067 0.0362162 0.00104759 -0.000384009 -0.00513126 -0.0212325 0.0072847 -0.00244088
30 -61 10 -0.448662 -1.52715 0.0030831 -0.378843 -2.23618 0.0166325 -0.00445633 0.00149959 0.0360937 0.00107169 -0.000372547 -0.00517582 -0.0217724 0.00711855 -0.00247034
30 -60.5 10 -0.438858 -1.56882 0.00157346 -0.354795 -2.27137 0.0177984 -0.00445676 0.00147648 0.0359833 0.00108116 -0.000356684 -0.00521067 -0.0223059 0.00697753 -0.00252878
30 -60 10 -0.426298 -1.60964 0.00258791 -0.33334 -2.30361 0.0193759 -0.00447492 0.00145437 0.0358866 0.00106077 -0.000340432 -0.00523178 -0.0228549 0.00678171 -0.00263296
30 -59.5 10 -0.415391 -1.65113 0.00499042 -0.315073 -2.33411 0.0202943 -0.00448177 0.00141937 0.0357821 0.00105816 -0.000336512 -0.00524232 -0.0234225 0.00660548 -0.00270685
30 -59 10 -0.402071 -1.69145 0.00645076 -0.294923 -2.36685 0.0217102 -0.00448942 0.00138514 0.0357067 0.00107126 -0.000332798 -0.00521841 -0.0240234 0.00640595 -0.00275845
30 -58.5 10 -0.390371 -1.72862 0.00684941 -0.276811 -2.39277 0.0243867 -0.0044949 0.00136159 0.0356051 0.00107491 -0.000321683 -0.00523688 -0.0245092 0.0062225 -0.00282021
30 -58 10 -0.381559 -1.76411 0.0066745 -0.261306 -2.41498 0.0265291 -0.0045056 0.00134977 0.0355053 0.00105531 -0.000302087 -0.0052692 -0.0249556 0.00608419 -0.00291795
30 -57.5 10 -0.373247 -1.79975 0.00571136 -0.244512 -2.44242 0.0248812 -0.00449114 0.00130877 0.0354081 0.0010743 -0.000306987 -0.00526811 -0.0254293 0.00596447 -0.00293624
30 -57 10 -0.361049 -1.83427 0.00683298 -0.227715 -2.46523 0.0239792 -0.00450198 0.0012772 0.0353319 0.00108055 -0.0003043 -0.0052551 -0.0259274 0.00577752 -0.00299295
30 -56.5 10 -0.353366 -1.87118 0.00628808 -0.216725 -2.4861 0.0223847 -0.00449084 0.00123809 0.0351987 0.00108638 -0.000316144 -0.00530139 -0.026342 0.00564259 -0.00303565
30 -56 10 -0.341912 -1.90587 0.00632559 -0.202046 -2.50594 0.0235635 -0.00449279 0.00122443 0.0351427 0.00108381 -0.000296424 -0.00527624 -0.026878 0.00547338 -0.00310272
30 -55.5 10 -0.332037 -1.93752 0.00737846 -0.190387 -2.52647 0.0235298 -0.0045046 0.00120238 0.0350967 0.00107854 -0.000283636 -0.00522733 -0.0273981 0.00532517 -0.00317405
30 -55 10 -0.322801 -1.96834 0.00664844 -0.178943 -2.543 0.0232573 -0.00450389 0.00117648 0.0350092 0.00108247 -0.000276591 -0.00523188 -0.0278035 0.00518002 -0.00322138
30 -54.5 10 -0.312893 -1.9987 0.00688599 -0.166544 -2.55744 0.0250247 -0.00450432 0.00115341 0.0349389 0.00109086 -0.000274371 -0.00522256 -0.0282385 0.00502932 -0.00326408
30 -54 10 -0.302546 -2.02617 0.00687398 -0.15546 -2.56884 0.0236595 -0.00448873 0.00112411 0.034879 0.0011138 -0.000278972 -0.00519931 -0.0286578 0.00486986 -0.00326524
30 -53.5 10 -0.294233 -2.05447 0.00627789 -0.145986 -2.58516 0.0226345 -0.0044975 0.00110784 0.0348248 0.00110375 -0.000266555 -0.00517256 -0.0290877 0.00474411 -0.00333682
30 -53 10 -0.286195 -2.08405 0.00650816 -0.135584 -2.60559 0.0236831 -0.00452495 0.00110053 0.0348015 0.00106517 -0.000240121 -0.00511758 -0.0295976 0.00463095 -0.00346862
30 -52.5 10 -0.277146 -2.11137 0.006082 -0.128707 -2.61607 0.0229372 -0.00451834 0.00107826 0.0347326 0.00107487 -0.000234366 -0.00510154 -0.0299943 0.00448328 -0.00349832
30 -52 10 -0.268297 -2.13638 0.00633989 -0.121762 -2.62882 0.0235275 -0.00451907 0.00104995 0.0346995 0.00108515 -0.000236782 -0.00504639 -0.0304332 0.0043461 -0.00352733
30 -51.5 10 -0.259292 -2.16191 0.0073407 -0.113847 -2.64296 0.0233538 -0.00454262 0.00102006 0.0346829 0.00106168 -0.000242932 -0.00499249 -0.0308941 0.00420804 -0.00362578
30 -51 10 -0.251453 -2.18677 0.0073398 -0.106968 -2.65001 0.0230665 -0.00452681 0.00100501 0.0346033 0.00108197 -0.000231926 -0.00499833 -0.031213 0.00407909 -0.00362988
30 -50.5 10 -0.242837 -2.21078 0.00683558 -0.0997667 -2.65766 0.0226137 -0.00451706 0.000988234 0.034537 0.001101 -0.00022247 -0.0049823 -0.031557 0.0039419 -0.00363896
30 -50 10 -0.234352 -2.23252 0.00619548 -0.0886786 -2.66987 0.0223891 -0.00452591 0.000970788 0.0345142 0.00108392 -0.000210552 -0.00493755 -0.0319361 0.00382341 -0.00370954
30 -49.5 10 -0.225953 -2.25501 0.00647404 -0.0832367 -2.67997 0.0222695 -0.00452407 0.000944966 0.0345209 0.00110547 -0.000213512 -0.00483341 -0.0324464 0.00369655 -0.00371747
30 -49 10 -0.218856 -2.27725 0.00632282 -0.0791842 -2.68752 0.0212879 -0.00454836 0.000925303 0.0344894 0.00107008 -0.000214298 -0.00482498 -0.0327876 0.0035801 -0.00383371
30 -48.5 10 -0.211392 -2.29752 0.00639497 -0.0715868 -2.69344 0.020888 -0.00454254 0.000901926 0.0344417 0.00108058 -0.000213737 -0.00480012 -0.0331015 0.0034653 -0.00385074
30 -48 10 -0.203927 -2.31701 0.00662773 -0.063873 -2.69944 0.0210515 -0.00452446 0.000881645 0.0344119 0.0011074 -0.000208064 -0.00474421 -0.0334637 0.0033539 -0.00383018
30 -47.5 10 -0.196026 -2.33655 0.00638832 -0.0594982 -2.7045 0.0238791 -0.00451224 0.00087543 0.0343885 0.00112218 -0.000195106 -0.00470738 -0.0338102 0.00322947 -0.00383408
30 -47 10 -0.188912 -2.3554 0.0063903 -0.0553589 -2.71068 0.0222593 -0.00453736 0.000856234 0.0343686 0.00109105 -0.000190068 -0.00466949 -0.0341477 0.00311472 -0.00394052
30 -46.5 10 -0.182023 -2.37367 0.00618462 -0.0501403 -2.71765 0.0201644 -0.00454787 0.00083972 0.0343434 0.00107471 -0.000180468 -0.00463051 -0.0344687 0.00300633 -0.00400913
30 -46 10 -0.175398 -2.39086 0.006442 -0.0436213 -2.72487 0.0207624 -0.00455367 0.00082602 0.0343447 0.00107718 -0.000173507 -0.004569 -0.0348326 0.00290886 -0.00404466
30 -45.5 10 -0.169763 -2.40682 0.00647335 -0.0402575 -2.72505 0.0205646 -0.00454329 0.00081317 0.0342916 0.00108626 -0.000168235 -0.00457038 -0.0350406 0.0028152 -0.00405303
30 -45 10 -0.162203 -2.42139 0.00660005 -0.0353273 -2.72604 0.0202899 -0.00454115 0.000797776 0.0342719 0.00108577 -0.000165064 -0.00452642 -0.0353242 0.00269558 -0.0040798
30 -44.5 10 -0.155762 -2.43753 0.00615753 -0.0290487 -2.73168 0.0210029 -0.00454263 0.000786353 0.034246 0.00108804 -0.000154457 -0.00449161 -0.0356038 0.00259931 -0.0041093
30 -44 10 -0.149049 -2.45189 0.00564533 -0.0266871 -2.7369 0.0201973 -0.00454644 0.000760758 0.0342595 0.00108521 -0.000158056 -0.00441444 -0.03596 0.00249239 -0.00414323
30 -43.5 10 -0.142807 -2.46691 0.00559309 -0.0208405 -2.74155 0.020084 -0.00455406 0.000743644 0.0342501 0.00107986 -0.000159646 -0.00437643 -0.0362473 0.00239809 -0.00418842
30 -43 10 -0.136968 -2.47994 0.00561901 -0.0179129 -2.74235 0.0183446 -0.00455483 0.000723753 0.0342277 0.00107801 -0.000158598 -0.00434728 -0.0364811 0.0023022 -0.00421786
30 -42.5 10 -0.131182 -2.49252 0.00564869 -0.0159673 -2.74395 0.0176928 -0.00455643 0.000714711 0.0342291 0.00108752 -0.000148183 -0.00428312 -0.0367828 0.00220767 -0.00423215
30 -42 10 -0.126279 -2.50546 0.00550364 -0.0104223 -2.74059 0.0167471 -0.00454095 0.000702554 0.0341594 0.00109348 -0.000139561 -0.00431411 -0.0368816 0.00213099 -0.00423382
30 -41.5 10 -0.120807 -2.51679 0.00538424 -0.0130903 -2.74805 0.0176254 -0.00455157 0.000696354 0.0341901 0.00108229 -0.00013236 -0.00423442 -0.0372071 0.00203477 -0.00428178
30 -41 10 -0.115734 -2.52924 0.00508289 -0.00890325 -2.74828 0.0172409 -0.0045767 0.00067781 0.0341647 0.0010545 -0.000129699 -0.0042126 -0.0374173 0.00195572 -0.0043774
30 -40.5 10 -0.110059 -2.53927 0.00513191 -0.00756935 -2.74671 0.0159433 -0.00455453 0.000656079 0.0341455 0.00107605 -0.000133506 -0.00418553 -0.0376047 0.00186007 -0.00434039
30 -40 10 -0.10431 -2.54917 0.00515271 -0.00402868 -2.74749 0.01482 -0.00455338 0.000640871 0.0341454 0.00107928 -0.000132596 -0.00412988 -0.0378485 0.0017688 -0.00435417
30 -39.5 10 -0.0995493 -2.5592 0.00486339 -0.000537321 -2.74545 0.0149719 -0.00455263 0.000632096 0.0341051 0.00107626 -0.000125303 -0.00412173 -0.0379835 0.00169345 -0.00437956
30 -39 10 -0.0951689 -2.56831 0.00512278 0.00376327 -2.74246 0.0163421 -0.00454649 0.000622471 0.0340365 0.00106995 -0.000120764 -0.00416422 -0.0379986 0.00162454 -0.0044011
30 -38.5 10 -0.0904117 -2.57779 0.00482841 0.00426532 -2.74664 0.0147042 -0.00455968 0.000604426 0.0340715 0.00106964 -0.000123081 -0.00407388 -0.0383204 0.00154577 -0.00443558
30 -38 10 -0.0854481 -2.58637 0.00505107 0.00918049 -2.74604 0.0153382 -0.00453883 0.000588769 0.0340843 0.00108627 -0.000120536 -0.00400629 -0.0385771 0.00147148 -0.00440379
30 -37.5 10 -0.0809073 -2.59444 0.004839 0.0113331 -2.74778 0.0163093 -0.00454655 0.000583661 0.0341009 0.0010833 -0.000108541 -0.00395059 -0.0388093 0.00139973 -0.00443377
30 -37 10 -0.0771233 -2.6017 0.00442621 0.0113058 -2.74435 0.0142629 -0.00455263 0.000568675 0.0340454 0.00107709 -0.000109587 -0.00396384 -0.0388495 0.00133286 -0.00446688
30 -36.5 10 -0.0725461 -2.60883 0.00437481 0.01505 -2.74011 0.0149034 -0.0045669 0.000560605 0.0340344 0.00105469 -0.000105722 -0.00394117 -0.0389958 0.00126206 -0.00453328
30 -36 10 -0.0675818 -2.61548 0.00426795 0.0225137 -2.74285 0.016332 -0.00457949 0.000549493 0.0340888 0.00104172 -9.93098e-05 -0.00383646 -0.0393183 0.00119381 -0.00457984
30 -35.5 10 -0.0636481 -2.62201 0.00455922 0.0230031 -2.74096 0.0180057 -0.0045636 0.000547318 0.0340518 0.00106378 -8.57464e-05 -0.00382455 -0.0394011 0.00112683 -0.00454342
30 -35 10 -0.0597057 -2.62793 0.00439027 0.0216561 -2.73657 0.0141649 -0.00457783 0.000529982 0.0340479 0.00103805 -9.09857e-05 -0.00379756 -0.039542 0.00105485 -0.00461155
30 -34.5 10 -0.0561689 -2.63347 0.00419034 0.0244525 -2.735 0.013119 -0.00458193 0.000512619 0.0340174 0.00103417 -9.60262e-05 -0.00378961 -0.03961 0.000998876 -0.00463453
30 -34 10 -0.0524567 -2.63849 0.0041346 0.0282365 -2.73402 0.0145749 -0.00457263 0.000501788 0.0340185 0.0010458 -9.27778e-05 -0.00373815 -0.039769 0.000943195 -0.00461726
30 -33.5 10 -0.048686 -2.64329 0.00387459 0.0305465 -2.72638 0.0149877 -0.00455778 0.000491696 0.0339865 0.00105361 -8.69092e-05 -0.00372676 -0.0398381 0.000883319 -0.0046008
30 -33 10 -0.0456057 -2.64836 0.00378499 0.030621 -2.72829 0.0143221 -0.00455964 0.000480337 0.0339963 0.00104658 -8.34671e-05 -0.00367418 -0.0400055 0.000830331 -0.00462235
30 -32.5 10 -0.0425428 -2.65288 0.00370136 0.0301983 -2.72582 0.0154219 -0.00455573 0.000476716 0.0339705 0.00104893 -7.6744e-05 -0.00365563 -0.0400778 0.000777454 -0.00462459
30 -32 10 -0.0391681 -2.65686 0.00347763 0.0314913 -2.72018 0.0153125 -0.00455205 0.000466349 0.0339645 0.00105067 -7.4608e-05 -0.00361972 -0.0401967 0.000722287 -0.0046284
30 -31.5 10 -0.0359817 -2.65979 0.00305445 0.0360601 -2.71486 0.0125649 -0.00454272 0.00044528 0.0339253 0.00105334 -8.01482e-05 -0.00361071 -0.0402159 0.000675125 -0.00462096
30 -31 10 -0.0330582 -2.66304 0.00286456 0.0363202 -2.71496 0.0116494 -0.00454378 0.000436516 0.0339375 0.00105282 -7.87482e-05 -0.00355481 -0.0403629 0.000625136 -0.00462959
30 -30.5 10 -0.0299842 -2.66664 0.00266201 0.0379785 -2.71243 0.010725 -0.0045586 0.000427837 0.0339411 0.00103347 -7.61861e-05 -0.00351674 -0.0404851 0.000575102 -0.00468433
30 -30 10 -0.0268386 -2.6695 0.00253497 0.0407958 -2.71024 0.0097549 -0.00456602 0.000417864 0.033954 0.00102025 -7.30377e-05 -0.00346308 -0.0406273 0.000525468 -0.00471901
30 -29.5 10 -0.0244288 -2.67069 0.00278391 0.0414599 -2.69882 0.0115317 -0.00454188 0.00041833 0.0338917 0.00103682 -6.5319e-05 -0.0034615 -0.0405863 0.00048538 -0.00467235
30 -29 10 -0.0219406 -2.67321 0.00248176 0.0451306 -2.69692 0.010543 -0.00452411 0.000406085 0.0338807 0.00104816 -6.65397e-05 -0.00342269 -0.0406698 0.000448827 -0.0046395
30 -28.5 10 -0.0194598 -2.67516 0.00238392 0.047953 -2.69418 0.0100151 -0.00453189 0.000392459 0.0338734 0.00103882 -6.75486e-05 -0.00337762 -0.0407586 0.000410368 -0.00466783
30 -28 10 -0.0172539 -2.67695 0.00236048 0.0472007 -2.68882 0.0118327 -0.0045355 0.000391684 0.0338347 0.00103003 -6.02655e-05 -0.00337298 -0.0407522 0.000372235 -0.00469066
30 -27.5 10 -0.0148692 -2.67835 0.00214893 0.0493718 -2.68626 0.0109381 -0.0045351 0.000381256 0.0338177 0.00102588 -5.90313e-05 -0.00333163 -0.040813 0.000334404 -0.0046997
30 -27 10 -0.0129301 -2.67903 0.00184994 0.0511028 -2.6771 0.0104427 -0.00451395 0.000368633 0.0337969 0.00102865 -6.1213e-05 -0.003295 -0.040861 0.000303886 -0.00467356
30 -26.5 10 -0.0111211 -2.6804 0.00167074 0.0505886 -2.66799 0.00988135 -0.00452664 0.000366278 0.0337606 0.00101087 -5.75471e-05 -0.00328477 -0.0408641 0.000272026 -0.00472161
30 -26 10 -0.00936608 -2.68136 0.00180434 0.0530271 -2.66975 0.0108226 -0.00452206 0.000365298 0.0337619 0.00101576 -4.97426e-05 -0.0032191 -0.0409668 0.000244875 -0.00470974
30 -25.5 10 -0.0078926 -2.68221 0.00149285 0.0537389 -2.66409 0.0117369 -0.00453375 0.0003608 0.0337463 0.0010048 -4.30241e-05 -0.00317044 -0.0410341 0.000220873 -0.00474437
30 -25 10 -0.00652464 -2.68272 0.00123182 0.0553878 -2.65661 0.0110081 -0.00453139 0.000353306 0.0337139 0.000998229 -4.21054e-05 -0.00314131 -0.0410498 0.000199684 -0.00475459
30 -24.5 10 -0.00550474 -2.68259 0.000998952 0.0561049 -2.64924 0.00944108 -0.00451081 0.000342844 0.0336621 0.00100478 -4.66454e-05 -0.00312481 -0.0410115 0.000182799 -0.00472161
30 -24 10 -0.00423081 -2.68312 0.000669183 0.0568058 -2.64386 0.00899689 -0.00452015 0.000337878 0.0336454 0.000982556 -4.19761e-05 -0.0030765 -0.0410702 0.000161463 -0.00476707
30 -23.5 10 -0.0028322 -2.68279 0.000365278 0.0624131 -2.63895 0.00967198 -0.00452206 0.000329074 0.0336135 0.000970476 -3.92458e-05 -0.00303644 -0.0410824 0.000146224 -0.00478704
30 -23 10 -0.00214708 -2.68253 1.27152e-05 0.0643761 -2.63174 0.00958984 -0.00451129 0.000317404 0.0335831 0.000981405 -4.39938e-05 -0.00298741 -0.0411125 0.000136889 -0.00476118
30 -22.5 10 -0.00155387 -2.68271 -0.00051021 0.0666648 -2.62838 0.00611935 -0.00449644 0.000299643 0.0335731 0.000980978 -5.62982e-05 -0.00291721 -0.0411994 0.00012747 -0.00474424
30 -22 10 -0.00109647 -2.68269 -0.000753186 0.0684861 -2.61925 0.00716499 -0.00449178 0.000305373 0.0334931 0.00096904 -4.72498e-05 -0.00291207 -0.0411117 0.000123243 -0.00475773
30 -21.5 10 -0.00103567 -2.68216 -0.00095293 0.0694143 -2.61061 0.00894647 -0.00448827 0.000304696 0.0334312 0.000965486 -4.51116e-05 -0.00288258 -0.0410709 0.000123815 -0.0047606
30 -21 10 -0.00118737 -2.68192 -0.0011716 0.0703084 -2.60511 0.0100179 -0.00447294 0.000300581 0.0333959 0.000970777 -4.40329e-05 -0.00282001 -0.0411089 0.000126445 -0.00473526
30 -20.5 10 -0.00156023 -2.68168 -0.00163887 0.0691708 -2.59707 0.00977165 -0.0044573 0.00029855 0.0333416 0.000970341 -4.39797e-05 -0.00277445 -0.0411026 0.000130359 -0.00471827
30 -20 10 -0.00221109 -2.68076 -0.00215064 0.0688919 -2.58751 0.00914601 -0.00445229 0.000289654 0.0332784 0.000958069 -4.65577e-05 -0.00272844 -0.0410752 0.000139943 -0.00473017
30 -19.5 10 -0.00327816 -2.68019 -0.00243212 0.0688075 -2.57605 0.0093481 -0.00444942 0.000293672 0.0331812 0.000947467 -4.25143e-05 -0.00271536 -0.0409679 0.000157645 -0.00474423
30 -19 10 -0.00478703 -2.67989 -0.00286253 0.0684851 -2.57354 0.00943254 -0.00443407 0.000293151 0.0331585 0.000947588 -4.33296e-05 -0.00260923 -0.0410725 0.000179527 -0.00472428
30 -18.5 10 -0.00655151 -2.68019 -0.00392557 0.0665149 -2.56944 0.00548413 -0.00442362 0.000282557 0.0331353 0.000949557 -5.54444e-05 -0.00250807 -0.0411817 0.000203242 -0.00471093
30 -18 10 -0.00818679 -2.68011 -0.00431656 0.0686492 -2.56209 0.006022 -0.00441591 0.000285984 0.0330635 0.000944038 -5.44946e-05 -0.00244634 -0.0411723 0.000231685 -0.00471124
30 -17.5 10 -0.00974561 -2.68027 -0.00435247 0.071694 -2.55319 0.00810028 -0.00440335 0.000299945 0.032971 0.000945949 -4.98731e-05 -0.00239616 -0.0411258 0.00025997 -0.00469673
30 -17 10 -0.0120122 -2.67886 -0.00523794 0.0726733 -2.54113 0.0072037 -0.0043733 0.000286541 0.0328152 0.000936687 -5.67138e-05 -0.0023787 -0.0409304 0.000298352 -0.00467139
30 -16.5 10 -0.0147134 -2.67907 -0.0060026 0.0741607 -2.52927 0.00748384 -0.00436381 0.000288703 0.0327129 0.000930039 -6.14518e-05 -0.0023323 -0.0408695 0.000343718 -0.00467372
30 -16 10 -0.0179122 -2.68022 -0.00681393 0.0745562 -2.52092 0.00691265 -0.00436381 0.000287903 0.0326193 0.000908551 -6.14573e-05 -0.00227531 -0.0408443 0.000394968 -0.00470766
30 -15.5 10 -0.0223816 -2.68234 -0.00817097 0.0675756 -2.5192 0.00456278 -0.00437421 0.000285552 0.0325626 0.000873057 -6.23873e-05 -0.00214838 -0.0409645 0.000456853 -0.00477215
30 -15 10 -0.0263693 -2.68155 -0.0088483 0.0689182 -2.50037 0.00434304 -0.00432976 0.000287442 0.0323648 0.000877039 -7.33319e-05 -0.0021408 -0.0407161 0.000521548 -0.00471509
30 -14.5 10 -0.0316023 -2.68345 -0.0101126 0.0633748 -2.49453 0.00280318 -0.00431387 0.000296054 0.0322387 0.000872048 -7.93833e-05 -0.00204518 -0.040703 0.000597248 -0.00470755
30 -14 10 -0.0369671 -2.68509 -0.0111763 0.0584444 -2.48381 0.00223772 -0.00429241 0.000304836 0.0320894 0.000869637 -8.16972e-05 -0.00197296 -0.0406294 0.000675739 -0.00469077
30 -13.5 10 -0.0436852 -2.68718 -0.0125074 0.0520808 -2.47325 0.00109174 -0.0042577 0.000316987 0.031928 0.00087101 -8.70402e-05 -0.00188733 -0.0405623 0.000773639 -0.00465269
30 -13 10 -0.0503471 -2.68985 -0.0136148 0.0489237 -2.46273 0.00190158 -0.0042244 0.000330285 0.0317491 0.000871635 -9.46417e-05 -0.00180969 -0.0404693 0.000873091 -0.00461882
30 -12.5 10 -0.0574309 -2.69287 -0.0149018 0.0460376 -2.45316 0.0022542 -0.00419782 0.000344192 0.0315667 0.000869193 -0.000105338 -0.00172056 -0.0403893 0.000978314 -0.00459826
30 -12 10 -0.0648461 -2.69551 -0.0166567 0.0410869 -2.44734 -0.000487135 -0.0041841 0.000351471 0.031399 0.000849102 -0.000118563 -0.00159808 -0.0403598 0.00108552 -0.00461396
30 -11.5 10 -0.0738983 -2.70133 -0.0185176 0.0332611 -2.43411 -0.00255411 -0.00413506 0.000368485 0.0311539 0.000854874 -0.000123066 -0.00152893 -0.0402145 0.00121373 -0.00456033
30 -11 10 -0.0838716 -2.70496 -0.0202835 0.0235646 -2.41921 -0.00403512 -0.00411385 0.000377639 0.0308864 0.000818184 -0.000130719 -0.00147239 -0.0399886 0.00135267 -0.00459159
30 -10.5 10 -0.0944469 -2.70974 -0.0222527 0.0125501 -2.40827 -0.00627706 -0.00408283 0.000385789 0.0306271 0.000796824 -0.000143534 -0.00137741 -0.0398334 0.00149789 -0.00459134
30 -10 10 -0.106306 -2.71645 -0.0243946 0.000688428 -2.39489 -0.00895961 -0.00402499 0.000407417 0.030329 0.000801066 -0.00016129 -0.00128081 -0.0396557 0.00165803 -0.00452933
30 -9.5 10 -0.119097 -2.72327 -0.0263227 -0.0124155 -2.38053 -0.00946943 -0.00396471 0.000442925 0.0300171 0.000810009 -0.000169604 -0.00118655 -0.039455 0.00182845 -0.00445968
30 -9 10 -0.133379 -2.73 -0.0279232 -0.0292586 -2.36733 -0.00690792 -0.00394768 0.000474643 0.0296827 0.000776327 -0.000170008 -0.00108247 -0.0392296 0.00201613 -0.00449884
30 -8.5 10 -0.149687 -2.74061 -0.0305063 -0.0565223 -2.35816 -0.00882207 -0.0039104 0.000515451 0.0293427 0.000762878 -0.000191738 -0.000949416 -0.039082 0.00222557 -0.0044921
30 -8 10 -0.167346 -2.75145 -0.0329761 -0.0845437 -2.34383 -0.0106954 -0.00384545 0.000553972 0.0288943 0.00074398 -0.000204198 -0.000880529 -0.0387107 0.00243987 -0.00445613
30 -7.5 10 -0.186 -2.76213 -0.0368348 -0.110341 -2.32181 -0.0155702 -0.00376705 0.000582009 0.028426 0.000748 -0.000224387 -0.000794841 -0.0383265 0.00266332 -0.00437593
30 -7 10 -0.207054 -2.77855 -0.0402465 -0.147903 -2.31041 -0.0202683 -0.00367441 0.000612763 0.0279926 0.000745316 -0.000256534 -0.000687964 -0.0380849 0.0029135 -0.00428825
30 -6.5 10 -0.228213 -2.79302 -0.0440903 -0.183453 -2.29103 -0.0264452 -0.00359447 0.000641908 0.0275061 0.000732733 -0.000276863 -0.000610031 -0.0377032 0.00315222 -0.0042282
30 -6 10 -0.251756 -2.80945 -0.0483309 -0.226745 -2.26925 -0.032059 -0.00350606 0.000679292 0.0269469 0.000714179 -0.000291601 -0.000557626 -0.0372085 0.00340208 -0.00416716
30 -5.5 10 -0.280754 -2.82951 -0.0525738 -0.290133 -2.24586 -0.0326773 -0.00342796 0.000767403 0.0263024 0.000695513 -0.000307087 -0.000504793 -0.0366295 0.00369777 -0.00413189
30 -5 10 -0.312404 -2.84922 -0.0581465 -0.354385 -2.21383 -0.0435533 -0.00330996 0.000793384 0.0256101 0.000693944 -0.000318542 -0.000490063 -0.0359259 0.00399463 -0.00401475
30 -4.5 10 -0.346255 -2.87256 -0.0640162 -0.428039 -2.18164 -0.0469995 -0.00312777 0.000897168 0.0248617 0.00069773 -0.000362364 -0.000518488 -0.0351227 0.00427699 -0.00380903
30 -4 10 -0.385009 -2.90267 -0.0690985 -0.524481 -2.14034 -0.0565288 -0.00295367 0.000973995 0.024051 0.00070438 -0.000393387 -0.000548291 -0.0342968 0.00456828 -0.00361729
30 -3.5 10 -0.423068 -2.93507 -0.0751657 -0.623503 -2.09497 -0.0651873 -0.0027797 0.00106561 0.0232203 0.000709986 -0.000418321 -0.000602942 -0.0334185 0.00480524 -0.0034306
30 -3 10 -0.466362 -2.97436 -0.0830173 -0.734537 -2.03783 -0.0646054 -0.00257158 0.00116911 0.0223411 0.000692345 -0.000444121 -0.000718598 -0.032459 0.00502999 -0.00322847
30 -2.5 10 -0.513276 -3.01645 -0.09196 -0.850375 -1.9828 -0.064817 -0.00237057 0.00124984 0.0214354 0.000652687 -0.000466591 -0.000867385 -0.0314271 0.00522018 -0.00305065
30 -2 10 -0.560016 -3.06294 -0.101951 -0.982366 -1.92975 -0.0773205 -0.00221836 0.00126696 0.0205276 0.000641493 -0.000457665 -0.00100539 -0.0304204 0.00534234 -0.00290835
30 -1.5 10 -0.607418 -3.10248 -0.115507 -1.1357 -1.83509 -0.0905888 -0.00199135 0.00133506 0.0195684 0.000613865 -0.000507793 -0.00127595 -0.0291304 0.00530576 -0.00264294
30 -1 10 -0.649989 -3.13273 -0.127999 -1.27948 -1.74487 -0.104087 -0.00177946 0.00138288 0.0187276 0.000606611 -0.000540706 -0.0015666 -0.0279071 0.00516645 -0.00236158
30 -0.5 10 -0.693833 -3.14046 -0.133019 -1.36188 -1.68559 -0.109519 -0.00167254 0.00140743 0.0180904 0.000621126 -0.000540359 -0.00169595 -0.0269128 0.00519825 -0.0022231
30 0 10 -0.727519 -3.15071 -0.13022 -1.44599 -1.60091 -0.10763 -0.0014927 0.00139837 0.0174317 0.000578578 -0.000530351 -0.00196751 -0.0258238 0.00498451 -0.00201364
30 0.5 10 -0.804287 -3.43933 -0.130967 -1.46023 -1.12708 -0.0900552 -0.00928592 0.00149885 0.151265 0.00701835 -0.000542601 -0.0402421 -0.237374 0.031741 -0.0122201
30 1 10 -0.763845 -3.4551 -0.125217 -1.19774 -1.079 -0.0755082 -0.00964702 0.00157515 0.150417 0.00753096 -0.000460659 -0.0428157 -0.236672 0.0321261 -0.0129285
30 1.5 10 -0.724927 -3.49651 -0.112488 -0.950549 -0.978023 -0.07038 -0.00860976 0.00107924 0.146022 0.00725372 -0.000768089 -0.0489345 -0.231321 0.0298993 -0.0115311
30 2 10 -0.673932 -3.53514 -0.101518 -0.750503 -0.852585 -0.0511891 -0.00759733 0.0008516 0.140102 0.00749773 -0.000817213 -0.0547688 -0.22427 0.0268512 -0.0102129
30 2.5 10 -0.614882 -3.54454 -0.0940913 -0.57884 -0.77155 -0.0392746 -0.0066795 0.000617901 0.134972 0.00774655 -0.000777964 -0.0581962 -0.216743 0.0248151 -0.00881426
30 3 10 -0.55393 -3.55122 -0.0852991 -0.439667 -0.698602 -0.0260019 -0.00595794 0.000617014 0.130521 0.00775552 -0.000629045 -0.0607535 -0.210516 0.0229474 -0.00790258
30 3.5 10 -0.488846 -3.55205 -0.0757496 -0.33131 -0.613141 -0.00932438 -0.00530398 0.000612299 0.126362 0.00771223 -0.000524106 -0.0628749 -0.205125 0.0206351 -0.00711849
30 4 10 -0.43126 -3.57485 -0.0667427 -0.224477 -0.571616 0.000214792 -0.00469903 0.000374933 0.123562 0.00762601 -0.000501697 -0.0648974 -0.202298 0.0195174 -0.00624412
30 4.5 10 -0.379141 -3.56874 -0.0568057 -0.167224 -0.47322 0.0104622 -0.00430069 0.000510595 0.11907 0.00762088 -0.00036149 -0.0670859 -0.196576 0.017125 -0.00593742
30 5 10 -0.321863 -3.57435 -0.0488174 -0.102577 -0.456028 0.0124126 -0.00356887 0.000432478 0.116052 0.00743994 -0.00039744 -0.0671093 -0.192091 0.0153678 -0.00473101
30 5.5 10 -0.268163 -3.57613 -0.0442356 -0.0537101 -0.433772 0.0112643 -0.00309483 0.000368121 0.113793 0.00735795 -0.000357718 -0.0673966 -0.188842 0.0135575 -0.00397767
30 6 10 -0.219298 -3.57392 -0.0363679 -0.0190005 -0.409018 0.0186546 -0.00325079 0.000250865 0.111935 0.00719968 -0.000187437 -0.0669733 -0.186321 0.0117635 -0.00436237
30 6.5 10 -0.181243 -3.5612 -0.0327554 -0.00480656 -0.374175 0.0178175 -0.00303115 4.22789e-05 0.109953 0.00716326 -8.61841e-05 -0.0666122 -0.183318 0.00991745 -0.00406074
30 7 10 -0.143657 -3.54968 -0.0284329 0.0128823 -0.350708 0.018904 -0.0027704 -4.65398e-05 0.108453 0.00686503 6.22161e-06 -0.0661253 -0.180892 0.00832021 -0.00370981
30 7.5 10 -0.10756 -3.54364 -0.0262027 0.0269173 -0.353471 0.0174841 -0.00251578 1.64269e-05 0.108599 0.00679294 0.000116021 -0.0649777 -0.180936 0.00680736 -0.00325627
30 8 10 -0.0783392 -3.54457 -0.0218533 0.0375852 -0.342491 0.0204118 -0.0024875 7.41892e-05 0.107441 0.00700076 0.000282949 -0.0647955 -0.179323 0.00552474 -0.0032073
30 8.5 10 -0.0595819 -3.52722 -0.0203052 0.0286558 -0.31512 0.015427 -0.00250204 6.54671e-05 0.105744 0.00658297 0.000274928 -0.0643076 -0.17636 0.00414778 -0.00337342
30 9 10 -0.0380678 -3.51275 -0.0162728 0.0244867 -0.297193 0.0165833 -0.00215285 6.35428e-05 0.104005 0.00661908 0.000258996 -0.0640757 -0.173151 0.00283651 -0.00279568
30 9.5 10 -0.0200978 -3.50191 -0.0149086 0.0227175 -0.291537 0.0146732 -0.00215438 1.73076e-05 0.103975 0.00643007 0.000327053 -0.0632574 -0.172836 0.00182659 -0.00283139
30 10 10 -0.00472829 -3.49287 -0.0144309 0.0212934 -0.289257 0.0122379 -0.00235283 -9.86184e-05 0.103825 0.0063375 0.000406108 -0.0625371 -0.172281 0.000967025 -0.00318793
30 10.5 10 0.00796604 -3.47811 -0.0131845 0.0179256 -0.285722 0.0138315 -0.00232116 -0.000155465 0.10314 0.00611245 0.000448563 -0.0617272 -0.170552 0.000200015 -0.00316
30 11 10 0.0179404 -3.47158 -0.010117 0.0124652 -0.282124 0.0194034 -0.00224789 1.28139e-06 0.103022 0.006158 0.000588262 -0.0612404 -0.170192 -0.000471325 -0.00302954
30 11.5 10 0.0284541 -3.45709 -0.013403 0.0115503 -0.272109 0.0108191 -0.00211255 -0.000183935 0.102498 0.00609684 0.000596104 -0.0608008 -0.168905 -0.00105997 -0.00282131
30 12 10 0.0418798 -3.44662 -0.0101027 0.0179104 -0.255716 0.0150731 -0.00210289 -5.53537e-05 0.101732 0.00590403 0.000660801 -0.0606885 -0.167562 -0.00153167 -0.00286429
30 12.5 10 0.0460217 -3.44161 -0.0118604 0.0114861 -0.263559 0.010392 -0.00212521 -0.000112559 0.101515 0.00585455 0.000674996 -0.0602632 -0.16675 -0.00194682 -0.00288427
30 13 10 0.0444778 -3.42813 -0.0139587 -0.00352897 -0.269816 0.00713878 -0.00216088 -0.000206485 0.10178 0.00589686 0.000700362 -0.0594048 -0.166448 -0.00233217 -0.00291419
30 13.5 10 0.0516121 -3.42152 -0.014768 2.64128e-05 -0.260876 0.00430858 -0.00210167 -0.000183943 0.101286 0.0058789 0.000781561 -0.0593758 -0.165534 -0.00258483 -0.00283335
30 14 10 0.0540289 -3.41283 -0.0120608 -0.00502819 -0.257605 0.00980354 -0.00200005 -0.000100984 0.101051 0.00582862 0.000870355 -0.0591899 -0.164816 -0.00283801 -0.0026671
30 14.5 10 0.0559126 -3.40618 -0.0104324 -0.0113805 -0.253504 0.0134305 -0.0018331 -4.54023e-05 0.100805 0.00577043 0.000941721 -0.0590957 -0.164195 -0.00310608 -0.00239715
30 15 10 0.0552811 -3.39567 -0.0110456 -0.0154318 -0.259862 0.0106806 -0.00185474 -0.000155844 0.101168 0.00572083 0.00091855 -0.0584799 -0.164174 -0.00320677 -0.00241712
30 15.5 10 0.0533785 -3.38022 -0.0122941 -0.0220253 -0.256789 0.0086386 -0.00199318 -0.000294852 0.100592 0.00579516 0.000901281 -0.0582374 -0.162539 -0.00328878 -0.00264242
30 16 10 0.0548807 -3.37208 -0.0125859 -0.0244389 -0.247201 0.00965528 -0.00204164 -0.000213067 0.0999397 0.00595293 0.000970192 -0.05837 -0.161294 -0.00341404 -0.00272421
30 16.5 10 0.0578381 -3.36756 -0.0156731 -0.0234207 -0.259046 0.00464725 -0.00208047 -0.000199844 0.100357 0.00578798 0.00100577 -0.0578997 -0.161484 -0.00355051 -0.00277094
30 17 10 0.0583097 -3.36056 -0.0170917 -0.0250435 -0.252248 0.00141134 -0.00214518 -0.000279999 0.100225 0.00570402 0.000999647 -0.0579557 -0.1611 -0.0036254 -0.00290577
30 17.5 10 0.0502087 -3.34928 -0.0192943 -0.0391947 -0.263323 5.46725e-05 -0.00218472 -0.000357301 0.100515 0.00563136 0.00102716 -0.0572948 -0.160786 -0.00362495 -0.00294628
30 18 10 0.0518292 -3.34562 -0.0202581 -0.035368 -0.266965 0.000123289 -0.00204354 -0.000370059 0.100396 0.0054446 0.00103969 -0.0572175 -0.16031 -0.00359253 -0.00271967
30 18.5 10 0.0491457 -3.3369 -0.0182094 -0.0394171 -0.257387 0.00363727 -0.00214251 -0.00033015 0.100294 0.00554801 0.00109964 -0.0572181 -0.159978 -0.00356261 -0.00289046
30 19 10 0.0510681 -3.32793 -0.0160507 -0.0352669 -0.25328 0.00882979 -0.00223046 -0.000311825 0.0998635 0.00556804 0.00117467 -0.0572313 -0.158929 -0.00351662 -0.00303495
30 19.5 10 0.049893 -3.32095 -0.0183138 -0.0386601 -0.257523 0.00623207 -0.00230266 -0.000402978 0.0994913 0.00549323 0.00118237 -0.0570858 -0.15786 -0.00354723 -0.0031491
30 20 10 0.0481153 -3.31622 -0.0211818 -0.0408304 -0.261844 0.00232123 -0.00229471 -0.000420648 0.0992529 0.00546536 0.00120255 -0.0570095 -0.157114 -0.00352101 -0.00312402
30 20.5 10 0.0486564 -3.3088 -0.0206234 -0.0344666 -0.254372 0.00422073 -0.00222862 -0.000350276 0.0990383 0.00554134 0.00125395 -0.0569963 -0.156606 -0.00335698 -0.00301238
30 21 10 0.0503944 -3.29721 -0.0216214 -0.0286055 -0.252467 0.00281264 -0.00209105 -0.00034262 0.0989642 0.00550948 0.00127234 -0.0566769 -0.156004 -0.0032739 -0.00277867
30 21.5 10 0.0513802 -3.2899 -0.0227519 -0.0295936 -0.270585 0.00433641 -0.00229656 -0.000411617 0.0990874 0.00550283 0.00130575 -0.0562148 -0.155396 -0.00333931 -0.00306312
30 22 10 0.0522134 -3.28072 -0.0237436 -0.0299194 -0.271113 0.00439431 -0.00223374 -0.000444162 0.0986032 0.00550465 0.0013394 -0.056207 -0.154134 -0.00337643 -0.00294958
30 22.5 10 0.0549653 -3.28297 -0.0261533 -0.0266485 -0.266834 -0.000338722 -0.00207351 -0.000484778 0.0985174 0.00561325 0.00136304 -0.0563457 -0.154203 -0.00343212 -0.00268621
30 23 10 0.0507513 -3.27755 -0.0288588 -0.0309581 -0.265752 -0.00391346 -0.00215264 -0.000658423 0.0984517 0.00552276 0.0013208 -0.0563037 -0.153866 -0.00334955 -0.00283101
30 23.5 10 0.0511128 -3.26401 -0.0316851 -0.0321576 -0.259686 -0.00840895 -0.00214722 -0.000692544 0.0981151 0.00547443 0.00132651 -0.056236 -0.152828 -0.00340068 -0.00283249
30 24 10 0.0519015 -3.2609 -0.0316413 -0.0323313 -0.269607 -0.00640669 -0.00231822 -0.000628258 0.0982647 0.00540103 0.00137443 -0.0560987 -0.152659 -0.00343754 -0.00309019
30 24.5 10 0.0509088 -3.25437 -0.0302922 -0.0333351 -0.256449 -0.00251188 -0.00246959 -0.000486849 0.097849 0.00541005 0.0014632 -0.0563375 -0.152 -0.00339909 -0.00336155
30 25 10 0.0484753 -3.2441 -0.0278592 -0.0350805 -0.251269 0.00331287 -0.00216021 -0.000392975 0.0969297 0.0055246 0.00150706 -0.0563234 -0.150157 -0.00329803 -0.00284585
30 25.5 10 0.0483552 -3.23806 -0.0297186 -0.0356501 -0.257471 0.000608461 -0.00225389 -0.000602275 0.0970085 0.0054195 0.00148489 -0.0559969 -0.14986 -0.00330844 -0.00299247
30 26 10 0.0504467 -3.24068 -0.0298373 -0.032691 -0.263946 0.00145355 -0.00226066 -0.000687711 0.0974026 0.00547054 0.00155884 -0.0558927 -0.15046 -0.00333271 -0.0029839
30 26.5 10 0.0493845 -3.2317 -0.0298412 -0.0336902 -0.271432 0.00264887 -0.00212257 -0.000610325 0.0975727 0.00548988 0.00161308 -0.0555206 -0.150139 -0.0033056 -0.00272693
30 27 10 0.0458867 -3.22151 -0.0302903 -0.0387354 -0.278388 0.00421748 -0.0020613 -0.000515666 0.0977579 0.00546401 0.00165413 -0.0551511 -0.149798 -0.0032683 -0.00260356
30 27.5 10 0.0470467 -3.21388 -0.0299028 -0.0388893 -0.277691 0.00453078 -0.00226585 -0.000587431 0.0972756 0.00553234 0.00166207 -0.0550923 -0.14868 -0.00331309 -0.00291909
30 28 10 0.0487827 -3.20818 -0.0332208 -0.0366984 -0.275472 -0.00126626 -0.00223703 -0.00072002 0.0972287 0.00552246 0.00165006 -0.0550371 -0.148394 -0.00334776 -0.0028756
30 28.5 10 0.0508858 -3.20654 -0.0364001 -0.0329621 -0.268754 -0.00666619 -0.00224267 -0.000837969 0.0966726 0.00547417 0.00163383 -0.0552957 -0.147572 -0.00334839 -0.00290825
30 29 10 0.0473724 -3.19895 -0.0383409 -0.0406167 -0.26654 -0.00738447 -0.00234859 -0.000858876 0.0961301 0.00545185 0.00168888 -0.0553781 -0.146387 -0.0033767 -0.00308458
30 29.5 10 0.0432469 -3.19168 -0.0388821 -0.0490466 -0.264314 -0.00519565 -0.002431 -0.000828297 0.0955993 0.0054481 0.00175951 -0.0554235 -0.145248 -0.00339325 -0.00322055
30 30 10 0.0431191 -3.18294 -0.0365024 -0.0486739 -0.273453 0.00124334 -0.00226942 -0.000727845 0.0959919 0.00533552 0.00182812 -0.0548591 -0.145282 -0.00335991 -0.0029424
30 30.5 10 0.044831 -3.17435 -0.039583 -0.0430464 -0.281616 -0.00279546 -0.00218349 -0.000879851 0.0964443 0.00530138 0.00180074 -0.0544176 -0.145427 -0.00329729 -0.00277759
30 31 10 0.044716 -3.17529 -0.0401476 -0.0426437 -0.282758 -0.00340647 -0.00217433 -0.000842145 0.0957779 0.005493 0.00186394 -0.0546392 -0.14435 -0.00327212 -0.00273404
30 31.5 10 0.0459789 -3.16666 -0.0392633 -0.0424566 -0.275192 -0.00188504 -0.00202319 -0.000806442 0.0951246 0.0054596 0.00189821 -0.0547652 -0.143092 -0.00331486 -0.00251099
30 32 10 0.0477968 -3.15809 -0.0379095 -0.0414807 -0.272462 0.00184137 -0.00198205 -0.00074822 0.0950997 0.00548668 0.00196432 -0.0546259 -0.142741 -0.00336307 -0.00244092
30 32.5 10 0.0478535 -3.15105 -0.0368201 -0.0440769 -0.277205 0.0052949 -0.00201916 -0.000720542 0.0955149 0.0054581 0.00201688 -0.0542667 -0.142983 -0.00342969 -0.00248641
30 33 10 0.048209 -3.14724 -0.0394782 -0.0430825 -0.277165 0.00157748 -0.00200442 -0.000804688 0.0951532 0.00547461 0.00201999 -0.0543688 -0.142218 -0.00342091 -0.00245842
30 33.5 10 0.0455094 -3.13741 -0.0419077 -0.048242 -0.275165 -0.00107812 -0.00204903 -0.000874156 0.0949454 0.00546393 0.00200836 -0.0543164 -0.141486 -0.00343063 -0.00253092
30 34 10 0.0453678 -3.12823 -0.0426216 -0.0497845 -0.280117 -0.000341736 -0.00215514 -0.000898677 0.0947298 0.00541785 0.00203234 -0.0540558 -0.140616 -0.00344941 -0.00268305
30 34.5 10 0.0509891 -3.11837 -0.0408784 -0.0429398 -0.269543 0.00425744 -0.00214329 -0.000746466 0.0943629 0.00549177 0.00213331 -0.0541152 -0.139856 -0.00351209 -0.00266649
30 35 10 0.0551891 -3.11506 -0.0423259 -0.0373542 -0.274546 0.00167647 -0.00219336 -0.000782386 0.0941469 0.00554506 0.00218128 -0.0539924 -0.139243 -0.0035553 -0.00271737
30 35.5 10 0.0531378 -3.11299 -0.0479386 -0.0433526 -0.281032 -0.00891143 -0.00194093 -0.00105689 0.0938918 0.00544597 0.00212127 -0.0539099 -0.138583 -0.00364091 -0.00232987
30 36 10 0.0531829 -3.09963 -0.046907 -0.0440908 -0.281658 -0.00423065 -0.00202148 -0.00106794 0.0937426 0.00542681 0.00215537 -0.0536529 -0.137748 -0.00363962 -0.00244458
30 36.5 10 0.0517742 -3.09108 -0.0474671 -0.0468036 -0.280296 -0.00404802 -0.00219134 -0.00108623 0.0929651 0.00549111 0.00218843 -0.0536502 -0.136183 -0.00362121 -0.00269657
30 37 10 0.045704 -3.08852 -0.0484525 -0.0587853 -0.285868 -0.00424572 -0.00218445 -0.00107244 0.0926807 0.00537469 0.00224426 -0.053607 -0.135482 -0.00365208 -0.00269561
30 37.5 10 0.0515338 -3.07797 -0.0477763 -0.0506584 -0.298076 -0.00116169 -0.00202099 -0.00106209 0.093315 0.00533457 0.00229899 -0.052971 -0.13574 -0.00370097 -0.00240081
30 38 10 0.0615114 -3.07509 -0.0518031 -0.0373827 -0.293429 -0.00656142 -0.00236497 -0.00123375 0.0928583 0.00543796 0.00234532 -0.0531627 -0.134998 -0.00380619 -0.0029202
30 38.5 10 0.0578619 -3.06742 -0.0520632 -0.0441251 -0.292453 -0.00779261 -0.00222412 -0.00128717 0.0924856 0.00545916 0.00234337 -0.0531357 -0.134101 -0.00381138 -0.00270182
30 39 10 0.058578 -3.05677 -0.0525714 -0.0413865 -0.302381 -0.00773493 -0.00215521 -0.00129338 0.0925301 0.00546305 0.00236508 -0.0528395 -0.133457 -0.00376801 -0.00255485
30 39.5 10 0.0502772 -3.05136 -0.0535134 -0.0611623 -0.29371 -0.00783114 -0.00216682 -0.00131405 0.0922538 0.00540368 0.0024055 -0.0529693 -0.132997 -0.00390217 -0.0026189
30 40 10 0.0518226 -3.04381 -0.0515381 -0.0573849 -0.302318 -0.00451443 -0.00206667 -0.00119835 0.0926628 0.00545078 0.00244978 -0.0524798 -0.133117 -0.00386584 -0.00242268
30 40.5 10 0.0527414 -3.03907 -0.0515447 -0.0574163 -0.306561 -0.00314611 -0.00191833 -0.00112978 0.0926466 0.00551791 0.00249878 -0.0523404 -0.132782 -0.00390499 -0.00217071
30 41 10 0.058028 -3.02198 -0.0527453 -0.0532205 -0.302589 -0.00423431 -0.00223367 -0.00138624 0.091559 0.00545786 0.0024874 -0.0522321 -0.130474 -0.00399905 -0.00265573
30 41.5 10 0.0601327 -3.01532 -0.0528146 -0.0507544 -0.301316 -0.00379685 -0.00221082 -0.0014413 0.0911848 0.00538989 0.00250159 -0.0522653 -0.129635 -0.00401979 -0.00262795
30 42 10 0.0589855 -3.00612 -0.0550709 -0.0570426 -0.30949 -0.00488743 -0.00223783 -0.00149428 0.091585 0.00526623 0.00250585 -0.0518164 -0.129674 -0.00413021 -0.00266421
30 42.5 10 0.0609874 -2.99803 -0.0560987 -0.0552982 -0.301234 -0.00604345 -0.00213432 -0.00140766 0.0904108 0.00522835 0.00259091 -0.0520606 -0.127718 -0.00415232 -0.00252646
30 43 10 0.0627722 -2.98742 -0.057041 -0.0521381 -0.30232 -0.00639712 -0.00221855 -0.00141852 0.0904402 0.0053072 0.00260918 -0.05179 -0.127295 -0.00414238 -0.00262418
30 43.5 10 0.0621128 -2.97945 -0.0573148 -0.057217 -0.301281 -0.0059979 -0.00212665 -0.00137855 0.0901581 0.00534324 0.00262694 -0.0517047 -0.126554 -0.00423426 -0.00248118
30 44 10 0.060631 -2.97253 -0.0585414 -0.0628563 -0.309904 -0.00701132 -0.00196248 -0.00146148 0.0901862 0.00545793 0.00267669 -0.0514318 -0.126105 -0.00431213 -0.00219948
30 44.5 10 0.0644666 -2.97208 -0.0594456 -0.0577879 -0.316077 -0.00951387 -0.00194633 -0.00150146 0.0902073 0.00547838 0.0027063 -0.0513341 -0.12597 -0.00435914 -0.00215311
30 45 10 0.0667878 -2.96454 -0.0608373 -0.0543392 -0.321138 -0.0117147 -0.00195548 -0.00157223 0.0899825 0.00544331 0.00270028 -0.0511712 -0.125194 -0.00436757 -0.00215039
30 45.5 10 0.0682985 -2.94394 -0.0619281 -0.0569357 -0.311988 -0.0102781 -0.00203589 -0.00165122 0.0887381 0.00528279 0.00271773 -0.0511751 -0.122674 -0.00445129 -0.00230645
30 46 10 0.0664505 -2.93371 -0.06212 -0.0653719 -0.328911 -0.00610351 -0.00223087 -0.00158485 0.0894577 0.00530267 0.00283055 -0.0503384 -0.122983 -0.0045645 -0.00254548
30 46.5 10 0.064873 -2.92613 -0.0616215 -0.0668985 -0.314058 -0.0044351 -0.00212063 -0.00157804 0.0888672 0.0054148 0.00290243 -0.0507399 -0.122093 -0.00452642 -0.00240061
30 47 10 0.0685511 -2.91138 -0.0621916 -0.0655851 -0.310513 -0.00494865 -0.00199264 -0.00156809 0.0881551 0.0053602 0.00291708 -0.0506145 -0.12051 -0.00463265 -0.00221786
30 47.5 10 0.0651262 -2.90408 -0.0621885 -0.0732927 -0.310435 -0.00589304 -0.00193955 -0.00162709 0.0880824 0.00531896 0.00290349 -0.0504551 -0.12011 -0.0046726 -0.00215009
30 48 10 0.0641838 -2.89683 -0.0620859 -0.0766455 -0.316463 -0.0050434 -0.00199519 -0.0016389 0.088145 0.00528159 0.00293443 -0.0501507 -0.119779 -0.00470203 -0.00221919
30 48.5 10 0.0683628 -2.88714 -0.0617757 -0.0736973 -0.331102 -0.00193304 -0.00211595 -0.00152836 0.0880061 0.00529629 0.00305354 -0.0496791 -0.118863 -0.00477854 -0.00234247
30 49 10 0.070675 -2.87728 -0.0619577 -0.076053 -0.331264 0.00051786 -0.00219843 -0.00161389 0.0869557 0.00544128 0.00315355 -0.0498471 -0.116893 -0.00489879 -0.00243845
30 49.5 10 0.0727962 -2.86881 -0.0683615 -0.073981 -0.333941 -0.0103027 -0.00185756 -0.00176701 0.0863796 0.00530312 0.00302295 -0.0498465 -0.115625 -0.00495173 -0.00195516
30 50 10 0.0742046 -2.85686 -0.0683994 -0.0737497 -0.331295 -0.0100461 -0.00180485 -0.00176288 0.0860707 0.00527898 0.00302854 -0.0496509 -0.114766 -0.00498908 -0.00188074
30 50.5 10 0.0722744 -2.8429 -0.0665925 -0.0826274 -0.330148 -0.00621483 -0.00202182 -0.00172229 0.0858436 0.00533218 0.00313525 -0.0492561 -0.113939 -0.00508635 -0.00218547
30 51 10 0.0745492 -2.83544 -0.0700944 -0.0861263 -0.33508 -0.0115776 -0.0021213 -0.00181593 0.0854413 0.00542631 0.00317947 -0.0491869 -0.112936 -0.00526 -0.00230289
30 51.5 10 0.0745373 -2.82253 -0.0724823 -0.0908847 -0.338568 -0.0153709 -0.00193933 -0.00193981 0.0851901 0.00545396 0.00315193 -0.0489536 -0.111985 -0.00537112 -0.00202916
30 52 10 0.0769258 -2.80868 -0.0704691 -0.0891458 -0.339454 -0.0111901 -0.00195303 -0.00190363 0.0843292 0.00531185 0.00316806 -0.0488401 -0.110187 -0.0053814 -0.00205558
30 52.5 10 0.0782927 -2.80143 -0.0690498 -0.0909344 -0.352202 -0.00704317 -0.00198075 -0.00181923 0.0844934 0.00527942 0.00324362 -0.0484282 -0.109874 -0.00545971 -0.00206345
30 53 10 0.07875 -2.79351 -0.0697005 -0.0970739 -0.346289 -0.00562942 -0.0021295 -0.00176925 0.0842464 0.00533464 0.0033436 -0.0485791 -0.109313 -0.00561589 -0.00228268
30 53.5 10 0.0816144 -2.78028 -0.0735319 -0.100098 -0.353017 -0.0112415 -0.00206456 -0.00191019 0.0834995 0.00532306 0.00330199 -0.048384 -0.107588 -0.00578297 -0.00217367
30 54 10 0.0820679 -2.76708 -0.073241 -0.109502 -0.361194 -0.0117432 -0.00194478 -0.00190935 0.0830549 0.00530291 0.00329112 -0.0481351 -0.106267 -0.00600344 -0.00199153
30 54.5 10 0.082259 -2.75956 -0.0741053 -0.118809 -0.363261 -0.0126828 -0.0019477 -0.00195387 0.0826451 0.0053308 0.00332213 -0.0481439 -0.105339 -0.00622075 -0.00199687
30 55 10 0.0858419 -2.74833 -0.0747149 -0.123745 -0.363411 -0.0139123 -0.00198153 -0.00199336 0.082115 0.00536249 0.00335655 -0.0481201 -0.104147 -0.00646504 -0.0020418
30 55.5 10 0.0907062 -2.73496 -0.0761117 -0.126776 -0.368884 -0.0153826 -0.00189502 -0.00203305 0.0815311 0.00537302 0.00338773 -0.048065 -0.102678 -0.00671364 -0.00190734
30 56 10 0.098701 -2.71926 -0.0768597 -0.126937 -0.37134 -0.0148431 -0.00180477 -0.00198757 0.0807222 0.00537399 0.00343158 -0.0481428 -0.100865 -0.00700977 -0.00177191
30 56.5 10 0.0979605 -2.70593 -0.0761868 -0.146862 -0.382221 -0.0129945 -0.00193254 -0.00193069 0.0804309 0.00530476 0.00347731 -0.047944 -0.0997083 -0.00742095 -0.00195076
30 57 10 0.09938 -2.69495 -0.0748718 -0.163968 -0.387689 -0.0121831 -0.00188433 -0.00194469 0.0798937 0.00542538 0.00352445 -0.0480852 -0.0983848 -0.00787464 -0.00187298
30 57.5 10 0.107748 -2.67938 -0.0752515 -0.16952 -0.402416 -0.0155471 -0.00179442 -0.0020027 0.0795723 0.00545481 0.0035312 -0.0479018 -0.0970119 -0.00832191 -0.00171362
30 58 10 0.118785 -2.6667 -0.0746368 -0.173446 -0.414544 -0.0147619 -0.00184141 -0.00196114 0.0788372 0.00548552 0.00360126 -0.0481988 -0.0951739 -0.00883407 -0.00174703
30 58.5 10 0.127726 -2.65079 -0.0759236 -0.187173 -0.423695 -0.0161898 -0.00188961 -0.00199721 0.0783727 0.00549681 0.00362769 -0.0483285 -0.0936827 -0.00950077 -0.00180705
30 59 10 0.14617 -2.63029 -0.0776761 -0.19012 -0.425475 -0.0197416 -0.00198555 -0.00209312 0.0775015 0.00547516 0.00362437 -0.0486795 -0.0916154 -0.0102686 -0.00194402
30 59.5 10 0.158573 -2.61799 -0.0766931 -0.202943 -0.434594 -0.0221314 -0.0018517 -0.00209982 0.0768664 0.00552016 0.00361138 -0.0493271 -0.0899398 -0.0110899 -0.00175729
30 60 10 0.175477 -2.60311 -0.0743119 -0.214616 -0.44533 -0.0171211 -0.00180469 -0.00195932 0.0758825 0.00562284 0.00371918 -0.0499838 -0.0876765 -0.0120025 -0.00166789
30 60.5 10 0.194771 -2.58435 -0.0707685 -0.225841 -0.461766 -0.0124187 -0.00184756 -0.00190045 0.0757053 0.00565867 0.00382057 -0.0504153 -0.0862279 -0.0130353 -0.00169737
30 61 10 0.213746 -2.55996 -0.0697009 -0.239609 -0.469233 -0.0167386 -0.00173851 -0.00186228 0.0758622 0.00573519 0.00385326 -0.0508059 -0.0852149 -0.0141818 -0.00154036
30 61.5 10 0.237179 -2.53564 -0.0669054 -0.258654 -0.482629 -0.0179587 -0.0016481 -0.00201888 0.075632 0.00589864 0.00384046 -0.0516186 -0.0834644 -0.0156427 -0.00140216
30 62 10 0.267413 -2.51204 -0.06408 -0.2703 -0.506834 -0.0191397 -0.00164526 -0.00194532 0.0758205 0.00593414 0.00387339 -0.0522792 -0.0820089 -0.0172073 -0.00134625
30 62.5 10 0.300891 -2.48904 -0.0629346 -0.28225 -0.522269 -0.020674 -0.00191343 -0.00202426 0.0758679 0.00598344 0.0039467 -0.053261 -0.0805336 -0.018932 -0.00168034
30 63 10 0.342531 -2.45835 -0.0607986 -0.288098 -0.53854 -0.0231771 -0.00194413 -0.00198206 0.0757602 0.00607387 0.00399797 -0.0542242 -0.0785356 -0.0207974 -0.00166953
30 63.5 10 0.38765 -2.42451 -0.0578726 -0.288608 -0.550582 -0.0237249 -0.00205714 -0.00191292 0.0759977 0.00612804 0.00405037 -0.0553877 -0.0768881 -0.0227361 -0.00176203
30 64 10 0.439341 -2.39106 -0.0548974 -0.287046 -0.579361 -0.0272823 -0.00209455 -0.00195894 0.0771864 0.0062106 0.00407124 -0.0561638 -0.0760071 -0.0250436 -0.00171963
30 64.5 10 0.496899 -2.34604 -0.0522481 -0.285956 -0.612921 -0.0269112 -0.00221095 -0.00199436 0.0784706 0.00626132 0.00409965 -0.0569726 -0.0745848 -0.0276683 -0.0017563
30 65 10 0.55823 -2.31058 -0.044743 -0.269953 -0.630038 -0.022629 -0.00254694 -0.00201937 0.0803817 0.0063986 0.00431592 -0.0582694 -0.0745048 -0.0303162 -0.00207296
30 65.5 10 0.628378 -2.25661 -0.0400073 -0.250411 -0.643336 -0.020828 -0.0026489 -0.0019317 0.0820764 0.00651324 0.00435852 -0.059476 -0.0734691 -0.0332491 -0.0020463
30 66 10 0.706616 -2.1996 -0.0331577 -0.22458 -0.660083 -0.0211208 -0.00272379 -0.00188683 0.0838906 0.0066977 0.00443845 -0.0605052 -0.0722782 -0.0364589 -0.00195013
30 66.5 10 0.79277 -2.14333 -0.021657 -0.184953 -0.683385 -0.0171003 -0.00294492 -0.0019436 0.0866941 0.00683529 0.00455864 -0.0612182 -0.0719712 -0.040052 -0.00201238
30 67 10 0.879455 -2.07444 -0.0120283 -0.130068 -0.701177 -0.0157612 -0.00313828 -0.0020707 0.0901931 0.00692556 0.00456893 -0.061789 -0.071864 -0.0437145 -0.00203474
30 67.5 10 0.981231 -1.99835 -0.00205361 -0.0541977 -0.714652 -0.00922219 -0.00347497 -0.00205631 0.0939492 0.00697071 0.00464057 -0.0622067 -0.0716241 -0.0478072 -0.00211589
30 68 10 1.08398 -1.9202 0.00863404 0.0452934 -0.718796 -0.00121184 -0.00395212 -0.00210932 0.0984948 0.00702416 0.00475936 -0.0620741 -0.0722437 -0.0519987 -0.00230541
30 68.5 10 1.18713 -1.83848 0.0200468 0.153951 -0.724963 0.00628168 -0.00444076 -0.00223394 0.103804 0.0070727 0.00483412 -0.0614082 -0.0731542 -0.0569097 -0.00247229
30 69 10 1.293 -1.73347 0.0320743 0.306212 -0.731659 0.0179284 -0.00491674 -0.00228748 0.110503 0.00700112 0.00485615 -0.0594639 -0.0740298 -0.0623516 -0.00243565
30 69.5 10 1.40097 -1.62471 0.0437068 0.47857 -0.725888 0.030223 -0.00558315 -0.00242798 0.117091 0.00690485 0.00489309 -0.0573176 -0.0743378 -0.0683232 -0.00255935
30 70 10 1.5105 -1.5152 0.0634981 0.695344 -0.707116 0.045174 -0.00624878 -0.00268057 0.124027 0.00678553 0.00487111 -0.054475 -0.074728 -0.0747772 -0.00266596
30 70.5 10 1.60587 -1.39244 0.0753984 0.955458 -0.687895 0.0651774 -0.00697574 -0.00288178 0.133013 0.00655639 0.00483082 -0.04907 -0.0757772 -0.0834078 -0.00260764
30 71 10 1.68804 -1.26051 0.0884227 1.24807 -0.653847 0.0885239 -0.00790002 -0.00320395 0.142107 0.00624658 0.00483089 -0.0425358 -0.0757296 -0.0934703 -0.00262641
30 71.5 10 1.75888 -1.12336 0.0987636 1.59645 -0.607878 0.113141 -0.00883495 -0.00335469 0.15153 0.00567726 0.00473442 -0.0344054 -0.0747563 -0.105914 -0.00240801
30 72 10 1.80178 -0.975323 0.111411 2.00538 -0.562621 0.144018 -0.00975295 -0.00366191 0.161781 0.00506379 0.00458795 -0.0238858 -0.0723015 -0.121976 -0.00203033
30 72.5 10 1.81634 -0.837809 0.122997 2.48176 -0.48769 0.18318 -0.0109065 -0.00409784 0.172443 0.00416575 0.0041817 -0.010768 -0.0697426 -0.143535 -0.00208553
30 73 10 1.77394 -0.664215 0.135432 2.99316 -0.412918 0.220204 -0.0120736 -0.00447356 0.183799 0.00320426 0.00389292 0.00642809 -0.062494 -0.173109 -0.00149003
30 73.5 10 1.67076 -0.493566 0.123981 3.6062 -0.312028 0.265603 -0.0132847 -0.00474521 0.194806 0.00157037 0.00365366 0.0274361 -0.0525464 -0.212822 -0.000409574
30 74 10 1.49218 -0.341748 0.141464 4.28638 -0.217373 0.306499 -0.0142933 -0.00527978 0.204133 0.000110473 0.00261868 0.0500808 -0.040352 -0.260629 -0.000757195
30 74.5 10 1.25339 -0.173655 0.132443 4.99955 -0.138516 0.368321 -0.0155582 -0.0056185 0.212704 -0.00204103 0.00223028 0.0768746 -0.0238313 -0.326876 0.000561873
30 75 10 0.970292 -0.0999507 0.122941 5.64368 -0.0630377 0.415234 -0.0161674 -0.00588567 0.217765 -0.00320879 0.00178566 0.0947903 -0.0138795 -0.374791 0.00127432
