# x y z jRe_x jRe_y jRe_z jIm_x jIm_y jIm_z BRe_x BRe_y BRe_z BIm_x BIm_y BIm_z F_x F_y F_z
# 1e-3 1e-3 1e-3 1e+6 1e+6 1e+6 1e+6 1e+6 1e+6 1 1 1 1 1 1 1e+6 1e+6 1e+6
30 -75 10 -7.10338 -0.337013 -0.632271 -10.3408 0.0115946 -0.973239 -0.00418385 0.0011671 0.0509623 0.00022163 -0.00127616 0.000243293 -0.00883812 0.183475 0.00174675
30 -74.5 10 -7.094 -0.518117 -0.621463 -8.73975 -0.0784697 -0.836642 -0.0039325 0.00105871 0.0488209 0.000565247 -0.00131603 -0.00273446 -0.0127617 0.162204 0.000999064
30 -74 10 -7.00806 -0.910869 -0.613893 -7.1672 -0.0871705 -0.707208 -0.00361236 0.00092474 0.0452266 0.00091343 -0.00129699 -0.0071783 -0.0204597 0.133537 -0.00019779
30 -73.5 10 -6.77448 -1.36189 -0.586594 -5.73695 -0.150679 -0.576081 -0.00322082 0.00079493 0.0415246 0.0013021 -0.00129487 -0.0111878 -0.0275728 0.109131 -0.00107341
30 -73 10 -6.47887 -1.76186 -0.546899 -4.39232 -0.197603 -0.44696 -0.00282746 0.00066306 0.0378015 0.00166633 -0.00130291 -0.0147279 -0.0319552 0.0905114 -0.0016127
30 -72.5 10 -6.08457 -2.20216 -0.492613 -3.24358 -0.159862 -0.355674 -0.002472 0.000508 0.0340954 0.00191649 -0.00131653 -0.017523 -0.0362502 0.0755774 -0.00197904
30 -72 10 -5.66662 -2.5896 -0.442364 -2.30047 -0.155256 -0.286467 -0.00216796 0.000375846 0.0308061 0.00210026 -0.00130687 -0.0195315 -0.0384757 0.0649964 -0.00220572
30 -71.5 10 -5.23367 -2.99007 -0.416274 -1.53236 -0.17392 -0.216227 -0.00185415 0.000305566 0.0280052 0.00225628 -0.00127723 -0.0209196 -0.040124 0.0573988 -0.00239683
30 -71 10 -4.7642 -3.28651 -0.357956 -0.882394 -0.0956548 -0.156691 -0.0016134 0.000212391 0.0253071 0.00236004 -0.00126436 -0.0219986 -0.0405949 0.0506822 -0.00248645
30 -70.5 10 -4.31174 -3.61195 -0.308632 -0.347532 -0.0390679 -0.107893 -0.00138026 0.000156716 0.0229432 0.00243438 -0.00122424 -0.0226619 -0.0410341 0.0456065 -0.0025703
30 -70 10 -3.86608 -3.91199 -0.26618 0.0908253 0.0529761 -0.0670992 -0.00115442 0.000124744 0.0206967 0.00248137 -0.0011763 -0.0231137 -0.0411177 0.0411275 -0.00261833
30 -69.5 10 -3.44611 -4.16834 -0.22538 0.439891 0.125279 -0.0364049 -0.00093584 6.47592e-05 0.018749 0.00250378 -0.00112348 -0.0232899 -0.0405482 0.037488 -0.00246597
30 -69 10 -3.05431 -4.40974 -0.186114 0.692239 0.247408 -0.0121535 -0.000782982 3.74247e-05 0.0169432 0.00252849 -0.00109519 -0.0233181 -0.0402454 0.0340033 -0.00247538
30 -68.5 10 -2.67243 -4.60562 -0.148853 0.883178 0.328445 0.011063 -0.000649891 3.76969e-05 0.0157519 0.00253262 -0.00104527 -0.0231454 -0.040066 0.0313311 -0.00242444
30 -68 10 -2.32909 -4.79427 -0.117541 1.02964 0.409989 0.0227378 -0.000514227 1.09639e-05 0.0145993 0.0025346 -0.00101664 -0.0228252 -0.0396633 0.0288115 -0.00228841
30 -67.5 10 -2.02549 -4.96565 -0.0831358 1.12357 0.570489 0.0275917 -0.000417525 -9.98728e-06 0.0132977 0.00249557 -0.000973701 -0.022576 -0.0394425 0.0262018 -0.00228538
30 -67 10 -1.7325 -5.1018 -0.056025 1.16747 0.665855 0.0376945 -0.00031968 -4.49341e-06 0.0125796 0.00248267 -0.000942995 -0.0221926 -0.0394601 0.0239074 -0.00218859
30 -66.5 10 -1.47433 -5.23931 -0.0264077 1.20165 0.762685 0.0435831 -0.000254683 7.32407e-06 0.0119685 0.00245794 -0.000898378 -0.0217836 -0.0396406 0.0219678 -0.00214966
30 -66 10 -1.24775 -5.32381 -0.000869539 1.21017 0.893195 0.042931 -0.00020222 -4.38286e-06 0.0111605 0.00242049 -0.000859717 -0.0213746 -0.0392356 0.0199483 -0.00213674
30 -65.5 10 -1.04754 -5.42982 0.0137616 1.17723 0.976295 0.044964 -0.000128158 5.98903e-06 0.0108132 0.00240865 -0.00082908 -0.0209884 -0.0395837 0.018071 -0.00201486
30 -65 10 -0.864038 -5.51254 0.0316965 1.13786 1.06494 0.0454175 -4.97944e-05 -7.52362e-07 0.0105414 0.00237757 -0.000795544 -0.0205577 -0.0399832 0.0163031 -0.00185552
30 -64.5 10 -0.718998 -5.56864 0.0426481 1.08466 1.17494 0.0444744 -2.87597e-05 2.02377e-05 0.0102437 0.00235964 -0.000777927 -0.0201735 -0.0403562 0.0146752 -0.00189547
30 -64 10 -0.591618 -5.60062 0.0494607 1.03285 1.29831 0.0402552 3.50934e-05 5.81868e-06 0.00984802 0.00232927 -0.000753519 -0.0198514 -0.0404491 0.0132126 -0.00180464
30 -63.5 10 -0.461582 -5.64386 0.0600313 0.98831 1.36961 0.0357614 8.59836e-05 -1.44646e-06 0.00968853 0.00229176 -0.000727946 -0.0195014 -0.040682 0.0119163 -0.00168615
30 -63 10 -0.356167 -5.70218 0.0697924 0.919592 1.42359 0.0323601 5.62262e-05 1.29611e-05 0.00985268 0.002276 -0.000705501 -0.019207 -0.0417514 0.0106247 -0.00178644
30 -62.5 10 -0.276504 -5.76219 0.0831509 0.851535 1.48683 0.0291931 8.19996e-05 3.68321e-05 0.00996681 0.00226881 -0.000686745 -0.0189839 -0.0428197 0.00949717 -0.00174791
30 -62 10 -0.19208 -5.77336 0.0884617 0.80406 1.54538 0.0287491 0.000141735 3.89425e-05 0.00988455 0.00226059 -0.000668595 -0.0187164 -0.0429876 0.00851262 -0.00161013
30 -61.5 10 -0.142423 -5.77936 0.0954433 0.735594 1.63547 0.0201772 5.85392e-05 6.63575e-05 0.00988117 0.00222952 -0.000643598 -0.0185534 -0.0437219 0.00755283 -0.00189544
30 -61 10 -0.0878581 -5.81282 0.108568 0.681599 1.67855 0.0250013 6.90857e-05 9.69969e-05 0.00994807 0.00223217 -0.00063536 -0.0183957 -0.0443495 0.00673791 -0.0018934
30 -60.5 10 -0.0503911 -5.82212 0.102599 0.624349 1.73097 0.0187644 9.23487e-05 8.35658e-05 0.00998583 0.002198 -0.00061886 -0.0182146 -0.0448322 0.00596309 -0.0018288
30 -60 10 -0.0581238 -5.83055 0.106397 0.537783 1.7779 0.0147017 6.48177e-05 0.000105818 0.0102005 0.00219885 -0.000609081 -0.0180876 -0.0458174 0.00517966 -0.00193256
30 -59.5 10 -0.0259045 -5.84254 0.117692 0.494452 1.81244 0.0172219 4.42249e-05 0.000115718 0.0103456 0.00218374 -0.000594806 -0.0180003 -0.0465361 0.00460555 -0.0019983
30 -59 10 0.0056394 -5.85826 0.105578 0.458107 1.82982 0.00440918 4.92199e-05 9.19481e-05 0.0104674 0.00218806 -0.000580895 -0.0178904 -0.0470319 0.00407577 -0.0019905
30 -58.5 10 0.0112626 -5.84594 0.0944533 0.411609 1.88288 -0.00439095 6.51861e-05 9.8776e-05 0.0104208 0.00217161 -0.000563067 -0.0178075 -0.0472304 0.0036045 -0.00196922
30 -58 10 0.00756339 -5.8512 0.0943937 0.363094 1.92511 -0.00465453 0.000108622 8.50963e-05 0.0105124 0.00215762 -0.000553622 -0.0178004 -0.0478941 0.00319196 -0.00185923
30 -57.5 10 0.0118408 -5.8565 0.106327 0.327245 1.94718 0.00117407 0.000104117 0.000107027 0.0106888 0.00215822 -0.00054662 -0.0177595 -0.0485954 0.00284938 -0.00188515
30 -57 10 0.0146621 -5.85594 0.109488 0.293357 1.96404 0.0016703 0.000108547 0.000112622 0.0108363 0.00216269 -0.000540647 -0.0177045 -0.0491201 0.00252517 -0.00188446
30 -56.5 10 0.0246186 -5.87207 0.102525 0.271517 1.97375 -0.00321059 7.24586e-05 0.000105301 0.0108898 0.00215245 -0.000520304 -0.0177045 -0.0494512 0.00226975 -0.0019808
30 -56 10 0.0293506 -5.88655 0.094369 0.250567 1.9979 -0.0104283 8.94251e-05 9.42933e-05 0.0109923 0.00215319 -0.000511497 -0.0177556 -0.0500974 0.00205616 -0.00195043
30 -55.5 10 0.0279602 -5.87788 0.0888697 0.230502 2.02775 -0.0152034 9.22828e-05 8.1832e-05 0.011068 0.00215892 -0.000501619 -0.0177782 -0.0505605 0.00188192 -0.00197434
30 -55 10 0.013925 -5.88081 0.0994105 0.203451 2.04416 -0.00859087 0.000105025 9.36948e-05 0.0110248 0.00215228 -0.000493565 -0.0177787 -0.0505953 0.00172776 -0.00194055
30 -54.5 10 0.0132721 -5.89721 0.103781 0.186968 2.05239 -0.00541968 0.000117246 0.000104874 0.0110693 0.00215316 -0.000487142 -0.0178049 -0.050917 0.00159127 -0.00190869
30 -54 10 0.00686675 -5.88073 0.0980357 0.168858 2.08038 -0.00674947 7.9748e-05 0.000110779 0.0111602 0.00215727 -0.000479816 -0.0178292 -0.0513679 0.00146361 -0.00204961
30 -53.5 10 0.00740465 -5.88575 0.104019 0.157981 2.08117 -0.00102469 5.03526e-05 0.000142712 0.0112225 0.00217528 -0.000474617 -0.0178316 -0.0515893 0.00136848 -0.00215234
30 -53 10 0.00719395 -5.89461 0.0894406 0.148901 2.09067 -0.0111397 2.80603e-05 0.000119394 0.0113177 0.00219761 -0.000468723 -0.0178693 -0.0520441 0.00127868 -0.002249
30 -52.5 10 0.00926523 -5.89923 0.0722245 0.141694 2.10969 -0.0211663 2.66259e-05 7.53777e-05 0.0113505 0.00217439 -0.000447004 -0.0179368 -0.0524075 0.00119614 -0.00224643
30 -52 10 0.00877843 -5.91714 0.0873559 0.131491 2.10068 -0.011009 7.22188e-05 0.00011444 0.01146 0.00216596 -0.000443037 -0.0179491 -0.0527654 0.001121 -0.00208996
30 -51.5 10 -0.0121292 -5.90341 0.0883444 0.111388 2.12813 -0.00932747 6.29383e-05 0.000126253 0.0114177 0.00215825 -0.000441486 -0.017983 -0.0528445 0.00106351 -0.00213611
30 -51 10 -0.0241443 -5.91182 0.0781232 0.100391 2.12545 -0.0129135 1.43835e-05 0.000106678 0.0116098 0.00218799 -0.00043913 -0.018004 -0.0534577 0.00103031 -0.00230604
30 -50.5 10 -0.0216148 -5.94394 0.0795559 0.0962141 2.11999 -0.0113136 7.93887e-06 0.000104942 0.0115947 0.00218043 -0.000417831 -0.0180633 -0.0536126 0.00098226 -0.00230888
30 -50 10 -0.0384261 -5.93334 0.0808107 0.0782902 2.14012 -0.0100158 4.30688e-05 0.000111671 0.0115432 0.0021879 -0.000405088 -0.0180927 -0.0536116 0.000920803 -0.00223141
30 -49.5 10 -0.0419471 -5.93988 0.0782058 0.0738568 2.14351 -0.0113606 6.51287e-05 0.000118423 0.011628 0.00217963 -0.000401814 -0.0181149 -0.0539562 0.000903002 -0.00215993
30 -49 10 -0.0404652 -5.94288 0.0694554 0.0769019 2.15575 -0.0161021 6.80226e-05 0.000111683 0.011664 0.00216684 -0.00040232 -0.0181574 -0.0542375 0.000919081 -0.00215119
30 -48.5 10 -0.045511 -5.95543 0.0757878 0.0665109 2.15363 -0.0119985 3.08477e-05 0.000123646 0.011687 0.00218439 -0.000400928 -0.0181807 -0.054385 0.000858616 -0.00227647
30 -48 10 -0.0408907 -5.96935 0.0815198 0.0645781 2.13995 -0.00626987 2.92207e-05 0.000132373 0.0118367 0.00218529 -0.000387924 -0.0181721 -0.0547789 0.000823104 -0.00226622
30 -47.5 10 -0.029164 -5.97962 0.0757037 0.0702046 2.14591 -0.00959565 2.6934e-05 0.00010392 0.0118935 0.00218084 -0.000376051 -0.0182255 -0.0551202 0.000803743 -0.00227413
30 -47 10 -0.0339699 -5.96992 0.0813485 0.0661949 2.15507 -0.00519307 1.13456e-05 0.000117331 0.0118511 0.00219526 -0.000373699 -0.0182265 -0.0550205 0.000799302 -0.00234597
30 -46.5 10 -0.0499456 -5.9858 0.0852463 0.0507607 2.1666 -0.00133392 2.42338e-05 0.000123392 0.0117955 0.00218694 -0.000374401 -0.0182954 -0.0551275 0.000758483 -0.00230917
30 -46 10 -0.0339141 -6.00771 0.0811789 0.0584202 2.14149 -0.00223673 3.52957e-05 0.000130744 0.0118929 0.00220006 -0.000361352 -0.0182739 -0.0552968 0.000734423 -0.00226245
30 -45.5 10 -0.047096 -6.00233 0.0815289 0.0484408 2.17001 -0.00186546 5.5246e-05 0.00013058 0.011902 0.00219438 -0.000357056 -0.0183398 -0.0556242 0.000724669 -0.00222684
30 -45 10 -0.0475796 -5.97092 0.0696506 0.0461123 2.20107 -0.00723105 7.82529e-05 0.000103855 0.0116742 0.00218181 -0.000344985 -0.0183396 -0.0550411 0.000695405 -0.00217796
30 -44.5 10 -0.0391441 -5.98163 0.0653009 0.0470781 2.20066 -0.0097833 7.46219e-05 9.73744e-05 0.0116907 0.0021939 -0.000334273 -0.0183497 -0.0551603 0.000652449 -0.00220061
30 -44 10 -0.0318073 -6.01767 0.0706381 0.0469896 2.16817 -0.00704365 4.84297e-05 0.000116542 0.0119407 0.00220529 -0.00033644 -0.0183414 -0.0558164 0.000614772 -0.00225476
30 -43.5 10 -0.0293769 -6.00768 0.0724348 0.0469443 2.18695 -0.00451527 7.07564e-05 0.000135691 0.0119553 0.00220007 -0.00033754 -0.0184011 -0.0560385 0.000605113 -0.0022031
30 -43 10 -0.0551115 -6.03612 0.0790578 0.0277779 2.17321 0.00239145 4.04091e-05 0.000159371 0.0119498 0.00217914 -0.000322089 -0.0184041 -0.056069 0.000589102 -0.00225477
30 -42.5 10 -0.055795 -6.02663 0.0574693 0.0268849 2.19972 -0.00888692 3.84246e-05 9.67076e-05 0.0118321 0.00217174 -0.000311109 -0.0184219 -0.0559194 0.000569175 -0.00227971
30 -42 10 -0.03663 -6.02035 0.0627312 0.0344029 2.19272 -0.00897125 5.22313e-05 0.000101757 0.0119729 0.00217644 -0.000309729 -0.0184097 -0.0562286 0.000527833 -0.00223613
30 -41.5 10 -0.0379749 -6.02551 0.0716906 0.0347673 2.19175 0.00045868 4.03815e-05 0.000141891 0.0119242 0.00219849 -0.000306372 -0.0184141 -0.0561092 0.000548465 -0.00229563
30 -41 10 -0.0254004 -6.04274 0.0673657 0.0417486 2.19128 -0.000770669 4.58231e-05 0.000136773 0.0119761 0.00219286 -0.000301948 -0.0184448 -0.0563977 0.000537819 -0.00227218
30 -40.5 10 -0.025004 -6.05684 0.0635086 0.03808 2.1888 -0.00315647 5.44936e-05 0.000115072 0.0119529 0.00219719 -0.000294352 -0.0184646 -0.0564102 0.000499264 -0.00224661
30 -40 10 -0.0419506 -6.05263 0.0629798 0.0197695 2.19129 -0.00400227 5.08438e-05 9.30157e-05 0.011948 0.00219673 -0.000288464 -0.0184501 -0.0563767 0.000430193 -0.00225777
30 -39.5 10 -0.040728 -6.05519 0.0605634 0.0181596 2.1976 -0.00655359 6.02752e-05 8.94417e-05 0.0119785 0.00218466 -0.000292222 -0.0184773 -0.0565726 0.000406367 -0.00222248
30 -39 10 -0.0285275 -6.05032 0.0641179 0.0223701 2.20243 -0.00489992 2.90915e-05 0.000102031 0.0119838 0.0021916 -0.000282212 -0.0184666 -0.0565926 0.000373048 -0.00233003
30 -38.5 10 -0.0305289 -6.05652 0.0615367 0.0188183 2.20212 -0.00485626 2.643e-05 0.000112549 0.0119713 0.00218835 -0.000279751 -0.0184632 -0.0565855 0.000351958 -0.00233382
30 -38 10 -0.035446 -6.06682 0.0532693 0.0147131 2.18442 -0.00597688 4.47541e-05 0.000125007 0.0120827 0.00218951 -0.000277105 -0.0184335 -0.0567891 0.000344397 -0.0022599
30 -37.5 10 -0.0294747 -6.05676 0.0496835 0.0151619 2.2021 -0.011502 1.43057e-05 0.000108759 0.0119512 0.00217747 -0.000269376 -0.0184517 -0.0565133 0.000303844 -0.00235783
30 -37 10 -0.0253968 -6.05194 0.0533105 0.0173129 2.20465 -0.00967705 6.3712e-05 0.00012261 0.0120227 0.00215747 -0.000266031 -0.018451 -0.0567239 0.000303649 -0.0021893
30 -36.5 10 -0.0373265 -6.06924 0.0593933 0.00851783 2.19876 -0.00440434 2.34621e-05 0.000128492 0.0120769 0.00218378 -0.000272017 -0.0184619 -0.0569498 0.00029991 -0.00233315
30 -36 10 -0.0295886 -6.06677 0.0547796 0.00992794 2.20221 -0.0069276 7.22072e-06 0.000111911 0.0120165 0.00218824 -0.000265942 -0.018472 -0.0567942 0.000262088 -0.00239055
30 -35.5 10 -0.0337789 -6.07272 0.0546927 0.00227118 2.19854 -0.00567182 2.09608e-05 0.000112366 0.0120146 0.00218842 -0.00026035 -0.0184652 -0.0567828 0.000218256 -0.00234421
30 -35 10 -0.0423258 -6.09768 0.0585617 -0.00912166 2.17578 -0.00043129 1.54588e-05 0.000139243 0.0122064 0.00219256 -0.000256927 -0.0184621 -0.0573041 0.000174099 -0.0023399
30 -34.5 10 -0.0457642 -6.09453 0.0647322 -0.0165881 2.18013 0.00454343 9.43374e-06 0.000167321 0.0121749 0.00216448 -0.000253406 -0.0184517 -0.0572186 0.000130771 -0.0023324
30 -34 10 -0.0415907 -6.08658 0.0541704 -0.0137754 2.1691 -0.00306651 3.11797e-05 0.000125898 0.0122214 0.00215611 -0.000247653 -0.0183917 -0.0571436 0.000125009 -0.00224443
30 -33.5 10 -0.0286841 -6.09657 0.0529444 -0.00574205 2.1805 -0.00345504 6.41024e-06 0.000119668 0.0122039 0.0021709 -0.000244667 -0.0184393 -0.057308 0.000118509 -0.00234829
30 -33 10 -0.0210851 -6.09398 0.04648 0.00150499 2.18751 -0.00825488 -1.17203e-05 0.00010867 0.0122059 0.00217661 -0.000247714 -0.0184519 -0.0573766 0.00013331 -0.00241773
30 -32.5 10 -0.0203773 -6.08753 0.0554934 -0.000533821 2.17523 -0.00302311 -2.49004e-05 0.000138773 0.0120813 0.0021596 -0.000246316 -0.0183898 -0.0567777 0.000114228 -0.00242595
30 -32 10 -0.0282444 -6.05794 0.0695302 -0.00985526 2.20236 0.00919516 9.42028e-05 0.000163519 0.0118392 0.00217017 -0.000241123 -0.0183695 -0.0560932 8.993e-05 -0.00210553
30 -31.5 10 -0.0250065 -6.08827 0.0580324 -0.0105788 2.18366 -0.000176958 7.9258e-05 0.000142732 0.0119455 0.00215109 -0.000241142 -0.0183889 -0.0564456 5.42014e-05 -0.00210786
30 -31 10 -0.0219808 -6.10982 0.0482953 -0.0175166 2.17795 -0.00693004 4.75975e-05 0.000129235 0.0120979 0.00215001 -0.000243729 -0.0184281 -0.0570298 -3.47383e-05 -0.00219518
30 -30.5 10 -0.0192033 -6.10831 0.0540476 -0.018489 2.16574 -0.00310864 2.00762e-05 0.000146945 0.0122313 0.00213688 -0.000243707 -0.0183994 -0.0572847 -5.54316e-05 -0.00225181
30 -30 10 -0.0243181 -6.08975 0.0679237 -0.0185289 2.18192 0.00472702 4.41445e-05 0.000170731 0.0121542 0.00211976 -0.000245114 -0.0184023 -0.0570894 -1.61937e-05 -0.00217797
30 -29.5 10 -0.0319954 -6.10861 0.0624836 -0.026518 2.15987 0.00198801 3.61148e-05 0.000177098 0.0122726 0.00211018 -0.000249627 -0.0183692 -0.0573271 -4.3998e-05 -0.00216807
30 -29 10 -0.0243925 -6.10631 0.0658988 -0.0250272 2.1648 0.00236724 -2.15593e-06 0.0001727 0.0121627 0.00213753 -0.000249096 -0.018383 -0.0570378 -7.92379e-05 -0.00231924
30 -28.5 10 -0.00632769 -6.09564 0.0642318 -0.0158711 2.17633 -8.38683e-05 1.80604e-05 0.000188103 0.0121167 0.00214278 -0.000248615 -0.018363 -0.0569177 -0.000106895 -0.00227527
30 -28 10 -0.0298042 -6.09079 0.0664437 -0.0332474 2.17341 0.000455926 2.23594e-05 0.000209868 0.012098 0.00213544 -0.000253814 -0.0183394 -0.0567795 -0.000123354 -0.0022514
30 -27.5 10 -0.0430871 -6.09759 0.0633453 -0.0444193 2.16288 -0.00436182 2.39694e-05 0.000210521 0.0120905 0.00214028 -0.000260749 -0.0183134 -0.0566733 -0.00015017 -0.00224025
30 -27 10 -0.0434559 -6.10804 0.0621429 -0.0494208 2.1365 -0.00836721 2.64364e-05 0.000213269 0.0122463 0.00213886 -0.000273113 -0.0182725 -0.0569279 -0.000193562 -0.00220198
30 -26.5 10 -0.0361073 -6.09926 0.0620918 -0.0461557 2.1367 -0.00985141 5.06634e-05 0.000209178 0.0122205 0.00212356 -0.000269807 -0.0182412 -0.0567638 -0.000209229 -0.00211175
30 -26 10 -0.0148065 -6.09244 0.0678312 -0.0364442 2.14344 -0.0097988 8.6771e-05 0.000223571 0.0121385 0.00209345 -0.000273569 -0.0182286 -0.0565215 -0.000249612 -0.00197594
30 -25.5 10 -0.0292388 -6.11234 0.0590069 -0.0468512 2.13264 -0.0193959 4.60936e-05 0.000222536 0.0121184 0.00210032 -0.000280251 -0.0182579 -0.0565139 -0.000269548 -0.00209544
30 -25 10 -0.0312747 -6.11955 0.0574192 -0.0546885 2.12411 -0.0275302 4.35167e-05 0.000225233 0.0121401 0.00212188 -0.000286603 -0.0182442 -0.0565327 -0.000336993 -0.00211609
30 -24.5 10 -0.0475011 -6.10871 0.0631855 -0.0706775 2.12994 -0.027803 7.08954e-05 0.000243605 0.0121715 0.00212415 -0.00029747 -0.0182308 -0.0566032 -0.000382464 -0.00204089
30 -24 10 -0.0709576 -6.11415 0.0670165 -0.0913612 2.12724 -0.0312805 0.000106161 0.000265418 0.0122369 0.00213014 -0.000305205 -0.0182393 -0.0568225 -0.000428788 -0.00193659
30 -23.5 10 -0.0453232 -6.13106 0.0757777 -0.077003 2.09975 -0.0352223 7.9432e-05 0.00029774 0.0122367 0.00214709 -0.000310141 -0.0182059 -0.0566426 -0.000458456 -0.00200548
30 -23 10 -0.0518392 -6.11125 0.0712842 -0.0909761 2.0977 -0.0486871 7.57797e-05 0.000289276 0.0122468 0.00213904 -0.000314677 -0.018177 -0.0565046 -0.000558776 -0.00200516
30 -22.5 10 -0.0543953 -6.13704 0.0778569 -0.098224 2.07022 -0.0532453 8.85748e-05 0.000323426 0.0123054 0.00216116 -0.000327292 -0.0181163 -0.0565332 -0.000609138 -0.00195797
30 -22 10 -0.062055 -6.13124 0.0841001 -0.111314 2.08378 -0.0595318 0.000119797 0.000365979 0.0122169 0.00215973 -0.00033448 -0.0181311 -0.0563682 -0.000689318 -0.00187569
30 -21.5 10 -0.0608716 -6.1329 0.097565 -0.119943 2.0888 -0.0646142 0.000114177 0.000397382 0.0122039 0.00219364 -0.000332803 -0.0181605 -0.0564196 -0.00078298 -0.00193305
30 -21 10 -0.0647185 -6.13204 0.101905 -0.129153 2.07118 -0.0767032 0.000112665 0.000404604 0.012208 0.00223415 -0.000344247 -0.0181229 -0.0562315 -0.000855215 -0.00195909
30 -20.5 10 -0.0475743 -6.13711 0.10786 -0.13105 2.06857 -0.0928587 0.000120749 0.000427173 0.0120356 0.00223876 -0.000356099 -0.0181106 -0.0557028 -0.000997842 -0.00193182
30 -20 10 -0.0500704 -6.14268 0.118595 -0.145661 2.04814 -0.107929 0.000118839 0.000449247 0.012158 0.00229092 -0.000365906 -0.0180959 -0.0559193 -0.00113014 -0.00196566
30 -19.5 10 -0.0416297 -6.14668 0.133323 -0.153141 2.04584 -0.121738 0.000103367 0.000483757 0.0121378 0.00233943 -0.000371707 -0.0180978 -0.055871 -0.00126862 -0.00205698
30 -19 10 -0.0350539 -6.15418 0.151971 -0.163508 2.0277 -0.134823 8.71151e-05 0.000524179 0.0121772 0.00237431 -0.000379272 -0.0180717 -0.0558577 -0.00141744 -0.00211731
30 -18.5 10 -0.0458108 -6.1661 0.177549 -0.188535 2.01095 -0.147079 0.000109586 0.000573883 0.0121817 0.00241143 -0.000384475 -0.0180634 -0.0557985 -0.00159138 -0.00206368
30 -18 10 -0.0453348 -6.1794 0.195108 -0.208853 2.00226 -0.170579 0.000114095 0.0006006 0.0122235 0.00249105 -0.000390936 -0.0180905 -0.0559698 -0.00181338 -0.00211414
30 -17.5 10 -0.0202022 -6.19002 0.214691 -0.21305 1.99044 -0.196387 7.05726e-05 0.000621906 0.0122259 0.00257353 -0.00038639 -0.0181057 -0.0559631 -0.00205034 -0.00230793
30 -17 10 0.00242673 -6.20477 0.248074 -0.218224 1.98377 -0.214687 2.66289e-05 0.000669762 0.0121864 0.00264362 -0.000380655 -0.0181539 -0.0559376 -0.00227607 -0.00249721
30 -16.5 10 0.00278372 -6.22783 0.287617 -0.24823 1.96258 -0.232755 -2.15171e-05 0.000738629 0.0122605 0.00273978 -0.000388098 -0.0182031 -0.0561922 -0.00259829 -0.00270632
30 -16 10 0.0359082 -6.23426 0.337461 -0.260758 1.9603 -0.246945 -0.000169815 0.000784184 0.0121416 0.00290238 -0.000366273 -0.0182382 -0.0559007 -0.00298289 -0.00331228
30 -15.5 10 0.0324412 -6.26561 0.382148 -0.292556 1.9307 -0.273006 -0.000200154 0.000813522 0.0123209 0.00300053 -0.000350837 -0.0182616 -0.056431 -0.00331895 -0.00345909
30 -15 10 0.0539189 -6.29423 0.430547 -0.309185 1.89784 -0.299943 -0.000343794 0.000834255 0.0123866 0.00311242 -0.000335924 -0.0182857 -0.0565637 -0.00370156 -0.00396096
30 -14.5 10 0.0760513 -6.34277 0.480303 -0.336129 1.85334 -0.329487 -0.000490145 0.000862113 0.0124236 0.0032645 -0.000309047 -0.0183344 -0.0566479 -0.0042093 -0.00449482
30 -14 10 0.112058 -6.37528 0.551251 -0.357461 1.81697 -0.345106 -0.000614992 0.000949637 0.012455 0.00340498 -0.000280751 -0.0183615 -0.0566934 -0.00473665 -0.00495037
30 -13.5 10 0.163128 -6.37628 0.630316 -0.370259 1.82466 -0.356311 -0.000758054 0.001005 0.0122652 0.00353 -0.000256966 -0.0184218 -0.0562722 -0.00527861 -0.00550776
30 -13 10 0.189174 -6.45808 0.711055 -0.39172 1.74677 -0.376771 -0.000941267 0.00105637 0.0126874 0.00369032 -0.000224482 -0.0185183 -0.0575597 -0.00585692 -0.00611857
30 -12.5 10 0.219026 -6.49754 0.796177 -0.432663 1.70691 -0.400302 -0.00123154 0.00105367 0.0127025 0.00389362 -0.000172023 -0.0185996 -0.0575955 -0.00668436 -0.00717141
30 -12 10 0.268081 -6.55523 0.892334 -0.457495 1.65994 -0.415561 -0.0014662 0.00107339 0.0128079 0.00407491 -0.000124458 -0.0186814 -0.0579891 -0.00749095 -0.00801536
30 -11.5 10 0.329604 -6.60863 0.986285 -0.479877 1.60684 -0.432328 -0.00181633 0.00104595 0.0129356 0.00424904 -7.07665e-05 -0.018749 -0.0583378 -0.00844463 -0.00922615
30 -11 10 0.406713 -6.6791 1.10544 -0.481848 1.52353 -0.428244 -0.00230059 0.00104734 0.0132405 0.00443679 -9.92719e-06 -0.0188272 -0.0591402 -0.00945007 -0.0108473
30 -10.5 10 0.497419 -6.74837 1.22479 -0.476908 1.46672 -0.427311 -0.00274994 0.00101727 0.0134089 0.00463785 6.01544e-05 -0.0189924 -0.0597825 -0.0105387 -0.0124414
30 -10 10 0.564754 -6.84717 1.35739 -0.503996 1.36287 -0.42135 -0.00329431 0.000954657 0.0137757 0.00483345 0.000136823 -0.0190854 -0.0607867 -0.0119535 -0.0143369
30 -9.5 10 0.64862 -6.9317 1.49662 -0.513657 1.26492 -0.403287 -0.00384935 0.00089117 0.0139331 0.00498379 0.000214578 -0.0191928 -0.0610525 -0.0133334 -0.0162594
30 -9 10 0.754377 -7.02498 1.63979 -0.504696 1.14658 -0.380553 -0.00442591 0.000818145 0.0142245 0.00512982 0.000296084 -0.0192697 -0.0616251 -0.0148329 -0.0182529
30 -8.5 10 0.871913 -7.12151 1.78134 -0.490632 1.01278 -0.35835 -0.00512227 0.000664221 0.014618 0.00526394 0.00038294 -0.0193476 -0.0623716 -0.0166245 -0.0207091
30 -8 10 1.00085 -7.21134 1.93866 -0.465174 0.89235 -0.31899 -0.00586135 0.000523923 0.0149728 0.00536565 0.000442043 -0.0194875 -0.0631193 -0.0185627 -0.0233687
30 -7.5 10 1.12353 -7.33654 2.10471 -0.443072 0.728692 -0.266964 -0.00676869 0.00029363 0.0155223 0.00542462 0.000505622 -0.0195554 -0.0643063 -0.0208992 -0.0267529
30 -7 10 1.28436 -7.44588 2.26703 -0.373093 0.529068 -0.19953 -0.00776579 6.09732e-05 0.0160555 0.00544907 0.000575691 -0.019553 -0.0649578 -0.0233043 -0.0304213
30 -6.5 10 1.44549 -7.55463 2.43899 -0.301729 0.325087 -0.115185 -0.00884045 -0.000205729 0.0166598 0.0054202 0.000630964 -0.0195722 -0.0658235 -0.0260866 -0.0345181
30 -6 10 1.62222 -7.65814 2.62847 -0.21217 0.106489 -0.00315711 -0.0100084 -0.000506396 0.0173591 0.00531428 0.000661292 -0.0195625 -0.0668443 -0.0293172 -0.0390869
30 -5.5 10 1.80322 -7.77039 2.79922 -0.107535 -0.143091 0.105879 -0.011146 -0.000832233 0.0181382 0.0051862 0.0006827 -0.01946 -0.0679495 -0.0327254 -0.0437205
30 -5 10 2.00164 -7.8383 2.979 0.0524206 -0.40227 0.241598 -0.0125495 -0.00131778 0.0187967 0.00494228 0.000674901 -0.0193528 -0.0678934 -0.0364003 -0.0494905
30 -4.5 10 2.20424 -7.93515 3.15037 0.214492 -0.706604 0.378846 -0.0139127 -0.00178631 0.019683 0.00459738 0.000621912 -0.0191977 -0.0686151 -0.0406784 -0.0554776
30 -4 10 2.41317 -8.05363 3.31549 0.40407 -1.05149 0.5289 -0.0153185 -0.0022338 0.0206838 0.00419523 0.000537308 -0.018993 -0.0697433 -0.0454043 -0.0620659
30 -3.5 10 2.63266 -8.10992 3.4841 0.663698 -1.41043 0.723661 -0.0168925 -0.00280571 0.0217923 0.00362386 0.000396686 -0.0186147 -0.0704956 -0.050625 -0.0695046
30 -3 10 2.87036 -8.16181 3.64604 0.944558 -1.85647 0.947891 -0.0186091 -0.00343188 0.0230987 0.0028703 0.000223564 -0.0180628 -0.0713466 -0.0571843 -0.0780973
30 -2.5 10 3.10697 -8.17864 3.80358 1.29177 -2.2891 1.1894 -0.0203855 -0.0041097 0.0242326 0.00192465 -5.87103e-05 -0.0174822 -0.0712349 -0.063978 -0.0875825
30 -2 10 3.31675 -8.17219 3.94244 1.65953 -2.76905 1.40155 -0.0220878 -0.00480613 0.0255947 0.00098287 -0.000373439 -0.0167246 -0.071691 -0.0714192 -0.0971722
30 -1.5 10 3.5461 -8.1572 4.08755 2.07943 -3.2925 1.69445 -0.0239995 -0.00551713 0.027101 -0.000215165 -0.000743298 -0.015797 -0.072623 -0.080859 -0.108793
30 -1 10 3.77371 -8.09773 4.19924 2.59607 -3.88901 1.93909 -0.0260181 -0.00644352 0.0284223 -0.0016235 -0.00130604 -0.0147301 -0.0716402 -0.0907108 -0.122354
30 -0.5 10 3.9784 -8.03687 4.26001 3.11225 -4.39121 2.24081 -0.0274429 -0.00703309 0.029823 -0.00273048 -0.00169732 -0.0137149 -0.0728469 -0.0994944 -0.132904
30 0 10 4.15842 -7.98562 4.2756 3.61703 -4.90133 2.53929 -0.0285197 -0.00746612 0.0309842 -0.0036286 -0.00202035 -0.0128518 -0.0736924 -0.106756 -0.141944
30 0.5 10 0.330634 -2.26922 -1.18095 0.269777 -1.68065 -0.916913 -0.0281137 -0.00769009 0.0328067 -0.00462872 -0.00223866 -0.0108079 -0.0337078 0.0147568 -0.037361
30 1 10 0.329734 -2.30665 -1.18728 0.269443 -1.72304 -0.890372 -0.027241 -0.00749365 0.0332188 -0.00442211 -0.00211474 -0.0104704 -0.0346816 0.0140739 -0.0367478
30 1.5 10 0.322662 -2.34631 -1.17714 0.248594 -1.77657 -0.861289 -0.0259767 -0.00725452 0.0336374 -0.00409354 -0.00191907 -0.00997841 -0.0356944 0.0128655 -0.0355198
30 2 10 0.314982 -2.38517 -1.16778 0.22605 -1.83132 -0.836217 -0.0246716 -0.00701025 0.0340253 -0.00377151 -0.00173074 -0.00950054 -0.0366957 0.0116975 -0.0341761
30 2.5 10 0.308558 -2.42272 -1.15736 0.209402 -1.88528 -0.810105 -0.0235049 -0.00681222 0.0343923 -0.00346548 -0.00159251 -0.00908769 -0.0376823 0.010651 -0.0329573
30 3 10 0.302024 -2.46512 -1.14378 0.190666 -1.94662 -0.786936 -0.0223301 -0.00657876 0.0348308 -0.0031819 -0.00147577 -0.00858924 -0.0389141 0.0095813 -0.0317544
30 3.5 10 0.295316 -2.50706 -1.12732 0.170012 -2.00145 -0.76084 -0.0212052 -0.00633018 0.0351966 -0.00289442 -0.00134758 -0.00815004 -0.0400447 0.0085494 -0.0305271
30 4 10 0.289859 -2.54544 -1.11675 0.15472 -2.04838 -0.739696 -0.0201545 -0.00615489 0.0354382 -0.00259313 -0.0012679 -0.00780664 -0.0410131 0.00768064 -0.029297
30 4.5 10 0.284415 -2.58421 -1.10234 0.146394 -2.0973 -0.719059 -0.0192005 -0.00597063 0.0357451 -0.0023464 -0.00121123 -0.00744248 -0.0421082 0.00688791 -0.0282073
30 5 10 0.278726 -2.62661 -1.08602 0.133423 -2.14802 -0.69447 -0.0182366 -0.00573593 0.0360663 -0.0020673 -0.00111516 -0.00706202 -0.0432832 0.00606526 -0.0270442
30 5.5 10 0.277634 -2.66485 -1.06173 0.125944 -2.18863 -0.669541 -0.0172934 -0.00549585 0.0362946 -0.00179852 -0.00103963 -0.00675679 -0.0442314 0.00516972 -0.0258386
30 6 10 0.271352 -2.70043 -1.03832 0.115642 -2.23218 -0.644837 -0.0164313 -0.00530928 0.0364953 -0.00155033 -0.000980782 -0.00646502 -0.0451335 0.00445264 -0.0246931
30 6.5 10 0.266768 -2.73712 -1.01479 0.108693 -2.27687 -0.620974 -0.0156294 -0.00512625 0.036683 -0.00132466 -0.000926867 -0.00621348 -0.046018 0.00378632 -0.0236319
30 7 10 0.261788 -2.77515 -0.991043 0.10027 -2.31721 -0.599493 -0.0148598 -0.00492982 0.0368606 -0.00109885 -0.000874783 -0.00595563 -0.0469517 0.00316648 -0.0225814
30 7.5 10 0.257178 -2.81031 -0.965895 0.0928104 -2.35717 -0.576575 -0.0141149 -0.00473419 0.0370242 -0.00088258 -0.000824925 -0.0057197 -0.0478078 0.00257571 -0.0215209
30 8 10 0.252403 -2.84125 -0.936593 0.0849488 -2.38964 -0.551136 -0.0134277 -0.0045416 0.0371239 -0.000675565 -0.000764088 -0.00553939 -0.0484581 0.0020245 -0.0204886
30 8.5 10 0.242204 -2.881 -0.901968 0.0694141 -2.44318 -0.522504 -0.0127643 -0.00433794 0.0373609 -0.000490952 -0.000696001 -0.00522236 -0.049577 0.00154152 -0.0195362
30 9 10 0.2416 -2.90566 -0.869169 0.0691146 -2.46966 -0.499619 -0.0121222 -0.00417352 0.0373763 -0.000303741 -0.000654211 -0.00510551 -0.049974 0.00100537 -0.0185133
30 9.5 10 0.238177 -2.93306 -0.838911 0.0675093 -2.49673 -0.476718 -0.01159 -0.00400041 0.0374547 -0.00015921 -0.0006061 -0.00495827 -0.0505611 0.000606381 -0.0176927
30 10 10 0.234364 -2.95898 -0.802611 0.0638243 -2.52741 -0.449138 -0.0110349 -0.00382285 0.0375084 8.0142e-06 -0.000542876 -0.00481186 -0.0510685 0.000184832 -0.0167812
30 10.5 10 0.229758 -2.98073 -0.767452 0.0591162 -2.55742 -0.423724 -0.0105389 -0.00367029 0.0375765 0.000141374 -0.000497646 -0.00465989 -0.0515579 -0.000164917 -0.0159624
30 11 10 0.226588 -2.99835 -0.73247 0.0543372 -2.58072 -0.402044 -0.010075 -0.00350371 0.0376205 0.000263967 -0.000456092 -0.00451975 -0.0519424 -0.000502646 -0.0151728
30 11.5 10 0.220631 -3.01641 -0.69546 0.0470098 -2.60655 -0.378052 -0.00961114 -0.00335028 0.037683 0.00039092 -0.000414408 -0.00436438 -0.0523889 -0.000786233 -0.0143654
30 12 10 0.21415 -3.03198 -0.659243 0.0435045 -2.62968 -0.353242 -0.00920363 -0.00319657 0.0377345 0.000499957 -0.00036771 -0.00424487 -0.0527425 -0.00100267 -0.0136455
30 12.5 10 0.209652 -3.04188 -0.623884 0.0401082 -2.64607 -0.327832 -0.00884163 -0.00304872 0.0377402 0.000589922 -0.000318148 -0.00415799 -0.0529025 -0.00121138 -0.0129931
30 13 10 0.205786 -3.05363 -0.587448 0.0349674 -2.66855 -0.306933 -0.00847254 -0.00291824 0.0377948 0.000689272 -0.000287449 -0.00403536 -0.0532226 -0.00143546 -0.0123216
30 13.5 10 0.202325 -3.05863 -0.553124 0.0294087 -2.67872 -0.285117 -0.00814766 -0.00279152 0.0377229 0.000767657 -0.000247601 -0.00400918 -0.0531279 -0.0016133 -0.0117182
30 14 10 0.198322 -3.06484 -0.519906 0.02583 -2.69323 -0.265754 -0.00785707 -0.00267398 0.0377445 0.000825579 -0.000214733 -0.00391992 -0.0532855 -0.00175939 -0.0111965
30 14.5 10 0.195112 -3.06646 -0.487906 0.0245525 -2.70737 -0.246467 -0.00758602 -0.00255231 0.0377517 0.00088863 -0.000178464 -0.0038374 -0.053332 -0.00189467 -0.0106794
30 15 10 0.190725 -3.06628 -0.456336 0.0222256 -2.71937 -0.227796 -0.00733203 -0.0024384 0.0377714 0.000938577 -0.000149408 -0.00374528 -0.0533898 -0.00199432 -0.0101991
30 15.5 10 0.186265 -3.06545 -0.42711 0.0194948 -2.72897 -0.210188 -0.00709585 -0.00233121 0.0377761 0.000986112 -0.000120456 -0.00367573 -0.0533953 -0.00207063 -0.00974874
30 16 10 0.182214 -3.06339 -0.397497 0.0145329 -2.73628 -0.193563 -0.00685356 -0.00222653 0.0377374 0.00104889 -8.95893e-05 -0.00364437 -0.0532672 -0.00215104 -0.00926602
30 16.5 10 0.179025 -3.05684 -0.369645 0.0130763 -2.74355 -0.177025 -0.00667563 -0.0021343 0.0377174 0.00106731 -6.07125e-05 -0.00359735 -0.0531132 -0.00221333 -0.00893049
30 17 10 0.176735 -3.05139 -0.343938 0.0097634 -2.74885 -0.16212 -0.00649042 -0.00204736 0.037676 0.00109715 -4.00592e-05 -0.0035729 -0.0529268 -0.00228467 -0.00857558
30 17.5 10 0.173888 -3.04487 -0.320482 0.0078952 -2.75176 -0.149911 -0.00631231 -0.00196521 0.0376337 0.0011324 -2.09891e-05 -0.00354962 -0.0527275 -0.00233141 -0.00822297
30 18 10 0.169717 -3.03932 -0.298632 0.0085239 -2.75609 -0.137399 -0.00616553 -0.00187633 0.0376494 0.00116276 7.97353e-06 -0.00348358 -0.0526933 -0.00233929 -0.00792635
30 18.5 10 0.167259 -3.02865 -0.276002 0.00581897 -2.76307 -0.126588 -0.00603496 -0.0017996 0.0376403 0.00117154 2.7092e-05 -0.00343043 -0.052507 -0.00237918 -0.00767081
30 19 10 0.164369 -3.01745 -0.25411 0.00256321 -2.76875 -0.116274 -0.00590752 -0.0017236 0.0376157 0.00117983 4.32881e-05 -0.00339309 -0.0522709 -0.0024051 -0.00742109
30 19.5 10 0.16133 -3.00847 -0.236622 0.00255526 -2.77226 -0.106987 -0.00578558 -0.00165853 0.0375896 0.00119882 5.77197e-05 -0.00336119 -0.0520777 -0.00240751 -0.00717487
30 20 10 0.158621 -2.99731 -0.219433 0.00220929 -2.77316 -0.0989001 -0.00568056 -0.00160057 0.0375442 0.00120727 7.10045e-05 -0.00334464 -0.0518003 -0.00241041 -0.00696607
30 20.5 10 0.156696 -2.98647 -0.203442 0.000644404 -2.77448 -0.0898483 -0.00558252 -0.00153798 0.0375141 0.00121224 8.61842e-05 -0.00332426 -0.0515585 -0.00242469 -0.00677482
30 21 10 0.153641 -2.97538 -0.188239 -0.00157439 -2.77838 -0.082461 -0.00551146 -0.00147821 0.0375054 0.00120493 0.000100252 -0.00329561 -0.0513531 -0.00241471 -0.0066391
30 21.5 10 0.152065 -2.96315 -0.174279 -0.000799904 -2.77967 -0.0756872 -0.00542672 -0.0014186 0.0374572 0.0012141 0.000114997 -0.00329696 -0.0510327 -0.00242236 -0.00646059
30 22 10 0.150862 -2.95202 -0.161402 -0.00178107 -2.78246 -0.0705123 -0.00534117 -0.00137771 0.0374273 0.00122292 0.000118489 -0.00327708 -0.050791 -0.00243818 -0.0062863
30 22.5 10 0.149281 -2.94005 -0.149414 -0.00260237 -2.78184 -0.0656386 -0.005268 -0.00133597 0.0373637 0.00123184 0.000125899 -0.00329351 -0.0504402 -0.00243999 -0.00613058
30 23 10 0.148336 -2.92657 -0.138368 -0.00492176 -2.77984 -0.0604073 -0.0052186 -0.00128383 0.0372937 0.00121458 0.000141793 -0.00332031 -0.0500408 -0.00244982 -0.00604369
30 23.5 10 0.147014 -2.91423 -0.12801 -0.00130954 -2.78269 -0.0546605 -0.00516559 -0.00123931 0.0373076 0.00121577 0.000153768 -0.00326638 -0.049892 -0.00244711 -0.0059265
30 24 10 0.145427 -2.90095 -0.118877 -0.00273971 -2.78474 -0.0513974 -0.0051263 -0.00120822 0.0372962 0.00120333 0.000155911 -0.00322777 -0.0496708 -0.00244259 -0.00584816
30 24.5 10 0.144882 -2.88788 -0.108915 -0.00183194 -2.78674 -0.047257 -0.00508024 -0.00117572 0.0372465 0.00119906 0.000161079 -0.00325153 -0.0493113 -0.00245282 -0.00575015
30 25 10 0.143839 -2.8761 -0.10089 -0.00371721 -2.78793 -0.0440031 -0.00502504 -0.0011396 0.0372223 0.00121139 0.000163672 -0.00323354 -0.049074 -0.00245618 -0.00561988
30 25.5 10 0.144213 -2.8622 -0.0938236 -0.00118986 -2.78366 -0.0411416 -0.00499698 -0.00110919 0.037135 0.00118955 0.000176439 -0.00329032 -0.0486128 -0.00246968 -0.00557562
30 26 10 0.143502 -2.84939 -0.0875023 -0.00089525 -2.78741 -0.0388048 -0.00494982 -0.00107276 0.0371329 0.00119835 0.000185497 -0.00324979 -0.0484171 -0.00247247 -0.00545887
30 26.5 10 0.141637 -2.83693 -0.0807068 -0.00461046 -2.79061 -0.0369694 -0.00490908 -0.00104424 0.037139 0.00120934 0.000187049 -0.00320901 -0.0482415 -0.00246179 -0.00535034
30 27 10 0.141657 -2.82397 -0.0747891 -0.00121036 -2.78956 -0.0359425 -0.00488367 -0.00103087 0.0370939 0.00119897 0.000183253 -0.00323004 -0.0479061 -0.00246819 -0.00529648
30 27.5 10 0.14138 -2.81008 -0.0691213 -0.000218236 -2.78748 -0.0334672 -0.0048655 -0.00100971 0.0370431 0.0011791 0.000187336 -0.00325416 -0.0475434 -0.0024705 -0.00526426
30 28 10 0.141681 -2.7969 -0.063645 -0.00338229 -2.78678 -0.0310458 -0.00482982 -0.000982097 0.0369763 0.00118524 0.000194967 -0.00329104 -0.0471522 -0.00248969 -0.00517268
30 28.5 10 0.141304 -2.78383 -0.0595399 -0.00101183 -2.78467 -0.0294649 -0.00482221 -0.00097693 0.0369528 0.00117061 0.000188316 -0.00329218 -0.0468775 -0.00248615 -0.00515132
30 29 10 0.141584 -2.77013 -0.0555196 -0.00115568 -2.78802 -0.0287814 -0.00481943 -0.000955613 0.0369487 0.00115346 0.000196023 -0.00326827 -0.046644 -0.00250038 -0.00513504
30 29.5 10 0.14138 -2.75697 -0.0516412 -0.00176621 -2.79323 -0.0280798 -0.00481606 -0.000933721 0.0369869 0.00114388 0.000201449 -0.00320188 -0.0465354 -0.00250914 -0.00510749
30 30 10 0.140923 -2.7443 -0.0478728 -0.00123715 -2.78779 -0.0248962 -0.00478856 -0.00091227 0.0369595 0.00114477 0.000207323 -0.00321525 -0.0462515 -0.00250584 -0.00503934
30 30.5 10 0.142819 -2.72879 -0.0440432 0.0010441 -2.7895 -0.0241522 -0.00476508 -0.000909037 0.0368847 0.00113737 0.000207323 -0.00325551 -0.0458022 -0.00254102 -0.00497992
30 31 10 0.143648 -2.7157 -0.041238 0.00388217 -2.78844 -0.0232868 -0.00474575 -0.000901183 0.0368392 0.00114042 0.000204898 -0.00327013 -0.045479 -0.00255502 -0.00491834
30 31.5 10 0.14372 -2.70138 -0.0383119 0.00231743 -2.78893 -0.024781 -0.00472354 -0.000897894 0.03684 0.0011428 0.000198613 -0.0032634 -0.0452233 -0.00256721 -0.00485073
30 32 10 0.144802 -2.68744 -0.0358634 0.004002 -2.78624 -0.0247998 -0.0047194 -0.000888584 0.0367981 0.00113247 0.000200623 -0.00329363 -0.0448714 -0.00258705 -0.00482781
30 32.5 10 0.146353 -2.67371 -0.0334777 0.00654936 -2.78517 -0.0236263 -0.00471883 -0.000880338 0.0367509 0.00111921 0.000203456 -0.00332646 -0.0445105 -0.00261264 -0.00481355
30 33 10 0.147519 -2.66038 -0.0312131 0.00778924 -2.78564 -0.0220544 -0.00471596 -0.000873319 0.0367288 0.00110386 0.000206896 -0.00334403 -0.0442101 -0.00263465 -0.00479926
30 33.5 10 0.148563 -2.64539 -0.0295065 0.00870157 -2.78445 -0.0217854 -0.00470295 -0.000857677 0.0367133 0.00110436 0.000214374 -0.00333221 -0.0439318 -0.00265527 -0.00474583
30 34 10 0.14995 -2.63082 -0.0274266 0.0110762 -2.78387 -0.0209023 -0.00469905 -0.000852467 0.0366858 0.00109602 0.00021783 -0.00335137 -0.0436014 -0.00267896 -0.00471829
30 34.5 10 0.151807 -2.61581 -0.0252832 0.010733 -2.7826 -0.0209627 -0.004684 -0.000847838 0.0366391 0.00110445 0.000218711 -0.00337873 -0.0432279 -0.00271526 -0.00465277
30 35 10 0.153184 -2.60117 -0.0239007 0.0134476 -2.77937 -0.0205707 -0.00467064 -0.000848522 0.0366072 0.001107 0.000217094 -0.00340765 -0.0428832 -0.00273648 -0.00459972
30 35.5 10 0.155365 -2.58662 -0.0222574 0.0141465 -2.77937 -0.0186621 -0.00466332 -0.000846733 0.0366055 0.00110939 0.000216915 -0.00340446 -0.0426187 -0.00277799 -0.00455366
30 36 10 0.157473 -2.57161 -0.0206069 0.017899 -2.7758 -0.0184635 -0.004665 -0.000850234 0.0365639 0.00109415 0.000213123 -0.00343865 -0.0422485 -0.00281018 -0.00454475
30 36.5 10 0.158842 -2.55627 -0.0196853 0.0198593 -2.77335 -0.018242 -0.00467097 -0.000852412 0.0365432 0.00107296 0.000211545 -0.00345809 -0.0419184 -0.00283177 -0.00454788
30 37 10 0.160941 -2.54132 -0.0187534 0.0216043 -2.77416 -0.0173618 -0.00466788 -0.000844518 0.0365332 0.00107119 0.000224979 -0.00346543 -0.0416203 -0.00286794 -0.00451099
30 37.5 10 0.161598 -2.52526 -0.018382 0.0191953 -2.77275 -0.0200228 -0.00466482 -0.000845685 0.0365522 0.00106744 0.000223832 -0.00345172 -0.0413721 -0.00288807 -0.00447626
30 38 10 0.164848 -2.50919 -0.0175661 0.0224498 -2.76727 -0.0200094 -0.00466416 -0.000850844 0.0365068 0.00106178 0.000222352 -0.00349952 -0.0409645 -0.00293941 -0.00445015
30 38.5 10 0.167827 -2.49353 -0.0165382 0.0255934 -2.76317 -0.0206884 -0.0046499 -0.000856558 0.03647 0.00106524 0.000219562 -0.00353973 -0.040584 -0.00298761 -0.0043947
30 39 10 0.170761 -2.47637 -0.0153565 0.0292921 -2.76372 -0.0172433 -0.00465485 -0.000852967 0.0364633 0.00105519 0.000231107 -0.00354335 -0.0402565 -0.00303471 -0.00437487
30 39.5 10 0.174108 -2.45931 -0.0147538 0.0327706 -2.75963 -0.0163732 -0.00466255 -0.000860371 0.0364314 0.00104373 0.000234609 -0.00358792 -0.0398518 -0.00308685 -0.00436422
30 40 10 0.176716 -2.44142 -0.0141397 0.0359026 -2.75242 -0.0196534 -0.00463861 -0.000872101 0.0363882 0.00106048 0.000225492 -0.00363579 -0.0394197 -0.00312754 -0.00427596
30 40.5 10 0.179819 -2.42564 -0.0132368 0.0375144 -2.74991 -0.0190316 -0.00464293 -0.000879568 0.0363831 0.00105001 0.000227499 -0.00365671 -0.039102 -0.00318186 -0.00426214
30 41 10 0.182979 -2.40908 -0.0133841 0.039848 -2.74807 -0.0187705 -0.00464523 -0.000881289 0.0363784 0.00104564 0.000234425 -0.00367076 -0.0387791 -0.00323383 -0.00423457
30 41.5 10 0.185852 -2.39243 -0.0137266 0.0436161 -2.74645 -0.0192507 -0.00463131 -0.000869347 0.0363889 0.00106352 0.000249335 -0.00366126 -0.0385048 -0.00328008 -0.00415494
30 42 10 0.189039 -2.37217 -0.0125655 0.043013 -2.73987 -0.0188259 -0.00463693 -0.000887998 0.0363654 0.00104463 0.000239541 -0.00369625 -0.0380722 -0.00333844 -0.00414751
30 42.5 10 0.192964 -2.35233 -0.0115656 0.0446721 -2.73221 -0.0195718 -0.00463175 -0.000902991 0.0363312 0.00103755 0.000233096 -0.0037476 -0.0376147 -0.00340497 -0.0041122
30 43 10 0.19662 -2.33412 -0.0107949 0.050964 -2.729 -0.0195993 -0.00462188 -0.000906421 0.0363431 0.0010458 0.000241778 -0.00374778 -0.0373032 -0.00346268 -0.00404996
30 43.5 10 0.199389 -2.31654 -0.0100013 0.0571467 -2.7229 -0.0186317 -0.00461931 -0.000911591 0.0363464 0.00104937 0.0002458 -0.00376353 -0.0369774 -0.00350266 -0.00400561
30 44 10 0.203634 -2.29587 -0.00961546 0.0609101 -2.71843 -0.020092 -0.00461986 -0.00093037 0.036333 0.00104182 0.000240593 -0.00380584 -0.0365371 -0.00357167 -0.00397465
30 44.5 10 0.207924 -2.2746 -0.0102043 0.0638989 -2.70948 -0.0200316 -0.00461796 -0.00094486 0.0363072 0.00102701 0.000240624 -0.00385948 -0.0360661 -0.00363799 -0.00395123
30 45 10 0.212062 -2.25487 -0.0100509 0.0655728 -2.70349 -0.0203418 -0.00461509 -0.000954314 0.0363038 0.0010255 0.000244959 -0.00388598 -0.0356795 -0.00370916 -0.00391015
30 45.5 10 0.215998 -2.23518 -0.00911934 0.0704796 -2.69778 -0.0200775 -0.00461731 -0.000963879 0.0363138 0.00102609 0.000249637 -0.00389538 -0.0353315 -0.00377383 -0.00387148
30 46 10 0.219573 -2.21361 -0.00875621 0.0760314 -2.68932 -0.0196123 -0.00462041 -0.000977468 0.0363237 0.00101811 0.000251578 -0.00391718 -0.0349379 -0.0038287 -0.00384264
30 46.5 10 0.224803 -2.19306 -0.00909088 0.0820874 -2.68043 -0.0189183 -0.004619 -0.000990113 0.0363062 0.00101984 0.000251511 -0.00396272 -0.0345021 -0.00390688 -0.00379904
30 47 10 0.229388 -2.17056 -0.00900505 0.0858461 -2.67359 -0.0184114 -0.00461 -0.000994786 0.0363223 0.00102174 0.000264239 -0.00397857 -0.0341033 -0.00398383 -0.00374002
30 47.5 10 0.234311 -2.14733 -0.00943034 0.0885975 -2.66502 -0.0207426 -0.00462549 -0.00101537 0.0363344 0.00100211 0.000258247 -0.0040003 -0.0336827 -0.00406815 -0.00373842
30 48 10 0.239078 -2.12494 -0.0099884 0.095202 -2.65098 -0.0230718 -0.00462485 -0.00103555 0.0363011 0.00098414 0.000252887 -0.00407175 -0.033174 -0.00413383 -0.00372105
30 48.5 10 0.245294 -2.10112 -0.00991562 0.101395 -2.64422 -0.0242814 -0.00461241 -0.001054 0.0363156 0.00100605 0.00025051 -0.00409596 -0.0327386 -0.0042357 -0.00363208
30 49 10 0.249903 -2.07765 -0.00796926 0.108721 -2.63426 -0.0222471 -0.0046105 -0.00106211 0.036335 0.000996191 0.000263117 -0.0041194 -0.0323213 -0.0043089 -0.0035958
30 49.5 10 0.255915 -2.05443 -0.00642063 0.116116 -2.62208 -0.0207008 -0.00460113 -0.00107123 0.036325 0.000999874 0.000273034 -0.00417347 -0.0318426 -0.00440132 -0.0035367
30 50 10 0.261233 -2.02737 -0.00711327 0.123286 -2.612 -0.0196822 -0.0046012 -0.00108551 0.0363687 0.00100159 0.000277933 -0.00415359 -0.0314429 -0.0044878 -0.00348074
30 50.5 10 0.266313 -2.00241 -0.0077856 0.129587 -2.59954 -0.0204488 -0.0046081 -0.00110839 0.0364037 0.00099798 0.000276719 -0.00416182 -0.0310396 -0.00457 -0.00344616
30 51 10 0.273602 -1.97756 -0.00792297 0.138849 -2.586 -0.022695 -0.00459936 -0.00113329 0.0363845 0.000997014 0.000271539 -0.0042336 -0.0305036 -0.00467661 -0.00339479
30 51.5 10 0.279145 -1.95087 -0.00775921 0.145879 -2.57328 -0.0235097 -0.00460956 -0.00115173 0.036424 0.000978193 0.000272369 -0.00424332 -0.0300708 -0.0047679 -0.00337862
30 52 10 0.284362 -1.92316 -0.00774902 0.152711 -2.55816 -0.0230531 -0.00461647 -0.00116744 0.0364615 0.00096724 0.000278005 -0.00425482 -0.0296198 -0.00485253 -0.00334669
30 52.5 10 0.289742 -1.89634 -0.00785766 0.15908 -2.5395 -0.022934 -0.00458376 -0.00117664 0.0364644 0.000999396 0.000292265 -0.00430133 -0.0291142 -0.00493397 -0.00322443
30 53 10 0.296538 -1.86761 -0.00685778 0.169621 -2.5262 -0.0215913 -0.00458614 -0.00119332 0.0365033 0.000994038 0.000299644 -0.00430516 -0.0286499 -0.00504219 -0.0031785
30 53.5 10 0.302958 -1.83833 -0.00674802 0.178886 -2.50672 -0.0210904 -0.00457751 -0.00121354 0.0365314 0.00100285 0.000302693 -0.00432961 -0.0281527 -0.00514162 -0.00310731
30 54 10 0.308935 -1.80807 -0.00667319 0.187005 -2.48939 -0.022838 -0.00459762 -0.00125028 0.0365819 0.000977497 0.000292638 -0.00434142 -0.0276684 -0.0052406 -0.00310548
30 54.5 10 0.315191 -1.77893 -0.0068688 0.196677 -2.47372 -0.0231905 -0.00459686 -0.00127016 0.0366382 0.000968904 0.000295872 -0.00432323 -0.027242 -0.00534431 -0.00306142
30 55 10 0.321691 -1.74789 -0.00677554 0.20636 -2.4513 -0.0222042 -0.00457909 -0.0012871 0.0366643 0.000981995 0.000301752 -0.00435686 -0.0267036 -0.00544313 -0.00297418
30 55.5 10 0.32853 -1.71598 -0.00711733 0.218358 -2.42788 -0.0213394 -0.00457337 -0.00130255 0.0367027 0.000983137 0.00031248 -0.00437555 -0.0261802 -0.00554546 -0.00291029
30 56 10 0.335963 -1.68673 -0.00725946 0.234598 -2.40567 -0.0217276 -0.00457574 -0.00131823 0.0367203 0.000971628 0.000324367 -0.00440961 -0.0256659 -0.00564504 -0.0028737
30 56.5 10 0.342433 -1.65106 -0.00479011 0.245235 -2.38788 -0.0213172 -0.00457635 -0.00135557 0.0368389 0.000973812 0.000323169 -0.00434577 -0.0252228 -0.00577398 -0.00280771
30 57 10 0.350676 -1.61936 -0.00489841 0.257504 -2.36177 -0.0201931 -0.00456412 -0.00137472 0.036859 0.000974625 0.000328811 -0.004396 -0.0246528 -0.00589544 -0.00274326
30 57.5 10 0.358404 -1.58577 -0.00494306 0.270469 -2.33509 -0.0194348 -0.00456109 -0.00139785 0.0369111 0.000972354 0.000336085 -0.00440126 -0.0241278 -0.00601752 -0.00268619
30 58 10 0.364456 -1.54964 -0.00488255 0.284611 -2.30907 -0.0210037 -0.00456681 -0.00143647 0.0370024 0.000962394 0.000327094 -0.00436272 -0.0236333 -0.006121 -0.00264255
30 58.5 10 0.37148 -1.5136 -0.00494007 0.300298 -2.28103 -0.0202478 -0.00456101 -0.00145531 0.0370683 0.000964842 0.000339784 -0.00434805 -0.0230943 -0.0062307 -0.00257064
30 59 10 0.379245 -1.47848 -0.00584253 0.315988 -2.24985 -0.0179479 -0.00455679 -0.00146733 0.0371192 0.000955081 0.000362967 -0.00435812 -0.0225385 -0.00634534 -0.00251505
30 59.5 10 0.387865 -1.44105 -0.00435838 0.334604 -2.21738 -0.0168457 -0.00454881 -0.00150069 0.0371825 0.000957489 0.000364005 -0.00434669 -0.0219721 -0.00648184 -0.00244611
30 60 10 0.394239 -1.40349 -0.00231613 0.35186 -2.18518 -0.0160055 -0.00453892 -0.00153732 0.0372731 0.000968604 0.000360711 -0.00430568 -0.0214508 -0.00659227 -0.00236646
30 60.5 10 0.399743 -1.36686 -0.00113755 0.368248 -2.15288 -0.0152225 -0.00453244 -0.0015688 0.0373788 0.000970654 0.000362137 -0.00425049 -0.0209686 -0.00669314 -0.00229964
30 61 10 0.408574 -1.32902 -0.0022098 0.38837 -2.11772 -0.0151938 -0.0045443 -0.00159867 0.0374689 0.000938427 0.000366424 -0.00421088 -0.0204388 -0.00683884 -0.00228151
30 61.5 10 0.415779 -1.28622 -0.0027747 0.407275 -2.07737 -0.0153485 -0.00454813 -0.00163298 0.0375797 0.00092938 0.000370399 -0.004145 -0.0198619 -0.00696916 -0.00222366
30 62 10 0.425232 -1.24622 -0.00241571 0.43234 -2.03769 -0.0133163 -0.00454878 -0.00166087 0.0376658 0.000915651 0.000380457 -0.00410488 -0.0192871 -0.0071216 -0.00217236
30 62.5 10 0.43353 -1.20654 -0.00203546 0.456651 -1.99776 -0.0117044 -0.00453855 -0.00168326 0.0377585 0.000920211 0.000394307 -0.00404311 -0.0187394 -0.00726235 -0.00209363
30 63 10 0.44008 -1.16487 -0.00231893 0.480273 -1.95279 -0.0105988 -0.00453289 -0.00172262 0.0378855 0.000915774 0.000396409 -0.00394876 -0.0182101 -0.00738767 -0.0020298
30 63.5 10 0.4469 -1.12028 -0.00209766 0.507352 -1.90435 -0.0094164 -0.00453263 -0.00175663 0.037992 0.000904388 0.000401865 -0.00386754 -0.0175981 -0.00750773 -0.00196834
30 64 10 0.454624 -1.07847 -0.00146745 0.536313 -1.85849 -0.0074379 -0.00453821 -0.0018013 0.0381275 0.000881518 0.000394846 -0.00375887 -0.0170666 -0.00765882 -0.0019316
30 64.5 10 0.460703 -1.03398 -0.000949522 0.563956 -1.80752 -0.0048719 -0.00453707 -0.00183106 0.0382631 0.000873503 0.000408571 -0.00362405 -0.0165063 -0.00779202 -0.00186276
30 65 10 0.468736 -0.989005 -0.0017622 0.596488 -1.75193 -0.00472556 -0.00452435 -0.00186451 0.0383809 0.000869804 0.00042168 -0.00351305 -0.0159028 -0.00794559 -0.0017866
30 65.5 10 0.476346 -0.94503 -0.00174898 0.630418 -1.69367 -0.00318563 -0.004525 -0.00190819 0.0385045 0.000853696 0.000422493 -0.00338887 -0.0153251 -0.00809993 -0.0017365
30 66 10 0.482458 -0.898569 -0.000375256 0.66536 -1.63581 0.00115616 -0.00452816 -0.00195031 0.0386648 0.000832436 0.000422589 -0.00320436 -0.0147513 -0.00825972 -0.00168346
30 66.5 10 0.487139 -0.851606 0.00146192 0.700616 -1.57595 0.00671053 -0.00452234 -0.00199045 0.0388401 0.000818453 0.000424349 -0.00299371 -0.0141792 -0.0084121 -0.00161687
30 67 10 0.491933 -0.807043 0.00202877 0.739099 -1.51404 0.010081 -0.004518 -0.00203428 0.0389924 0.000807033 0.000432002 -0.00278162 -0.0136287 -0.0085634 -0.00155289
30 67.5 10 0.498324 -0.753751 0.0014386 0.782056 -1.43588 0.0122893 -0.00451416 -0.00207296 0.0391663 0.000784522 0.000447035 -0.00255896 -0.0129249 -0.00875657 -0.00147974
30 68 10 0.504973 -0.705348 0.0032477 0.832228 -1.36447 0.0179413 -0.0045173 -0.00211907 0.0393443 0.000760426 0.000446742 -0.00228557 -0.012317 -0.00898335 -0.00142349
30 68.5 10 0.507195 -0.660946 0.00427829 0.876826 -1.29604 0.023154 -0.00451397 -0.00216253 0.0395145 0.000742437 0.000450095 -0.00200679 -0.0117586 -0.00914206 -0.00136172
30 69 10 0.51194 -0.614187 0.00364377 0.931419 -1.2215 0.0264401 -0.00451208 -0.00221038 0.0396979 0.000702714 0.000447381 -0.00170953 -0.0111488 -0.00936425 -0.00131389
30 69.5 10 0.513844 -0.56161 0.0043856 0.986494 -1.13388 0.0325782 -0.00451459 -0.00225689 0.0398985 0.000678443 0.000455544 -0.00133839 -0.0104474 -0.00958949 -0.00123823
30 70 10 0.515497 -0.512527 0.00584814 1.04633 -1.04858 0.0402153 -0.00451149 -0.0023107 0.0400941 0.000644984 0.000455488 -0.000955341 -0.00977617 -0.00983461 -0.00117525
30 70.5 10 0.516228 -0.463962 0.00701836 1.11067 -0.96474 0.0475749 -0.0045047 -0.00236419 0.0402992 0.00060957 0.000448446 -0.00053699 -0.009092 -0.0101049 -0.00111216
30 71 10 0.515035 -0.409524 0.0070001 1.17959 -0.861633 0.053734 -0.00451324 -0.00241173 0.0405267 0.000572453 0.000458644 -3.12421e-05 -0.00828876 -0.0104183 -0.00102807
30 71.5 10 0.510876 -0.357289 0.00802786 1.24842 -0.761305 0.062757 -0.00451692 -0.00246842 0.0407399 0.000530627 0.000449035 0.000481378 -0.00746538 -0.0107085 -0.000955175
30 72 10 0.5083 -0.311188 0.0102822 1.33394 -0.669672 0.0742289 -0.0045159 -0.00252739 0.0409565 0.000481745 0.000436729 0.00104165 -0.00672457 -0.0111092 -0.000892393
30 72.5 10 0.505581 -0.25984 0.0121977 1.4267 -0.565022 0.0866425 -0.00451099 -0.00259084 0.0411809 0.00042371 0.00042457 0.00166122 -0.00582213 -0.0116043 -0.000818436
30 73 10 0.499427 -0.205847 0.0125098 1.52614 -0.454325 0.0969974 -0.00451522 -0.00265537 0.0414263 0.000355238 0.000403352 0.0023953 -0.00481081 -0.0121835 -0.000739322
30 73.5 10 0.487842 -0.156095 0.0117046 1.62184 -0.346557 0.106657 -0.0045037 -0.00271164 0.0416674 0.00028197 0.000390674 0.00312324 -0.00379819 -0.0127076 -0.000647264
30 74 10 0.475737 -0.104164 0.0129883 1.72825 -0.231759 0.121933 -0.00450909 -0.00277655 0.0418991 0.000200364 0.000374563 0.00394289 -0.0026439 -0.0133907 -0.000548409
30 74.5 10 0.463014 -0.059235 0.0141731 1.84307 -0.131291 0.135938 -0.00451374 -0.00283948 0.0420971 0.000138257 0.000353744 0.00471816 -0.00156046 -0.0141163 -0.00045598
30 75 10 0.451249 -0.0351732 0.0139834 1.95736 -0.08024 0.150014 -0.00451663 -0.00289559 0.0422441 7.67738e-05 0.000340017 0.00528667 -0.000960291 -0.0147311 -0.000396902
