# x jRe_x jRe_y jRe_z jIm_x jIm_y jIm_z BRe_x BRe_y BRe_z BIm_x BIm_y BIm_z F_x F_y F_z VReGrad_x VReGrad_y VReGrad_z VImGrad_x VImGrad_y VImGrad_z s VRe VIm sigma mur
-0.035 -84662.22 	122196.02 	7672.1077 	 -643144.63 	902654.88 	98106.997 	 0.0055159536 	0.0025903092 	0.041746339 	 -0.00031448275 	-0.00040480362 	0.0039265507 	 4336.9409 	3033.8813 	-179.93386 	 -0.6478487 	0.59156383 	0.0012088941 	 -2.6958104 	3.328302 	-0.08280679 		-0.035 0.0041796346 0.018129271 1200000 1
-0.03375 -152773.51 	141394.16 	9308.4027 	 -696797.89 	676636.23 	97682.007 	 0.0054527978 	0.002586271 	0.041641491 	 -0.00030564132 	-0.00039737193 	0.0038493356 	 4262.6078 	4497.8362 	-345.82339 	 -0.63934931 	0.59018991 	0.001190875 	 -2.6498763 	3.3120558 	-0.082647995 		-0.03375 0.0033120862 0.014233673 1200000 1
-0.0325 -247845.85 	155177.19 	10173.722 	 -1011030.3 	651394.62 	98199.945 	 0.0051938409 	0.0025670151 	0.04131401 	 -0.00033635594 	-0.00041023636 	0.0033668368 	 4264.1715 	6700.8181 	-393.6921 	 -0.60115706 	0.57871644 	0.00085123206 	 -2.3974259 	3.1584025 	-0.083196314 		-0.0325 0.0025027642 0.010818734 1200000 1
-0.03125 -399586.56 	145286.38 	13354.142 	 -1425184.8 	487466.2 	112691.21 	 0.004827874 	0.0026080655 	0.041010918 	 -0.00031013431 	-0.0004270871 	0.0031175082 	 3749.1687 	10346.438 	-490.50979 	 -0.54513322 	0.58916007 	-0.00016936401 	 -2.0309243 	3.0935692 	-0.095569324 		-0.03125 0.0018071176 0.0082919624 1200000 1
-0.03 -533152.62 	146560.22 	15050.995 	 -1770894.1 	410299.88 	118360.74 	 0.004488432 	0.0026243365 	0.040644453 	 -0.00030322153 	-0.00044175949 	0.0028144271 	 3542.8668 	13322.279 	-583.13374 	 -0.49046879 	0.58543183 	-0.0007816305 	 -1.7272892 	2.9647948 	-0.10047663 		-0.03 0.0011636763 0.0062492746 1200000 1
-0.02875 -664617.04 	158702.55 	15618.83 	 -2027978.6 	406643.96 	115375.46 	 0.004174955 	0.0026154179 	0.040179725 	 -0.00031665087 	-0.00045544907 	0.002372342 	 3546.4152 	15862.155 	-674.16563 	 -0.4374455 	0.56747918 	-0.00098655462 	 -1.4929007 	2.7789235 	-0.098128438 		-0.02875 0.00056494101 0.0042179006 1200000 1
-0.0275 -810941.54 	139419.45 	17590.05 	 -2296729.9 	299186.5 	121201.25 	 0.0038771386 	0.0026635995 	0.040012159 	 -0.00026829347 	-0.00046133057 	0.0026922255 	 3201.5452 	19314.38 	-792.54739 	 -0.3828654 	0.56981466 	-0.001541224 	 -1.243652 	2.6893163 	-0.10321705 		-0.0275 9.6966962e-05 0.0028476811 1200000 1
-0.02625 -909656.83 	163588.03 	16420.951 	 -2455649.7 	339215.77 	110222.9 	 0.0035992138 	0.0026207933 	0.039274645 	 -0.00031197405 	-0.00047682486 	0.0017356971 	 3276.5545 	20314.494 	-852.31045 	 -0.33687824 	0.53582411 	-0.0012713386 	 -1.0969825 	2.478326 	-0.094051875 		-0.02625 -0.00039854837 0.0013357001 1200000 1
-0.025 -1067165.3 	127542.21 	18449.555 	 -2675757.6 	219977.39 	115791 	 0.0033393423 	0.0026954729 	0.0394526 	 -0.00023622974 	-0.00047275058 	0.0027299978 	 2820.1652 	24709.108 	-1006.1328 	 -0.28317589 	0.54232829 	-0.0017751514 	 -0.87829489 	2.4124825 	-0.098949399 		-0.025 -0.0007141751 0.00041444539 1200000 1
-0.02375 -1161581 	136366.05 	17561.657 	 -2803110.2 	226223.46 	107359.68 	 0.0030937998 	0.0026775143 	0.038925753 	 -0.00024975816 	-0.00048170249 	0.0021811399 	 2775.7709 	25896.795 	-1076.0036 	 -0.24101379 	0.5142425 	-0.0015553375 	 -0.75552025 	2.2432749 	-0.091908186 		-0.02375 -0.0010448081 -0.0004911204 1200000 1
-0.0225 -1292289.5 	116401.01 	18035.141 	 -2949247.1 	176631.19 	105656.54 	 0.0028633202 	0.0027190166 	0.039012207 	 -0.00020880752 	-0.00047921849 	0.0027825136 	 2488.9255 	29373.06 	-1213.6229 	 -0.19461587 	0.50309027 	-0.0016715124 	 -0.60111129 	2.1285001 	-0.090603468 		-0.0225 -0.0012912763 -0.0012467417 1200000 1
-0.02125 -1392462.1 	110549.27 	17677.506 	 -3063342.4 	152105.82 	100305.29 	 0.0026446445 	0.0027330453 	0.03884402 	 -0.00019267298 	-0.00048062213 	0.0028854426 	 2348.3779 	31532.442 	-1316.9758 	 -0.15452872 	0.48235432 	-0.0015830267 	 -0.48434942 	1.9964973 	-0.086158649 		-0.02125 -0.0014726322 -0.0017032787 1200000 1
-0.02 -1471204.6 	110961.1 	16397.102 	 -3134184.1 	149381.6 	91584.756 	 0.0024377221 	0.0027194247 	0.038396943 	 -0.00019987523 	-0.00048604692 	0.002464211 	 2201.0077 	32401.275 	-1377.6945 	 -0.12110206 	0.4527051 	-0.0012992373 	 -0.4053374 	1.8505298 	-0.078809561 		-0.02 -0.0016523536 -0.0022508125 1200000 1
-0.01875 -1583471.3 	92224.869 	16495.476 	 -3239222.6 	105884.82 	88938.689 	 0.0022421793 	0.0027658592 	0.038655463 	 -0.00015931038 	-0.00048024426 	0.0032840347 	 1957.1517 	35939.655 	-1526.7723 	 -0.081929072 	0.43762393 	-0.0013542046 	 -0.28768031 	1.7446917 	-0.076645132 		-0.01875 -0.0017246519 -0.0024707215 1200000 1
-0.0175 -1620450.4 	103642.23 	14445.49 	 -3268421.9 	128839.48 	77677.733 	 0.0020526838 	0.0027166147 	0.03779994 	 -0.00018649862 	-0.00049156477 	0.0021164589 	 1943.8001 	34606.409 	-1512.7832 	 -0.059391089 	0.39825153 	-0.00091082288 	 -0.25549145 	1.5840067 	-0.067069051 		-0.0175 -0.0018295417 -0.0027909609 1200000 1
-0.01625 -1742681.5 	78194.423 	14728.115 	 -3364752.4 	86061.858 	76500.692 	 0.0018770471 	0.0027892437 	0.038503449 	 -0.00013231421 	-0.00047983992 	0.0035582089 	 1657.7825 	39544.511 	-1710.9625 	 -0.020819047 	0.38489965 	-0.0010623448 	 -0.13757776 	1.4867755 	-0.066123842 		-0.01625 -0.0018223081 -0.0028696813 1200000 1
-0.015 -1784082 	79977.612 	13223.1 	 -3396046.2 	86353.134 	67999.642 	 0.0017046481 	0.0027655774 	0.037971648 	 -0.00013896702 	-0.00048581535 	0.002940621 	 1576.7975 	39172.838 	-1726.371 	 9.218956e-05 	0.35202188 	-0.00078476561 	 -0.10125086 	1.3528992 	-0.058875505 		-0.015 -0.0018158631 -0.0028983349 1200000 1
-0.01375 -1869933.5 	64386.11 	12573.854 	 -3452936 	61396.521 	63572.633 	 0.001541185 	0.0028029507 	0.038284558 	 -0.00011260791 	-0.00048021357 	0.003669063 	 1327.415 	42197.341 	-1859.1579 	 0.028890272 	0.32964004 	-0.00075976445 	 -0.025694547 	1.2458046 	-0.055098215 		-0.01375 -0.0017777729 -0.0029222421 1200000 1
-0.0125 -1925183.2 	59384.17 	11595.313 	 -3491504.8 	51179.853 	57500.457 	 0.0013828287 	0.002811816 	0.038234895 	 -0.00010060928 	-0.00047979343 	0.0037830884 	 1220.4821 	43480.884 	-1929.9073 	 0.050586024 	0.30133912 	-0.00064227563 	 0.022477074 	1.1271445 	-0.049908849 		-0.0125 -0.0016823259 -0.0027442921 1200000 1
-0.01125 -1953847.8 	57837.259 	10076.404 	 -3505124.4 	57218.694 	50045.8 	 0.001229741 	0.0027920887 	0.037809482 	 -0.00010134123 	-0.00048461563 	0.0032764911 	 1130.9902 	43006.478 	-1934.9939 	 0.065033842 	0.26764274 	-0.00044385956 	 0.043458068 	0.99833057 	-0.043487971 		-0.01125 -0.0016114802 -0.0026946859 1200000 1
-0.01 -2026131.3 	46442.394 	9420.4465 	 -3549971.3 	41888.98 	45769.563 	 0.0010827008 	0.0028337243 	0.038282823 	 -7.5872317e-05 	-0.00047769323 	0.0041387491 	 974.51186 	46136.036 	-2068.8583 	 0.088254271 	0.24260471 	-0.00045292769 	 0.10486199 	0.8898637 	-0.039807587 		-0.01 -0.0014681492 -0.0024498187 1200000 1
-0.00875 -2014296.7 	47583.337 	7662.5322 	 -3539862 	44734.185 	37542.152 	 0.00093685591 	0.0027778082 	0.037322172 	 -8.5811776e-05 	-0.00048901342 	0.0028310713 	 886.11524 	43162.329 	-1977.5985 	 0.092075932 	0.20730534 	-0.00021824581 	 0.091581659 	0.76656796 	-0.032698683 		-0.00875 -0.0013485761 -0.0022691215 1200000 1
-0.0075 -2099068.1 	32180.807 	7065.6057 	 -3588082.8 	23282.471 	33974.446 	 0.00079813479 	0.0028456531 	0.03823679 	 -5.6429269e-05 	-0.00047701712 	0.0043031218 	 663.89039 	47852.658 	-2165.5785 	 0.11603704 	0.18404464 	-0.00028890614 	 0.16187849 	0.66781703 	-0.029593092 		-0.0075 -0.0011779974 -0.001997759 1200000 1
-0.00625 -2098118.2 	30726.187 	5717.5898 	 -3586369.3 	24033.238 	27361.709 	 0.00066001807 	0.0028156954 	0.037690437 	 -5.385563e-05 	-0.00048334292 	0.0035905073 	 596.88149 	46301.969 	-2121.2061 	 0.12045531 	0.15114136 	-0.00016962933 	 0.15934167 	0.54965328 	-0.023864016 		-0.00625 -0.00099985842 -0.0016801616 1200000 1
-0.005 -2144831.6 	22517.404 	4658.7482 	 -3610177.3 	21512.344 	22341.91 	 0.00052564499 	0.0028474881 	0.038116658 	 -3.8125807e-05 	-0.00047783178 	0.0042732815 	 469.09902 	48657.21 	-2219.9455 	 0.13444489 	0.12162549 	-0.00015704913 	 0.19638203 	0.43740798 	-0.019479993 		-0.005 -0.00082976747 -0.0014320577 1200000 1
-0.00375 -2162175.3 	18215.065 	3576.2838 	 -3619405 	15477.946 	16732.358 	 0.0003924478 	0.0028504575 	0.038109484 	 -2.8041221e-05 	-0.0004776588 	0.0043150313 	 378.03756 	49076.368 	-2244.1173 	 0.14121414 	0.091305197 	-0.00011288611 	 0.20979905 	0.3269282 	-0.014610505 		-0.00375 -0.00060995349 -0.0010162814 1200000 1
-0.0025 -2151267.9 	11601.804 	2243.3136 	 -3611866.6 	8886.5159 	10779.185 	 0.0002606205 	0.0028245929 	0.037665795 	 -2.2073253e-05 	-0.00048278982 	0.0037146566 	 220.57027 	47551.178 	-2192.9552 	 0.14073063 	0.060659057 	-4.8694651e-05 	 0.19968129 	0.21912014 	-0.0094083149 		-0.0025 -0.00042661502 -0.00073431177 1200000 1
-0.00125 -2187807.8 	4911.8536 	1199.9485 	 -3631359.1 	99.462994 	5569.8489 	 0.00013010026 	0.0028605299 	0.038204391 	 -9.4293119e-06 	-0.00047622321 	0.0045137273 	 93.657937 	49988.789 	-2287.8844 	 0.15004535 	0.031432071 	-3.5966169e-05 	 0.22923979 	0.11276972 	-0.0048666735 		-0.00125 -0.0002048066 -0.0003357127 1200000 1
1.0842022e-17 -2138042.2 	-0.153421 	-0.4348191 	 -3604148.6 	-0.1317035 	-0.116231 	 -1.8162e-09 	0.0027983175 	0.037214837 	 -4.17014e-10 	-0.00048811122 	0.003107785 	 -0.00170021 	45953.568 	-2137.6954 	 0.13944866 	-5.24589e-06 	5.989347e-07 	 0.18823528 	-1.49462e-05 	3.45462e-07 		1.0842022e-17 -1.7757113e-06 -1.5885172e-06 1200000 1
0.00125 -2187807.8 	-4912.2478 	-1200.8059 	 -3631359.3 	-99.615033 	-5570.0536 	 -0.00013010391 	0.002860529 	0.038204389 	 9.428387e-06 	-0.00047622221 	0.0045137254 	 -93.664797 	49988.784 	-2287.8853 	 0.15004547 	-0.031442464 	3.7152663e-05 	 0.22924008 	-0.11279979 	0.0048673445 		0.00125 0.00020125532 0.00033253584 1200000 1
0.0025 -2151268 	-11602.101 	-2244.1516 	 -3611866.8 	-8886.6912 	-10779.425 	 -0.00026062387 	0.002824592 	0.037665791 	 2.2072393e-05 	-0.00048278869 	0.0037146534 	 -220.57431 	47551.171 	-2192.9562 	 0.14073085 	-0.060669556 	4.9866476e-05 	 0.19968165 	-0.21915012 	0.0094090115 		0.0025 0.00042306391 0.00073113551 1200000 1
0.00375 -2162175.5 	-18215.329 	-3577.0908 	 -3619405.1 	-15478.027 	-16732.63 	 -0.00039245085 	0.0028504568 	0.038109478 	 2.8040332e-05 	-0.00047765807 	0.0043150267 	 -378.04172 	49076.358 	-2244.1183 	 0.14121451 	-0.091315715 	0.00011403231 	 0.20979939 	-0.32695826 	0.014611227 		0.00375 0.0006064028 0.0010131062 1200000 1
0.005 -2144831.9 	-22517.61 	-4659.5245 	 -3610177.1 	-21512.391 	-22342.236 	 -0.00052564769 	0.0028474876 	0.038116651 	 3.8124949e-05 	-0.00047783134 	0.0042732758 	 -469.10207 	48657.198 	-2219.9462 	 0.13444536 	-0.12163608 	0.00015817144 	 0.1963822 	-0.43743801 	0.019480756 		0.005 0.00082621735 0.0014288828 1200000 1
0.00625 -2098118.5 	-30726.298 	-5718.3342 	 -3586368.9 	-24033.304 	-27362.109 	 -0.00066002038 	0.0028156949 	0.03769043 	 5.3854857e-05 	-0.00048334263 	0.0035905009 	 -596.88196 	46301.956 	-2121.2067 	 0.12045583 	-0.15115207 	0.00017072818 	 0.15934155 	-0.5496832 	0.023864834 		0.00625 0.00099630893 0.0016769865 1200000 1
0.0075 -2099068.5 	-32180.943 	-7066.3086 	 -3588082.2 	-23282.497 	-33974.866 	 -0.00079813698 	0.0028456526 	0.038236784 	 5.6428618e-05 	-0.000477017 	0.0043031142 	 -663.89225 	47852.644 	-2165.5791 	 0.11603763 	-0.18405534 	0.00028997264 	 0.16187815 	-0.66784695 	0.029593923 		0.0075 0.0011744488 0.0019945835 1200000 1
0.00875 -2014297.1 	-47583.459 	-7663.1608 	 -3539861.4 	-44734.465 	-37542.5 	 -0.0009368583 	0.0027778077 	0.037322165 	 8.5811552e-05 	-0.00048901332 	0.0028310636 	 -886.11531 	43162.315 	-1977.5989 	 0.092076572 	-0.20731612 	0.00021925826 	 0.091581367 	-0.76659755 	0.032699445 		0.00875 0.001345028 0.0022659453 1200000 1
0.01 -2026131.8 	-46442.675 	-9421.0088 	 -3549970.7 	-41889.271 	-45769.805 	 -0.0010827036 	0.0028337238 	0.038282815 	 7.58724e-05 	-0.00047769318 	0.0041387402 	 -974.51689 	46136.02 	-2068.8587 	 0.088254956 	-0.24261538 	0.00045388986 	 0.10486169 	-0.8898933 	0.039808257 		0.01 0.0014646021 0.0024466417 1200000 1
0.01125 -1953848.3 	-57837.515 	-10076.942 	 -3505124 	-57219.026 	-50045.992 	 -0.0012297435 	0.0027920881 	0.037809473 	 0.00010134149 	-0.0004846156 	0.0032764825 	 -1130.9936 	43006.462 	-1934.9943 	 0.065034603 	-0.26765348 	0.00044480947 	 0.043457929 	-0.99836001 	0.043488591 		0.01125 0.001607934 0.0026915087 1200000 1
0.0125 -1925183.8 	-59384.477 	-11595.851 	 -3491504.6 	-51180.056 	-57500.612 	 -0.001382831 	0.0028118154 	0.038234884 	 0.00010060954 	-0.00047979341 	0.0037830799 	 -1220.4871 	43480.869 	-1929.9078 	 0.050586888 	-0.30134985 	0.00064323246 	 0.022477114 	-1.127174 	0.049909433 		0.0125 0.0016787808 0.002741115 1200000 1
0.01375 -1869934.2 	-64386.396 	-12574.393 	 -3452935.8 	-61396.639 	-63572.733 	 -0.001541187 	0.00280295 	0.038284545 	 0.00011260815 	-0.00048021355 	0.0036690551 	 -1327.4194 	42197.328 	-1859.1586 	 0.02889122 	-0.32965083 	0.00076072832 	 -0.025694476 	-1.245834 	0.055098748 		0.01375 0.0017742289 0.0029190649 1200000 1
0.015 -1784082.8 	-79977.795 	-13223.637 	 -3396045.9 	-86353.203 	-67999.67 	 -0.00170465 	0.0027655767 	0.037971634 	 0.0001389672 	-0.00048581529 	0.0029406142 	 -1576.799 	39172.827 	-1726.3718 	 9.3191835e-05 	-0.3520328 	0.00078573591 	 -0.10125091 	-1.3529285 	0.058875971 		0.015 0.0018123204 0.0028951579 1200000 1
0.01625 -1742682.3 	-78194.604 	-14728.66 	 -3364751.9 	-86061.801 	-76500.654 	 -0.0018770489 	0.0027892431 	0.038503434 	 0.00013231424 	-0.00047983982 	0.0035582027 	 -1657.7846 	39544.502 	-1710.9635 	 -0.020817979 	-0.3849106 	0.0010633277 	 -0.13757796 	-1.4868048 	0.066124247 		0.01625 0.0018187668 0.0028665043 1200000 1
0.0175 -1620451.1 	-103642.28 	-14446.044 	 -3268421.2 	-128839.42 	-77677.662 	 -0.0020526854 	0.0027166141 	0.037799926 	 0.00018649853 	-0.00049156461 	0.0021164541 	 -1943.7982 	34606.402 	-1512.7841 	 -0.059390041 	-0.39826261 	0.00091181872 	 -0.25549186 	-1.5840358 	0.06706942 		0.0175 0.0018260016 0.0027877829 1200000 1
0.01875 -1583472 	-92224.957 	-16496.044 	 -3239221.6 	-105884.63 	-88938.563 	 -0.0022421807 	0.0027658586 	0.038655448 	 0.00015931017 	-0.00048024405 	0.0032840296 	 -1957.1516 	35939.646 	-1526.7734 	 -0.081928028 	-0.43763497 	0.0013552183 	 -0.28768097 	-1.7447208 	0.076645452 		0.01875 0.0017211135 0.0024675431 1200000 1
0.02 -1471205.2 	-110961.19 	-16397.657 	 -3134183 	-149381.49 	-91584.611 	 -0.0024377236 	0.002719424 	0.038396928 	 0.00019987533 	-0.00048604665 	0.0024642072 	 -2201.0071 	32401.269 	-1377.6957 	 -0.12110102 	-0.45271615 	0.0013002421 	 -0.40533816 	-1.8505588 	0.078809859 		0.02 0.0016488163 0.0022476328 1200000 1
0.02125 -1392462.7 	-110549.5 	-17678.038 	 -3063341.2 	-152105.79 	-100305.09 	 -0.0026446464 	0.0027330446 	0.038844004 	 0.00019267358 	-0.00048062181 	0.002885439 	 -2348.3805 	31532.435 	-1316.9772 	 -0.1545277 	-0.48236526 	0.0015840148 	 -0.48435028 	-1.9965261 	0.086158899 		0.02125 0.0014690962 0.0017000981 1200000 1
0.0225 -1292290.1 	-116401.28 	-18035.68 	 -2949245.7 	-176631.16 	-105656.35 	 -0.002863322 	0.0027190158 	0.03901219 	 0.00020880833 	-0.00047921808 	0.0027825109 	 -2488.9288 	29373.055 	-1213.6245 	 -0.19461478 	-0.50310116 	0.001672507 	 -0.60111228 	-2.1285287 	0.090603718 		0.0225 0.0012877416 0.0012435598 1200000 1
0.02375 -1161581.7 	-136366.24 	-17562.234 	 -2803108.6 	-226223.38 	-107359.55 	 -0.0030938012 	0.0026775134 	0.038925733 	 0.00024975886 	-0.00048170196 	0.0021811391 	 -2775.7721 	25896.795 	-1076.0055 	 -0.24101256 	-0.51425342 	0.0015563621 	 -0.7555214 	-2.2433034 	0.091908481 		0.02375 0.0010412746 0.00048793719 1200000 1
0.025 -1067166.2 	-127542.42 	-18450.142 	 -2675755.9 	-219977.28 	-115790.91 	 -0.0033393435 	0.0026954717 	0.039452577 	 0.00023623044 	-0.00047274993 	0.0027299976 	 -2820.1669 	24709.11 	-1006.135 	 -0.28317458 	-0.54233917 	0.0017761826 	 -0.8782962 	-2.4125109 	0.098949714 		0.025 0.00071064322 -0.00041763007 1200000 1
0.02625 -909657.54 	-163587.99 	-16421.506 	 -2455648 	-339215.73 	-110222.89 	 -0.0035992153 	0.0026207917 	0.039274622 	 0.00031197491 	-0.00047682402 	0.0017356984 	 -3276.5512 	20314.497 	-852.31195 	 -0.33687701 	-0.53583516 	0.0012723382 	 -1.0969838 	-2.4783541 	0.094052235 		0.02625 0.00039501819 -0.0013388872 1200000 1
0.0275 -810942.13 	-139419.4 	-17590.535 	 -2296728.2 	-299186.54 	-121201.24 	 -0.0038771407 	0.0026635976 	0.040012133 	 0.00026829467 	-0.00046132962 	0.0026922264 	 -3201.5421 	19314.38 	-792.54876 	 -0.38286426 	-0.56982568 	0.0015421614 	 -1.2436532 	-2.6893441 	0.10321741 		0.0275 -0.00010049496 -0.0028508701 1200000 1
0.02875 -664617.45 	-158702.45 	-15619.3 	 -2027977.2 	-406643.88 	-115375.44 	 -0.0041749572 	0.002615416 	0.040179698 	 0.00031665243 	-0.00045544801 	0.0023723443 	 -3546.411 	15862.155 	-674.16655 	 -0.43744452 	-0.56749019 	0.00098747465 	 -1.4929017 	-2.7789513 	0.098128782 		0.02875 -0.00056846806 -0.0042210913 1200000 1
0.03 -533152.82 	-146560.22 	-15051.424 	 -1770893 	-410299.67 	-118360.66 	 -0.0044884345 	0.0026243348 	0.040644424 	 0.00030322367 	-0.00044175839 	0.0028144304 	 -3542.8645 	13322.278 	-583.1345 	 -0.490468 	-0.58544269 	0.00078251302 	 -1.72729 	-2.9648225 	0.10047691 		0.03 -0.0011672024 -0.0062524662 1200000 1
0.03125 -399586.65 	-145286.35 	-13354.547 	 -1425184.1 	-487465.79 	-112691.08 	 -0.0048278767 	0.0026080638 	0.041010886 	 0.00031013645 	-0.00042708591 	0.0031175126 	 -3749.1657 	10346.437 	-490.5102 	 -0.54513254 	-0.58917089 	0.000170221 	 -2.0309248 	-3.0935968 	0.095569552 		0.03125 -0.001810643 -0.0082951552 1200000 1
0.0325 -247845.95 	-155176.99 	-10174.123 	 -1011029.8 	-651393.93 	-98199.769 	 -0.0051938437 	0.0025670134 	0.041313975 	 0.00033635748 	-0.00041023503 	0.0033668421 	 -4264.1647 	6700.8188 	-393.69208 	 -0.60115641 	-0.57872731 	-0.00085038494 	 -2.3974263 	-3.1584301 	0.083196489 		0.0325 -0.0025062888 -0.010821928 1200000 1
0.03375 -152773.62 	-141393.92 	-9308.7517 	 -696797.55 	-676635.45 	-97681.768 	 -0.0054528009 	0.0025862693 	0.041641452 	 0.00030564253 	-0.00039737051 	0.0038493414 	 -4262.6002 	4497.8378 	-345.82325 	 -0.63934867 	-0.59020078 	-0.0011900736 	 -2.6498766 	-3.3120832 	0.082648111 		0.03375 -0.0033156119 -0.014236872 1200000 1
0.035 -91152.471 	-167234.58 	-6745.3547 	 -636017.63 	-1020769.4 	-85014.595 	 -0.0054999469 	0.0025296695 	0.041636202 	 0.00035771425 	-0.00039219071 	0.0037679496 	 -5341.561 	3116.4326 	-248.01015 	 -0.64766269 	-0.56817706 	-0.0017314039 	 -2.6824388 	-3.1825154 	0.071864201 		0.035 -0.0041079218 -0.017678501 1200000 1
