# y jRe_x jRe_y jRe_z jIm_x jIm_y jIm_z BRe_x BRe_y BRe_z BIm_x BIm_y BIm_z F_x F_y F_z VReGrad_x VReGrad_y VReGrad_z VImGrad_x VImGrad_y VImGrad_z s VRe VIm sigma mur
-0.075 -1742048.5 	-4292.025 	-81.871623 	 -3414421 	-1979.1947 	33.431364 	 2.658418e-06 	0.0083749466 	0.033086266 	 -6.209795e-06 	0.0069152693 	-0.0021958623 	 -71.960442 	25076.829 	-19084.466 	 0.041911958 	0.0005233682 	5.482604e-05 	 -0.069699709 	-0.001462334 	-3.753123e-05 		-0.075 -0.00012806926 -0.00041697464 1200000 1
-0.07375 -1836099.1 	-0.096021619 	0.71854087 	 -3128540.3 	-0.24248897 	0.42486366 	 8.2491667e-09 	0.0081574585 	0.033165484 	 -6.8123667e-09 	0.0066819343 	-0.0022213151 	 -0.0056124485 	26973.737 	-17952.12 	 0.033259425 	-7.789e-06 	-1.01563e-06 	 -0.092053397 	-7.4526667e-06 	-3.3423017e-06 		-0.07375 -1.0811388e-06 -3.0784427e-07 1200000 1
-0.0725 -1869866.8 	-0.23594396 	0.67964846 	 -2957276.2 	-0.15392785 	0.38335226 	 7.6673333e-09 	0.0082578687 	0.032724315 	 -6.8871667e-09 	0.0068030456 	-0.0026181692 	 -0.0074819921 	27171.631 	-17868.683 	 0.028709802 	-7.8009667e-06 	-9.8811667e-07 	 -0.11243404 	-7.4266667e-06 	-3.3749417e-06 		-0.0725 -1.0889435e-06 -3.1595886e-07 1200000 1
-0.07125 -1850703.7 	-0.38978297 	0.71155472 	 -2800503 	-0.099283384 	0.39298419 	 6.642e-09 	0.0081962379 	0.031812348 	 -6.9315e-09 	0.0066876284 	-0.0034213866 	 -0.0094118691 	25880.791 	-17140.869 	 0.019820384 	-7.8129e-06 	-1.01995e-06 	 -0.15390012 	-7.35e-06 	-3.436925e-06 		-0.07125 -1.0966946e-06 -3.2378846e-07 1200000 1
-0.07 -1831540.5 	-0.54362198 	0.74346098 	 -2643729.8 	-0.044638923 	0.40261613 	 5.6166667e-09 	0.0081346072 	0.03090038 	 -6.9758333e-09 	0.0065722112 	-0.0042246041 	 -0.011341746 	24589.951 	-16413.054 	 0.010930967 	-7.8248333e-06 	-1.0517833e-06 	 -0.1953662 	-7.2733333e-06 	-3.4989083e-06 		-0.07 -1.1044457e-06 -3.3161805e-07 1200000 1
-0.06875 -1812377.4 	-0.69746099 	0.77536724 	 -2486956.5 	0.010005539 	0.41224806 	 4.5913333e-09 	0.0080729764 	0.029988413 	 -7.0201667e-09 	0.006456794 	-0.0050278215 	 -0.013271623 	23299.111 	-15685.239 	 0.0020415497 	-7.8367667e-06 	-1.0836167e-06 	 -0.23683229 	-7.1966667e-06 	-3.5608917e-06 		-0.06875 -1.1121968e-06 -3.3944764e-07 1200000 1
-0.0675 -1793214.3 	-0.8513 	0.8072735 	 -2330183.3 	0.06465 	0.42188 	 3.566e-09 	0.0080113456 	0.029076446 	 -7.0645e-09 	0.0063413768 	-0.005831039 	 -0.0152015 	22008.27 	-14957.425 	 -0.0068478676 	-7.8487e-06 	-1.11545e-06 	 -0.27829837 	-7.12e-06 	-3.622875e-06 		-0.0675 -1.1199478e-06 -3.4727723e-07 1200000 1
-0.06625 -1703104 	-1.0909667 	0.96150833 	 -2134903.6 	0.1149 	0.46857333 	 1.8381667e-09 	0.0076294188 	0.02717756 	 -7.0304667e-09 	0.0057969826 	-0.0074737874 	 -0.017981833 	18375.721 	-13172.942 	 -0.024489168 	-7.8585e-06 	-1.2570052e-06 	 -0.36165671 	-6.9403333e-06 	-3.7356417e-06 		-0.06625 -1.1294707e-06 -3.5580445e-07 1200000 1
-0.065 -1627067 	-1.3179667 	1.0280623 	 -1930393.3 	0.20136667 	0.52355333 	 -2.125e-10 	0.0075061573 	0.025353625 	 -7.1191333e-09 	0.0055661483 	-0.0090802223 	 -0.020743167 	15058.531 	-11945.751 	 -0.042268003 	-7.8823667e-06 	-1.3206718e-06 	 -0.44458887 	-6.787e-06 	-3.8596083e-06 		-0.065 -1.1395021e-06 -3.6466045e-07 1200000 1
-0.06375 -1565103.2 	-1.5323 	1.0069355 	 -1716652.5 	0.32405 	0.58682 	 -2.586e-09 	0.0076415609 	0.023604641 	 -7.3305e-09 	0.0056488738 	-0.010650344 	 -0.0234855 	12056.701 	-11275.853 	 -0.060184372 	-7.9203e-06 	-1.30645e-06 	 -0.52709485 	-6.66e-06 	-3.994775e-06 		-0.06375 -1.1500418e-06 -3.7384523e-07 1200000 1
-0.0625 -1489948.5 	-1.7785667 	1.037455 	 -1562538.1 	0.35448333 	0.61574933 	 -4.528e-09 	0.0074130033 	0.022167339 	 -7.4488333e-09 	0.0053803597 	-0.011610915 	 -0.0249346 	10173.835 	-10289.272 	 -0.073124262 	-7.9149667e-06 	-1.3415014e-06 	 -0.59575183 	-6.441e-06 	-4.0757191e-06 		-0.0625 -1.1600339e-06 -3.8188199e-07 1200000 1
-0.06125 -1414793.8 	-2.0248333 	1.0679744 	 -1408423.8 	0.38491667 	0.64467867 	 -6.47e-09 	0.0071844456 	0.020730037 	 -7.5671667e-09 	0.0051118456 	-0.012571487 	 -0.0263837 	8290.9683 	-9302.6924 	 -0.086064151 	-7.9096333e-06 	-1.3765528e-06 	 -0.66440882 	-6.222e-06 	-4.1566633e-06 		-0.06125 -1.1700259e-06 -3.8991875e-07 1200000 1
-0.06 -1339639.1 	-2.2711 	1.0984939 	 -1254309.4 	0.41535 	0.673608 	 -8.412e-09 	0.006955888 	0.019292735 	 -7.6855e-09 	0.0048433314 	-0.013532059 	 -0.0278328 	6408.1021 	-8316.1123 	 -0.099004041 	-7.9043e-06 	-1.4116042e-06 	 -0.73306581 	-6.003e-06 	-4.2376074e-06 		-0.06 -1.180018e-06 -3.9795551e-07 1200000 1
-0.05875 -1264484.5 	-2.5173667 	1.1290134 	 -1100195.1 	0.44578333 	0.70253733 	 -1.0354e-08 	0.0067273303 	0.017855433 	 -7.8038333e-09 	0.0045748173 	-0.014492631 	 -0.0292819 	4525.2359 	-7329.5322 	 -0.11194393 	-7.8989667e-06 	-1.4466556e-06 	 -0.80172279 	-5.784e-06 	-4.3185515e-06 		-0.05875 -1.19001e-06 -4.0599227e-07 1200000 1
-0.0575 -1177733.4 	-2.77675 	1.1835482 	 -980387.45 	0.46425 	0.70562133 	 -1.1864333e-08 	0.0063406733 	0.016540974 	 -7.8378833e-09 	0.0041814906 	-0.015163896 	 -0.03012875 	3110.0179 	-6340.0066 	 -0.12244927 	-7.8759167e-06 	-1.5064627e-06 	 -0.86327986 	-5.5250833e-06 	-4.3692288e-06 		-0.0575 -1.1996405e-06 -4.1325239e-07 1200000 1
-0.05625 -1079385.9 	-3.04925 	1.2620985 	 -894886.6 	0.47075 	0.68286 	 -1.2943e-08 	0.0057959169 	0.015349357 	 -7.78765e-09 	0.0036633511 	-0.015545854 	 -0.03037335 	2162.4483 	-5347.5355 	 -0.13052006 	-7.83515e-06 	-1.5910256e-06 	 -0.91773701 	-5.22625e-06 	-4.3896392e-06 		-0.05625 -1.2089095e-06 -4.1973586e-07 1200000 1
-0.055 -999891.39 	-3.33275 	1.1680598 	 -794064.61 	0.54825 	0.68637467 	 -1.5531e-08 	0.0056729657 	0.014439636 	 -8.1338833e-09 	0.0035691029 	-0.015793314 	 -0.03161275 	1695.9579 	-4825.0987 	 -0.13865116 	-7.80685e-06 	-1.519335e-06 	 -0.97204348 	-4.95575e-06 	-4.445072e-06 		-0.055 -1.2194499e-06 -4.2711905e-07 1200000 1
-0.05375 -923294.29 	-3.6221667 	1.1138517 	 -706124.04 	0.57083333 	0.67948723 	 -1.7761667e-08 	0.0054317235 	0.013605321 	 -8.38e-09 	0.0033879622 	-0.015991024 	 -0.032195283 	1317.1321 	-4303.0391 	 -0.14547276 	-7.7703167e-06 	-1.482638e-06 	 -1.0223402 	-4.6478333e-06 	-4.4808019e-06 		-0.05375 -1.2295551e-06 -4.3346369e-07 1200000 1
-0.0525 -849594.59 	-3.9175 	1.0994741 	 -631064.88 	0.5385 	0.6621977 	 -1.9635e-08 	0.0050721901 	0.012846414 	 -8.526e-09 	0.0031199291 	-0.016138986 	 -0.03212095 	1025.971 	-3781.3568 	 -0.15098487 	-7.72555e-06 	-1.4809347e-06 	 -1.0686271 	-4.3025e-06 	-4.4968289e-06 		-0.0525 -1.2392251e-06 -4.3876978e-07 1200000 1
-0.05125 -775894.89 	-4.2128333 	1.0850965 	 -556005.73 	0.50616667 	0.64490817 	 -2.1508333e-08 	0.0047126567 	0.012087507 	 -8.672e-09 	0.0028518961 	-0.016286947 	 -0.032046617 	734.80996 	-3259.6744 	 -0.15649698 	-7.6807833e-06 	-1.4792314e-06 	 -1.1149141 	-3.9571667e-06 	-4.5128559e-06 		-0.05125 -1.2488951e-06 -4.4407586e-07 1200000 1
-0.05 -702195.2 	-4.5081667 	1.0707189 	 -480946.57 	0.47383333 	0.62761863 	 -2.3381667e-08 	0.0043531233 	0.011328599 	 -8.818e-09 	0.002583863 	-0.016434908 	 -0.031972283 	443.64888 	-2737.9921 	 -0.16200908 	-7.6360167e-06 	-1.477528e-06 	 -1.161201 	-3.6118333e-06 	-4.5288829e-06 		-0.05 -1.2585651e-06 -4.4938195e-07 1200000 1
-0.04875 -628495.5 	-4.8035 	1.0563413 	 -405887.41 	0.4415 	0.6103291 	 -2.5255e-08 	0.00399359 	0.010569692 	 -8.964e-09 	0.0023158299 	-0.016582869 	 -0.03189795 	152.48779 	-2216.3098 	 -0.16752119 	-7.59125e-06 	-1.4758247e-06 	 -1.207488 	-3.2665e-06 	-4.5449099e-06 		-0.04875 -1.2682352e-06 -4.5468804e-07 1200000 1
-0.0475 -550594.96 	-5.1018333 	1.1398559 	 -370202.86 	0.37723333 	0.56999542 	 -2.5891e-08 	0.0034975229 	0.0099340996 	 -8.7778333e-09 	0.0019749654 	-0.016632574 	 -0.030931883 	-120.28534 	-1851.4353 	 -0.17047251 	-7.5425e-06 	-1.5612458e-06 	 -1.2456621 	-2.867e-06 	-4.5255471e-06 		-0.0475 -1.2770431e-06 -4.5783593e-07 1200000 1
-0.04625 -477629.11 	-5.4231667 	1.1159321 	 -330479.18 	0.3479 	0.53906082 	 -2.7804333e-08 	0.0031123099 	0.009466954 	 -8.9218333e-09 	0.0017450931 	-0.016613788 	 -0.030723217 	-277.80238 	-1556.9095 	 -0.17339577 	-7.4875e-06 	-1.551403e-06 	 -1.2838542 	-2.461e-06 	-4.5196795e-06 		-0.04625 -1.2864271e-06 -4.613626e-07 1200000 1
-0.045 -409597.94 	-5.7675 	0.98457011 	 -286716.35 	0.3535 	0.5175253 	 -3.0995e-08 	0.0028379511 	0.0091682555 	 -9.396e-09 	0.001626213 	-0.016526509 	 -0.03127195 	-320.06332 	-1332.7325 	 -0.176291 	-7.42625e-06 	-1.4462963e-06 	 -1.3220642 	-2.0485e-06 	-4.5273071e-06 		-0.045 -1.2963872e-06 -4.6526804e-07 1200000 1
-0.04375 -347307.68 	-6.0711667 	0.96033962 	 -247159.63 	0.27683333 	0.48334663 	 -3.2975e-08 	0.0024554788 	0.0088923547 	 -9.6016667e-09 	0.0014241003 	-0.016501664 	 -0.030884517 	-327.73318 	-1170.1208 	 -0.17882323 	-7.3810833e-06 	-1.4334682e-06 	 -1.3578266 	-1.6311667e-06 	-4.50583e-06 		-0.04375 -1.3055336e-06 -4.6670555e-07 1200000 1
-0.0425 -285017.41 	-6.3748333 	0.93610913 	 -207602.9 	0.20016667 	0.44916797 	 -3.4955e-08 	0.0020730066 	0.0086164539 	 -9.8073333e-09 	0.0012219876 	-0.016476819 	 -0.030497083 	-335.40304 	-1007.5091 	 -0.18135546 	-7.3359167e-06 	-1.4206402e-06 	 -1.393589 	-1.2138333e-06 	-4.4843528e-06 		-0.0425 -1.31468e-06 -4.6814306e-07 1200000 1
-0.04125 -222727.15 	-6.6785 	0.91187863 	 -168046.17 	0.1235 	0.4149893 	 -3.6935e-08 	0.0016905343 	0.0083405532 	 -1.0013e-08 	0.0010198749 	-0.016451974 	 -0.03010965 	-343.0729 	-844.89741 	 -0.1838877 	-7.29075e-06 	-1.4078121e-06 	 -1.4293514 	-7.965e-07 	-4.4628757e-06 		-0.04125 -1.3238264e-06 -4.6958058e-07 1200000 1
-0.04 -160436.88 	-6.9821667 	0.88764814 	 -128489.45 	0.046833333 	0.38081063 	 -3.8915e-08 	0.001308062 	0.0080646524 	 -1.0218667e-08 	0.00081776221 	-0.016427129 	 -0.029722217 	-350.74275 	-682.2857 	 -0.18641993 	-7.2455833e-06 	-1.394984e-06 	 -1.4651138 	-3.7916667e-07 	-4.4413986e-06 		-0.04 -1.3329728e-06 -4.7101809e-07 1200000 1
-0.03875 -97240.416 	-7.27525 	0.92334294 	 -98243.337 	-0.043233333 	0.34064962 	 -4.0009333e-08 	0.00092825963 	0.007797164 	 -1.0203833e-08 	0.00061231517 	-0.01643149 	 -0.029028075 	-397.55007 	-572.50562 	 -0.18879165 	-7.2056583e-06 	-1.4341853e-06 	 -1.4996364 	4.25e-08 	-4.4067583e-06 		-0.03875 -1.3417446e-06 -4.7127622e-07 1200000 1
-0.0375 -33137.754 	-7.55775 	1.018963 	 -77307.839 	-0.1467 	0.29450625 	 -4.0218e-08 	0.00055112709 	0.0075380879 	 -9.9685e-09 	0.00040353379 	-0.016465056 	 -0.028027225 	-483.49485 	-515.55718 	 -0.19100286 	-7.170975e-06 	-1.525416e-06 	 -1.5329191 	4.685e-07 	-4.358955e-06 		-0.0375 -1.3501419e-06 -4.7035496e-07 1200000 1
-0.03625 27933.596 	-7.87125 	0.86947481 	 -56600.456 	-0.13256667 	0.26368375 	 -4.4102667e-08 	0.00016879652 	0.007627852 	 -1.07385e-08 	0.00026360896 	-0.016369683 	 -0.029315275 	-546.45513 	-503.00668 	 -0.19307405 	-7.1349917e-06 	-1.4025587e-06 	 -1.5663018 	8.9983333e-07 	-4.332585e-06 		-0.03625 -1.3594886e-06 -4.6990288e-07 1200000 1
-0.035 88271.653 	-8.1723333 	0.80449263 	 -30215.842 	-0.1475 	0.2610486 	 -4.695e-08 	-0.00020757447 	0.0077159384 	 -1.1092667e-08 	0.00010554108 	-0.016314182 	 -0.030435633 	-581.87851 	-529.90699 	 -0.19608327 	-7.1035333e-06 	-1.3471933e-06 	 -1.600981 	1.3065e-06 	-4.3242215e-06 		-0.035 -1.3685567e-06 -4.6836229e-07 1200000 1
-0.03375 147876.42 	-8.461 	0.82401649 	 1846.0031 	-0.1915 	0.2866008 	 -4.876e-08 	-0.00057798586 	0.0078023471 	 -1.1031e-08 	-7.0669845e-05 	-0.016298554 	 -0.0313883 	-589.76501 	-596.25811 	 -0.20003054 	-7.0766e-06 	-1.35932e-06 	 -1.6369567 	1.6885e-06 	-4.3338645e-06 		-0.03375 -1.377346e-06 -4.6573317e-07 1200000 1
-0.0325 207481.18 	-8.7496667 	0.84354035 	 33907.848 	-0.2355 	0.312153 	 -5.057e-08 	-0.00094839725 	0.0078887559 	 -1.0969333e-08 	-0.00024688077 	-0.016282926 	 -0.032340967 	-597.6515 	-662.60924 	 -0.2039778 	-7.0496667e-06 	-1.3714467e-06 	 -1.6729323 	2.0705e-06 	-4.3435075e-06 		-0.0325 -1.3861353e-06 -4.6310405e-07 1200000 1
-0.03125 267085.94 	-9.0383333 	0.86306422 	 65969.693 	-0.2795 	0.3377052 	 -5.238e-08 	-0.0013188086 	0.0079751646 	 -1.0907667e-08 	-0.00042309169 	-0.016267297 	 -0.033293633 	-605.53799 	-728.96036 	 -0.20792506 	-7.0227333e-06 	-1.3835733e-06 	 -1.708908 	2.4525e-06 	-4.3531505e-06 		-0.03125 -1.3949246e-06 -4.6047493e-07 1200000 1
-0.03 326690.7 	-9.327 	0.88258808 	 98031.538 	-0.3235 	0.3632574 	 -5.419e-08 	-0.00168922 	0.0080615734 	 -1.0846e-08 	-0.00059930262 	-0.016251669 	 -0.0342463 	-613.42449 	-795.31148 	 -0.21187232 	-6.9958e-06 	-1.3957e-06 	 -1.7448837 	2.8345e-06 	-4.3627935e-06 		-0.03 -1.4037139e-06 -4.5784581e-07 1200000 1
-0.02875 391405.99 	-9.601 	1.0542312 	 127484.74 	-0.38455 	0.44232925 	 -5.3395e-08 	-0.0019345936 	0.0081533661 	 -9.8771667e-09 	-0.00074544815 	-0.01631644 	 -0.035153417 	-664.58709 	-913.96547 	 -0.21773714 	-6.9733667e-06 	-1.52875e-06 	 -1.7834196 	3.1783333e-06 	-4.4031552e-06 		-0.02875 -1.4118841e-06 -4.529921e-07 1200000 1
-0.0275 457590.29 	-9.8936667 	1.1215385 	 152664.46 	-0.34655 	0.53389078 	 -5.4968333e-08 	-0.0022956849 	0.0084108395 	 -9.4865e-09 	-0.00092351689 	-0.016316087 	 -0.03770915 	-796.06124 	-1080.4821 	 -0.22349047 	-6.9548333e-06 	-1.5688167e-06 	 -1.8220382 	3.5136667e-06 	-4.4595278e-06 		-0.0275 -1.4206115e-06 -4.4847877e-07 1200000 1
-0.02625 525243.61 	-10.205 	1.0845101 	 173570.72 	-0.2095 	0.637942 	 -5.891e-08 	-0.0027724937 	0.0088339938 	 -9.674e-09 	-0.0011335088 	-0.01625061 	 -0.0419135 	-1007.8469 	-1294.8615 	 -0.22913229 	-6.9402e-06 	-1.5159e-06 	 -1.8607395 	3.8405e-06 	-4.5319115e-06 		-0.02625 -1.4298959e-06 -4.4430581e-07 1200000 1
-0.025 593203.59 	-10.443667 	1.0922185 	 222550.93 	-0.24016667 	0.67777133 	 -6.053e-08 	-0.0031031605 	0.0093313442 	 -9.6666667e-09 	-0.0013328731 	-0.016174944 	 -0.045468233 	-1193.174 	-1596.1203 	 -0.23910893 	-6.9553667e-06 	-1.5103767e-06 	 -1.9069119 	4.1691667e-06 	-4.5319778e-06 		-0.025 -1.4384897e-06 -4.3848299e-07 1200000 1
-0.02375 661163.58 	-10.682333 	1.0999269 	 271531.14 	-0.27083333 	0.71760067 	 -6.215e-08 	-0.0034338273 	0.0098286947 	 -9.6593333e-09 	-0.0015322373 	-0.016099279 	 -0.049022967 	-1378.501 	-1897.3792 	 -0.24908556 	-6.9705333e-06 	-1.5048533e-06 	 -1.9530842 	4.4978333e-06 	-4.5320442e-06 		-0.02375 -1.4470835e-06 -4.3266018e-07 1200000 1
-0.0225 729123.56 	-10.921 	1.1076353 	 320511.35 	-0.3015 	0.75743 	 -6.377e-08 	-0.0037644942 	0.010326045 	 -9.652e-09 	-0.0017316016 	-0.016023614 	 -0.0525777 	-1563.8281 	-2198.638 	 -0.25906219 	-6.9857e-06 	-1.49933e-06 	 -1.9992566 	4.8265e-06 	-4.5321105e-06 		-0.0225 -1.4556773e-06 -4.2683736e-07 1200000 1
-0.02125 797083.55 	-11.159667 	1.1153437 	 369491.56 	-0.33216667 	0.79725933 	 -6.539e-08 	-0.004095161 	0.010823396 	 -9.6446667e-09 	-0.0019309658 	-0.015947949 	 -0.056132433 	-1749.1551 	-2499.8968 	 -0.26903882 	-7.0008667e-06 	-1.4938067e-06 	 -2.045429 	5.1551667e-06 	-4.5321768e-06 		-0.02125 -1.4642711e-06 -4.2101454e-07 1200000 1
-0.02 868904.62 	-11.353917 	1.1389281 	 426242.06 	-0.41694167 	0.80614933 	 -6.5610417e-08 	-0.0043014687 	0.011371993 	 -9.5009167e-09 	-0.0020882961 	-0.015867873 	 -0.05961525 	-1976.953 	-2793.5006 	 -0.28121222 	-7.0388417e-06 	-1.50591e-06 	 -2.0952901 	5.4786667e-06 	-4.4943217e-06 		-0.02 -1.4725334e-06 -4.143632e-07 1200000 1
-0.01875 944586.78 	-11.50375 	1.1783886 	 490762.84 	-0.555825 	0.7841 	 -6.443125e-08 	-0.0043834173 	0.011971837 	 -9.22075e-09 	-0.0022035924 	-0.015783387 	 -0.06302615 	-2247.2216 	-3079.4493 	 -0.29558239 	-7.099625e-06 	-1.53564e-06 	 -2.14884 	5.797e-06 	-4.418545e-06 		-0.01875 -1.4804641e-06 -4.0688335e-07 1200000 1
-0.0175 1029778.6 	-11.756583 	1.0424854 	 539194.64 	-0.470275 	0.79481467 	 -6.894375e-08 	-0.0049019535 	0.012846448 	 -1.0252917e-08 	-0.0025296156 	-0.015565919 	 -0.07026725 	-2861.1319 	-3667.907 	 -0.3096121 	-7.136575e-06 	-1.4036833e-06 	 -2.2027424 	6.1226667e-06 	-4.3818417e-06 		-0.0175 -1.4895734e-06 -4.0042987e-07 1200000 1
-0.01625 1110905.8 	-11.9599 	0.95114405 	 613099.2 	-0.48566667 	0.79965567 	 -7.2033167e-08 	-0.0052587715 	0.013836228 	 -1.1167e-08 	-0.0027956793 	-0.01518801 	 -0.077694467 	-3683.2025 	-4242.5742 	 -0.32723667 	-7.1967667e-06 	-1.312025e-06 	 -2.2627431 	6.4516667e-06 	-4.33366e-06 		-0.01625 -1.4986509e-06 -3.9275463e-07 1200000 1
-0.015 1187968.4 	-12.1137 	0.90436445 	 712476.53 	-0.602 	0.798623 	 -7.36995e-08 	-0.0054538711 	0.014941177 	 -1.1963e-08 	-0.0030017835 	-0.01464966 	 -0.0853078 	-4713.4335 	-4803.451 	 -0.34845609 	-7.2802e-06 	-1.260665e-06 	 -2.3288423 	6.784e-06 	-4.274e-06 		-0.015 -1.5076966e-06 -3.8385762e-07 1200000 1
-0.01375 1265031.1 	-12.2675 	0.85758485 	 811853.85 	-0.71833333 	0.79759033 	 -7.5365833e-08 	-0.0056489707 	0.016046126 	 -1.2759e-08 	-0.0032078877 	-0.014111311 	 -0.092921133 	-5743.6645 	-5364.3278 	 -0.36967552 	-7.3636333e-06 	-1.209305e-06 	 -2.3949414 	7.1163333e-06 	-4.21434e-06 		-0.01375 -1.5167423e-06 -3.7496062e-07 1200000 1
-0.0125 1342093.7 	-12.4213 	0.81080525 	 911231.18 	-0.83466667 	0.79655767 	 -7.7032167e-08 	-0.0058440703 	0.017151075 	 -1.3555e-08 	-0.003413992 	-0.013572961 	 -0.10053447 	-6773.8955 	-5925.2046 	 -0.39089495 	-7.4470667e-06 	-1.157945e-06 	 -2.4610405 	7.4486667e-06 	-4.15468e-06 		-0.0125 -1.5257881e-06 -3.6606361e-07 1200000 1
-0.01125 1419156.4 	-12.5751 	0.76402565 	 1010608.5 	-0.951 	0.795525 	 -7.86985e-08 	-0.00603917 	0.018256025 	 -1.4351e-08 	-0.0036200962 	-0.013034612 	 -0.1081478 	-7804.1266 	-6486.0814 	 -0.41211438 	-7.5305e-06 	-1.106585e-06 	 -2.5271397 	7.781e-06 	-4.09502e-06 		-0.01125 -1.5348338e-06 -3.5716661e-07 1200000 1
-0.01 1495812.4 	-12.6418 	0.81641802 	 1153175.5 	-1.2406667 	0.79467333 	 -7.7177833e-08 	-0.0058508829 	0.0196523 	 -1.4669833e-08 	-0.0036306848 	-0.012160879 	 -0.11636987 	-9375.9294 	-6828.8652 	 -0.44066858 	-7.6743833e-06 	-1.1418767e-06 	 -2.6050833 	8.1343333e-06 	-4.0149217e-06 		-0.01 -1.5440752e-06 -3.4611474e-07 1200000 1
-0.00875 1580565.5 	-12.776733 	0.77449402 	 1285707.2 	-1.3946667 	0.81085333 	 -7.8843833e-08 	-0.0059408397 	0.021124971 	 -1.5885833e-08 	-0.0038222334 	-0.011235157 	 -0.1264272 	-11172.16 	-7515.4641 	 -0.4689075 	-7.7923833e-06 	-1.09027e-06 	 -2.6835554 	8.477e-06 	-3.9518417e-06 		-0.00875 -1.5537085e-06 -3.3558141e-07 1200000 1
-0.0075 1673415.6 	-12.9799 	0.63825365 	 1408203.7 	-1.413 	0.844065 	 -8.36965e-08 	-0.0063090404 	0.022674037 	 -1.7999e-08 	-0.0041947422 	-0.010257447 	 -0.1383198 	-13192.818 	-8545.8781 	 -0.49683112 	-7.8845e-06 	-9.51765e-07 	 -2.762556 	8.809e-06 	-3.90578e-06 		-0.0075 -1.5637338e-06 -3.2556661e-07 1200000 1
-0.00625 1601181.4 	-13.049267 	0.58350162 	 1370929.2 	-1.4103333 	0.78962767 	 -8.50535e-08 	-0.0061444638 	0.023812354 	 -1.9138667e-08 	-0.0041736891 	-0.0094418358 	 -0.1470614 	-13089.367 	-8253.5639 	 -0.50897441 	3.6833333e-08 	-9.2961167e-07 	 -2.7851311 	9.734e-06 	-3.8146933e-06 		-0.00625 -1.5340131e-06 -3.1026249e-07 1126666.7 1
-0.005 1528947.2 	-13.118633 	0.52874958 	 1333654.7 	-1.4076667 	0.73519033 	 -8.64105e-08 	-0.0059798872 	0.024950671 	 -2.0278333e-08 	-0.0041526361 	-0.0086262249 	 -0.155803 	-12985.917 	-7961.2496 	 -0.52111769 	7.9581667e-06 	-9.0745833e-07 	 -2.8077062 	1.0659e-05 	-3.7236067e-06 		-0.005 -1.5042925e-06 -2.9495838e-07 1053333.3 1
-0.00375 1456712.9 	-13.188 	0.47399755 	 1296380.2 	-1.405 	0.680753 	 -8.77675e-08 	-0.0058153106 	0.026088988 	 -2.1418e-08 	-0.0041315831 	-0.007810614 	 -0.1645446 	-12882.466 	-7668.9354 	 -0.53326097 	1.58795e-05 	-8.85305e-07 	 -2.8302813 	1.1584e-05 	-3.63252e-06 		-0.00375 -1.4745719e-06 -2.7965426e-07 980000 1
-0.0025 1384478.7 	-13.257367 	0.41924552 	 1259105.7 	-1.4023333 	0.62631567 	 -8.91245e-08 	-0.005650734 	0.027227304 	 -2.2557667e-08 	-0.00411053 	-0.0069950031 	 -0.1732862 	-12779.015 	-7376.6212 	 -0.54540425 	2.3800833e-05 	-8.6315167e-07 	 -2.8528565 	1.2509e-05 	-3.5414333e-06 		-0.0025 -1.4448512e-06 -2.6435014e-07 906666.67 1
-0.00125 1226077.6 	-13.253483 	0.38498404 	 1148938.6 	-1.4666667 	0.54779417 	 -8.8588333e-08 	-0.0052503834 	0.028190894 	 -2.3081583e-08 	-0.0038978909 	-0.006246706 	 -0.17990742 	-11557.452 	-6472.6315 	 -0.54969383 	3.5737583e-05 	-8.9515667e-07 	 -2.8470844 	1.3710583e-05 	-3.4300683e-06 		-0.00125 -1.3953129e-06 -2.4662843e-07 796666.67 1
5.2475385e-17 981509.54 	-13.17635 	0.37121311 	 965879.03 	-1.598 	0.4451885 	 -8.6159e-08 	-0.0046142589 	0.028979756 	 -2.298975e-08 	-0.0034936656 	-0.0055657227 	 -0.18440825 	-9217.7753 	-4956.9663 	 -0.54612969 	5.168975e-05 	-9.8132e-07 	 -2.812965 	1.518875e-05 	-3.298425e-06 		5.2475385e-17 -1.325957e-06 -2.2648912e-07 650000 1
0.00125 746956.01 	-13.168683 	0.25627524 	 772162.7 	-1.56 	0.36130083 	 -9.0684333e-08 	-0.0044121633 	0.029798819 	 -2.520825e-08 	-0.0034305814 	-0.0048357057 	 -0.19065275 	-7116.2614 	-3926.9124 	 -0.54178912 	6.7658917e-05 	-9.0975667e-07 	 -2.7804406 	1.672525e-05 	-3.1918817e-06 		0.00125 -1.2572462e-06 -2.072951e-07 503333.33 1
0.0025 572305.24 	-13.12255 	0.18160113 	 621568.54 	-1.4972833 	0.28967433 	 -9.2935333e-08 	-0.0041561522 	0.030357719 	 -2.6727e-08 	-0.0033074865 	-0.0043187894 	 -0.19449867 	-5558.2745 	-3084.8022 	 -0.52938619 	7.91315e-05 	-8.66105e-07 	 -2.7204143 	1.7858333e-05 	-3.0892167e-06 		0.0025 -1.1731083e-06 -1.8610604e-07 393333.33 1
0.00375 457557.23 	-13.03795 	0.14719078 	 514096.53 	-1.40985 	0.230309 	 -9.2912e-08 	-0.0038462257 	0.030656457 	 -2.7546e-08 	-0.003124381 	-0.004014974 	 -0.195946 	-4543.8146 	-2430.6357 	 -0.5089209 	8.61075e-05 	-8.50365e-07 	 -2.632886 	1.8588e-05 	-2.99043e-06 		0.00375 -1.0735433e-06 -1.6292196e-07 320000 1
0.005 342809.23 	-12.95335 	0.11278043 	 406624.52 	-1.3224167 	0.17094367 	 -9.2888667e-08 	-0.0035362991 	0.030955194 	 -2.8365e-08 	-0.0029412755 	-0.0037111585 	 -0.19739333 	-3529.3547 	-1776.4691 	 -0.48845561 	9.30835e-05 	-8.34625e-07 	 -2.5453578 	1.9317667e-05 	-2.8916433e-06 		0.005 -9.7397825e-07 -1.3973787e-07 246666.67 1
0.00625 228061.22 	-12.86875 	0.078370087 	 299152.51 	-1.2349833 	0.11157833 	 -9.2865333e-08 	-0.0032263726 	0.031253931 	 -2.9184e-08 	-0.0027581699 	-0.0034073431 	 -0.19884067 	-2514.8948 	-1122.3025 	 -0.46799032 	0.0001000595 	-8.18885e-07 	 -2.4578295 	2.0047333e-05 	-2.7928567e-06 		0.00625 -8.744132e-07 -1.1655379e-07 173333.33 1
0.0075 113313.21 	-12.78415 	0.04395974 	 191680.5 	-1.14755 	0.052213 	 -9.2842e-08 	-0.0029164461 	0.031552668 	 -3.0003e-08 	-0.0025750644 	-0.0031035276 	 -0.200288 	-1500.4349 	-468.13597 	 -0.44752503 	0.0001070355 	-8.03145e-07 	 -2.3703013 	2.0777e-05 	-2.69407e-06 		0.0075 -7.7484815e-07 -9.33697e-08 100000 1
0.00875 107284.73 	-12.590733 	0.046884095 	 186814.81 	-1.1616167 	0.0505865 	 -8.8127167e-08 	-0.0026088311 	0.031342828 	 -2.92965e-08 	-0.0023394361 	-0.0032130499 	 -0.195876 	-1393.0827 	-412.78866 	 -0.41077851 	0.00010502717 	-8.2797333e-07 	 -2.2280733 	2.0670333e-05 	-2.6048467e-06 		0.00875 -6.4450718e-07 -6.6697967e-08 100000 1
0.01 101562.59 	-12.400267 	0.043554468 	 181680.4 	-1.16935 	0.049725833 	 -8.70325e-08 	-0.0024080881 	0.03113634 	 -2.9871167e-08 	-0.0022068798 	-0.0033109191 	 -0.191534 	-1292.0626 	-374.68874 	 -0.37380028 	0.0001030185 	-7.8919333e-07 	 -2.0863387 	2.0622333e-05 	-2.5263667e-06 		0.01 -5.1442718e-07 -4.03913e-08 100000 1
0.01125 96146.797 	-12.21275 	0.03397086 	 176277.3 	-1.17075 	0.049631 	 -8.9558e-08 	-0.002314217 	0.030933204 	 -3.1727e-08 	-0.0021773955 	-0.0033971354 	 -0.187262 	-1197.3746 	-353.83621 	 -0.33659034 	0.0001010095 	-6.86805e-07 	 -1.9450975 	2.0633e-05 	-2.45863e-06 		0.01125 -3.8460815e-07 -1.44497e-08 100000 1
0.0125 91765.028 	-12.01455 	0.032350203 	 171887.15 	-1.17535 	0.048375967 	 -8.8179333e-08 	-0.0021670812 	0.030797323 	 -3.2098667e-08 	-0.0020782555 	-0.0034584217 	 -0.18334433 	-1125.3198 	-327.45472 	 -0.30634177 	9.8984267e-05 	-6.66043e-07 	 -1.820564 	2.0487333e-05 	-2.3911263e-06 		0.0125 -2.6398443e-07 1.135102e-08 100000 1
0.01375 87383.259 	-11.81635 	0.030729547 	 167497.01 	-1.17995 	0.047120933 	 -8.6800667e-08 	-0.0020199453 	0.030661443 	 -3.2470333e-08 	-0.0019791156 	-0.0035197081 	 -0.17942667 	-1053.2649 	-301.07324 	 -0.27609321 	9.6959033e-05 	-6.45281e-07 	 -1.6960305 	2.0341667e-05 	-2.3236227e-06 		0.01375 -1.4336071e-07 3.715174e-08 100000 1
0.015 83001.49 	-11.61815 	0.02910889 	 163106.86 	-1.18455 	0.0458659 	 -8.5422e-08 	-0.0018728095 	0.030525562 	 -3.2842e-08 	-0.0018799756 	-0.0035809944 	 -0.175509 	-981.21009 	-274.69176 	 -0.24584465 	9.49338e-05 	-6.24519e-07 	 -1.571497 	2.0196e-05 	-2.256119e-06 		0.015 -2.2736983e-08 6.295246e-08 100000 1
0.01625 78619.721 	-11.41995 	0.027488233 	 158716.72 	-1.18915 	0.044610867 	 -8.4043333e-08 	-0.0017256737 	0.030389682 	 -3.3213667e-08 	-0.0017808357 	-0.0036422807 	 -0.17159133 	-909.15525 	-248.31027 	 -0.21559609 	9.2908567e-05 	-6.03757e-07 	 -1.4469635 	2.0050333e-05 	-2.1886153e-06 		0.01625 9.788674e-08 8.875318e-08 100000 1
0.0175 74598.715 	-11.216708 	0.029304107 	 155081 	-1.1990833 	0.042981192 	 -8.0843167e-08 	-0.0015791489 	0.030280326 	 -3.282675e-08 	-0.0016628775 	-0.003692485 	 -0.1678095 	-845.17632 	-223.49365 	 -0.18875405 	9.0872233e-05 	-6.1771708e-07 	 -1.3309681 	1.9847083e-05 	-2.1200196e-06 		0.0175 2.1386078e-07 1.1431143e-07 100000 1
0.01875 70938.472 	-11.008425 	0.03455651 	 152199.72 	-1.21435 	0.040976875 	 -7.58215e-08 	-0.0014332352 	0.030197494 	 -3.168125e-08 	-0.0015261009 	-0.0037316072 	 -0.1641635 	-789.2733 	-200.24188 	 -0.16531855 	8.88248e-05 	-6.6639925e-07 	 -1.2235106 	1.958625e-05 	-2.0503317e-06 		0.01875 3.2518514e-07 1.3962722e-07 100000 1
0.02 67707.144 	-10.806575 	0.029606907 	 149035.91 	-1.2104167 	0.041210392 	 -7.7517833e-08 	-0.0013920916 	0.03014978 	 -3.3164083e-08 	-0.0015314303 	-0.0037418918 	 -0.16084017 	-743.74432 	-194.18258 	 -0.14171626 	8.6788633e-05 	-6.1222908e-07 	 -1.1163034 	1.9360417e-05 	-2.0069649e-06 		0.02 4.3615011e-07 1.6435143e-07 100000 1
0.02125 64790.344 	-10.598917 	0.027109685 	 146544.1 	-1.2065333 	0.041033473 	 -7.7435333e-08 	-0.0013379832 	0.030111687 	 -3.3921833e-08 	-0.0015113104 	-0.0037520123 	 -0.15749163 	-702.15078 	-186.25183 	 -0.12043455 	8.47375e-05 	-5.8302233e-07 	 -1.0168968 	1.9076667e-05 	-1.9627823e-06 		0.02125 5.4237172e-07 1.8845078e-07 100000 1
0.0225 62188.075 	-10.38545 	0.027064844 	 144724.29 	-1.2027 	0.04044612 	 -7.5574e-08 	-0.00127091 	0.030083215 	 -3.39545e-08 	-0.0014657412 	-0.0037619686 	 -0.1541179 	-664.49269 	-176.44963 	 -0.10147342 	8.26714e-05 	-5.78779e-07 	 -0.92529087 	1.8735e-05 	-1.917784e-06 		0.0225 6.4384997e-07 2.1192525e-07 100000 1
0.02375 59585.805 	-10.171983 	0.027020003 	 142904.49 	-1.1988667 	0.039858767 	 -7.3712667e-08 	-0.0012038367 	0.030054742 	 -3.3987167e-08 	-0.0014201719 	-0.0037719248 	 -0.15074417 	-626.8346 	-166.64743 	 -0.082512283 	8.06053e-05 	-5.7453567e-07 	 -0.83368497 	1.8393333e-05 	-1.8727857e-06 		0.02375 7.4532821e-07 2.3539973e-07 100000 1
0.025 56983.536 	-9.9585167 	0.026975163 	 141084.69 	-1.1950333 	0.039271413 	 -7.1851333e-08 	-0.0011367635 	0.030026269 	 -3.4019833e-08 	-0.0013746026 	-0.0037818811 	 -0.14737043 	-589.17651 	-156.84523 	 -0.06355115 	7.85392e-05 	-5.7029233e-07 	 -0.74207906 	1.8051667e-05 	-1.8277873e-06 		0.025 8.4680646e-07 2.5887421e-07 100000 1
0.02625 54381.266 	-9.74505 	0.026930322 	 139264.89 	-1.1912 	0.03868406 	 -6.999e-08 	-0.0010696903 	0.029997797 	 -3.40525e-08 	-0.0013290334 	-0.0037918373 	 -0.1439967 	-551.51842 	-147.04303 	 -0.044590018 	7.64731e-05 	-5.66049e-07 	 -0.65047315 	1.771e-05 	-1.782789e-06 		0.02625 9.482847e-07 2.8234868e-07 100000 1
0.0275 52268.359 	-9.5204667 	0.030922371 	 139007.81 	-1.1933167 	0.037634156 	 -6.5078e-08 	-0.0010063683 	0.029980539 	 -3.2642e-08 	-0.0012465669 	-0.00380481 	 -0.14053897 	-518.9486 	-136.66292 	 -0.030230215 	7.43816e-05 	-6.0260983e-07 	 -0.57456639 	1.7260167e-05 	-1.7365437e-06 		0.0275 1.040256e-06 3.0434728e-07 100000 1
0.02875 50330.575 	-9.2984667 	0.030716965 	 138688.48 	-1.1865833 	0.037733528 	 -6.3018e-08 	-0.00096575052 	0.029988867 	 -3.2538667e-08 	-0.0012211519 	-0.0038000191 	 -0.13726097 	-491.02609 	-131.72362 	 -0.015826846 	7.22912e-05 	-5.9686717e-07 	 -0.49868693 	1.6820167e-05 	-1.7030743e-06 		0.02875 1.1320489e-06 3.2608061e-07 100000 1
0.03 48567.915 	-9.07905 	0.026314102 	 138306.89 	-1.171 	0.038982176 	 -6.381e-08 	-0.0009478368 	0.03002278 	 -3.37425e-08 	-0.0012527884 	-0.0037774647 	 -0.1341627 	-467.75091 	-132.22511 	 -0.0013799093 	7.02019e-05 	-5.48821e-07 	 -0.42283479 	1.639e-05 	-1.682381e-06 		0.03 1.2236633e-06 3.4754868e-07 100000 1
0.03125 47176.218 	-8.85045 	0.026311726 	 139506.45 	-1.1547 	0.039271179 	 -6.1769333e-08 	-0.00092157627 	0.030056714 	 -3.34455e-08 	-0.0012407531 	-0.0037607843 	 -0.1308888 	-446.55674 	-129.95387 	 0.0098893395 	6.8079533e-05 	-5.4541533e-07 	 -0.36227231 	1.58708e-05 	-1.6560444e-06 		0.03125 1.3055444e-06 3.6687375e-07 100000 1
0.0325 45784.521 	-8.62185 	0.026309351 	 140706.02 	-1.1384 	0.039560183 	 -5.9728667e-08 	-0.00089531573 	0.030090649 	 -3.31485e-08 	-0.0012287178 	-0.0037441039 	 -0.1276149 	-425.36257 	-127.68263 	 0.021158588 	6.5957167e-05 	-5.4200967e-07 	 -0.30170984 	1.53516e-05 	-1.6297077e-06 		0.0325 1.3874255e-06 3.8619881e-07 100000 1
0.03375 44392.823 	-8.39325 	0.026306975 	 141905.58 	-1.1221 	0.039849186 	 -5.7688e-08 	-0.0008690552 	0.030124583 	 -3.28515e-08 	-0.0012166824 	-0.0037274235 	 -0.124341 	-404.1684 	-125.41138 	 0.032427837 	6.38348e-05 	-5.38604e-07 	 -0.24114737 	1.48324e-05 	-1.6033711e-06 		0.03375 1.4693067e-06 4.0552388e-07 100000 1
0.035 43001.126 	-8.16465 	0.026304599 	 143105.14 	-1.1058 	0.040138189 	 -5.5647333e-08 	-0.00084279467 	0.030158517 	 -3.25545e-08 	-0.0012046471 	-0.0037107432 	 -0.1210671 	-382.97423 	-123.14014 	 0.043697086 	6.1712433e-05 	-5.3519833e-07 	 -0.18058489 	1.43132e-05 	-1.5770345e-06 		0.035 1.5511878e-06 4.2484895e-07 100000 1
0.03625 41777.024 	-7.9310583 	0.028191067 	 145137.44 	-1.0923833 	0.040081197 	 -5.248875e-08 	-0.000821756 	0.030190151 	 -3.15565e-08 	-0.0011723159 	-0.0036976199 	 -0.11769416 	-362.41909 	-119.85863 	 0.053386509 	5.9574283e-05 	-5.5090167e-07 	 -0.12768122 	1.3752217e-05 	-1.5483742e-06 		0.03625 1.6281939e-06 4.4303648e-07 100000 1
0.0375 40720.518 	-7.692475 	0.031966377 	 148002.46 	-1.08185 	0.039678209 	 -4.821225e-08 	-0.00080593919 	0.030219484 	 -2.98575e-08 	-0.0011196889 	-0.0036880539 	 -0.11422217 	-342.50298 	-115.56684 	 0.061496105 	5.742035e-05 	-5.85714e-07 	 -0.082436346 	1.314945e-05 	-1.5173902e-06 		0.0375 1.7003251e-06 4.6008648e-07 100000 1
0.03875 40001.061 	-7.4579917 	0.028639139 	 150852.1 	-1.05585 	0.041450773 	 -4.8446083e-08 	-0.00079794951 	0.030309233 	 -3.0575167e-08 	-0.0011750046 	-0.0036404802 	 -0.11108442 	-331.82274 	-120.68404 	 0.069656765 	5.5265617e-05 	-5.4876433e-07 	 -0.037190239 	1.2555417e-05 	-1.5099663e-06 		0.03875 1.7720989e-06 4.7657781e-07 100000 1
0.04 39368.861 	-7.2195017 	0.027212719 	 154679.86 	-1.0288167 	0.042648398 	 -4.75605e-08 	-0.00079284834 	0.030396157 	 -3.06385e-08 	-0.0012078103 	-0.0035930322 	 -0.10783117 	-321.08834 	-124.7075 	 0.076648576 	5.3089323e-05 	-5.3113383e-07 	 -0.00042192327 	1.192825e-05 	-1.4980212e-06 		0.04 1.8388277e-06 4.9167135e-07 100000 1
0.04125 38823.919 	-6.977005 	0.027687119 	 159485.72 	-1.00075 	0.043271085 	 -4.55555e-08 	-0.00079063568 	0.030480256 	 -3.00475e-08 	-0.001218106 	-0.0035457099 	 -0.1044624 	-310.29978 	-127.6372 	 0.082471537 	5.089147e-05 	-5.328225e-07 	 0.027868602 	1.126795e-05 	-1.4815548e-06 		0.04125 1.9005116e-06 5.0536708e-07 100000 1
0.0425 38278.978 	-6.7345083 	0.028161519 	 164291.58 	-0.97268333 	0.043893772 	 -4.35505e-08 	-0.00078842302 	0.030564354 	 -2.94565e-08 	-0.0012284018 	-0.0034983876 	 -0.10109363 	-299.51122 	-130.5669 	 0.088294499 	4.8693617e-05 	-5.3451117e-07 	 0.056159128 	1.060765e-05 	-1.4650885e-06 		0.0425 1.9621954e-06 5.1906281e-07 100000 1
0.04375 37734.036 	-6.4920117 	0.028635919 	 169097.45 	-0.94461667 	0.044516458 	 -4.15455e-08 	-0.00078621036 	0.030648453 	 -2.88655e-08 	-0.0012386975 	-0.0034510653 	 -0.097724867 	-288.72267 	-133.4966 	 0.09411746 	4.6495763e-05 	-5.3619983e-07 	 0.084449654 	9.94735e-06 	-1.4486222e-06 		0.04375 2.0238793e-06 5.3275854e-07 100000 1
0.045 37189.095 	-6.249515 	0.029110319 	 173903.31 	-0.91655 	0.045139145 	 -3.95405e-08 	-0.0007839977 	0.030732552 	 -2.82745e-08 	-0.0012489933 	-0.003403743 	 -0.0943561 	-277.93411 	-136.4263 	 0.099940422 	4.429791e-05 	-5.378885e-07 	 0.11274018 	9.28705e-06 	-1.4321558e-06 		0.045 2.0855632e-06 5.4645428e-07 100000 1
0.04625 36851.869 	-5.997405 	0.032934389 	 180671.38 	-0.8926 	0.044789385 	 -3.5923667e-08 	-0.00080235756 	0.030807254 	 -2.65357e-08 	-0.0012099531 	-0.0033557312 	 -0.090738333 	-267.37624 	-136.29848 	 0.103434 	4.2059543e-05 	-5.735705e-07 	 0.12407953 	8.5622167e-06 	-1.4074489e-06 		0.04625 2.1371656e-06 5.5727267e-07 100000 1
0.0475 36699.751 	-5.7467917 	0.033676219 	 187478.9 	-0.86273333 	0.045465692 	 -3.3935e-08 	-0.00080983548 	0.030915911 	 -2.5844367e-08 	-0.0012292003 	-0.0032896565 	 -0.087258267 	-261.93527 	-141.77787 	 0.1069448 	3.981817e-05 	-5.780165e-07 	 0.13541509 	7.8400167e-06 	-1.3937202e-06 		0.0475 2.1885656e-06 5.6778e-07 100000 1
0.04875 36732.741 	-5.497675 	0.031335809 	 194325.87 	-0.82695 	0.047168065 	 -3.35745e-08 	-0.00080643147 	0.031058521 	 -2.62005e-08 	-0.0013067349 	-0.0032055187 	 -0.0839159 	-261.6112 	-152.86446 	 0.11047281 	3.757379e-05 	-5.512265e-07 	 0.14674686 	7.12045e-06 	-1.3909696e-06 		0.04875 2.2397632e-06 5.7797628e-07 100000 1
0.05 36737.602 	-5.2417817 	0.032276029 	 203744.19 	-0.78641667 	0.047600995 	 -3.16485e-08 	-0.00082415506 	0.031195457 	 -2.5466167e-08 	-0.0013283169 	-0.0031022309 	 -0.0803046 	-262.9799 	-161.43955 	 0.11205014 	3.5279177e-05 	-5.5788117e-07 	 0.13708341 	6.3463167e-06 	-1.3770516e-06 		0.05 2.2804337e-06 5.8489123e-07 100000 1
0.05125 36742.463 	-4.9858883 	0.033216249 	 213162.51 	-0.74588333 	0.048033925 	 -2.97225e-08 	-0.00084187865 	0.031332392 	 -2.4731833e-08 	-0.0013498989 	-0.0029989431 	 -0.0766933 	-264.3486 	-170.01464 	 0.11362748 	3.2984563e-05 	-5.6453583e-07 	 0.12741996 	5.5721833e-06 	-1.3631336e-06 		0.05125 2.3211042e-06 5.9180618e-07 100000 1
0.0525 36747.323 	-4.729995 	0.034156469 	 222580.83 	-0.70535 	0.048466855 	 -2.77965e-08 	-0.00085960223 	0.031469328 	 -2.39975e-08 	-0.0013714809 	-0.0028956553 	 -0.073082 	-265.71731 	-178.58973 	 0.11520481 	3.068995e-05 	-5.711905e-07 	 0.11775651 	4.79805e-06 	-1.3492156e-06 		0.0525 2.3617748e-06 5.9872113e-07 100000 1
0.05375 36752.184 	-4.4741017 	0.035096689 	 231999.14 	-0.66481667 	0.048899785 	 -2.58705e-08 	-0.00087732582 	0.031606263 	 -2.3263167e-08 	-0.001393063 	-0.0027923675 	 -0.0694707 	-267.08601 	-187.16482 	 0.11678215 	2.8395337e-05 	-5.7784517e-07 	 0.10809307 	4.0239167e-06 	-1.3352975e-06 		0.05375 2.4024453e-06 6.0563608e-07 100000 1
0.055 36776.905 	-4.2138592 	0.037445052 	 242671.83 	-0.62495 	0.048734958 	 -2.346975e-08 	-0.00091284291 	0.031737971 	 -2.2084708e-08 	-0.0013825439 	-0.0026773212 	 -0.06571895 	-269.8831 	-193.17139 	 0.11738457 	2.6077697e-05 	-5.9885708e-07 	 0.08796526 	3.2237667e-06 	-1.3158409e-06 		0.055 2.4378689e-06 6.1087556e-07 100000 1
0.05625 36821.486 	-3.9492675 	0.041201556 	 254598.87 	-0.58575 	0.047972375 	 -2.059425e-08 	-0.00096615351 	0.031864451 	 -2.0462125e-08 	-0.0013399238 	-0.0025505163 	 -0.06182675 	-274.10857 	-196.60944 	 0.11701208 	2.373703e-05 	-6.3422625e-07 	 0.057373099 	2.3976e-06 	-1.2908458e-06 		0.05625 2.4680455e-06 6.1443957e-07 100000 1
0.0575 37297.136 	-3.6860725 	0.039747573 	 266712.58 	-0.53828333 	0.049258692 	 -1.9743083e-08 	-0.0009687814 	0.0320684 	 -2.0530042e-08 	-0.0014303776 	-0.0023963195 	 -0.058125883 	-289.91343 	-216.63474 	 0.11667232 	2.138199e-05 	-6.1658375e-07 	 0.026640341 	1.5716333e-06 	-1.2876263e-06 		0.0575 2.4977236e-06 6.1733823e-07 100000 1
0.05875 37614.474 	-3.4224083 	0.040030075 	 280544.28 	-0.49288333 	0.050508517 	 -1.8462e-08 	-0.00099462854 	0.032263656 	 -2.0186333e-08 	-0.0014807178 	-0.0022098089 	 -0.0542892 	-313.17887 	-233.26021 	 0.11537946 	1.902168e-05 	-6.165895e-07 	 -0.017580053 	7.8296667e-07 	-1.2844905e-06 		0.05875 2.5218919e-06 6.1837037e-07 100000 1
0.06 37773.503 	-3.158275 	0.042049062 	 296093.98 	-0.44955 	0.05172185 	 -1.6751e-08 	-0.0010436949 	0.032450219 	 -1.9431e-08 	-0.0014909443 	-0.0019909844 	 -0.0503167 	-343.90491 	-246.48587 	 0.11313348 	1.66561e-05 	-6.342435e-07 	 -0.075288084 	3.16e-08 	-1.2814385e-06 		0.06 2.5405506e-06 6.1753601e-07 100000 1
0.06125 37932.531 	-2.8941417 	0.04406805 	 311643.68 	-0.40621667 	0.052935183 	 -1.504e-08 	-0.0010927613 	0.032636782 	 -1.8675667e-08 	-0.0015011708 	-0.00177216 	 -0.0463442 	-374.63094 	-259.71153 	 0.11088751 	1.429052e-05 	-6.518975e-07 	 -0.13299611 	-7.1976667e-07 	-1.2783865e-06 		0.06125 2.5592093e-06 6.1670165e-07 100000 1
0.0625 38091.559 	-2.6300083 	0.046087037 	 327193.38 	-0.36288333 	0.054148517 	 -1.3329e-08 	-0.0011418277 	0.032823345 	 -1.7920333e-08 	-0.0015113974 	-0.0015533355 	 -0.0423717 	-405.35697 	-272.9372 	 0.10864154 	1.192494e-05 	-6.695515e-07 	 -0.19070414 	-1.4711333e-06 	-1.2753345e-06 		0.0625 2.5778679e-06 6.1586729e-07 100000 1
0.06375 38250.587 	-2.365875 	0.048106025 	 342743.07 	-0.31955 	0.05536185 	 -1.1618e-08 	-0.0011908941 	0.033009907 	 -1.7165e-08 	-0.0015216239 	-0.0013345111 	 -0.0383992 	-436.08301 	-286.16286 	 0.10639557 	9.55936e-06 	-6.872055e-07 	 -0.24841218 	-2.2225e-06 	-1.2722825e-06 		0.06375 2.5965266e-06 6.1503293e-07 100000 1
0.065 38125.735 	-2.0980517 	0.052850334 	 361547.58 	-0.28566667 	0.056132783 	 -9.604e-09 	-0.0012993666 	0.033177198 	 -1.5798483e-08 	-0.0014470419 	-0.0010410253 	 -0.034143883 	-483.52024 	-288.46974 	 0.10222854 	7.1796667e-06 	-7.326075e-07 	 -0.33282701 	-2.8983333e-06 	-1.2651533e-06 		0.065 2.6042543e-06 6.1045091e-07 100000 1
0.06625 38236.653 	-1.830865 	0.055747974 	 380506.68 	-0.24933333 	0.05835385 	 -8.0453333e-09 	-0.0013695302 	0.033385109 	 -1.506515e-08 	-0.0014435781 	-0.00074387731 	 -0.029943083 	-536.14834 	-303.26628 	 0.098092721 	4.79636e-06 	-7.5905217e-07 	 -0.41758061 	-3.575e-06 	-1.2731567e-06 		0.06625 2.6116316e-06 6.0547491e-07 100000 1
0.0675 38583.34 	-1.564315 	0.056798944 	 399620.36 	-0.21055 	0.06202505 	 -6.942e-09 	-0.0014013847 	0.033633641 	 -1.4965e-08 	-0.0015112325 	-0.00044306707 	 -0.0257968 	-593.9673 	-330.55247 	 0.0939881 	2.40944e-06 	-7.665395e-07 	 -0.50267298 	-4.2525e-06 	-1.2962925e-06 		0.0675 2.6186586e-06 6.0010493e-07 100000 1
0.06875 38286.154 	-1.426107 	0.058275456 	 412456.16 	-0.19485233 	0.06344655 	 -6.1626667e-09 	-0.0014364665 	0.033737596 	 -1.4598333e-08 	-0.0015095006 	-0.00029449306 	 -0.023618253 	-614.56652 	-340.13179 	 0.091920188 	1.2177867e-06 	-7.7976183e-07 	 -0.54504978 	-4.5908333e-06 	-1.3002942e-06 		0.06875 2.6182538e-06 5.9510486e-07 100000 1
0.07 37988.968 	-1.2878991 	0.059751967 	 425291.97 	-0.17915467 	0.06486805 	 -5.3833333e-09 	-0.0014715482 	0.033841552 	 -1.4231667e-08 	-0.0015077687 	-0.00014591905 	 -0.021439706 	-635.16574 	-349.7111 	 0.089852277 	2.6133333e-08 	-7.9298417e-07 	 -0.58742658 	-4.9291667e-06 	-1.3042958e-06 		0.07 2.617849e-06 5.901048e-07 100000 1
0.07125 37691.782 	-1.1496911 	0.061228478 	 438127.78 	-0.163457 	0.06628955 	 -4.604e-09 	-0.00150663 	0.033945507 	 -1.3865e-08 	-0.0015060368 	2.654958e-06 	 -0.019261158 	-655.76496 	-359.29041 	 0.087784366 	-1.16552e-06 	-8.062065e-07 	 -0.62980338 	-5.2675e-06 	-1.3082975e-06 		0.07125 2.6174442e-06 5.8510473e-07 100000 1
0.0725 37394.597 	-1.0114831 	0.062704989 	 450963.59 	-0.14775933 	0.06771105 	 -3.8246667e-09 	-0.0015417118 	0.034049463 	 -1.3498333e-08 	-0.0015043049 	0.00015122897 	 -0.017082611 	-676.36418 	-368.86973 	 0.085716455 	-2.3571733e-06 	-8.1942883e-07 	 -0.67218018 	-5.6058333e-06 	-1.3122992e-06 		0.0725 2.6170394e-06 5.8010466e-07 100000 1
0.07375 36394.609 	-0.93263818 	0.064183271 	 462007.97 	-0.147145 	0.067999667 	 -3.3355e-09 	-0.0015811618 	0.034081623 	 -1.3050433e-08 	-0.0014678802 	0.00022705571 	 -0.015818764 	-672.69084 	-368.28911 	 0.084660193 	-2.9544333e-06 	-8.3305883e-07 	 -0.6930932 	-5.7753333e-06 	-1.3047367e-06 		0.07375 2.611262e-06 5.7417709e-07 100000 1
0.075 34691.819 	-0.91315621 	0.065663323 	 471260.92 	-0.161614 	0.0671554 	 -3.1365e-09 	-0.0016249801 	0.034041989 	 -1.25213e-08 	-0.0013967628 	0.00023013518 	 -0.015469617 	-644.74493 	-357.54858 	 0.084615578 	-2.9573e-06 	-8.470965e-07 	 -0.69254242 	-5.776e-06 	-1.28561e-06 		0.075 2.6001121e-06 5.67322e-07 100000 1
