# y jRe_x jRe_y jRe_z jIm_x jIm_y jIm_z BRe_x BRe_y BRe_z BIm_x BIm_y BIm_z F_x F_y F_z VReGrad_x VReGrad_y VReGrad_z VImGrad_x VImGrad_y VImGrad_z s VRe VIm sigma mur
-0.075 -6879119.7 	-164697.86 	-610629.6 	 -10386351 	-447493.15 	-904843.15 	 -0.0041043887 	0.00113937 	0.050685047 	 0.00029908845 	-0.0012358658 	8.9465033e-05 	 -4405.4424 	175927.4 	2226.3552 	 -3.6968711 	-4.7635988 	0.081257295 	 -7.0308643 	-21.603064 	1.1879354 		-0.075 -0.064112738 0.034210493 1200000 1
-0.07375 -6846315.6 	-1140349.1 	-591314.12 	 -6482049.3 	-159150.23 	-627051.24 	 -0.003464212 	0.00082133864 	0.044384883 	 0.0010432592 	-0.0013260099 	-0.0081788502 	 -24355.422 	127975.01 	-406.80955 	 -3.9500802 	-4.3640932 	0.037349814 	 -8.0200313 	-20.442452 	1.0071423 		-0.07375 -0.069915679 0.0076295777 1200000 1
-0.0725 -6023844.1 	-2197891.7 	-497684.08 	 -3331495.1 	-239516.66 	-371780.5 	 -0.0026308699 	0.00051280826 	0.03588452 	 0.001729263 	-0.0013460868 	-0.01547684 	 -36635.521 	86112.809 	-1900.0525 	 -4.1934134 	-3.8693528 	-0.0092440102 	 -9.0444963 	-18.855058 	0.79519877 		-0.0725 -0.07508597 -0.017033738 1200000 1
-0.07125 -4956599.1 	-3125985.9 	-382578.56 	 -1266034.5 	-187283.61 	-190641.47 	 -0.0017937896 	0.00027673433 	0.027245985 	 0.0022360722 	-0.0012820689 	-0.020648268 	 -40599.457 	55671.778 	-2438.4808 	 -4.3278184 	-3.4202102 	-0.045469723 	 -9.7156291 	-17.314417 	0.60850562 		-0.07125 -0.079625319 -0.039610713 1200000 1
-0.07 -3860357.4 	-3892809.4 	-268838.11 	 12881.8 	-30241.611 	-75157.785 	 -0.0012150009 	0.00012949352 	0.021408989 	 0.0024331247 	-0.0011883434 	-0.022377703 	 -41755.669 	41900.025 	-2581.2921 	 -4.3930374 	-3.0245278 	-0.071867786 	 -10.169056 	-15.879663 	0.45141037 		-0.07 -0.083635943 -0.060316318 1200000 1
-0.06875 -2867662.7 	-4495805.7 	-168154.66 	 728970.5 	197589.7 	-7304.5118 	 -0.00078144385 	4.7409682e-05 	0.017126207 	 0.0024921745 	-0.0010817149 	-0.022602646 	 -41507.557 	32887.012 	-2481.9017 	 -4.4073002 	-2.6828062 	-0.090364301 	 -10.472175 	-14.569808 	0.31983084 		-0.06875 -0.08718625 -0.079306859 1200000 1
-0.0675 -2037526.2 	-4949003.4 	-85519.451 	 1064214.3 	459880.7 	27385.29 	 -0.00047236198 	1.1445516e-05 	0.014173481 	 0.0024753583 	-0.00097933211 	-0.022030974 	 -41163.336 	26130.421 	-2304.2267 	 -4.3860912 	-2.3934346 	-0.10250891 	 -10.674262 	-13.38515 	0.2102288 		-0.0675 -0.090342829 -0.096738656 1200000 1
-0.06625 -1383137.4 	-5275472.2 	-21591.403 	 1157381.7 	726071.16 	40863.424 	 -0.00026132995 	3.824081e-06 	0.012278038 	 0.00242203 	-0.00088820711 	-0.021123343 	 -41248.371 	20655.007 	-2130.4941 	 -4.3419784 	-2.1526517 	-0.10969358 	 -10.809063 	-12.315382 	0.11870032 		-0.06625 -0.093169806 -0.11276768 1200000 1
-0.065 -892904.44 	-5501343.6 	25282.532 	 1108579.8 	975432.07 	41513.614 	 -0.00012556191 	1.2998009e-05 	0.011175008 	 0.0023582898 	-0.00081185083 	-0.020159052 	 -41874.375 	16111.481 	-2005.0324 	 -4.2847679 	-1.9557756 	-0.11307063 	 -10.898799 	-11.348523 	0.042170798 		-0.065 -0.095724633 -0.12752577 1200000 1
-0.06375 -542675.14 	-5651536.1 	57850.584 	 986620.26 	1195587.3 	35534.709 	 -4.2820069e-05 	2.936398e-05 	0.010632124 	 0.0022968172 	-0.00074880476 	-0.019289741 	 -42948.699 	12366.901 	-1930.6854 	 -4.2216532 	-1.7973725 	-0.11365465 	 -10.957684 	-10.471161 	-0.022323494 		-0.06375 -0.098059466 -0.14113751 1200000 1
-0.0625 -304818.47 	-5747889.1 	79068.29 	 836342.91 	1381869 	26649.306 	 2.1910101e-06 	4.8154715e-05 	0.010462233 	 0.0022458452 	-0.00069803599 	-0.018583806 	 -44324.534 	9347.5117 	-1907.8303 	 -4.1577491 	-1.6722366 	-0.11221106 	 -10.994754 	-9.6726858 	-0.076932856 		-0.0625 -0.10021842 -0.15370283 1200000 1
-0.06125 -152286.94 	-5807808.6 	91753.801 	 684875.22 	1533850.9 	17380.037 	 2.387432e-05 	6.5443191e-05 	0.010522002 	 0.0022060424 	-0.00065621857 	-0.018057321 	 -45846.148 	6976.6402 	-1917.8992 	 -4.0963695 	-1.5753091 	-0.10942673 	 -11.01564 	-8.942711 	-0.12366776 		-0.06125 -0.10224042 -0.1653181 1200000 1
-0.06 -61631.834 	-5844801.4 	98247.06 	 547177.34 	1654815.4 	8889.3647 	 2.9897626e-05 	8.0249899e-05 	0.010708664 	 0.0021788103 	-0.00062187786 	-0.017697756 	 -47397.11 	5168.4163 	-1955.4028 	 -4.0396033 	-1.5022583 	-0.10574336 	 -11.023995 	-8.2740255 	-0.16394408 		-0.06 -0.10415712 -0.17605909 1200000 1
-0.05875 -13519.802 	-5868283 	100514.6 	 429860.38 	1748779.4 	1859.35 	 2.8462459e-05 	9.1498376e-05 	0.01095166 	 0.0021607077 	-0.00059224984 	-0.01747825 	 -48886.218 	3827.6582 	-2002.2499 	 -3.9885087 	-1.4492205 	-0.1016089 	 -11.022138 	-7.659366 	-0.19907777 		-0.05875 -0.10599648 -0.18600228 1200000 1
-0.0575 6883.3586 	-5884934.3 	99948.801 	 334559.98 	1821003.2 	-3632.2699 	 2.2039448e-05 	9.973287e-05 	0.011206511 	 0.0021516083 	-0.00056654681 	-0.017367997 	 -50266.444 	2861.4477 	-2058.0541 	 -3.9435735 	-1.4131076 	-0.097223705 	 -11.011761 	-7.094156 	-0.23001759 		-0.0575 -0.10778061 -0.19520724 1200000 1
-0.05625 10575.786 	-5898671.8 	97706.451 	 259832.82 	1875734.4 	-7643.1639 	 1.5135207e-05 	0.00010494951 	0.011446833 	 0.0021473723 	-0.00054298622 	-0.017337087 	 -51505.995 	2183.0275 	-2109.3618 	 -3.9047856 	-1.3912952 	-0.092888357 	 -10.994036 	-6.5732775 	-0.25762117 		-0.05625 -0.10952969 -0.20373704 1200000 1
-0.055 5202.9765 	-5912039.6 	94433.48 	 202907.58 	1917480.2 	-10394.02 	 7.3445283e-06 	0.00010803742 	0.011659833 	 0.0021483244 	-0.00052143186 	-0.017359951 	 -52603.447 	1718.0277 	-2161.2295 	 -3.8719539 	-1.3817948 	-0.088634809 	 -10.970006 	-6.0937985 	-0.28257155 		-0.055 -0.11125931 -0.2116404 1200000 1
-0.05375 -4132.8186 	-5926006.7 	90766.118 	 160414.11 	1949219.6 	-12160.295 	 1.3958141e-06 	0.00010922263 	0.011840623 	 0.0021507106 	-0.00050085045 	-0.017415815 	 -53558.265 	1404.8331 	-2203.4419 	 -3.844689 	-1.3829586 	-0.084692438 	 -10.94047 	-5.6519194 	-0.30542839 		-0.05375 -0.11298465 -0.21897114 1200000 1
-0.0525 -14300.451 	-5941133 	86878.856 	 129143.6 	1974012.4 	-13128.857 	 -4.4613116e-06 	0.00010928748 	0.011990074 	 0.0021557384 	-0.00048146378 	-0.01748926 	 -54388.282 	1195.3497 	-2244.3949 	 -3.822612 	-1.3936 	-0.08097694 	 -10.906262 	-5.245656 	-0.32673572 		-0.0525 -0.11471718 -0.22577041 1200000 1
-0.05125 -23526.226 	-5957175.1 	83151.884 	 106191.48 	1993475.8 	-13598.735 	 -8.147952e-06 	0.0001083891 	0.012111205 	 0.0021601477 	-0.00046268136 	-0.017569092 	 -55103.277 	1053.3344 	-2275.1235 	 -3.8052907 	-1.4127365 	-0.077702397 	 -10.868034 	-4.872016 	-0.34685701 		-0.05125 -0.11646917 -0.23208514 1200000 1
-0.05 -30990.942 	-5973990.7 	79489.635 	 89209.589 	2009420.8 	-13626.227 	 -1.1945434e-05 	0.00010710754 	0.012208842 	 0.0021658941 	-0.00044484558 	-0.017648092 	 -55724.467 	952.72507 	-2305.6149 	 -3.7923694 	-1.4397084 	-0.074698502 	 -10.826525 	-4.5295592 	-0.36627051 		-0.05 -0.11824956 -0.2379509 1200000 1
-0.04875 -36448.722 	-5991044.7 	76193.803 	 76317.714 	2022499.8 	-13488.683 	 -1.387533e-05 	0.00010547975 	0.012287365 	 0.002170022 	-0.00042759554 	-0.017721594 	 -56261.551 	875.66577 	-2326.8938 	 -3.7834959 	-1.4739485 	-0.072203899 	 -10.782291 	-4.2158275 	-0.38520944 		-0.04875 -0.12006904 -0.24340916 1200000 1
-0.0475 -40017.438 	-6008089.9 	73011.29 	 66142.889 	2033696 	-13114.371 	 -1.6395699e-05 	0.00010392042 	0.012351412 	 0.0021749903 	-0.00041126607 	-0.017787307 	 -56732.373 	810.47988 	-2349.6126 	 -3.7783993 	-1.5151277 	-0.069975787 	 -10.735994 	-3.9297103 	-0.40412673 		-0.0475 -0.12193506 -0.24849113 1200000 1
-0.04625 -41968.531 	-6024681.7 	70268.157 	 57675.762 	2043128.6 	-12764.68 	 -1.7415985e-05 	0.00010237948 	0.012404343 	 0.0021779468 	-0.00039561392 	-0.017844038 	 -57143.276 	750.10571 	-2364.2529 	 -3.7768283 	-1.5629242 	-0.068306984 	 -10.688111 	-3.6691488 	-0.42317213 		-0.04625 -0.12385758 -0.25323381 1200000 1
-0.045 -42657.55 	-6040662.9 	67600.208 	 50248.867 	2051312.5 	-12271.596 	 -1.9455369e-05 	0.00010116782 	0.012449428 	 0.0021816551 	-0.00038091932 	-0.017891837 	 -57507.18 	690.65009 	-2381.7787 	 -3.7785927 	-1.6172213 	-0.066883646 	 -10.639234 	-3.4332502 	-0.4427963 		-0.045 -0.12584313 -0.25766485 1200000 1
-0.04375 -42414.007 	-6055781.5 	65413.589 	 43407.831 	2058143.6 	-11894.555 	 -2.025658e-05 	0.00010019346 	0.012488622 	 0.00218323 	-0.00036701281 	-0.017930928 	 -57827.237 	630.25511 	-2392.0123 	 -3.7835257 	-1.6778389 	-0.066077038 	 -10.589771 	-3.2202859 	-0.46310249 		-0.04375 -0.1279015 -0.26181752 1200000 1
-0.0425 -41551.336 	-6069975.7 	63239.489 	 36891.706 	2063897.6 	-11404.348 	 -2.2381792e-05 	9.9713212e-05 	0.012523903 	 0.0021856154 	-0.00035411679 	-0.017962157 	 -58112.026 	568.49964 	-2406.1387 	 -3.7914947 	-1.7448134 	-0.065496136 	 -10.540259 	-3.0295187 	-0.48455193 		-0.0425 -0.13003866 -0.26571656 1200000 1
-0.04125 -40306.788 	-6083176.7 	61595.767 	 30535.385 	2068424.3 	-11066.607 	 -2.3404754e-05 	9.9629199e-05 	0.012556144 	 0.0021858209 	-0.00034212843 	-0.017986064 	 -58362.765 	505.42959 	-2413.3553 	 -3.8023936 	-1.8180471 	-0.065613697 	 -10.49106 	-2.85951 	-0.50723487 		-0.04125 -0.13226458 -0.26939209 1200000 1
-0.04 -38886.539 	-6095359.4 	59893.856 	 24269.103 	2071879.6 	-10622.324 	 -2.5934014e-05 	0.00010017954 	0.012586441 	 0.0021869043 	-0.00033122847 	-0.018003552 	 -58584.731 	441.81028 	-2425.034 	 -3.816124 	-1.8977088 	-0.065951041 	 -10.442678 	-2.7096383 	-0.53163146 		-0.04 -0.13458492 -0.27286643 1200000 1
-0.03875 -37426.671 	-6106607.9 	58785.916 	 18047.509 	2074150.8 	-10346.29 	 -2.7375951e-05 	0.00010128941 	0.012615019 	 0.0021857465 	-0.00032139203 	-0.018015014 	 -58778.495 	377.98128 	-2429.8047 	 -3.8326198 	-1.9837493 	-0.067107768 	 -10.395451 	-2.5787265 	-0.55785199 		-0.03875 -0.13701011 -0.27616708 1200000 1
-0.0375 -36047.014 	-6116868.3 	57537.695 	 11866.032 	2075323.9 	-9979.6185 	 -3.0377021e-05 	0.00010320833 	0.012642466 	 0.0021854934 	-0.00031278103 	-0.018021141 	 -58946.819 	314.92231 	-2439.1516 	 -3.851799 	-2.0764726 	-0.068505135 	 -10.349874 	-2.4662393 	-0.58640338 		-0.0375 -0.13954568 -0.27931437 1200000 1
-0.03625 -34820.218 	-6126363 	56957.877 	 5706.8002 	2075353.4 	-9811.0949 	 -3.2163095e-05 	0.00010591626 	0.012668659 	 0.0021829132 	-0.00030546842 	-0.018022063 	 -59090.558 	252.61149 	-2441.1718 	 -3.8736222 	-2.1758576 	-0.070899739 	 -10.30629 	-2.371236 	-0.61745046 		-0.03625 -0.1422028 -0.28233362 1200000 1
-0.035 -33821.909 	-6134958.4 	56137.504 	 -436.38105 	2074269.3 	-9618.2134 	 -3.5388826e-05 	0.00010971365 	0.012693901 	 0.0021812581 	-0.00029962011 	-0.018018236 	 -59210.341 	191.92852 	-2447.3383 	 -3.8980114 	-2.2823623 	-0.073600749 	 -10.265209 	-2.2932411 	-0.65153647 		-0.035 -0.144987 -0.28524352 1200000 1
-0.03375 -33103.192 	-6143026 	56073.075 	 -6604.7688 	2072096.6 	-9719.9551 	 -3.7064217e-05 	0.00011468533 	0.012717868 	 0.0021772566 	-0.00029542715 	-0.018009566 	 -59307.904 	132.21225 	-2445.2372 	 -3.9249437 	-2.3959802 	-0.077560429 	 -10.22701 	-2.2315261 	-0.68891894 		-0.03375 -0.14791049 -0.2880676 1200000 1
-0.0325 -32730.457 	-6150318.2 	55659.611 	 -12849.191 	2068805.2 	-9980.3623 	 -3.9804746e-05 	0.00012124709 	0.012740654 	 0.0021743601 	-0.00029307176 	-0.017996364 	 -59381.785 	74.094177 	-2446.2046 	 -3.9543355 	-2.5173555 	-0.081967432 	 -10.192241 	-2.1856492 	-0.73019258 		-0.0325 -0.15097896 -0.29082318 1200000 1
-0.03125 -32758.558 	-6157392.6 	56137.514 	 -19276.556 	2064482.2 	-10786.623 	 -4.0373654e-05 	0.0001296703 	0.012761769 	 0.0021694344 	-0.00029286711 	-0.017978451 	 -59435.039 	15.943625 	-2437.4573 	 -3.9861729 	-2.6464891 	-0.088021852 	 -10.161347 	-2.1550681 	-0.77575163 		-0.03125 -0.15420597 -0.29353237 1200000 1
-0.03 -33254.303 	-6163870.3 	56212.758 	 -26028.902 	2059021 	-12159.982 	 -4.1334533e-05 	0.00014058525 	0.01278109 	 0.0021663524 	-0.00029498801 	-0.017956176 	 -59464.001 	-42.206756 	-2430.2793 	 -4.0203588 	-2.7842546 	-0.094791837 	 -10.134943 	-2.1393427 	-0.82626694 		-0.03 -0.15759755 -0.29621128 1200000 1
-0.02875 -34266.81 	-6170562.7 	57480.598 	 -33334.72 	2052555.4 	-14622.321 	 -3.9259619e-05 	0.00015456882 	0.012797951 	 0.0021624644 	-0.00029982072 	-0.017929511 	 -59473.639 	-103.66429 	-2412.0916 	 -4.0568818 	-2.9306559 	-0.1037987 	 -10.113571 	-2.1380844 	-0.8823211 		-0.02875 -0.16116899 -0.29888088 1200000 1
-0.0275 -35825.473 	-6176966.2 	58532.659 	 -41492.818 	2044869.3 	-18437.1 	 -3.6809358e-05 	0.00017259195 	0.012812028 	 0.0021624839 	-0.00030742195 	-0.017899163 	 -59458.204 	-169.83426 	-2394.8572 	 -4.0956251 	-3.08685 	-0.11400758 	 -10.097941 	-2.1508074 	-0.94470131 		-0.0275 -0.1649269 -0.30155618 1200000 1
-0.02625 -37899.556 	-6184253.5 	61534.518 	 -50930.171 	2036116 	-24342.831 	 -3.0694986e-05 	0.00019566472 	0.01282258 	 0.0021648146 	-0.00031808305 	-0.01786566 	 -59425.884 	-247.05166 	-2367.8073 	 -4.1365759 	-3.2528416 	-0.12736657 	 -10.088732 	-2.1772293 	-1.0142409 		-0.02625 -0.16888873 -0.30425717 1200000 1
-0.025 -40355.445 	-6191843 	65162.777 	 -62180.568 	2025900.6 	-32905.4 	 -2.4251571e-05 	0.00022518503 	0.01282931 	 0.0021756429 	-0.00033146526 	-0.017830563 	 -59369.764 	-339.70701 	-2345.7381 	 -4.1795967 	-3.430129 	-0.14278428 	 -10.086781 	-2.2167353 	-1.0919056 		-0.025 -0.17306197 -0.30699769 1200000 1
-0.02375 -42892.723 	-6201441.3 	72535.273 	 -75943.521 	2014334.2 	-45121.596 	 -1.5286091e-05 	0.00026261317 	0.012831854 	 0.0021951875 	-0.00034739125 	-0.01779555 	 -59304.029 	-459.3511 	-2323.3232 	 -4.224677 	-3.6187082 	-0.16278622 	 -10.092942 	-2.2690667 	-1.1788492 		-0.02375 -0.17746671 -0.30979678 1200000 1
-0.0225 -44944.279 	-6212516.5 	82792.753 	 -93028.681 	2000687.8 	-61790.52 	 -9.2469337e-06 	0.00030962047 	0.012830672 	 0.0022318226 	-0.00036460448 	-0.017763688 	 -59223.021 	-615.64584 	-2322.8353 	 -4.2716697 	-3.8204618 	-0.18631236 	 -10.108213 	-2.3333229 	-1.276301 		-0.0225 -0.18211165 -0.3126668 1200000 1
-0.02125 -45574.539 	-6227595.5 	100584.25 	 -114398.09 	1984879.9 	-84036.515 	 -7.1121911e-06 	0.00036773037 	0.012826927 	 0.0022882543 	-0.00038183278 	-0.017738456 	 -59152.051 	-828.43114 	-2351.2248 	 -4.3205883 	-4.0353372 	-0.2166672 	 -10.13368 	-2.4091151 	-1.3857903 		-0.02125 -0.18702012 -0.31562546 1200000 1
-0.02 -43317.622 	-6246466.9 	126058.97 	 -141019.26 	1965501.1 	-112498.57 	 -1.9260849e-05 	0.00043808885 	0.01282347 	 0.0023753091 	-0.00039616711 	-0.017724977 	 -59091.055 	-1115.4316 	-2446.2278 	 -4.3713105 	-4.2655857 	-0.2529538 	 -10.170546 	-2.4949668 	-1.5088908 		-0.02 -0.19220227 -0.31868293 1200000 1
-0.01875 -36029.75 	-6272923 	166065.65 	 -173856.19 	1941908 	-147924.8 	 -5.3492131e-05 	0.00052097681 	0.012825216 	 0.0024979448 	-0.00040452081 	-0.017728822 	 -59083.913 	-1508.9507 	-2637.9007 	 -4.4239246 	-4.5109889 	-0.29948532 	 -10.220189 	-2.5900821 	-1.6474639 		-0.01875 -0.19768509 -0.32185465 1200000 1
-0.0175 -20699.615 	-6307511.1 	222244.37 	 -213542.67 	1911269.4 	-189834.09 	 -0.00012961829 	0.0006149769 	0.0128402 	 0.0026680937 	-0.00040174951 	-0.017756979 	 -59140.808 	-2038.0085 	-2990.62 	 -4.478404 	-4.7740201 	-0.35566387 	 -10.284078 	-2.6919188 	-1.8033995 		-0.0175 -0.20348029 -0.32514706 1200000 1
-0.01625 6733.6497 	-6355820.9 	303984.63 	 -260271.13 	1871573 	-237541.68 	 -0.00026744405 	0.00071629341 	0.012880494 	 0.0028903543 	-0.00038275952 	-0.017816191 	 -59330.929 	-2754.3485 	-3572.4479 	 -4.5350039 	-5.0540416 	-0.42697155 	 -10.363973 	-2.7988651 	-1.9785474 		-0.01625 -0.20961861 -0.3285714 1200000 1
-0.015 51487.729 	-6419562.8 	414245.68 	 -313178.67 	1817169 	-287795.25 	 -0.00050180811 	0.00081719264 	0.012963086 	 0.0031729903 	-0.00034069431 	-0.017913293 	 -59673.77 	-3703.6619 	-4487.2658 	 -4.5939067 	-5.3534055 	-0.51312363 	 -10.461707 	-2.9066761 	-2.1747476 		-0.015 -0.21611274 -0.3321278 1200000 1
-0.01375 120113.97 	-6506259.5 	564149.98 	 -370068.52 	1743235.8 	-336968.41 	 -0.00086977726 	0.00090526277 	0.013111212 	 0.0035132356 	-0.00027008515 	-0.01805276 	 -60261.425 	-4972.7387 	-5860.5067 	 -4.6556648 	-5.6706802 	-0.62064757 	 -10.579591 	-3.0125945 	-2.392853 		-0.01375 -0.2229965 -0.33582019 1200000 1
-0.0125 220302.94 	-6618325.3 	756263.06 	 -426411.9 	1639213.6 	-377049.93 	 -0.0014254033 	0.00096141928 	0.013354571 	 0.0039054959 	-0.00016562023 	-0.01823601 	 -61104.947 	-6637.0455 	-7850.122 	 -4.7208086 	-6.0076566 	-0.74924323 	 -10.720054 	-3.1103039 	-2.6336297 		-0.0125 -0.23028217 -0.33963881 1200000 1
-0.01125 360997.22 	-6763654.7 	1000604.3 	 -474809.19 	1495598.9 	-400202.95 	 -0.0022247241 	0.00095966321 	0.01373092 	 0.0043267719 	-2.6741826e-05 	-0.018457716 	 -62295.385 	-8853.4423 	-10669.885 	 -4.7903301 	-6.3619071 	-0.90581571 	 -10.886368 	-3.1962903 	-2.8950264 		-0.01125 -0.23800511 -0.3435767 1200000 1
-0.01 551556.69 	-6942362.4 	1295611 	 -503553.78 	1294863.4 	-392342 	 -0.0033391476 	0.00086568022 	0.014285021 	 0.0047416567 	0.00014253039 	-0.018703532 	 -63791.911 	-11755.44 	-14558.833 	 -4.8652491 	-6.7346407 	-1.0892412 	 -11.082204 	-3.2629851 	-3.1750297 		-0.01 -0.24617517 -0.34761139 1200000 1
-0.00875 801725.74 	-7157638.8 	1645504.2 	 -495661.48 	1021493.7 	-341411.35 	 -0.0048366322 	0.00063810231 	0.015070637 	 0.0050891819 	0.00032740362 	-0.018944275 	 -65636.26 	-15632.252 	-19881.975 	 -4.9471497 	-7.1231048 	-1.30566 	 -11.312854 	-3.3080105 	-3.4663463 		-0.00875 -0.25482786 -0.35172341 1200000 1
-0.0075 1119625.6 	-7400269.8 	2040002.3 	 -427087.27 	650401.47 	-227769.72 	 -0.0067926126 	0.0002294357 	0.016147609 	 0.0052853745 	0.00050138491 	-0.019131147 	 -67679.952 	-20722.385 	-27020.305 	 -5.0377097 	-7.5291512 	-1.5522835 	 -11.58479 	-3.3249989 	-3.7627028 		-0.0075 -0.26396985 -0.35587877 1200000 1
-0.00625 1511295.6 	-7659826.7 	2473331.5 	 -265133.57 	159977.04 	-37035.447 	 -0.0092667707 	-0.00041003039 	0.017584491 	 0.0052133504 	0.00061884385 	-0.019185918 	 -69871.024 	-27544.599 	-36601.889 	 -5.1393187 	-7.9517604 	-1.8339562 	 -11.907513 	-3.3150111 	-4.0503422 		-0.00625 -0.27363813 -0.36004906 1200000 1
-0.005 1976542.1 	-7908123.9 	2924082.8 	 32940.981 	-481461.25 	252797.34 	 -0.012310859 	-0.0013269139 	0.019452328 	 0.0047259097 	0.00061390866 	-0.018992368 	 -71940.263 	-36554.757 	-49257.486 	 -5.2545543 	-8.3958778 	-2.1468702 	 -12.292847 	-3.274206 	-4.3185772 		-0.005 -0.28383985 -0.36419494 1200000 1
-0.00375 2507276.1 	-8112017.9 	3376108.6 	 521661.45 	-1302002 	654158.51 	 -0.015942064 	-0.0025570651 	0.021826513 	 0.0036404836 	0.00039328653 	-0.018379923 	 -73788.781 	-48757.601 	-66052.37 	 -5.3869299 	-8.8644115 	-2.4966503 	 -12.756986 	-3.2047998 	-4.5475432 		-0.00375 -0.29462028 -0.36828486 1200000 1
-0.0025 3079997.9 	-8201637 	3782501.8 	 1265392.6 	-2336101.5 	1182196.6 	 -0.021128028 	-0.0045365423 	0.025174298 	 0.0012169487 	-0.00040362683 	-0.016936151 	 -75947.373 	-68313.333 	-93660.471 	 -5.5404036 	-9.3796898 	-2.8684414 	 -13.317962 	-3.102715 	-4.719785 		-0.0025 -0.30599607 -0.37227612 1200000 1
-0.00125 3672663.5 	-8203776.4 	4188253 	 2373903.1 	-3573401.7 	1839514.8 	 -0.025588561 	-0.0063599493 	0.028433935 	 -0.0014910465 	-0.0013392122 	-0.01504983 	 -74619.861 	-89015.652 	-120694.37 	 -5.7346347 	-9.8839438 	-3.3310356 	 -14.031507 	-2.9623262 	-4.8151436 		-0.00125 -0.31810881 -0.37611413 1200000 1
5.2475385e-17 2217248.2 	-5106317.9 	1552923.7 	 1872017.4 	-3155956.9 	718516.43 	 -0.028468751 	-0.0077069202 	0.031832091 	 -0.0045044121 	-0.0023733401 	-0.012097521 	 -54358.089 	-45665.399 	-89658.12 	 -5.884259 	1.5528978 	0.1354428 	 -14.601668 	1.8049023 	2.2749304 		5.2475385e-17 -0.33090126 -0.37717779 649999.98 1
0.00125 326399.66 	-2358482.9 	-1197538.3 	 260867.74 	-1727170.9 	-889947.69 	 -0.026782769 	-0.00732321 	0.033554461 	 -0.0044125235 	-0.0020849941 	-0.010233008 	 -36256.429 	13826.891 	-36962.979 	 -5.596741 	6.2583269 	11.594699 	 -13.712192 	9.1189528 	7.0185011 		0.00125 -0.32849354 -0.367151 100000 1
0.0025 307923.61 	-2455961.1 	-1163285.8 	 208891.71 	-1876542.6 	-829640.27 	 -0.023570581 	-0.0066605582 	0.034666729 	 -0.003611085 	-0.0016664032 	-0.0088780862 	 -39032.606 	10851.824 	-33542.953 	 -5.260235 	6.9837402 	11.018818 	 -12.638733 	9.6051204 	7.0551336 		0.0025 -0.32017946 -0.35544067 100000 1
0.00375 293727.65 	-2553860.3 	-1125199 	 169764.61 	-2012437.6 	-768815.06 	 -0.020463204 	-0.0060412863 	0.035615175 	 -0.0027979108 	-0.0013634295 	-0.0077273378 	 -41826.823 	8046.3802 	-29940.772 	 -4.9548013 	7.6984638 	10.456253 	 -11.685267 	10.117295 	6.982647 		0.00375 -0.31097096 -0.34306356 100000 1
0.005 281027.76 	-2651607.9 	-1075727.9 	 138707.35 	-2137887.7 	-707827.59 	 -0.018013565 	-0.0055095115 	0.036275735 	 -0.0020931253 	-0.0011523661 	-0.0068691113 	 -44308.734 	5835.2768 	-26951.602 	 -4.6588363 	8.4107746 	9.8274132 	 -10.799996 	10.631759 	6.8160466 		0.005 -0.30084469 -0.33002525 100000 1
0.00625 269046.83 	-2745581.6 	-1013778.9 	 113934.17 	-2253246.5 	-644729.73 	 -0.015869724 	-0.0050038497 	0.036788315 	 -0.001462536 	-0.00098013421 	-0.00615209 	 -46597.315 	3940.2875 	-24131.835 	 -4.3677583 	9.0890942 	9.1170952 	 -9.9688581 	11.135285 	6.5409644 		0.00625 -0.28985039 -0.31635506 100000 1
0.0075 257323.47 	-2831034.7 	-941618.53 	 93777.098 	-2357381.9 	-580040.78 	 -0.014004116 	-0.0045219196 	0.037175839 	 -0.00091012388 	-0.00083012627 	-0.0055534105 	 -48609.761 	2356.6084 	-21482.098 	 -4.0780888 	9.6898509 	8.3428708 	 -9.1778696 	11.599339 	6.1703066 		0.0075 -0.27805348 -0.30207239 100000 1
0.00875 245664.54 	-2905251.2 	-860006.85 	 76984.069 	-2449013.9 	-513898.54 	 -0.012399265 	-0.0040682725 	0.037458275 	 -0.00043916938 	-0.00069399741 	-0.0050573144 	 -50302.541 	1061.0379 	-19041.072 	 -3.7887102 	10.190642 	7.5071099 	 -8.418989 	11.996589 	5.7132587 		0.00875 -0.26558699 -0.28727193 100000 1
0.01 234055.61 	-2964719 	-773573.84 	 62664.85 	-2526923.1 	-448601.17 	 -0.011027882 	-0.0036454292 	0.037654097 	 -4.4951629e-05 	-0.00056934714 	-0.0046485274 	 -51628.788 	38.231305 	-16816.8 	 -3.4988942 	10.559504 	6.650225 	 -7.6856186 	12.301095 	5.2026364 		0.01 -0.25258509 -0.27203671 100000 1
0.01125 222623.37 	-3009009.5 	-684990.82 	 50293.076 	-2591177.9 	-385545.59 	 -0.0098705754 	-0.0032580162 	0.037779994 	 0.00027552888 	-0.00045564905 	-0.0043148623 	 -52595.728 	-744.67057 	-14840.105 	 -3.2096325 	10.795252 	5.7930293 	 -6.9760215 	12.502842 	4.6621019 		0.01125 -0.23923152 -0.25651284 100000 1
0.0125 211541.47 	-3037641.7 	-598651.91 	 39557.716 	-2642349 	-326963.35 	 -0.008899338 	-0.0029062463 	0.037850461 	 0.000531798 	-0.00035350878 	-0.0040440117 	 -53210.094 	-1321.8427 	-13106.395 	 -2.9215696 	10.89428 	4.9737401 	 -6.2881044 	12.598399 	4.1241363 		0.0125 -0.22567537 -0.24080686 100000 1
0.01375 201014.64 	-3052531.1 	-516765.54 	 30305.181 	-2682086.6 	-273904.6 	 -0.008094308 	-0.0025916194 	0.037878144 	 0.00072974666 	-0.00026316062 	-0.0038260076 	 -53520.621 	-1733.0742 	-11623.532 	 -2.636346 	10.876672 	4.2092396 	 -5.6225196 	12.597928 	3.6084581 		0.01375 -0.21208988 -0.2250654 100000 1
0.015 191202.74 	-3055241.2 	-441727.19 	 22426.842 	-2712164.1 	-227268.67 	 -0.007428963 	-0.0023117213 	0.037873095 	 0.00088054138 	-0.0001846271 	-0.0036512981 	 -53566.126 	-2015.3957 	-10366.415 	 -2.354611 	10.757528 	3.5191558 	 -4.9779892 	12.514127 	3.1324407 		0.015 -0.19858824 -0.20937347 100000 1
0.01625 182244.48 	-3048371.8 	-374398.57 	 15846.413 	-2734564.2 	-187231.85 	 -0.0068858236 	-0.0020658032 	0.0378439 	 0.00099001669 	-0.0001173479 	-0.0035124555 	 -53404.273 	-2201.9392 	-9324.3046 	 -2.0775936 	10.562325 	2.9085319 	 -4.3548806 	12.363757 	2.7048971 		0.01625 -0.18529675 -0.19384472 100000 1
0.0175 174211.32 	-3033895.6 	-315237.67 	 10467.376 	-2751110 	-153470.66 	 -0.0064420851 	-0.001850241 	0.037796777 	 0.0010685878 	-6.0535434e-05 	-0.0034027136 	 -53077.03 	-2320.0249 	-8461.1218 	 -1.8053508 	10.309486 	2.3794031 	 -3.751257 	12.162599 	2.3283234 		0.0175 -0.1722767 -0.17852642 100000 1
0.01875 167153.56 	-3013865.7 	-264111.92 	 6196.1803 	-2763239.3 	-125629.85 	 -0.0060843139 	-0.0016633865 	0.037737167 	 0.0011203866 	-1.309735e-05 	-0.0033170435 	 -52628.92 	-2391.1768 	-7760.353 	 -1.5384884 	10.018528 	1.9285083 	 -3.1666751 	11.923731 	2.0037325 		0.01875 -0.15960476 -0.16349478 100000 1
0.02 161071.09 	-2989805.5 	-220367.52 	 2921.8094 	-2772283.1 	-102790.81 	 -0.0057942879 	-0.0015014948 	0.037668566 	 0.0011540209 	2.6076888e-05 	-0.0032509993 	 -52090.909 	-2431.4919 	-7186.0773 	 -1.2765604 	9.7033998 	1.5481983 	 -2.5986699 	11.659229 	1.7252977 		0.02 -0.14730001 -0.14876566 100000 1
0.02125 155958.47 	-2962916.8 	-183482.71 	 543.11608 	-2778983.1 	-84504.811 	 -0.0055628251 	-0.0013628358 	0.037594344 	 0.0011715435 	5.8168147e-05 	-0.0032014018 	 -51489.755 	-2453.1026 	-6724.6288 	 -1.0197702 	9.3752042 	1.2324803 	 -2.0464033 	11.375909 	1.4911161 		0.02125 -0.13540315 -0.13438797 100000 1
0.0225 151782.89 	-2934142.5 	-152412.95 	 -1042.1001 	-2784165 	-69743.281 	 -0.0053760059 	-0.0012440498 	0.037516277 	 0.0011796773 	8.4250344e-05 	-0.0031654756 	 -50844.149 	-2464.276 	-6345.7037 	 -0.76744356 	9.0424539 	0.97067432 	 -1.5073662 	11.08122 	1.2926003 		0.0225 -0.12390758 -0.12035912 100000 1
0.02375 148517.59 	-2904012.8 	-126633.59 	 -1919.3669 	-2788068.1 	-58193.4 	 -0.0052282448 	-0.001143669 	0.037436509 	 0.0011786939 	0.00010534359 	-0.0031412972 	 -50167.152 	-2471.4438 	-6041.1911 	 -0.51962994 	8.709828 	0.75740979 	 -0.98073703 	10.777126 	1.1279048 		0.02375 -0.11283301 -0.10671249 100000 1
0.025 146124.77 	-2873036.9 	-105097.96 	 -2164.9722 	-2791173.5 	-48938.548 	 -0.0051091057 	-0.0010588621 	0.037355813 	 0.0011738009 	0.0001223365 	-0.0031271907 	 -49468.58 	-2478.5223 	-5787.2618 	 -0.27562837 	8.3819259 	0.58241374 	 -0.46425508 	10.467727 	0.98856057 		0.025 -0.10216058 -0.093437705 100000 1
0.02625 144575.99 	-2841337.3 	-87425.752 	 -1838.0415 	-2793442.7 	-41850.14 	 -0.0050156971 	-0.00098851634 	0.037275663 	 0.0011639978 	0.00013600732 	-0.0031220156 	 -48753.186 	-2488.9162 	-5580.8939 	 -0.035475287 	8.0596393 	0.44205569 	 0.042699222 	10.152195 	0.87380795 		0.02625 -0.091899546 -0.080560964 100000 1
0.0275 143841.09 	-2809156.8 	-72714.631 	 -984.64778 	-2795154.6 	-36176.434 	 -0.0049401809 	-0.00093031011 	0.037196286 	 0.0011534382 	0.00014704179 	-0.0031247798 	 -48025.4 	-2504.4111 	-5403.6532 	 0.20146514 	7.745263 	0.32766216 	 0.54205407 	9.8326125 	0.77628715 		0.0275 -0.082027187 -0.068070792 100000 1
0.02875 143897.74 	-2776407.8 	-60744.871 	 363.13345 	-2796144.4 	-31940.243 	 -0.004881527 	-0.00088347272 	0.037118821 	 0.0011403183 	0.00015598238 	-0.0031348009 	 -47285.667 	-2526.8779 	-5256.205 	 0.43511302 	7.4378141 	0.23730706 	 1.0341998 	9.5068386 	0.69635121 		0.02875 -0.072548447 -0.055990959 100000 1
0.03 144727.24 	-2743179.9 	-50784.704 	 2187.041 	-2796572.9 	-28537.852 	 -0.0048337391 	-0.00084611741 	0.037043216 	 0.0011281099 	0.00016334654 	-0.003151493 	 -46535.388 	-2557.1505 	-5124.0771 	 0.66600857 	7.1383381 	0.16404276 	 1.520756 	9.1757705 	0.62785957 		0.03 -0.063441145 -0.044312482 100000 1
0.03125 146314.98 	-2709292.7 	-42742.845 	 4478.9595 	-2796229.8 	-26092.559 	 -0.0047969962 	-0.00081776732 	0.036970473 	 0.0011145523 	0.000169478 	-0.0031744255 	 -45773.1 	-2596.3108 	-5010.2866 	 0.89401326 	6.8450917 	0.10723233 	 2.0019212 	8.8367777 	0.57197642 		0.03125 -0.054709086 -0.033059214 100000 1
0.0325 148653.59 	-2674745.7 	-36038.958 	 7244.8925 	-2795197.2 	-24115.694 	 -0.0047665861 	-0.00079688625 	0.036900423 	 0.0011026954 	0.00017477599 	-0.0032032456 	 -44998.506 	-2644.8113 	-4903.1302 	 1.1195656 	6.5584401 	0.061406547 	 2.4790594 	8.4899894 	0.52360411 		0.0325 -0.046332741 -0.022226502 100000 1
0.03375 151735.63 	-2639326 	-30670.041 	 10497.879 	-2793255.8 	-22787.774 	 -0.0047434329 	-0.00078323796 	0.036834044 	 0.0010900513 	0.0001794261 	-0.0032376383 	 -44209.52 	-2703.3057 	-4806.983 	 1.3424653 	6.27644 	0.026779788 	 2.9522236 	8.1326682 	0.48439802 		0.03375 -0.038316268 -0.01183959 100000 1
0.035 155563.59 	-2602974.2 	-26178.058 	 14265.778 	-2790424.1 	-21705.932 	 -0.0047237215 	-0.00077556088 	0.036771142 	 0.0010794075 	0.00018375483 	-0.0032773685 	 -43404.855 	-2772.125 	-4712.0616 	 1.5630484 	5.9990539 	-0.00094601283 	 3.4225709 	7.7643485 	0.45009012 		0.035 -0.030643672 -0.0018991556 100000 1
0.03625 160135.79 	-2565473.3 	-22614.544 	 18581.086 	-2786485.7 	-21076.726 	 -0.0047088056 	-0.00077381256 	0.036712741 	 0.0010681928 	0.00018782427 	-0.0033221461 	 -42582.448 	-2851.6704 	-4623.4283 	 1.7810519 	5.7243963 	-0.021051188 	 3.890048 	7.3823289 	0.42257321 		0.03625 -0.023320136 0.007567377 100000 1
0.0375 165462.63 	-2526720.3 	-19616.344 	 23492.744 	-2781398.4 	-20560.922 	 -0.0046955085 	-0.00077694388 	0.036658683 	 0.0010590203 	0.00019192485 	-0.0033717687 	 -41740.414 	-2942.2578 	-4532.6634 	 1.9967082 	5.452154 	-0.03693491 	 4.3556387 	6.9855935 	0.39822477 		0.0375 -0.01633351 0.016553311 100000 1
0.03875 171546.47 	-2486505.1 	-17264.773 	 29052.949 	-2774948.4 	-20370.667 	 -0.0046854022 	-0.00078506821 	0.036610084 	 0.0010493208 	0.00019602107 	-0.0034258986 	 -40877.022 	-3044.1223 	-4445.0841 	 2.2096898 	5.1805993 	-0.047616532 	 4.819205 	6.5714975 	0.37899836 		0.03875 -0.0096902981 0.025028402 100000 1
0.04 178403.46 	-2444689.1 	-15270.045 	 35332.937 	-2767029.7 	-20215.725 	 -0.0046757804 	-0.0007972999 	0.036566865 	 0.0010415766 	0.00020039522 	-0.0034842948 	 -39990.03 	-3157.5955 	-4353.2865 	 2.4201217 	4.9092067 	-0.055802967 	 5.2815725 	6.1384641 	0.3617863 		0.04 -0.0033822507 0.032979305 100000 1
0.04125 186038.04 	-2401073.2 	-13726.468 	 42406.539 	-2757425.1 	-20300.807 	 -0.0046682969 	-0.00081387874 	0.03653027 	 0.0010332705 	0.00020493251 	-0.0035465036 	 -39078.199 	-3282.7892 	-4262.5775 	 2.6276069 	4.6364348 	-0.060413046 	 5.7425231 	5.6838628 	0.34848432 		0.04125 0.0025826736 0.040372282 100000 1
0.0425 194469.76 	-2355487.3 	-12400.884 	 50370.185 	-2745958.1 	-20374.543 	 -0.0046606097 	-0.00083404479 	0.036500338 	 0.0010267717 	0.00020992791 	-0.0036121711 	 -38139.113 	-3420.0449 	-4166.3607 	 2.8321552 	4.3615792 	-0.063618762 	 6.2027221 	5.2055113 	0.33640268 		0.0425 0.0082088646 0.047186635 100000 1
0.04375 203702.91 	-2307744 	-11389.013 	 59323.111 	-2732397.6 	-20625.449 	 -0.0046543655 	-0.00085814175 	0.036478467 	 0.0010196432 	0.0002151993 	-0.0036806505 	 -37172.117 	-3569.3713 	-4069.7728 	 3.0332925 	4.0832828 	-0.064345989 	 6.6618582 	4.7007126 	0.3272952 		0.04375 0.013486841 0.053384327 100000 1
0.045 213757.52 	-2257646.3 	-10501.982 	 69392.126 	-2716487.3 	-20834.181 	 -0.0046475182 	-0.0008855073 	0.036464848 	 0.0010141424 	0.00022106953 	-0.0037513846 	 -36174.797 	-3731.093 	-3966.9062 	 3.2309034 	3.8006923 	-0.064345656 	 7.1204109 	4.1666139 	0.3188207 		0.045 0.018417214 0.058936437 100000 1
0.04625 224634.86 	-2205018.5 	-9829.8612 	 80708.075 	-2697968.4 	-21167.101 	 -0.0046416489 	-0.00091657257 	0.036461062 	 0.0010079286 	0.00022729634 	-0.0038234353 	 -35147.166 	-3905.1189 	-3862.634 	 3.4244262 	3.5126261 	-0.062613658 	 7.577939 	3.6003419 	0.31253116 		0.04625 0.022988946 0.063799622 100000 1
0.0475 236351.7 	-2149641.7 	-9219.0985 	 93435.985 	-2676492.8 	-21431.696 	 -0.0046349653 	-0.00095075332 	0.036467485 	 0.0010031381 	0.00023424139 	-0.0038959243 	 -34086.993 	-4091.7174 	-3751.6784 	 3.613608 	3.2181103 	-0.060561135 	 8.0346843 	2.9982845 	0.30637902 		0.0475 0.027198978 0.067935651 100000 1
0.04875 248902.43 	-2091352.6 	-8749.3891 	 107747.59 	-2651756.4 	-21767.079 	 -0.0046289485 	-0.00098855719 	0.036485906 	 0.00099753059 	0.00024160549 	-0.0039674884 	 -32995.035 	-4290.6942 	-3638.6067 	 3.7977873 	2.9161265 	-0.057294566 	 8.4900086 	2.3572517 	0.30166145 		0.04875 0.031034706 0.07129458 100000 1
0.05 262295.49 	-2029916.3 	-8295.6103 	 123857.71 	-2623303.3 	-22002.954 	 -0.0046220349 	-0.0010294654 	0.036516917 	 0.0009931041 	0.00024979635 	-0.0040367634 	 -31869.436 	-4502.2203 	-3518.7508 	 3.9765588 	2.605611 	-0.053947349 	 8.9438259 	1.6727551 	0.29657489 		0.05 0.034489542 0.073827501 100000 1
0.05125 276512.88 	-1965184.2 	-7924.0569 	 141992.78 	-2590762.1 	-22245.973 	 -0.0046155851 	-0.001074055 	0.036562545 	 0.00098771359 	0.00025845721 	-0.0041017721 	 -30711.766 	-4725.9943 	-3396.3611 	 4.1491483 	2.2856999 	-0.049761526 	 9.3951887 	0.94110837 	0.29210737 		0.05125 0.037549322 0.075476221 100000 1
0.0525 291547.46 	-1896914.4 	-7532.8498 	 162434.66 	-2553548.5 	-22342.818 	 -0.00460825 	-0.0011218667 	0.036623627 	 0.00098319186 	0.00026804483 	-0.0041604276 	 -29520.739 	-4962.0546 	-3267.385 	 4.3149844 	1.9552782 	-0.045639522 	 9.8435348 	0.15679172 	0.28664385 		0.0525 0.040204102 0.076179404 100000 1
0.05375 307360.67 	-1824977.9 	-7173.1704 	 185485.54 	-2511195.1 	-22361.441 	 -0.0046012587 	-0.001173543 	0.036702444 	 0.00097747378 	0.00027813984 	-0.0042098624 	 -28298.79 	-5210.0027 	-3135.7656 	 4.4731688 	1.613636 	-0.040972706 	 10.287423 	-0.68461077 	0.28079922 		0.05375 0.042438214 0.075868487 100000 1
0.055 323918.95 	-1749138.4 	-6762.4687 	 211520.72 	-2462961.8 	-22158.722 	 -0.0045934694 	-0.0012286846 	0.036800103 	 0.00097218814 	0.00028924478 	-0.0042469197 	 -27045.353 	-5469.7402 	-2998.0839 	 4.622955 	1.2596563 	-0.036469277 	 10.72557 	-1.5898598 	0.27307716 		0.055 0.044238588 0.074467476 100000 1
0.05625 341150.59 	-1669296.3 	-6335.9689 	 240951.18 	-2408248.4 	-21755.326 	 -0.0045859778 	-0.0012879994 	0.036919147 	 0.0009653169 	0.00030086542 	-0.0042674294 	 -25763.7 	-5740.8288 	-2858.0028 	 4.7633171 	0.892794 	-0.031678298 	 11.155736 	-2.5644076 	0.26363298 		0.05625 0.045588162 0.071894685 100000 1
0.0575 358979 	-1585239 	-5827.4138 	 274287.75 	-2346122.8 	-21008.423 	 -0.0045778465 	-0.0013511544 	0.037060956 	 0.00095822646 	0.00031353609 	-0.004266643 	 -24454 	-6023.1136 	-2712.7542 	 4.8933368 	0.51198932 	-0.027146399 	 11.575511 	-3.6165425 	0.25098952 		0.0575 0.046471071 0.068056576 100000 1
0.05875 377279.49 	-1496911.7 	-5256.2229 	 312104.38 	-2275803.3 	-19879.241 	 -0.0045700399 	-0.0014189257 	0.037228313 	 0.00094888697 	0.00032666312 	-0.0042384592 	 -23120.099 	-6316.3072 	-2565.7436 	 5.0118738 	0.11687981 	-0.022584989 	 11.981329 	-4.7531595 	0.234722 		0.05875 0.046869048 0.062854745 100000 1
0.06 395906.31 	-1404151.4 	-4570.4274 	 355118.12 	-2196118.7 	-18210.242 	 -0.004561825 	-0.0014910614 	0.037422835 	 0.00093831072 	0.00034077835 	-0.0041757375 	 -21762.546 	-6620.4956 	-2414.8442 	 5.1178672 	-0.29347164 	-0.018410453 	 12.368952 	-5.9844559 	0.21322393 		0.06 0.046763875 0.056174352 100000 1
0.06125 414649.35 	-1306972.2 	-3775.5337 	 404159.75 	-2106044.1 	-15886.118 	 -0.00455404 	-0.001568411 	0.037647466 	 0.0009243555 	0.00035514102 	-0.0040694661 	 -20384.928 	-6936.0679 	-2263.1865 	 5.2101142 	-0.71922919 	-0.014496215 	 12.732557 	-7.3192934 	0.18532261 		0.06125 0.046136366 0.047895559 100000 1
0.0625 433250.58 	-1205297.5 	-2833.5794 	 460278.21 	-2004111.7 	-12712.582 	 -0.0045461549 	-0.0016508258 	0.037903937 	 0.00090753548 	0.00037020895 	-0.0039088633 	 -18986.929 	-7264.1876 	-2109.1861 	 5.2875002 	-1.1611533 	-0.011160291 	 13.064802 	-8.7702461 	0.14906575 		0.0625 0.044966503 0.037877341 100000 1
0.06375 451359.27 	-1099246.2 	-1741.0403 	 524732.93 	-1888984.1 	-8474.4831 	 -0.0045388856 	-0.0017392373 	0.038195155 	 0.00088542507 	0.00038500332 	-0.0036804571 	 -17569.706 	-7607.2938 	-1955.5578 	 5.3488966 	-1.6192249 	-0.0084326783 	 13.355869 	-10.348726 	0.10230549 		0.06375 0.043234519 0.025972328 100000 1
0.065 468530.87 	-988878.05 	-476.96166 	 599140.84 	-1758846.5 	-2910.7255 	 -0.004531896 	-0.0018336294 	0.038522665 	 0.00085780907 	0.00039976889 	-0.0033678439 	 -16128.79 	-7969.8427 	-1800.9387 	 5.393351 	-2.0940357 	-0.0065672572 	 13.592897 	-12.070059 	0.042449855 		0.065 0.040919201 0.012007203 100000 1
0.06625 484175.8 	-874466.85 	960.57818 	 685520.77 	-1612013.7 	4320.9187 	 -0.0045257746 	-0.0019350246 	0.038888892 	 0.00082169362 	0.00041312071 	-0.0029506082 	 -14657.687 	-8359.9297 	-1647.169 	 5.4201283 	-2.5855166 	-0.0057366526 	 13.7587 	-13.948437 	-0.033887751 		0.06625 0.03800044 -0.0042002488 100000 1
0.0675 497528.39 	-756271.93 	2566.1902 	 786518.17 	-1446371.9 	13583.026 	 -0.0045203512 	-0.0020435757 	0.039294542 	 0.00077576185 	0.0004248382 	-0.002403558 	 -13139.933 	-8791.2115 	-1492.2756 	 5.4289256 	-3.0943162 	-0.0061698718 	 13.830153 	-16.001314 	-0.13027654 		0.0675 0.034456173 -0.022862007 100000 1
0.06875 507576.14 	-634778.28 	4318.7642 	 905551.89 	-1260070.1 	25364.263 	 -0.0045160555 	-0.0021603999 	0.039740624 	 0.00071598795 	0.00043284274 	-0.0016953455 	 -11549.585 	-9287.1875 	-1336.0318 	 5.420111 	-3.6208352 	-0.0081540521 	 13.776127 	-18.243689 	-0.25152493 		0.06875 0.030265543 -0.044201258 100000 1
0.07 512976.41 	-510496.38 	6165.0526 	 1047146.5 	-1051205.3 	40150.293 	 -0.0045128094 	-0.0022858561 	0.040225692 	 0.00063937247 	0.00043604965 	-0.00078695189 	 -9841.0992 	-9886.9906 	-1173.9484 	 5.395067 	-4.1667 	-0.011937492 	 13.554442 	-20.68989 	-0.40238644 		0.07 0.025404769 -0.068469667 100000 1
0.07125 511940.85 	-384124.22 	8021.2587 	 1217159.8 	-818804.65 	58555.906 	 -0.0045107886 	-0.0024211503 	0.040747597 	 0.00054015829 	0.00043129495 	0.00037017506 	 -7945.2295 	-10656.713 	-1001.142 	 5.356667 	-4.7345556 	-0.017877863 	 13.109253 	-23.345104 	-0.58888102 		0.07125 0.019849462 -0.095924879 100000 1
0.0725 502082.54 	-256323.52 	9724.9306 	 1422980.5 	-563131.93 	81061.977 	 -0.0045098554 	-0.002579405 	0.041393608 	 0.00039613981 	0.00040890026 	0.0020851871 	 -5817.9919 	-11922.705 	-819.45323 	 5.3096397 	-5.3302032 	-0.026097561 	 12.36888 	-26.200762 	-0.81566782 		0.0725 0.013568894 -0.12683214 100000 1
0.07375 480668.8 	-128537.23 	11484.043 	 1680156.9 	-288112.31 	110452.03 	 -0.0045098491 	-0.0027340857 	0.041961495 	 0.00024457779 	0.00037947775 	0.0038278016 	 -3227.2133 	-13336.756 	-591.78307 	 5.2595543 	-5.9601131 	-0.040955052 	 11.179851 	-29.208518 	-1.1104367 		0.07375 0.0064772347 -0.16164343 100000 1
0.075 442516.8 	-17609.641 	12000.348 	 1941616.1 	-77715.394 	135083.2 	 -0.0045102127 	-0.0028540995 	0.042324445 	 0.00011045249 	0.00034956359 	0.0052638994 	 -583.72998 	-14496.841 	-327.93128 	 5.2227778 	-6.4671418 	-0.053168094 	 10.012867 	-31.527019 	-1.3565445 		0.075 -0.0014138607 -0.20019011 100000 1
