# y jRe_x jRe_y jRe_z jIm_x jIm_y jIm_z BRe_x BRe_y BRe_z BIm_x BIm_y BIm_z F_x F_y F_z VReGrad_x VReGrad_y VReGrad_z VImGrad_x VImGrad_y VImGrad_z s VRe VIm sigma mur
-0.075 -514707.62 	-25347.978 	-16920.239 	 -2155847.6 	-110951.05 	-158499.83 	 -0.0044917851 	0.0027782831 	0.041498579 	 0.00013722024 	-0.00041891621 	0.0049835493 	 -811.87426 	16083.667 	-317.48003 	 -0.47703126 	-0.63333199 	0.0060496978 	 -1.5372874 	-3.2476175 	0.13086415 		-0.075 -0.00075309445 -0.0028027199 1200000 1
-0.07375 -560237.33 	-149447.66 	-17655.12 	 -1870078.4 	-322004.8 	-136450.54 	 -0.0044814157 	0.0026645566 	0.041135224 	 0.00028412989 	-0.00045216826 	0.0034751586 	 -3605.518 	14823.62 	-611.3657 	 -0.48013583 	-0.59112464 	0.0057380418 	 -1.6407722 	-3.0533782 	0.11253209 		-0.07375 -0.0015325893 -0.0068070001 1200000 1
-0.0725 -581338.6 	-295968.42 	-15001.788 	 -1571335.8 	-606156.08 	-101760.81 	 -0.0044736356 	0.0025191109 	0.040497161 	 0.00044231021 	-0.00049448779 	0.0017896174 	 -6387.9105 	13286.893 	-861.75235 	 -0.4847456 	-0.53481674 	0.0038866602 	 -1.7634287 	-2.7938688 	0.083498264 		-0.0725 -0.0022349063 -0.010461121 1200000 1
-0.07125 -589992.8 	-442160.03 	-12672.345 	 -1323689.5 	-877100.29 	-74421.151 	 -0.0044598508 	0.0023729107 	0.03969691 	 0.00061164621 	-0.00051196587 	-9.5250435e-05 	 -8606.8005 	11687.392 	-1069.0124 	 -0.48866338 	-0.48153832 	0.0029172415 	 -1.8499886 	-2.5417275 	0.060486234 		-0.07125 -0.0028726845 -0.013803474 1200000 1
-0.07 -587052.93 	-586160.48 	-9994.8849 	 -1122019.2 	-1127883.1 	-51289.906 	 -0.0044514894 	0.0022383795 	0.038975436 	 0.00074424448 	-0.00051421433 	-0.0015632184 	 -10517.422 	10517.044 	-1250.7649 	 -0.4915922 	-0.43116607 	0.0021555404 	 -1.905732 	-2.3041805 	0.04087966 		-0.07 -0.0034492734 -0.01685813 1200000 1
-0.06875 -576299.95 	-727630.78 	-7408.3916 	 -962410.8 	-1348094.5 	-33303.094 	 -0.0044431733 	0.0021148859 	0.038382509 	 0.00084176754 	-0.00051441571 	-0.0025554648 	 -12262.421 	9777.9983 	-1412.9356 	 -0.49239326 	-0.38359535 	0.0017245202 	 -1.9342041 	-2.0887263 	0.025479477 		-0.06875 -0.0039540303 -0.01958371 1200000 1
-0.0675 -558484.75 	-863439.6 	-4961.5636 	 -825462.22 	-1538287.5 	-19303.372 	 -0.0044394316 	0.0020037856 	0.037816411 	 0.00091108344 	-0.00050281135 	-0.0033333754 	 -13787.009 	9125.928 	-1569.1058 	 -0.49164221 	-0.3388407 	0.0015408465 	 -1.9509825 	-1.8969949 	0.013339245 		-0.0675 -0.0043994141 -0.022042165 1200000 1
-0.06625 -536946.82 	-994583.1 	-2696.456 	 -707922.36 	-1708073.8 	-7946.8771 	 -0.0044370253 	0.0018992673 	0.037291912 	 0.00096719311 	-0.00048883351 	-0.0039436166 	 -15222.138 	8549.2967 	-1719.2912 	 -0.48918658 	-0.29614898 	0.0015174019 	 -1.9574708 	-1.7213213 	0.003364557 		-0.06625 -0.0047957921 -0.024296725 1200000 1
-0.065 -512629.11 	-1120537 	-664.63416 	 -607269.51 	-1858792.5 	954.90243 	 -0.0044351595 	0.0018003962 	0.036810736 	 0.0010136495 	-0.00047387827 	-0.0044066673 	 -16599.384 	8022.4997 	-1863.2165 	 -0.48501737 	-0.25546657 	0.0016529185 	 -1.9555448 	-1.5609954 	-0.0045930806 		-0.065 -0.0051449214 -0.026360852 1200000 1
-0.06375 -487466.39 	-1239752.3 	1073.4478 	 -525835.06 	-1990999.3 	7682.7709 	 -0.0044383239 	0.0017119146 	0.036406897 	 0.0010419733 	-0.00045249096 	-0.0047049115 	 -18014.871 	7542.0513 	-2018.7979 	 -0.47850884 	-0.21690715 	0.0019333461 	 -1.9440664 	-1.4169253 	-0.010755557 		-0.06375 -0.0054388464 -0.028215988 1200000 1
-0.0625 -460302.96 	-1352782.1 	2560.825 	 -454383.22 	-2101910.4 	12602.205 	 -0.0044377418 	0.0016264496 	0.036016395 	 0.0010707042 	-0.00043620514 	-0.0049529201 	 -19274.255 	7087.0241 	-2158.4081 	 -0.4703657 	-0.18110341 	0.0023256679 	 -1.9299333 	-1.2894925 	-0.015429662 		-0.0625 -0.0056817645 -0.029884539 1200000 1
-0.06125 -432369.79 	-1459132.5 	3809.1239 	 -391688.87 	-2200192 	16286.42 	 -0.004440591 	0.0015475878 	0.035664066 	 0.0010896703 	-0.00041747919 	-0.005120397 	 -20506.217 	6636.182 	-2300.219 	 -0.46093963 	-0.14740382 	0.0028178143 	 -1.9133211 	-1.1736771 	-0.019080129 		-0.06125 -0.0058858525 -0.031416695 1200000 1
-0.06 -404315.15 	-1559553.9 	4878.7544 	 -337024.47 	-2286872.1 	19160.059 	 -0.0044452032 	0.0014737357 	0.035346222 	 0.0011026244 	-0.00039848231 	-0.0052307019 	 -21704.376 	6198.6124 	-2442.2838 	 -0.45021756 	-0.115701 	0.0033637519 	 -1.8943633 	-1.0683806 	-0.022059614 		-0.06 -0.0060528707 -0.032823319 1200000 1
-0.05875 -377213.94 	-1651793.8 	5735.8091 	 -291206.3 	-2364426.6 	21103.985 	 -0.0044491659 	0.0014022034 	0.035084497 	 0.0011168803 	-0.00038225034 	-0.0052414143 	 -22989.954 	5756.9132 	-2572.4107 	 -0.4379389 	-0.085924105 	0.0039683757 	 -1.872199 	-0.97317782 	-0.02426455 		-0.05875 -0.0061806321 -0.034105292 1200000 1
-0.0575 -350564.85 	-1739806.3 	6385.0575 	 -251880.82 	-2426323.9 	22169.069 	 -0.0044531285 	0.0013380017 	0.034831711 	 0.0011236336 	-0.00036494598 	-0.0052949126 	 -24038.235 	5371.9206 	-2708.2575 	 -0.42427451 	-0.058986783 	0.0046668478 	 -1.8494355 	-0.89016904 	-0.025747713 		-0.0575 -0.0062647126 -0.035249678 1200000 1
-0.05625 -323709.14 	-1820087 	6933.6158 	 -216628.67 	-2481793.5 	22997.536 	 -0.0044566305 	0.0012754471 	0.034605687 	 0.0011322149 	-0.00034999828 	-0.0052877593 	 -25088.671 	4969.3274 	-2828.0966 	 -0.4099601 	-0.034054548 	0.0053725992 	 -1.8268666 	-0.81491522 	-0.027039625 		-0.05625 -0.0063214882 -0.036309261 1200000 1
-0.055 -297500.63 	-1894706.1 	7356.4367 	 -185671.79 	-2530354.1 	23304.847 	 -0.004459962 	0.0012160352 	0.034402624 	 0.0011396992 	-0.00033571362 	-0.0052596889 	 -26092.319 	4576.9284 	-2941.5257 	 -0.39483281 	-0.011032311 	0.0061230778 	 -1.8038885 	-0.74697163 	-0.02790479 		-0.055 -0.006351185 -0.03728785 1200000 1
-0.05375 -272578.6 	-1961645.6 	7675.8838 	 -159258.65 	-2574938.5 	23536.862 	 -0.0044707932 	0.0011612116 	0.034241099 	 0.0011369462 	-0.00032003683 	-0.0051719915 	 -27160.33 	4183.084 	-3064.395 	 -0.37884921 	0.01014411 	0.0068938275 	 -1.7801609 	-0.68592754 	-0.028710411 		-0.05375 -0.0063537983 -0.038188378 1200000 1
-0.0525 -248901.88 	-2025583.9 	7917.403 	 -136843.5 	-2608317.1 	23300.852 	 -0.0044681222 	0.0011074044 	0.034076819 	 0.0011491667 	-0.00030899186 	-0.0051496988 	 -27977.897 	3837.1335 	-3154.1079 	 -0.36178203 	0.028854431 	0.0077076077 	 -1.7561835 	-0.63322205 	-0.029154842 		-0.0525 -0.0063240205 -0.039001324 1200000 1
-0.05125 -225189.31 	-2081823.8 	8096.2531 	 -116704.11 	-2638622.9 	22913.268 	 -0.0044738474 	0.0010580228 	0.033935352 	 0.0011500732 	-0.00029617905 	-0.0050844703 	 -28791.857 	3479.5565 	-3251.751 	 -0.34456967 	0.045528852 	0.0085417898 	 -1.7334619 	-0.58665074 	-0.029489172 		-0.05125 -0.0062763494 -0.039757992 1200000 1
-0.05 -202211.79 	-2133109.1 	8240.8412 	 -98929.954 	-2664951.5 	22615.62 	 -0.0044780749 	0.0010103937 	0.033807425 	 0.0011526495 	-0.00028448777 	-0.0050142967 	 -29548.767 	3131.5205 	-3338.4021 	 -0.32690773 	0.06046758 	0.0093956228 	 -1.710984 	-0.54525681 	-0.029922166 		-0.05 -0.0062109502 -0.040465645 1200000 1
-0.04875 -180125.51 	-2178673.8 	8378.252 	 -83409.61 	-2688304 	22071.393 	 -0.0044793486 	0.00096409928 	0.033697137 	 0.0011594299 	-0.00027399506 	-0.0049246716 	 -30290.692 	2789.4572 	-3407.6125 	 -0.3087835 	0.0737159 	0.010249001 	 -1.6886293 	-0.50889651 	-0.030176178 		-0.04875 -0.0061285982 -0.041128252 1200000 1
-0.0475 -159754.31 	-2219872.2 	8478.1842 	 -70534.638 	-2706691.2 	21499.208 	 -0.0044855768 	0.00092199439 	0.033599586 	 0.0011575103 	-0.00026294509 	-0.0048609714 	 -30909.279 	2474.3143 	-3488.0023 	 -0.2899949 	0.084865751 	0.01115052 	 -1.6661624 	-0.47849018 	-0.030444199 		-0.0475 -0.006025319 -0.041737942 1200000 1
-0.04625 -139079.17 	-2255273.2 	8604.2 	 -58773.859 	-2721926.2 	21066.072 	 -0.0044848717 	0.00088054804 	0.033505276 	 0.0011649678 	-0.00025366778 	-0.0047921738 	 -31444.29 	2157.3956 	-3537.3516 	 -0.2712494 	0.09403393 	0.012064971 	 -1.645111 	-0.45300545 	-0.030879689 		-0.04625 -0.0059126673 -0.042316856 1200000 1
-0.045 -118993.53 	-2286101.9 	8779.3544 	 -48329.51 	-2735001 	20455.56 	 -0.0044869932 	0.00084144218 	0.033421249 	 0.0011682179 	-0.00024409819 	-0.0047221549 	 -31926.31 	1847.4591 	-3587.2133 	 -0.25235822 	0.10159576 	0.012973553 	 -1.6246092 	-0.43169651 	-0.031211905 		-0.045 -0.0057910483 -0.04286933 1200000 1
-0.04375 -99480.237 	-2312670.1 	8952.4186 	 -39041.748 	-2746091.2 	20107.212 	 -0.0044912403 	0.00080419642 	0.033345595 	 0.0011683305 	-0.00023459632 	-0.0046550006 	 -32347.117 	1545.306 	-3636.1278 	 -0.23333417 	0.10756406 	0.013930824 	 -1.6046272 	-0.41424035 	-0.031812395 		-0.04375 -0.0056617152 -0.043399134 1200000 1
-0.0425 -81248.182 	-2332988.2 	9226.8554 	 -31110.644 	-2756255 	19667.604 	 -0.0044896344 	0.00076802726 	0.033285957 	 0.001176868 	-0.00022594131 	-0.0045630437 	 -32779.142 	1253.0488 	-3656.5788 	 -0.21384824 	0.11181583 	0.014863026 	 -1.5845091 	-0.40111741 	-0.032399844 		-0.0425 -0.005521413 -0.043906058 1200000 1
-0.04125 -63058.094 	-2351152.5 	9596.5298 	 -23898.162 	-2761414.2 	19233.776 	 -0.0044921518 	0.00073493806 	0.033215874 	 0.00117745 	-0.00021704416 	-0.0045340074 	 -32974.704 	971.08148 	-3688.2847 	 -0.19452784 	0.11402797 	0.015820332 	 -1.5656256 	-0.39264534 	-0.033079645 		-0.04125 -0.0053792023 -0.044398524 1200000 1
-0.04 -44886.242 	-2363837.6 	10040.522 	 -17167.377 	-2766492.2 	19160.306 	 -0.0044914581 	0.00070261119 	0.033156564 	 0.0011830782 	-0.00020848552 	-0.0044816975 	 -33174.347 	687.47614 	-3698.9307 	 -0.17528598 	0.11472207 	0.016805749 	 -1.5474709 	-0.38744944 	-0.034138466 		-0.04 -0.005236994 -0.044886076 1200000 1
-0.03875 -26986.721 	-2372657.2 	10666.765 	 -10908.84 	-2770024.6 	18940.03 	 -0.0044895605 	0.00067177542 	0.033101377 	 0.0011900429 	-0.00019994263 	-0.0044343276 	 -33312.358 	407.39744 	-3699.2555 	 -0.15605436 	0.11393785 	0.017739588 	 -1.5298423 	-0.38570249 	-0.035158545 		-0.03875 -0.0050947982 -0.045369681 1200000 1
-0.0375 -9916.2403 	-2374873.9 	11399.017 	 -5233.0149 	-2775281.5 	19180.359 	 -0.0044977661 	0.0006418305 	0.033068203 	 0.0011855186 	-0.00019064272 	-0.0043422169 	 -33521.387 	135.61527 	-3712.8926 	 -0.13673096 	0.11164847 	0.018687973 	 -1.5124185 	-0.38720837 	-0.036643366 		-0.0375 -0.0049515863 -0.045848673 1200000 1
-0.03625 7146.7107 	-2377198.1 	12372.284 	 303.7215 	-2772936.6 	19510.938 	 -0.004489129 	0.00061514436 	0.033004749 	 0.0011993206 	-0.00018216423 	-0.0043580179 	 -33373.277 	-133.62503 	-3684.6777 	 -0.11740934 	0.10718117 	0.019641105 	 -1.4956447 	-0.39329825 	-0.038356572 		-0.03625 -0.0048133705 -0.046336165 1200000 1
-0.035 24562.021 	-2373098.7 	13645.497 	 5882.9737 	-2772303.3 	19968.729 	 -0.0044907929 	0.00058882333 	0.032962387 	 0.0012014782 	-0.00017292181 	-0.0043288904 	 -33296.637 	-406.53084 	-3670.3683 	 -0.098490629 	0.10127894 	0.020495138 	 -1.4798925 	-0.40255866 	-0.040290563 		-0.035 -0.0046844915 -0.046833861 1200000 1
-0.03375 42000.2 	-2365264.8 	15137.252 	 11537.722 	-2770654.2 	21083.7 	 -0.0044918682 	0.00056364482 	0.032923482 	 0.001204499 	-0.00016346331 	-0.0043046923 	 -33159.093 	-679.22746 	-3646.9585 	 -0.079707822 	0.093856294 	0.021342716 	 -1.4646623 	-0.41479684 	-0.042897466 		-0.03375 -0.0045631612 -0.047344016 1200000 1
-0.0325 59276.19 	-2352093.5 	17008.783 	 17308.233 	-2768909.6 	22227.765 	 -0.0044901851 	0.00053995233 	0.032894206 	 0.0012122687 	-0.00015324418 	-0.0042576089 	 -33029.132 	-948.74084 	-3603.3157 	 -0.0609401 	0.08492036 	0.022062942 	 -1.4497237 	-0.43041678 	-0.045661425 		-0.0325 -0.0044492757 -0.047869235 1200000 1
-0.03125 76196.967 	-2337194.9 	19336.25 	 23298.875 	-2762834.9 	24019.206 	 -0.0044943762 	0.00051805138 	0.032853121 	 0.0012108462 	-0.0001425203 	-0.0042732487 	 -32671.312 	-1220.161 	-3575.4534 	 -0.042308428 	0.073984287 	0.022674161 	 -1.4351358 	-0.45011863 	-0.049142824 		-0.03125 -0.0043478565 -0.048416904 1200000 1
-0.03 94185.229 	-2316445.7 	22211.125 	 30119.111 	-2756774.6 	26768.038 	 -0.0044942029 	0.00049737388 	0.032825268 	 0.0012165665 	-0.00013112804 	-0.004264303 	 -32324.333 	-1499.8725 	-3521.7822 	 -0.024191108 	0.061297835 	0.023124557 	 -1.4217261 	-0.47327533 	-0.053621244 		-0.03 -0.0042654657 -0.048997067 1200000 1
-0.02875 112434.69 	-2291939.1 	25679.419 	 37588.189 	-2749124.7 	29722.301 	 -0.0044979963 	0.00047746248 	0.032803096 	 0.0012176004 	-0.00011910891 	-0.0042585607 	 -31922.943 	-1783.4849 	-3471.566 	 -0.006376289 	0.047081612 	0.023349843 	 -1.4089154 	-0.49992523 	-0.058442171 		-0.02875 -0.0041984987 -0.049604954 1200000 1
-0.0275 130944.83 	-2263515 	29807.153 	 45814.315 	-2740685.5 	34148.585 	 -0.0045070666 	0.00045771058 	0.032788303 	 0.0012121411 	-0.00010664759 	-0.0042519568 	 -31475.401 	-2070.0046 	-3427.6712 	 0.011120575 	0.031326221 	0.023318437 	 -1.3966996 	-0.52951421 	-0.064667696 		-0.0275 -0.0041480728 -0.050243084 1200000 1
-0.02625 149152.73 	-2229670.9 	34845.772 	 54835.253 	-2729870.8 	39477.965 	 -0.004512305 	0.0004414367 	0.032774221 	 0.0012132112 	-9.1422269e-05 	-0.0042407498 	 -30956.175 	-2354.9582 	-3359.4405 	 0.028660125 	0.013482767 	0.022914315 	 -1.384404 	-0.56367703 	-0.071863759 		-0.02625 -0.0041162432 -0.050923703 1200000 1
-0.025 168546.15 	-2192676 	41014.329 	 65570.224 	-2715744.9 	46164.709 	 -0.0045275254 	0.00042407178 	0.032767339 	 0.0012005925 	-7.6782025e-05 	-0.0042561914 	 -30323.238 	-2659.6017 	-3314.8364 	 0.045322982 	-0.0062579961 	0.022022606 	 -1.3735997 	-0.60210127 	-0.080455994 		-0.025 -0.0041144359 -0.051655378 1200000 1
-0.02375 188660.51 	-2150779.6 	48398.727 	 77904.538 	-2700737 	55295.995 	 -0.00454439 	0.00040739121 	0.032773572 	 0.0011870243 	-6.1295185e-05 	-0.0042537936 	 -29681.605 	-2969.8865 	-3262.8135 	 0.061519459 	-0.027644247 	0.020532462 	 -1.3636773 	-0.64383777 	-0.091307524 		-0.02375 -0.0041368572 -0.052434702 1200000 1
-0.0225 209333.67 	-2104682.2 	56919.818 	 91950.233 	-2682853.2 	65453.998 	 -0.0045651186 	0.0003913063 	0.032788614 	 0.0011690788 	-4.5110044e-05 	-0.004248161 	 -28992.196 	-3288.7737 	-3212.0618 	 0.077249363 	-0.050780121 	0.018519222 	 -1.3545721 	-0.68988213 	-0.10323305 		-0.0225 -0.0041844232 -0.053263947 1200000 1
-0.02125 229649 	-2052476.2 	67188.412 	 107455.62 	-2665067.9 	79323.078 	 -0.0046011557 	0.00037333751 	0.03282054 	 0.0011305103 	-2.7584355e-05 	-0.0042010319 	 -28327.401 	-3597.6949 	-3188.6774 	 0.092708392 	-0.075521306 	0.015467485 	 -1.3457116 	-0.7393472 	-0.11841887 		-0.02125 -0.0042568923 -0.05414433 1200000 1
-0.02 251258.53 	-1998489.2 	79632.699 	 126204.55 	-2639401.5 	96815.047 	 -0.0046349577 	0.00035813475 	0.032844389 	 0.0010937746 	-1.0316446e-05 	-0.0042218132 	 -27419.649 	-3950.5505 	-3156.7266 	 0.10729469 	-0.10272625 	0.011322077 	 -1.3383704 	-0.7945829 	-0.13697751 		-0.02 -0.0043723993 -0.055113198 1200000 1
-0.01875 273708.67 	-1938620.6 	93956.388 	 148065.96 	-2612934.1 	117350.87 	 -0.0046864761 	0.0003376359 	0.03290008 	 0.0010317024 	3.7595949e-06 	-0.0041887979 	 -26593.496 	-4305.0139 	-3160.2916 	 0.12098821 	-0.13137023 	0.0060500899 	 -1.3327841 	-0.85384335 	-0.1582327 		-0.01875 -0.0045203385 -0.056143915 1200000 1
-0.0175 296660.08 	-1875131.6 	110761.74 	 173064.26 	-2584846.9 	143600.67 	 -0.004749524 	0.00031419588 	0.032971002 	 0.00095113727 	1.4849479e-05 	-0.0041405898 	 -25740.361 	-4673.0479 	-3186.8306 	 0.13398012 	-0.16127834 	-0.00082590995 	 -1.3285865 	-0.91601348 	-0.18440796 		-0.0175 -0.0047012627 -0.057243115 1200000 1
-0.01625 319497.45 	-1805363.2 	129711.07 	 201102.27 	-2554447.3 	174165.53 	 -0.0048248303 	0.00028947635 	0.033061075 	 0.00085116628 	2.5666925e-05 	-0.0040379243 	 -24920.624 	-5035.7701 	-3230.8187 	 0.14653221 	-0.1928754 	-0.0091263893 	 -1.3252387 	-0.98287694 	-0.21423476 		-0.01625 -0.0049154236 -0.058416029 1200000 1
-0.015 342528.66 	-1735110.3 	151981.48 	 233889.07 	-2517251.6 	212367.58 	 -0.0049214851 	0.00025734793 	0.033149474 	 0.00070992232 	2.6073239e-05 	-0.0039867989 	 -23900.568 	-5456.9526 	-3337.5971 	 0.15795592 	-0.22598099 	-0.019614988 	 -1.3239208 	-1.0543262 	-0.25057308 		-0.015 -0.0051790835 -0.05969357 1200000 1
-0.01375 366501.56 	-1659844.4 	177538.28 	 272899.65 	-2481040.1 	259313.46 	 -0.0050374945 	0.00021651583 	0.033278903 	 0.00053276668 	1.3538279e-05 	-0.0038569292 	 -22990.331 	-5892.7537 	-3484.0461 	 0.16818927 	-0.25964988 	-0.032656459 	 -1.3258932 	-1.1276911 	-0.29412294 		-0.01375 -0.0054855514 -0.061061922 1200000 1
-0.0125 390324.31 	-1581638.4 	205121.73 	 317283.3 	-2442040.3 	311806.15 	 -0.0051758618 	0.00016562158 	0.033428784 	 0.00030978057 	-1.438154e-05 	-0.0036911203 	 -22077.915 	-6358.0581 	-3688.5572 	 0.17749683 	-0.29410603 	-0.047389538 	 -1.3303695 	-1.2043489 	-0.34211625 		-0.0125 -0.0058300981 -0.062513563 1200000 1
-0.01125 413411.7 	-1501366.5 	235870.13 	 367064.15 	-2404883.4 	374767.15 	 -0.0053399257 	0.00010228427 	0.03360034 	 3.0067067e-05 	-6.0724791e-05 	-0.0034722994 	 -21196.492 	-6853.7558 	-3967.0917 	 0.1859652 	-0.32812836 	-0.065016639 	 -1.3372292 	-1.280711 	-0.398497 		-0.01125 -0.0062113605 -0.064047038 1200000 1
-0.01 435086.8 	-1419395.8 	269010.82 	 423488.2 	-2364151.9 	447718.97 	 -0.0055287413 	2.9626654e-05 	0.033771249 	 -0.00031376876 	-0.00013018122 	-0.0032355733 	 -20229.689 	-7415.7532 	-4321.002 	 0.19367059 	-0.36240124 	-0.085130283 	 -1.3464759 	-1.3597967 	-0.46270188 		-0.01 -0.0066430596 -0.065703375 1200000 1
-0.00875 456100.56 	-1336213.6 	303413.55 	 490650.83 	-2325575.1 	528568.83 	 -0.0057550342 	-6.9462075e-05 	0.033986198 	 -0.00075341366 	-0.00024819503 	-0.0029114415 	 -19344.969 	-8056.9242 	-4800.0662 	 0.19978656 	-0.39554755 	-0.10753824 	 -1.3619768 	-1.4380655 	-0.53267051 		-0.00875 -0.0071192667 -0.06745545 1200000 1
-0.0075 475305.97 	-1252912.5 	339199.37 	 566670.22 	-2291079.7 	619549.01 	 -0.0060083951 	-0.00018599154 	0.034219706 	 -0.001275362 	-0.00040771234 	-0.002518196 	 -18484.349 	-8783.768 	-5386.4593 	 0.20505836 	-0.42690472 	-0.13264043 	 -1.3819984 	-1.5132733 	-0.61015747 		-0.0075 -0.007632944 -0.069297647 1200000 1
-0.00625 492141.68 	-1168232.6 	373834.56 	 652182.45 	-2256182.5 	714648.33 	 -0.0062890895 	-0.00032095664 	0.03446816 	 -0.0018875758 	-0.00061447123 	-0.0020533308 	 -17621.32 	-9604.4082 	-6086.6601 	 0.20954827 	-0.45756479 	-0.15876074 	 -1.4069613 	-1.5889222 	-0.68997734 		-0.00625 -0.0081827649 -0.071228047 1200000 1
-0.005 504191.24 	-1082993 	407302.91 	 746142.56 	-2225154 	820387.14 	 -0.0065996612 	-0.00047723263 	0.034713278 	 -0.0026272129 	-0.00087857374 	-0.00150355 	 -16758.737 	-10553.753 	-6963.5209 	 0.21373958 	-0.48571627 	-0.18709806 	 -1.4359559 	-1.6616169 	-0.7770319 		-0.005 -0.0087645317 -0.073246379 1200000 1
-0.00375 512335.06 	-997288.77 	437437.57 	 858966.41 	-2191660.6 	928272.24 	 -0.0069927339 	-0.00069881346 	0.035007711 	 -0.0036649229 	-0.0013168679 	-0.0007949618 	 -15862.454 	-11855.857 	-8262.9044 	 0.21700366 	-0.51305709 	-0.21633102 	 -1.4765496 	-1.7350396 	-0.86418207 		-0.00375 -0.0093962917 -0.075393677 1200000 1
-0.0025 514820.97 	-910072.41 	464267.48 	 988298.22 	-2161023.5 	1039046.2 	 -0.0074077095 	-0.00095834974 	0.035333448 	 -0.0048421205 	-0.0018611956 	6.1872601e-05 	 -14960.638 	-13373.185 	-9786.5522 	 0.2199298 	-0.53891274 	-0.24718072 	 -1.5277885 	-1.8060876 	-0.95185633 		-0.0025 -0.010056104 -0.077613334 1200000 1
-0.00125 511623.28 	-798944.3 	465108.06 	 1136268.8 	-2133302.1 	1140867.2 	 -0.007675091 	-0.0011414487 	0.035556702 	 -0.00564587 	-0.0022592424 	0.00073735207 	 -13254.086 	-15019.184 	-11144.038 	 0.22282393 	-0.58341385 	-0.26032385 	 -1.5918393 	-1.7319188 	-1.1804259 		-0.00125 -0.010748813 -0.079929931 1200000 1
5.2475385e-17 273025.31 	-458775.9 	218614.55 	 674099.39 	-1330713.4 	471064.31 	 -0.0078920064 	-0.0012505455 	0.035705267 	 -0.006444373 	-0.0026016537 	0.0016105263 	 -8482.3513 	-7690.6603 	-7095.0521 	 0.22645632 	0.089719998 	0.034896711 	 -1.6198711 	0.46233698 	0.30886894 		5.2475385e-17 -0.011389587 -0.081921707 650000.03 1
0.00125 40250.217 	-165048.29 	-53980.995 	 99790.91 	-571813.43 	-272296.89 	 -0.0076388526 	-0.0012115377 	0.035686338 	 -0.0059552041 	-0.0024866438 	0.0019770635 	 -3885.8947 	198.07672 	-2483.6261 	 0.22744319 	0.50697646 	0.62680683 	 -1.5147597 	1.9805264 	2.6614686 		0.00125 -0.011175882 -0.08065802 100000 1
0.0025 39006.022 	-157282.32 	-57599.148 	 93346.986 	-595837.81 	-258270.78 	 -0.0072904594 	-0.0010924918 	0.03552816 	 -0.0051866156 	-0.0022467952 	0.0020615379 	 -3735.6097 	94.150114 	-2240.5598 	 0.22744005 	0.47704272 	0.64491949 	 -1.3851928 	2.1826157 	2.5294517 		0.0025 -0.010583104 -0.077982568 100000 1
0.00375 37671.119 	-155160.99 	-55731.637 	 87933.896 	-614366.93 	-246795.73 	 -0.0068912778 	-0.00097884355 	0.035403647 	 -0.0043124466 	-0.0020068265 	0.0021555932 	 -3688.322 	-33.44217 	-1962.2864 	 0.22806781 	0.49840164 	0.61062874 	 -1.2658642 	2.3333438 	2.4219563 		0.00375 -0.0099708839 -0.075158616 100000 1
0.005 36286.178 	-153469.62 	-53458.409 	 83170.163 	-632535.76 	-233777.6 	 -0.0065566282 	-0.00088218978 	0.035279724 	 -0.0035527283 	-0.0017987644 	0.0022019173 	 -3642.6904 	-137.42188 	-1714.9352 	 0.22915104 	0.52006455 	0.57472728 	 -1.1530618 	2.4835814 	2.2980606 		0.005 -0.0093284644 -0.072125006 100000 1
0.00625 34889.82 	-152196.58 	-50484.3 	 79105.262 	-649350.56 	-218307.84 	 -0.0063090399 	-0.00080628302 	0.035158955 	 -0.0029788458 	-0.0016260455 	0.002194337 	 -3590.4625 	-213.17291 	-1521.7051 	 0.23045378 	0.54089499 	0.53439115 	 -1.0480056 	2.6242285 	2.1486149 		0.00625 -0.0086651707 -0.068910967 100000 1
0.0075 33377.185 	-150857.86 	-46897.547 	 75137.709 	-664299.53 	-201014.84 	 -0.0060990508 	-0.00073306403 	0.035045365 	 -0.0024841825 	-0.0014547476 	0.0021761165 	 -3533.9539 	-270.37838 	-1348.2967 	 0.23267065 	0.55837482 	0.4900499 	 -0.94341249 	2.7485482 	1.9801716 		0.0075 -0.0079722243 -0.065524956 100000 1
0.00875 31858.248 	-149278.59 	-42916.677 	 71317.583 	-676827.87 	-182337.18 	 -0.0059181404 	-0.00066943727 	0.0349367 	 -0.0020565279 	-0.0012978612 	0.0021403334 	 -3468.6833 	-314.78868 	-1191.7644 	 0.23516283 	0.57110286 	0.44342889 	 -0.84065846 	2.8507501 	1.7972395 		0.00875 -0.0072636018 -0.062018024 100000 1
0.01 30350.854 	-147317.27 	-38696.514 	 67634.3 	-686250.82 	-163158.06 	 -0.0057630925 	-0.00061516556 	0.034834604 	 -0.0016911513 	-0.0011555965 	0.0020911698 	 -3393.5571 	-346.86683 	-1051.2545 	 0.23786425 	0.57795811 	0.39591684 	 -0.73972686 	2.9237697 	1.6087076 		0.01 -0.0065446163 -0.058415551 100000 1
0.01125 28932.996 	-144874.06 	-34353.769 	 64224.417 	-692301.12 	-143708.23 	 -0.0056365333 	-0.00057125474 	0.034738284 	 -0.0013845149 	-0.001029894 	0.0020307032 	 -3307.6173 	-368.26335 	-926.93091 	 0.24032993 	0.57818189 	0.34863745 	 -0.6417732 	2.9652558 	1.416886 		0.01125 -0.0058192177 -0.054704698 100000 1
0.0125 27501.562 	-141944.23 	-30087.309 	 60930.343 	-694858.16 	-124996.44 	 -0.0055287705 	-0.00053414015 	0.034650336 	 -0.001136697 	-0.00091586489 	0.0019607869 	 -3209.6879 	-378.86797 	-821.10423 	 0.24322079 	0.57143385 	0.3032944 	 -0.54540192 	2.9737683 	1.2319634 		0.0125 -0.0051044744 -0.051006541 100000 1
0.01375 26104.174 	-138556.48 	-26089.752 	 57773.298 	-694542.75 	-107824.64 	 -0.0054374727 	-0.00050301149 	0.034569596 	 -0.00092461998 	-0.00081254961 	0.0018898946 	 -3105.658 	-382.03233 	-727.0307 	 0.24620741 	0.5591722 	0.26142513 	 -0.45043038 	2.954876 	1.0621094 		0.01375 -0.0043998662 -0.047313595 100000 1
0.015 24760.111 	-134884.53 	-22313.165 	 54809.445 	-692270.15 	-91665.833 	 -0.0053598732 	-0.00047785169 	0.034495278 	 -0.00074526873 	-0.00071986317 	0.0018167147 	 -2997.6384 	-380.25665 	-644.68441 	 0.24913625 	0.54307343 	0.22239157 	 -0.35755188 	2.9177585 	0.90210168 		0.015 -0.0037109516 -0.043649478 100000 1
0.01625 23528.348 	-130851.13 	-18953.752 	 52130.521 	-687699.45 	-77515.335 	 -0.0052956706 	-0.00046069988 	0.034433821 	 -0.00060179205 	-0.00064084826 	0.0017469659 	 -2887.8682 	-373.96305 	-575.14176 	 0.25167499 	0.52273471 	0.1880885 	 -0.26824246 	2.858502 	0.76190237 		0.01625 -0.0030437776 -0.040032206 100000 1
0.0175 22354.185 	-126739.51 	-16027.659 	 49743.368 	-681434.63 	-65365.091 	 -0.0052409021 	-0.00044673609 	0.034372049 	 -0.00048266644 	-0.00056905505 	0.0016677137 	 -2772.025 	-365.62973 	-515.55276 	 0.25409705 	0.49982206 	0.15846949 	 -0.18159357 	2.7846857 	0.64149579 		0.0175 -0.0024112222 -0.036522487 100000 1
0.01875 21221.385 	-122540.13 	-13432.472 	 47509.687 	-674452.39 	-54626.994 	 -0.0051943807 	-0.00043795649 	0.034321978 	 -0.00038615503 	-0.00050676824 	0.0015954847 	 -2661.405 	-354.51503 	-465.29558 	 0.25656695 	0.47572936 	0.13243402 	 -0.096746946 	2.7042181 	0.5350509 		0.01875 -0.0018057422 -0.033114411 100000 1
0.02 20153.197 	-118290.2 	-11219.927 	 45490.469 	-666547.73 	-45676.546 	 -0.0051541859 	-0.00043285544 	0.034278271 	 -0.00030558898 	-0.00045135593 	0.0015248934 	 -2552.1379 	-342.26327 	-421.58867 	 0.25885893 	0.45050537 	0.11038156 	 -0.014151127 	2.6154932 	0.4463636 		0.02 -0.0012281513 -0.029801879 100000 1
0.02125 19167.532 	-114035.08 	-9290.651 	 43699.326 	-658305.09 	-37856.167 	 -0.0051230611 	-0.00043154863 	0.034242163 	 -0.00023690693 	-0.00040186223 	0.0014607081 	 -2447.6719 	-329.33827 	-383.25272 	 0.26085249 	0.42510549 	0.091286423 	 0.06625559 	2.5241539 	0.36887329 		0.02125 -0.00067633682 -0.026566611 100000 1
0.0225 18274.721 	-109992.59 	-7694.0075 	 42204.479 	-649774.94 	-31429.935 	 -0.0050913796 	-0.00043358073 	0.034210057 	 -0.00018580185 	-0.00035986972 	0.0013887457 	 -2342.9451 	-317.721 	-352.13009 	 0.26246502 	0.40024184 	0.075558051 	 0.14325776 	2.4315669 	0.30522794 		0.0225 -0.0001672908 -0.023491063 100000 1
0.02375 17406.623 	-105968.92 	-6392.1992 	 40834.684 	-640954.05 	-26355.891 	 -0.0050671067 	-0.00043838519 	0.03418521 	 -0.00014107478 	-0.00032206068 	0.0013250297 	 -2244.839 	-304.94372 	-324.4357 	 0.2641913 	0.3755478 	0.062830147 	 0.21945607 	2.3367506 	0.25503603 		0.02375 0.00031428856 -0.020527005 100000 1
0.025 16594.787 	-102087.29 	-5245.2084 	 39639.251 	-632308.83 	-21804.697 	 -0.0050453253 	-0.00044575525 	0.034166156 	 -0.00010421757 	-0.0002885401 	0.0012633925 	 -2151.113 	-292.6675 	-300.3175 	 0.26574763 	0.35184287 	0.05165813 	 0.2939172 	2.2444282 	0.21002077 		0.025 0.00076835277 -0.017670174 100000 1
0.02625 15844.875 	-98292.367 	-4312.3303 	 38617.651 	-623549.87 	-18227.118 	 -0.0050257203 	-0.00045570239 	0.034154683 	 -7.5156336e-05 	-0.00025923257 	0.0012056139 	 -2061.6692 	-280.701 	-279.44239 	 0.26710013 	0.32871934 	0.042621856 	 0.36656294 	2.1514816 	0.17469594 		0.02625 0.0011952458 -0.014919925 100000 1
0.0275 15178.092 	-94664.268 	-3543.0499 	 37811.347 	-614773.86 	-15267.853 	 -0.0050095305 	-0.00046770467 	0.034144508 	 -4.8610439e-05 	-0.00023250158 	0.0011457891 	 -1973.7673 	-270.14963 	-260.30202 	 0.26806981 	0.30661228 	0.035191634 	 0.437392 	2.0597644 	0.14551472 		0.0275 0.0015919134 -0.012274933 100000 1
0.02875 14536.782 	-91196.406 	-2898.5865 	 37140.88 	-606246.92 	-12759.045 	 -0.0049934279 	-0.00048224604 	0.034143272 	 -2.9765836e-05 	-0.00020998957 	0.0010904706 	 -1892.3679 	-259.69313 	-244.48073 	 0.26912816 	0.2857776 	0.028996257 	 0.50696989 	1.9710075 	0.12079833 		0.02875 0.0019581479 -0.009777626 100000 1
0.03 13938.699 	-87815.297 	-2383.3867 	 36610.131 	-597605.33 	-10862.966 	 -0.0049797443 	-0.00049856024 	0.034145985 	 -1.2661129e-05 	-0.00018934048 	0.0010373536 	 -1813.9397 	-249.7064 	-229.77616 	 0.2700674 	0.26558589 	0.024069628 	 0.57549334 	1.881827 	0.10218454 		0.03 0.0023019108 -0.0073770156 100000 1
0.03125 13383.488 	-84554.287 	-1929.6854 	 36218.185 	-589087.34 	-9121.1042 	 -0.0049679022 	-0.00051666944 	0.034152489 	 2.68402e-06 	-0.00017048583 	0.00098586808 	 -1738.7195 	-240.3902 	-216.21489 	 0.27087908 	0.24636227 	0.019734497 	 0.64297199 	1.7946039 	0.085090422 		0.03125 0.0026237523 -0.0050729253 100000 1
0.0325 12897.183 	-81391.022 	-1571.6664 	 35983.174 	-580597.56 	-7799.8249 	 -0.0049562324 	-0.0005369746 	0.034168002 	 1.2897765e-05 	-0.00015454026 	0.00093846744 	 -1667.4345 	-231.84168 	-204.51567 	 0.27139969 	0.22803882 	0.016324029 	 0.70889655 	1.7079589 	0.072179145 		0.0325 0.0029208749 -0.002872379 100000 1
0.03375 12442.164 	-78388.329 	-1290.9724 	 35906.977 	-571979.66 	-6799.5869 	 -0.0049453718 	-0.00055888274 	0.034182651 	 2.4064588e-05 	-0.00013951232 	0.00088705349 	 -1596.9202 	-224.31709 	-193.26721 	 0.27187829 	0.21064022 	0.013658803 	 0.77397564 	1.6215037 	0.062457152 		0.03375 0.0031922318 -0.000802265 100000 1
0.035 12018.178 	-75465.648 	-1041.7743 	 35959.92 	-563473.19 	-5856.8455 	 -0.0049349079 	-0.0005827387 	0.03420527 	 3.2022872e-05 	-0.00012642568 	0.00084072147 	 -1530.9918 	-217.04196 	-183.32559 	 0.27231832 	0.19410546 	0.011291222 	 0.83808484 	1.536358 	0.053292834 		0.035 0.0034440434 0.001162036 100000 1
0.03625 11629.938 	-72619.749 	-847.87732 	 36144.342 	-554858.6 	-5192.3077 	 -0.0049246536 	-0.00060819562 	0.034232431 	 3.8566841e-05 	-0.00011459631 	0.00079575934 	 -1467.2197 	-210.32098 	-174.09975 	 0.27265152 	0.178188 	0.0094564107 	 0.90127803 	1.4506748 	0.046896314 		0.03625 0.0036773841 0.0030289728 100000 1
0.0375 11285.407 	-69803.78 	-682.26525 	 36449.191 	-546178.8 	-4603.4028 	 -0.0049192217 	-0.00063594813 	0.034265383 	 4.6347123e-05 	-0.00010326704 	0.00075684414 	 -1407.0631 	-203.86065 	-164.8361 	 0.27282346 	0.16290121 	0.0078854711 	 0.96390386 	1.364777 	0.041243753 		0.0375 0.0038937404 0.0048141385 100000 1
0.03875 10982.662 	-67186.015 	-548.83695 	 36930.849 	-537361.48 	-4113.1204 	 -0.0049063165 	-0.00066479575 	0.034299825 	 4.9810654e-05 	-9.4016803e-05 	0.00070854253 	 -1345.3547 	-199.10256 	-157.11366 	 0.27282642 	0.14856173 	0.0066125585 	 1.025124 	1.2787512 	0.036560556 		0.03875 0.0040849228 0.0064510592 100000 1
0.04 10700.981 	-64573.753 	-447.66169 	 37561.902 	-528363.23 	-3797.3987 	 -0.0048981079 	-0.00069609694 	0.034340543 	 5.4821133e-05 	-8.4952956e-05 	0.00066776857 	 -1288.016 	-194.18799 	-149.3041 	 0.27283978 	0.13468445 	0.0056525094 	 1.0857203 	1.1912564 	0.033611532 		0.04 0.0042608316 0.007985526 100000 1
0.04125 10448.522 	-62021.59 	-355.82726 	 38333.298 	-519240.67 	-3471.6509 	 -0.0048897277 	-0.00072915469 	0.034385816 	 5.8974124e-05 	-7.6671876e-05 	0.00062820185 	 -1232.3571 	-189.79884 	-141.94551 	 0.27275474 	0.12136058 	0.0047747087 	 1.1455015 	1.1030308 	0.030552013 		0.04125 0.0044213089 0.0094201355 100000 1
0.0425 10228.078 	-59501.166 	-285.09102 	 39232.445 	-509957.17 	-3258.679 	 -0.004881163 	-0.00076403882 	0.03443889 	 6.1187384e-05 	-6.9546601e-05 	0.00059246166 	 -1179.1384 	-185.70254 	-135.19913 	 0.27255328 	0.10850841 	0.0040973394 	 1.2045311 	1.0133716 	0.028610405 		0.0425 0.0045666792 0.010756819 100000 1
0.04375 10043.97 	-57074.487 	-230.07797 	 40287.359 	-500259.01 	-3093.7364 	 -0.0048726552 	-0.00080112138 	0.034490799 	 6.5493559e-05 	-6.2217167e-05 	0.00055127741 	 -1124.4688 	-182.77723 	-128.20882 	 0.27216376 	0.09616826 	0.0035641733 	 1.2629587 	0.92101231 	0.027138938 		0.04375 0.0046935555 0.011969603 100000 1
0.045 9879.6262 	-54675.226 	-181.72613 	 41558.471 	-490368.53 	-2933.9128 	 -0.0048630421 	-0.00084044472 	0.034552463 	 6.7171747e-05 	-5.6159245e-05 	0.00051588646 	 -1073.4981 	-179.94807 	-122.07168 	 0.27176191 	0.0843273 	0.0030942612 	 1.3200533 	0.82679944 	0.025707798 		0.045 0.0048048698 0.013048048 100000 1
0.04625 9738.8818 	-52303.711 	-145.8187 	 42995.683 	-480140.06 	-2844.6586 	 -0.0048541457 	-0.00088192904 	0.034618013 	 6.9340196e-05 	-5.0257647e-05 	0.00048182285 	 -1023.5369 	-177.52893 	-115.96906 	 0.27125878 	0.072804768 	0.0027439361 	 1.3763299 	0.72980946 	0.024974783 		0.04625 0.004903084 0.014018969 100000 1
0.0475 9620.8493 	-49954.881 	-114.36194 	 44604.139 	-469564.08 	-2754.7078 	 -0.0048463517 	-0.00092581052 	0.034687482 	 7.214747e-05 	-4.4397313e-05 	0.00044943974 	 -974.61769 	-175.48903 	-109.86721 	 0.27065053 	0.061596865 	0.0024347095 	 1.4317979 	0.62996028 	0.024227578 		0.0475 0.0049884848 0.014880354 100000 1
0.04875 9531.3105 	-47634.076 	-89.928258 	 46338.758 	-458577.66 	-2694.445 	 -0.0048361334 	-0.00097177704 	0.034765381 	 7.2623562e-05 	-3.9743501e-05 	0.00041804716 	 -926.25646 	-173.92451 	-104.30916 	 0.26987121 	0.050734787 	0.002191859 	 1.4868291 	0.52637327 	0.023769194 		0.04875 0.0050586921 0.015616173 100000 1
0.05 9461.1755 	-45347.241 	-72.080585 	 48378.523 	-446999.18 	-2654.1152 	 -0.004827063 	-0.0010210961 	0.034845239 	 7.5028114e-05 	-3.4536611e-05 	0.00038711781 	 -878.64446 	-172.96973 	-98.582324 	 0.26899692 	0.040167097 	0.002015115 	 1.5401721 	0.41794398 	0.023501851 		0.05 0.0051139901 0.01619245 100000 1
0.05125 9408.4314 	-43064.569 	-55.824922 	 50649.463 	-434993.7 	-2606.1024 	 -0.0048171197 	-0.0010728814 	0.034932816 	 7.6148489e-05 	-2.999326e-05 	0.00036006269 	 -832.66684 	-172.20857 	-93.221586 	 0.26802163 	0.029837047 	0.0018561543 	 1.5922065 	0.30550375 	0.023151142 		0.05125 0.0051574842 0.016640326 100000 1
0.0525 9372.531 	-40792.691 	-42.862215 	 53148.582 	-422488.21 	-2564.822 	 -0.0048063528 	-0.0011271641 	0.035026264 	 7.6736603e-05 	-2.5832915e-05 	0.00033508198 	 -787.46569 	-171.78981 	-88.052913 	 0.26692563 	0.019706004 	0.0017319735 	 1.6429884 	0.18853341 	0.022861794 		0.0525 0.0051893781 0.016958708 100000 1
0.05375 9352.548 	-38496.369 	-32.529198 	 55813.764 	-409328.78 	-2530.9209 	 -0.0047994978 	-0.0011854075 	0.03512594 	 7.8894136e-05 	-2.1187531e-05 	0.00031480928 	 -743.17068 	-171.32152 	-82.573133 	 0.26568703 	0.0097113593 	0.0016372039 	 1.6933898 	0.0656293 	0.022640814 		0.05375 0.0052089799 0.017142732 100000 1
0.055 9350.0621 	-36262.007 	-23.7065 	 58859.07 	-395329.19 	-2464.7581 	 -0.0047852036 	-0.0012460771 	0.035230546 	 7.85768e-05 	-1.7617479e-05 	0.00029048008 	 -697.82247 	-172.07344 	-77.757237 	 0.26425372 	-5.0868637e-05 	0.0015615951 	 1.741356 	-0.064701064 	0.022089732 		0.055 0.0052131825 0.017126466 100000 1
0.05625 9357.5519 	-33996.153 	-15.792773 	 62281.017 	-380629.22 	-2383.7317 	 -0.0047744563 	-0.0013111103 	0.035342552 	 7.9460064e-05 	-1.3585479e-05 	0.00027441587 	 -654.7189 	-172.68802 	-72.792099 	 0.26270718 	-0.009701868 	0.0015028266 	 1.7870234 	-0.20161426 	0.021384826 		0.05625 0.005206601 0.01695224 100000 1
0.0575 9373.6877 	-31727.143 	-8.7356241 	 66041.379 	-365169.44 	-2282.9392 	 -0.0047632764 	-0.0013796279 	0.035460767 	 8.0097983e-05 	-9.6630592e-06 	0.00026190555 	 -612.18397 	-173.59438 	-67.936971 	 0.26101338 	-0.019253508 	0.0014591769 	 1.8306264 	-0.34556555 	0.020477522 		0.0575 0.0051891481 0.016619222 100000 1
0.05875 9394.115 	-29434.966 	-1.2393823 	 70080.834 	-348926.91 	-2149.2676 	 -0.0047516193 	-0.0014515521 	0.035590184 	 7.9388167e-05 	-6.5391425e-06 	0.00025590894 	 -570.65114 	-174.36182 	-63.297813 	 0.25917902 	-0.028722271 	0.0014191788 	 1.8728124 	-0.49720245 	0.01923684 		0.05875 0.0051607521 0.016125196 100000 1
0.06 9421.0327 	-27175.771 	5.6111113 	 74609.52 	-331290.46 	-1945.7188 	 -0.0047384297 	-0.0015287738 	0.035719504 	 8.0123949e-05 	-2.4317138e-06 	0.00024712211 	 -527.40673 	-176.30812 	-58.530396 	 0.25709469 	-0.038123645 	0.0013940224 	 1.9119096 	-0.66108171 	0.017292069 		0.06 0.0051174149 0.015388474 100000 1
0.06125 9445.5609 	-24889.539 	13.253609 	 79815.239 	-312680.09 	-1684.3257 	 -0.0047243053 	-0.001610428 	0.035862272 	 7.911256e-05 	7.4749316e-07 	0.00025074927 	 -486.64586 	-178.18227 	-54.133872 	 0.25486649 	-0.047434355 	0.001373481 	 1.9460483 	-0.83467245 	0.014763989 		0.06125 0.0050632574 0.014441063 100000 1
0.0625 9464.2537 	-22596.819 	22.162849 	 85593.931 	-292949.96 	-1335.9075 	 -0.0047101945 	-0.0016968198 	0.036011923 	 7.8037834e-05 	4.0138994e-06 	0.00026110466 	 -446.29321 	-180.38191 	-49.785674 	 0.25247463 	-0.056703007 	0.0013500157 	 1.9760771 	-1.0188056 	0.011361898 		0.0625 0.0049985807 0.013290936 100000 1
0.06375 9471.2345 	-20289.89 	31.38385 	 91969.02 	-271978.31 	-904.01354 	 -0.0046976434 	-0.0017888562 	0.036168895 	 7.7071769e-05 	7.646545e-06 	0.00027993958 	 -406.26818 	-182.75818 	-45.429169 	 0.24992284 	-0.065951416 	0.0013332782 	 2.0018573 	-1.2146797 	0.0071215388 		0.06375 0.00492324 0.01192761 100000 1
0.065 9459.9122 	-17995.463 	42.020243 	 99023.438 	-249223.18 	-322.26468 	 -0.0046800476 	-0.0018854597 	0.03633622 	 7.4228112e-05 	1.0172187e-05 	0.00030319068 	 -365.1842 	-185.76431 	-41.323604 	 0.2471593 	-0.075174982 	0.0013119409 	 2.0228654 	-1.4275831 	0.0013786826 		0.065 0.0048343858 0.010282209 100000 1
0.06625 9416.7924 	-15693.679 	54.458196 	 107473.61 	-224780.24 	447.80874 	 -0.0046648673 	-0.001990345 	0.03651208 	 7.1503784e-05 	1.3367045e-05 	0.00034479553 	 -325.49485 	-189.44719 	-37.26503 	 0.24424163 	-0.084351469 	0.0012835836 	 2.0322799 	-1.6565207 	-0.0062514539 		0.06625 0.0047336823 0.0083332064 100000 1
0.0675 9334.4001 	-13395.679 	67.646587 	 117118.26 	-198730.47 	1399.0316 	 -0.0046480316 	-0.002100919 	0.036698417 	 6.7231937e-05 	1.5867361e-05 	0.00040074955 	 -285.688 	-193.88284 	-33.367454 	 0.24121671 	-0.093516708 	0.0012521725 	 2.0317618 	-1.9010039 	-0.015695994 		0.0675 0.0046226567 0.0061158564 100000 1
0.06875 9202.6421 	-11106.228 	82.025527 	 128139.82 	-170982.3 	2571.6203 	 -0.0046296409 	-0.0022174446 	0.036895082 	 6.1466595e-05 	1.7708436e-05 	0.00047258765 	 -245.34183 	-199.33301 	-29.57445 	 0.23811379 	-0.10268727 	0.001209706 	 2.019537 	-2.1618835 	-0.027356894 		0.06875 0.0045012875 0.0036164242 100000 1
0.07 8996.3246 	-8828.3236 	96.534117 	 140708.65 	-140710.22 	4060.1284 	 -0.0046141966 	-0.0023433479 	0.037101447 	 5.4624501e-05 	1.987193e-05 	0.0005623492 	 -202.81995 	-205.73044 	-25.63106 	 0.23497556 	-0.11188991 	0.0011567237 	 1.9941747 	-2.4470137 	-0.042179409 		0.07 0.0043674144 0.00076203327 100000 1
0.07125 8680.9455 	-6589.1296 	110.33709 	 156397.32 	-108058.24 	5935.9546 	 -0.0045913193 	-0.0024830302 	0.037345948 	 4.3523253e-05 	1.9534168e-05 	0.00069726345 	 -159.16053 	-216.67108 	-21.924369 	 0.23195317 	-0.121173 	0.0010919767 	 1.9405408 	-2.7550284 	-0.060878133 		0.07125 0.004220414 -0.0025260215 100000 1
0.0725 8222.8956 	-4369.1356 	124.46069 	 175436.36 	-73760.202 	8311.5265 	 -0.0045710035 	-0.0026336454 	0.037609355 	 3.0206857e-05 	1.835198e-05 	0.00087073151 	 -112.5948 	-231.76178 	-17.994149 	 0.22924777 	-0.13069512 	0.0009858779 	 1.8559851 	-3.0788235 	-0.084576324 		0.0725 0.004062571 -0.0061852457 100000 1
0.07375 7616.2835 	-2196.7691 	102.68138 	 198310.77 	-38463.198 	11032.048 	 -0.0045520599 	-0.0027745435 	0.037828202 	 1.7113203e-05 	1.7141031e-05 	0.0010269037 	 -60.898704 	-246.2572 	-13.515298 	 0.22696372 	-0.14037642 	0.0011904292 	 1.7355705 	-3.4117352 	-0.11172563 		0.07375 0.0038931843 -0.01024088 100000 1
0.075 6724.1804 	-353.78553 	138.43119 	 219304.51 	-11739.949 	13485.291 	 -0.0045389207 	-0.0028817379 	0.037977651 	 4.2505988e-06 	1.4829975e-05 	0.0011536981 	 -13.386043 	-254.56299 	-8.8507626 	 0.22568922 	-0.14755665 	0.00071125257 	 1.6369823 	-3.6584406 	-0.13620351 		0.075 0.0037115447 -0.014718397 100000 1
