# x y z jRe_x jRe_y jRe_z jIm_x jIm_y jIm_z BRe_x BRe_y BRe_z BIm_x BIm_y BIm_z F_x F_y F_z
# 1e-3 1e-3 1e-3 1e+6 1e+6 1e+6 1e+6 1e+6 1e+6 1 1 1 1 1 1 1e+6 1e+6 1e+6
0 -75 19 -57.3096 -0.143722 0.133972 -57.739 -2.13021 1.05299 0.000558098 0.0333775 0.0662199 0.000462487 -0.00420911 -0.000575511 -0.00416539 1.88118 -0.834378
0 -74.5 19 -56.0332 -0.30049 0.0209339 -37.5803 -1.46104 0.130312 -2.08547e-05 0.0328168 0.0543758 8.36092e-05 -0.00724379 -0.00837001 -0.00192675 1.36616 -0.783245
0 -74 19 -51.305 0.0573393 0.0226184 -20.5053 0.168302 0.0483544 3.99237e-05 0.0320587 0.0395873 9.81449e-05 -0.01012 -0.0151395 -0.000256934 0.860297 -0.718639
0 -73.5 19 -44.5439 -0.00163369 0.0498051 -8.551 0.335365 0.0823308 0.000117075 0.0308556 0.0237613 9.44852e-05 -0.0128226 -0.0197679 -0.00357467 0.444699 -0.632405
0 -73 19 -36.7224 0.0278932 0.0371803 -2.65337 -0.0292906 -0.0235493 -7.60321e-06 0.0280941 0.0133528 -6.84743e-06 -0.0140581 -0.0182741 -0.000233947 0.22093 -0.497192
0 -72.5 19 -30.1209 0.0105419 0.0189174 1.50388 -0.16675 -0.0373852 -0.00020226 0.0247369 0.00588648 -6.9913e-05 -0.0155366 -0.016084 0.000847631 0.100747 -0.384235
0 -72 19 -24.7436 -0.0371226 -0.0454719 2.38791 -0.132729 -0.0572194 -0.000314644 0.0226085 0.00158322 -6.41587e-05 -0.0155727 -0.0125823 0.000874124 0.0346189 -0.29831
0 -71.5 19 -20.6532 0.0282057 0.0462028 2.45727 0.134997 -0.026505 5.01007e-05 0.020447 -0.000476621 2.62866e-05 -0.0149554 -0.00936136 -0.00130915 0.00658065 -0.229525
0 -71 19 -17.7476 -0.106763 0.114207 2.38652 -0.0546813 0.146393 -2.33713e-05 0.0178165 -0.0015232 -4.43112e-05 -0.014598 -0.00695882 0.0003227 -0.00521744 -0.175522
0 -70.5 19 -15.5924 -0.0073796 0.133047 1.56121 -0.022329 0.166114 6.69638e-05 0.0159623 -0.00177721 -2.74954e-05 -0.0138713 -0.00491233 0.000151637 -0.0100187 -0.135274
0 -70 19 -13.9761 0.0332732 0.0888252 0.717297 0.0250955 0.103995 8.76086e-05 0.0144549 -0.00162346 -1.77719e-05 -0.0127353 -0.00347926 -5.04392e-05 -0.010094 -0.105581
0 -69.5 19 -12.9351 0.00135692 0.0218729 -0.559208 -0.0130015 -0.117127 -1.03239e-05 0.0141307 -0.0010765 -1.31816e-05 -0.0111005 -0.00256368 -0.000788686 -0.00767851 -0.0882877
0 -69 19 -12.1582 -0.0670406 0.0750444 -0.0836756 -0.069319 -0.0283482 -3.88681e-05 0.0123418 -0.000744397 -2.53886e-05 -0.0110582 -0.00198138 -0.000526207 -0.00460925 -0.0745667
0 -68.5 19 -11.4801 -0.0167217 0.0703555 -0.350868 0.00305433 0.0285373 -4.70692e-05 0.0113444 -0.000464118 2.85836e-05 -0.0103785 -0.00158047 -0.000249516 -0.00294257 -0.063297
0 -68 19 -10.9942 -0.00879167 0.0356531 -0.915442 -0.00561171 0.00521914 -2.83925e-05 0.0113034 -0.000135674 1.6989e-05 -0.00924378 -0.00145938 -0.000172687 -0.00141426 -0.0579047
0 -67.5 19 -10.4474 0.035039 -0.0201402 -1.10199 0.02323 0.0423817 5.49417e-05 0.0109112 5.49355e-05 4.98657e-06 -0.00844283 -0.00135981 0.000273956 -0.000462733 -0.0523459
0 -67 19 -10.0384 0.0378908 -0.0805886 -0.593021 0.00888236 -0.00848637 1.74968e-05 0.0100011 1.11315e-05 -1.33357e-05 -0.00850361 -0.00128597 0.000361405 -0.000326081 -0.0476764
0 -66.5 19 -9.66828 0.00675144 -0.0587031 -0.977534 -0.0491465 -0.0375841 -3.19278e-05 0.0100036 9.17944e-05 -2.28817e-05 -0.00781545 -0.00127194 0.000178318 -0.00017657 -0.0445392
0 -66 19 -9.25008 0.0531896 -0.0466252 -0.697759 0.0597435 -0.057629 5.08342e-05 0.00928196 0.000114403 1.31102e-06 -0.00764071 -0.00119408 -3.6403e-05 0.000111308 -0.0402651
0 -65.5 19 -8.89105 -0.00607186 0.0115852 -1.01071 0.024183 0.025988 1.04055e-05 0.00927181 0.000126502 2.12549e-05 -0.00685655 -0.00115078 2.10875e-05 -1.88489e-05 -0.0377533
0 -65 19 -8.58896 0.0173236 -0.0245102 -0.882726 0.0395574 0.0331405 1.75959e-05 0.00884276 0.000127581 1.79397e-05 -0.00670888 -0.00112613 0.000198368 5.09449e-05 -0.0350145
0 -64.5 19 -8.25154 -0.0314412 0.00813285 -0.717467 -0.0248441 0.0738584 -6.35608e-05 0.00834744 8.41661e-05 -2.04309e-05 -0.00656734 -0.00108909 0.000220788 -4.44547e-05 -0.032085
0 -64 19 -7.98168 -0.053265 0.02766 -0.820636 -0.0535196 0.08928 -0.000101946 0.00822959 6.45844e-05 -4.34682e-05 -0.00621167 -0.00105413 0.000189962 -0.000178135 -0.0302981
0 -63.5 19 -7.44493 0.0553038 -0.0623977 -0.914832 0.0666435 0.053176 8.82754e-05 0.00786418 0.000163362 3.97444e-05 -0.00571812 -0.000924783 0.000371089 0.000183402 -0.0266623
0 -63 19 -7.262 0.0298138 -0.035603 -0.599369 0.023292 -0.0463886 5.28675e-05 0.00733997 0.000109728 -9.20253e-06 -0.00589629 -0.000916615 -1.5137e-05 0.000122998 -0.0248851
0 -62.5 19 -6.95932 0.00147321 -0.00846732 -0.675415 -0.0119707 -0.0490366 4.01722e-07 0.00713955 7.45204e-05 -1.49887e-05 -0.00555903 -0.000890295 -0.000100688 -4.0988e-05 -0.022966
0 -62 19 -6.67343 -0.0075806 -0.013827 -0.650844 -0.0258665 -0.0515793 -1.76142e-05 0.00685245 7.47343e-05 -1.4295e-06 -0.005297 -0.000856963 -7.84332e-05 -2.9349e-05 -0.021141
0 -61.5 19 -6.38996 0.0155936 -0.0587455 -0.439333 -0.00321747 -0.0824121 -3.89823e-05 0.00635714 4.00045e-05 5.26966e-06 -0.00531246 -0.000816695 -3.05531e-05 -5.06588e-05 -0.0191437
0 -61 19 -6.20697 -0.00655938 0.00183008 -0.60689 -0.0178839 -0.0130186 -2.52428e-05 0.00633744 8.40972e-05 -6.25491e-06 -0.00493657 -0.000795308 -3.10968e-05 1.96798e-05 -0.0181703
0 -60.5 19 -5.96783 -0.00713663 -0.00929857 -0.638812 -0.0117557 -0.0221363 -1.54328e-05 0.00616139 2.95016e-05 -7.37325e-06 -0.0046791 -0.00078669 -1.86242e-05 -0.00016309 -0.0168906
0 -60 19 -5.77942 0.00857868 0.0228542 -0.555965 0.0220791 0.0501242 1.07563e-05 0.00589308 1.72533e-05 6.6381e-06 -0.00459621 -0.000752189 3.96199e-05 -0.000158949 -0.0157518
0 -59.5 19 -5.52259 0.0300743 0.0209015 -0.781015 0.0439427 0.0399636 3.70358e-05 0.00589294 6.74372e-05 1.18852e-05 -0.00415859 -0.000712073 6.87952e-06 -9.12314e-05 -0.014649
0 -59 19 -5.35653 -0.0090026 0.0325633 -0.592381 -0.0351042 0.033847 -1.84442e-05 0.00565177 5.2239e-05 -1.67235e-05 -0.00413273 -0.000687894 -1.02411e-05 -6.44213e-05 -0.0139132
0 -58.5 19 -5.20616 -0.0220673 0.0331419 -0.602596 -0.0332587 0.0148672 -2.37479e-05 0.00546176 8.08053e-05 -6.54581e-06 -0.004031 -0.000671266 -5.02705e-05 7.64978e-06 -0.0130033
0 -58 19 -5.05459 -0.0177811 0.0384672 -0.459065 -0.00802798 0.051796 5.01365e-06 0.00522976 6.53151e-05 5.97191e-06 -0.00403024 -0.000654784 5.83575e-06 1.50273e-05 -0.012292
0 -57.5 19 -4.8626 -0.00934879 0.0246582 -0.625441 0.00134046 0.0143195 -1.32293e-06 0.0051772 9.27513e-05 4.51688e-08 -0.00369198 -0.000633687 -3.82548e-05 2.7323e-05 -0.0114328
0 -57 19 -4.65386 0.020744 0.033533 -0.568142 0.0278345 0.072192 3.27104e-05 0.00477854 7.20428e-05 -4.38269e-06 -0.00363227 -0.000610869 4.32366e-05 -5.50153e-06 -0.0100878
0 -56.5 19 -4.49521 0.0207778 0.0291562 -0.510873 0.0202016 0.0829716 2.90926e-05 0.00454182 7.92633e-05 -7.48174e-06 -0.00356684 -0.000593025 7.65956e-05 2.67862e-05 -0.00929734
0 -56 19 -4.34103 -0.027353 0.0277926 -0.513568 -0.0214629 0.0505974 -1.32899e-05 0.00453055 6.4019e-05 -7.3569e-06 -0.00337329 -0.000597867 2.79225e-05 -1.49391e-05 -0.00896769
0 -55.5 19 -4.24505 -0.0232075 0.0318953 -0.439718 -0.014313 0.113424 -5.57132e-06 0.00438774 4.72237e-05 -1.5656e-07 -0.00336418 -0.000596529 0.000124536 -3.10168e-05 -0.00857349
0 -55 19 -4.10156 0.0488793 0.0278311 -0.385015 0.071571 0.0422704 3.00228e-05 0.00421435 -7.65474e-06 1.58948e-05 -0.0033168 -0.000596305 -1.007e-05 -0.000129738 -0.00800551
0 -54.5 19 -3.97137 0.00961935 0.0135903 -0.43179 0.0171975 0.0276248 7.04432e-06 0.00410229 4.92012e-05 1.08273e-05 -0.00316261 -0.000573673 1.11112e-05 -2.59579e-05 -0.00746318
0 -54 19 -3.86645 -0.0133062 0.000301018 -0.443146 -0.00813773 0.0150891 -2.42002e-06 0.00399079 7.5867e-05 7.19224e-06 -0.00306852 -0.000557343 2.4313e-05 2.32298e-05 -0.00703518
0 -53.5 19 -3.7317 -0.00771815 -0.0151507 -0.504827 -0.00128347 -0.0107421 7.44207e-06 0.00391761 5.26902e-05 6.7128e-06 -0.00286392 -0.000547924 1.44433e-05 -4.00839e-05 -0.00658674
0 -53 19 -3.57863 -0.00404341 -0.00470703 -0.571722 0.00798609 -0.00426671 -3.2907e-07 0.00387197 6.37016e-05 3.38151e-06 -0.00262966 -0.000528842 1.26225e-06 -3.71996e-05 -0.00617645
0 -52.5 19 -3.48028 -0.0130611 0.0153981 -0.439595 -0.00812877 -0.00799967 -5.5937e-06 0.00368724 6.10799e-05 -6.9567e-07 -0.00266161 -0.000518986 -3.73237e-05 -7.82458e-06 -0.00583133
0 -52 19 -3.37265 0.00369937 0.0216228 -0.518254 0.00613576 0.00189606 4.00563e-06 0.00364427 7.34302e-05 4.48697e-06 -0.00247811 -0.000515924 -3.84974e-05 -9.81502e-06 -0.00550331
0 -51.5 19 -3.25511 0.00600983 0.0185491 -0.478527 -0.000541314 0.0167726 4.87237e-06 0.00345325 5.61113e-05 -9.17226e-08 -0.00243068 -0.000508408 -1.13367e-05 -3.02748e-05 -0.00503879
0 -51 19 -3.16232 -0.0125178 -0.0121848 -0.611759 -0.017325 -0.0331343 -2.6341e-05 0.003489 7.84989e-05 -2.98647e-06 -0.00221844 -0.000504517 -1.16177e-05 -2.99921e-05 -0.00483828
0 -50.5 19 -3.07979 0.00625166 -0.00280322 -0.43594 0.0149519 -0.00158874 5.04277e-06 0.00326703 4.15004e-05 -1.1914e-08 -0.00230884 -0.000502339 -8.80723e-07 -4.55955e-05 -0.00452764
0 -50 19 -2.96505 -0.00196222 -0.00928504 -0.478796 0.000906913 -0.00643912 9.71115e-06 0.0032601 4.48883e-05 1.27696e-06 -0.00215396 -0.000485414 7.93615e-06 -4.97084e-05 -0.00431752
0 -49.5 19 -2.89388 -0.00677538 -0.01055 -0.45843 -0.00190998 -0.0223399 -7.55965e-06 0.00314739 4.99992e-05 6.10298e-06 -0.00213241 -0.000477108 -6.9302e-06 -3.70428e-05 -0.00406532
0 -49 19 -2.80893 0.00632295 -0.00232752 -0.385475 0.0154717 -0.0236358 9.21627e-06 0.00297689 4.17155e-05 9.49717e-06 -0.00216124 -0.000470133 -2.55819e-05 -3.21473e-05 -0.00376449
0 -48.5 19 -2.71607 0.0159923 -0.016082 -0.363258 0.0108747 -0.0365795 3.88392e-06 0.00291477 6.39387e-05 -8.5734e-07 -0.00207563 -0.000460358 -1.65171e-05 3.20115e-06 -0.0035814
0 -48 19 -2.634 0.0164742 -0.0168689 -0.379516 0.00684742 -0.0239312 7.80924e-06 0.00287375 6.7255e-05 -6.61484e-06 -0.00196148 -0.000452574 -2.27285e-07 2.70849e-06 -0.00341256
0 -47.5 19 -2.562 -0.0124536 -0.0320558 -0.401628 -0.0114967 -0.025161 -5.12749e-06 0.00277547 6.63253e-05 4.35114e-07 -0.00188151 -0.000453421 2.30082e-05 -6.01394e-06 -0.00317758
0 -47 19 -2.48676 -0.0111822 -0.0276624 -0.360258 -0.00490239 -0.0120618 -1.59081e-05 0.00262238 3.32515e-05 1.59973e-08 -0.00188887 -0.00045604 2.5811e-05 -4.05819e-05 -0.00292046
0 -46.5 19 -2.39512 -0.00456714 -0.0118575 -0.399493 -0.000185981 0.0134255 -1.6482e-05 0.00257188 3.41017e-05 -3.48641e-06 -0.00177039 -0.000451801 2.70963e-05 -4.93324e-05 -0.00272639
0 -46 19 -2.29372 -0.00258576 -0.00201646 -0.485904 -0.00435646 0.0116576 -6.89257e-06 0.00259106 6.66934e-05 -1.10308e-06 -0.00157308 -0.000440093 1.2654e-05 -3.04327e-05 -0.00258942
0 -45.5 19 -2.24726 -0.00914394 -0.000992724 -0.400048 -0.0121993 0.00232272 -1.71575e-05 0.00247509 5.98658e-05 7.96175e-07 -0.00161817 -0.000436591 5.49718e-06 -2.0052e-05 -0.00245749
0 -45 19 -2.19694 0.000905007 -0.00741529 -0.364224 -0.00416389 -0.00663676 -1.06215e-05 0.00242962 2.41656e-05 -1.5013e-06 -0.00158612 -0.000441665 4.67526e-06 -5.38428e-05 -0.00238002
0 -44.5 19 -2.12344 0.00935275 -0.00390275 -0.404005 0.00726269 -0.00889338 1.3937e-06 0.00239419 6.41105e-05 -2.69006e-07 -0.00148097 -0.000432978 -3.18593e-06 -1.93967e-05 -0.0022428
0 -44 19 -2.04454 0.0168526 0.0128393 -0.360339 0.0223501 0.00890603 1.14512e-05 0.00227275 7.2853e-05 -4.92877e-08 -0.0014573 -0.000425416 -1.22411e-05 -2.0983e-06 -0.0020609
0 -43.5 19 -1.9703 0.00963069 0.00591323 -0.360172 0.0207406 0.00962224 1.71108e-05 0.00219373 5.66271e-05 1.75439e-06 -0.00139644 -0.000420709 -3.85777e-06 -1.99186e-05 -0.00190978
0 -43 19 -1.92269 -0.0114427 -0.00117493 -0.349869 -0.0198216 0.0197538 -1.25699e-05 0.00217039 4.63433e-05 -1.1491e-05 -0.00133469 -0.000419097 1.8346e-05 -2.88687e-05 -0.0018532
0 -42.5 19 -1.8495 -0.0051694 -0.00224046 -0.385109 -0.000249595 0.0180087 -6.78699e-06 0.00211551 4.83314e-05 -2.20221e-06 -0.0012535 -0.00042517 1.3585e-05 -3.71862e-05 -0.00171496
0 -42 19 -1.80836 0.000530833 0.00341639 -0.324961 0.0056132 0.0336886 1.01292e-05 0.0020277 2.84055e-05 -1.27569e-06 -0.00127357 -0.000419587 1.68186e-05 -4.24953e-05 -0.00162648
0 -41.5 19 -1.7489 0.00296063 0.00298741 -0.343898 -0.000105923 0.0214734 7.14977e-06 0.00199216 4.46983e-05 -4.47809e-06 -0.00120725 -0.000412809 1.00742e-05 -3.19329e-05 -0.00153447
0 -41 19 -1.70208 -0.00346484 0.0047056 -0.324698 -0.0158039 0.00631032 -9.31786e-06 0.00194592 5.55819e-05 -8.79157e-06 -0.00116343 -0.000413993 2.26751e-06 -1.99587e-05 -0.00146726
0 -40.5 19 -1.64369 0.00155359 0.00502035 -0.344586 -0.00236844 0.00692871 -2.21316e-06 0.0018854 5.46615e-05 -4.72557e-06 -0.00111235 -0.000413354 -3.47133e-07 -2.63167e-05 -0.00135786
0 -40 19 -1.57652 0.00264147 0.00671012 -0.373916 0.00790324 0.0198891 1.54289e-06 0.00180897 4.82056e-05 -6.74701e-07 -0.00106088 -0.00041065 2.92176e-06 -3.87773e-05 -0.00122759
0 -39.5 19 -1.51933 -0.00484788 0.0101556 -0.359172 -0.0119854 0.0240696 -6.4868e-06 0.00174093 5.10279e-05 -6.43162e-06 -0.00102859 -0.000402244 5.8257e-06 -3.35835e-05 -0.00113786
0 -39 19 -1.48116 -0.00950039 0.00920969 -0.320992 -0.0107158 0.0232808 -1.40718e-05 0.00166267 4.35969e-05 -3.7676e-06 -0.00102972 -0.000402858 6.28141e-06 -3.24787e-05 -0.00106616
0 -38.5 19 -1.43429 0.00199707 0.00552775 -0.40283 0.0105305 0.0280073 1.82109e-05 0.00168686 4.61601e-05 1.53666e-07 -0.000906604 -0.000398313 5.98237e-06 -4.70703e-05 -0.00102714
0 -38 19 -1.38331 -0.00296081 0.00251684 -0.375928 0.00548593 0.00634438 2.98255e-06 0.00163517 5.70897e-05 3.14387e-06 -0.000865239 -0.000400428 -4.95899e-07 -3.57661e-05 -0.000968339
0 -37.5 19 -1.33208 -0.00411962 -0.00292934 -0.371381 0.0062084 -0.00693041 3.9669e-06 0.0015953 6.35854e-05 2.07777e-06 -0.000816404 -0.000397274 -1.8566e-06 -3.14325e-05 -0.000910939
0 -37 19 -1.29647 -0.00544096 -0.0045866 -0.359797 0.00461765 -0.00476054 -3.74116e-06 0.00156902 6.48365e-05 -1.65727e-07 -0.000788915 -0.000400191 6.20047e-07 -2.99555e-05 -0.00087518
0 -36.5 19 -1.25258 -0.00509674 -0.00573262 -0.322175 -0.00862694 -0.00689594 -1.01436e-05 0.00151488 4.86642e-05 -5.08653e-06 -0.000781243 -0.000394518 3.22615e-06 -3.30273e-05 -0.000822958
0 -36 19 -1.20721 -0.00517537 -0.00143451 -0.326962 -0.00683134 -0.00760648 -1.26107e-05 0.00145062 5.16535e-05 -3.33155e-06 -0.000746475 -0.000391381 -5.95392e-07 -3.27833e-05 -0.000753614
0 -35.5 19 -1.15634 -0.00871944 0.00403767 -0.340901 -0.0103607 -0.0103897 -2.54305e-05 0.00138486 5.4608e-05 -2.84957e-06 -0.000700449 -0.000388745 -4.65879e-06 -3.47254e-05 -0.000681419
0 -35 19 -1.10722 0.00423684 0.00112596 -0.355829 0.00574028 -0.00928244 -1.99723e-06 0.00134982 5.78157e-05 -1.55462e-06 -0.000644082 -0.000385525 -4.73328e-06 -3.65771e-05 -0.000632677
0 -34.5 19 -1.06857 0.00728256 0.000229423 -0.371227 0.00658809 -0.00574791 3.59199e-06 0.00132399 6.15037e-05 -5.03365e-06 -0.000600957 -0.000380334 -2.90788e-06 -3.77197e-05 -0.000595837
0 -34 19 -1.03843 0.000119627 -0.000678148 -0.334952 -0.00372301 0.00589585 -2.6711e-06 0.00127205 5.34404e-05 -5.68188e-06 -0.000602291 -0.000377901 2.91349e-06 -3.55583e-05 -0.000559606
0 -33.5 19 -1.00172 -0.0104575 -0.0048699 -0.325575 -0.011146 0.00781551 -1.38886e-05 0.00122966 4.00996e-05 -4.28024e-07 -0.000576798 -0.00037563 7.13185e-06 -4.10316e-05 -0.000522065
0 -33 19 -0.969566 0.00131491 -0.0058067 -0.315567 0.000828069 0.00968656 3.05076e-06 0.00119317 2.70642e-05 -2.13551e-06 -0.00055631 -0.000386288 6.01642e-06 -4.78488e-05 -0.000490654
0 -32.5 19 -0.930267 0.00458626 -0.00493319 -0.311 0.0030178 0.00751385 9.76391e-06 0.0011633 3.39653e-05 -1.22442e-06 -0.000522367 -0.000380448 4.33572e-06 -4.33899e-05 -0.000459884
0 -32 19 -0.887855 0.0042809 -0.00136605 -0.328821 0.00259291 0.00605634 1.03697e-05 0.00113852 4.1151e-05 -1.83246e-06 -0.00047022 -0.000377633 1.80004e-06 -4.38314e-05 -0.000428129
0 -31.5 19 -0.850594 -0.00576135 -0.000519821 -0.344007 -0.00358395 -0.00113972 -8.87495e-06 0.00109631 3.65842e-05 1.60856e-06 -0.000433195 -0.000378826 6.11543e-07 -4.95989e-05 -0.000391768
0 -31 19 -0.806229 -0.00947345 0.00126565 -0.355301 -0.0073095 -0.00670801 -1.62301e-05 0.00106971 5.39569e-05 2.57443e-07 -0.00037686 -0.000379566 -8.09288e-07 -4.56905e-05 -0.000364343
0 -30.5 19 -0.781434 0.00493218 -0.000208685 -0.346555 0.00875924 -0.008087 7.50378e-06 0.00103195 5.12123e-05 2.4135e-06 -0.000368879 -0.000373859 -2.89495e-06 -4.47823e-05 -0.000339309
0 -30 19 -0.751548 0.0056537 -0.0014973 -0.332846 0.00694462 -0.00451413 -4.76404e-07 0.00100543 4.4761e-05 -6.49468e-07 -0.000351353 -0.000369489 -1.19676e-06 -4.46696e-05 -0.000319337
0 -29.5 19 -0.715065 0.00678529 0.00124909 -0.324036 0.00661219 0.00694511 1.27426e-05 0.000963132 3.54279e-05 -2.90642e-06 -0.000333371 -0.000365972 -5.33614e-07 -4.66295e-05 -0.000290373
0 -29 19 -0.68505 -0.00145372 -0.000354567 -0.322404 -0.00847844 0.00688164 1.20769e-06 0.000932193 3.54077e-05 -7.16237e-06 -0.000307406 -0.000369127 2.76207e-06 -4.74009e-05 -0.000269774
0 -28.5 19 -0.650602 -0.00346264 -0.00356742 -0.343707 -0.00826343 0.00639166 1.14893e-06 0.000925506 4.987e-05 -4.64317e-06 -0.000242737 -0.000369842 3.86832e-06 -4.73528e-05 -0.00025937
0 -28 19 -0.629113 0.00580457 -0.00237478 -0.3371 0.00499981 0.0127954 2.38395e-05 0.000896086 3.94482e-05 -3.10136e-07 -0.000232261 -0.000368683 1.74276e-06 -4.97632e-05 -0.000242791
0 -27.5 19 -0.597794 0.00316317 -0.00258113 -0.335604 0.00712334 0.00635108 1.28193e-05 0.000855512 3.13939e-05 3.35007e-06 -0.000214246 -0.000369452 5.1823e-07 -5.26171e-05 -0.000219791
0 -27 19 -0.563347 0.0011249 -0.0012605 -0.34567 0.0016455 -0.00201512 1.93545e-06 0.00082992 3.97351e-05 1.75709e-06 -0.000176876 -0.000369405 6.32643e-08 -5.26568e-05 -0.000203199
0 -26.5 19 -0.533895 -0.00611349 -0.000717285 -0.333142 -0.0123707 -0.0100469 -1.90445e-05 0.000792971 3.31818e-05 -2.72544e-08 -0.000158793 -0.000364328 1.63878e-06 -5.18217e-05 -0.00018529
0 -26 19 -0.499868 -0.000730308 -0.00119725 -0.337764 -0.00751474 -0.0071439 -1.07497e-05 0.000762387 2.94203e-05 -2.79426e-06 -0.000127075 -0.000363065 1.3559e-06 -5.39458e-05 -0.0001691
0 -25.5 19 -0.471445 0.000944895 -0.00138377 -0.346867 -0.00112471 -0.00015093 4.52618e-07 0.000740936 2.90601e-05 -1.46175e-06 -9.46963e-05 -0.000364722 7.24329e-07 -5.64051e-05 -0.000158233
0 -25 19 -0.442456 -0.000991527 0.000172788 -0.35708 -0.00474078 0.000771339 -2.99205e-06 0.000723148 4.03764e-05 -7.76223e-07 -5.91301e-05 -0.000370733 8.19095e-07 -5.7259e-05 -0.000149427
0 -24.5 19 -0.410942 -0.00526069 -0.000578142 -0.372428 -0.00678736 0.00159064 -6.9564e-06 0.000706644 5.4065e-05 3.42642e-07 -1.4973e-05 -0.000364878 1.31225e-06 -5.68342e-05 -0.000142424
0 -24 19 -0.389812 0.00464563 -0.00175299 -0.356943 0.0064379 0.00165508 1.40926e-05 0.000669291 4.14122e-05 2.30648e-06 -1.36974e-05 -0.000364215 -4.7823e-07 -5.69409e-05 -0.000128044
0 -23.5 19 -0.361008 0.000959408 -0.00126314 -0.358221 0.002429 0.000996042 3.62041e-06 0.000652415 3.53449e-05 7.94901e-07 1.87173e-05 -0.000363989 -2.23847e-08 -5.88162e-05 -0.000121119
0 -23 19 -0.341389 0.00276917 -0.00195536 -0.354642 0.00646487 0.00244175 5.33479e-06 0.00062931 2.45777e-05 1.23678e-06 3.263e-05 -0.000361748 -5.59872e-07 -5.99539e-05 -0.000113217
0 -22.5 19 -0.295882 -0.000828066 -0.000896467 -0.367516 -0.00200259 -7.14931e-05 -6.65712e-06 0.000603624 3.93498e-05 -2.60094e-06 8.11988e-05 -0.000365086 6.22734e-07 -6.1263e-05 -0.000104227
0 -22 19 -0.264306 0.00567725 -0.00273619 -0.38408 -0.000388887 -0.000106918 3.06885e-06 0.000591243 5.31669e-05 -4.96445e-06 0.000125401 -0.000373016 1.03903e-06 -6.46117e-05 -0.000102226
0 -21.5 19 -0.252597 0.00608839 -3.62856e-05 -0.378137 0.00443853 -0.00462655 4.57484e-06 0.000570351 3.34834e-05 -1.00342e-06 0.000128756 -0.000370629 -4.12397e-07 -6.58431e-05 -9.63899e-05
0 -21 19 -0.233638 0.00226095 -0.000168162 -0.380572 0.00159513 -0.00697245 -1.96079e-06 0.000550571 2.504e-05 9.13159e-07 0.000148337 -0.000377358 2.90768e-07 -6.88838e-05 -9.25421e-05
0 -20.5 19 -0.190119 -0.00141189 -0.00201734 -0.396114 -0.00454261 0.00618646 -1.22222e-06 0.000531097 4.34554e-05 -7.31172e-06 0.000192675 -0.000375098 7.60997e-07 -7.01812e-05 -8.8664e-05
0 -20 19 -0.178321 -0.00699185 0.00233063 -0.387606 -0.0040534 0.00168473 -1.1905e-05 0.000513303 2.71518e-05 4.89294e-07 0.000205567 -0.000369948 -1.1647e-07 -6.92897e-05 -8.56466e-05
0 -19.5 19 -0.131904 -0.0029473 -0.00218262 -0.396865 -0.00537659 0.00187832 -7.54932e-06 0.000476245 4.432e-05 -3.80777e-06 0.000251642 -0.000364141 1.197e-06 -6.93299e-05 -8.13647e-05
0 -19 19 -0.119843 0.00439307 -0.000819859 -0.400878 0.00181087 -7.55005e-05 5.91189e-06 0.000468795 3.69943e-05 -5.59827e-07 0.000273131 -0.000366016 -4.7661e-08 -7.11494e-05 -8.28493e-05
0 -18.5 19 -0.108541 0.0043128 0.00122772 -0.401888 0.000539564 -0.00322667 3.78834e-06 0.0004594 2.23632e-05 3.79914e-06 0.000278335 -0.000363287 1.17256e-07 -7.17904e-05 -8.08708e-05
0 -18 19 -0.0716085 -0.00584934 0.00230523 -0.410319 -0.00740851 -0.00622638 -1.58359e-05 0.000429423 3.60877e-05 3.14464e-06 0.000317106 -0.000368425 1.75145e-06 -7.43219e-05 -8.04671e-05
0 -17.5 19 -0.0514094 0.00366421 -0.00277253 -0.410607 0.0100567 -0.00324633 1.47042e-05 0.000411908 2.18418e-05 1.83507e-06 0.000345474 -0.000367545 -6.76348e-07 -7.49201e-05 -8.15511e-05
0 -17 19 -0.0236906 0.0111541 -0.00212974 -0.416403 0.0136467 -0.00197329 2.34595e-05 0.000392533 2.96906e-05 7.27954e-09 0.000375563 -0.000363236 -1.52435e-06 -7.52996e-05 -8.29734e-05
0 -16.5 19 0.0106186 0.00159982 0.00248047 -0.423311 -0.0056276 -0.00316085 -7.83319e-06 0.000368471 3.79718e-05 -2.52371e-06 0.00040198 -0.000366456 1.23982e-06 -7.77697e-05 -8.31258e-05
0 -16 19 0.0217225 0.00104753 0.00218395 -0.430481 4.63967e-05 -0.00636791 -4.56818e-06 0.000362131 2.13242e-05 4.87046e-06 0.000426829 -0.000365034 9.66266e-07 -7.88221e-05 -8.79353e-05
0 -15.5 19 0.0600639 0.00777619 0.00297908 -0.433294 0.000265777 -0.00257918 1.08121e-06 0.000328058 3.21046e-05 -4.67186e-06 0.000461039 -0.000364665 1.82261e-07 -7.99601e-05 -9.00341e-05
0 -15 19 0.0727466 0.00570598 0.0040184 -0.444811 -0.00253847 -0.00207487 -8.29456e-06 0.000322247 2.80835e-05 -4.42533e-06 0.000479318 -0.000364707 3.92822e-07 -8.21463e-05 -9.48636e-05
0 -14.5 19 0.09501 0.00329403 0.00095839 -0.448565 -0.00127769 -0.00150246 -3.79565e-06 0.00030535 1.97739e-05 -2.29228e-06 0.000501047 -0.000364277 4.95364e-07 -8.26406e-05 -9.78658e-05
0 -14 19 0.107469 -0.000808252 0.00313926 -0.460898 -0.00319367 -0.00650965 -6.57108e-06 0.000312531 -4.87271e-07 1.44595e-06 0.000521449 -0.000365656 1.79076e-06 -8.42538e-05 -0.000103374
0 -13.5 19 0.13729 0.00193068 0.00177146 -0.46577 -0.00516493 -0.00417995 -6.79595e-06 0.000286485 3.9892e-06 -1.4693e-06 0.000554226 -0.000364275 1.84915e-06 -8.5111e-05 -0.000109402
0 -13 19 0.165944 -0.000835899 0.0014576 -0.473588 -0.00656513 -0.00202283 -9.56744e-06 0.000265314 9.34618e-06 -1.55941e-06 0.000588335 -0.000365166 1.59647e-06 -8.725e-05 -0.00011731
0 -12.5 19 0.193524 0.0012632 0.00177554 -0.479131 0.000710126 -0.00154635 3.2643e-06 0.000248642 1.08539e-05 1.45529e-06 0.000615472 -0.000366541 1.3184e-07 -8.88591e-05 -0.000123389
0 -12 19 0.228108 -0.00113183 0.00265577 -0.486679 0.000350905 0.000238687 -5.41287e-07 0.000218147 1.80166e-05 1.34844e-06 0.000656211 -0.000369239 -4.42969e-07 -9.1906e-05 -0.000134802
0 -11.5 19 0.253705 0.00604054 0.00255488 -0.498934 0.00286367 -0.00053287 5.48443e-06 0.000202727 2.15917e-05 -9.77695e-07 0.000693149 -0.000374769 -5.45687e-07 -9.62243e-05 -0.000147217
0 -11 19 0.259473 0.00394675 -0.00138864 -0.514985 -0.00271533 0.00108191 -4.88422e-07 0.000217905 5.09529e-07 -5.97679e-06 0.000712352 -0.000372037 2.72053e-07 -9.58658e-05 -0.000155162
0 -10.5 19 0.285753 0.00594655 -0.00358683 -0.525355 0.00149839 0.00108203 5.35574e-06 0.000198124 3.50275e-06 -4.79261e-06 0.000750065 -0.000374653 -3.20749e-07 -9.89255e-05 -0.00016873
0 -10 19 0.31277 -0.00100612 -0.00217953 -0.534691 -0.000231955 0.00218557 -9.54647e-07 0.000179283 3.44094e-06 -1.68734e-06 0.000783084 -0.000373597 -6.18767e-07 -0.000100418 -0.000181317
0 -9.5 19 0.325374 0.00520011 -0.00552418 -0.549512 0.004041 0.00183553 1.0733e-05 0.000183222 -7.02177e-06 -2.31017e-06 0.000800148 -0.000371151 -9.96442e-07 -0.000100866 -0.000190061
0 -9 19 0.354367 0.000229047 -0.0055633 -0.567172 -0.000453766 -0.00180061 3.39952e-06 0.00014472 1.83096e-06 -9.20404e-07 0.000867169 -0.000384932 1.27082e-06 -0.000109494 -0.000220276
0 -8.5 19 0.38178 0.00493246 -6.43182e-05 -0.581251 0.00113901 -0.0013431 7.30482e-06 0.000122955 3.09428e-06 -1.23958e-06 0.000907696 -0.000388592 3.99846e-07 -0.000113525 -0.000240346
0 -8 19 0.416303 0.00390929 0.00776158 -0.58912 -0.000466738 0.000106373 1.40098e-06 0.000113886 2.18858e-07 -1.58308e-06 0.000932324 -0.000384952 -4.0129e-07 -0.000113432 -0.000250923
0 -7.5 19 0.434796 -0.00453469 0.0032845 -0.60393 -0.00239609 -0.00209591 -4.08999e-06 0.000121259 -1.22767e-05 -2.86698e-07 0.000970643 -0.000384189 1.30616e-06 -0.000113349 -0.000266748
0 -7 19 0.455661 0.00400002 -0.00413304 -0.621234 -0.00102196 -0.00219041 5.55016e-06 0.000136116 -2.45296e-05 -4.10602e-06 0.00099905 -0.000381041 1.5211e-06 -0.000112776 -0.000279324
0 -6.5 19 0.504629 -0.00222393 -0.00426832 -0.621078 -0.00227341 0.000175232 -3.14078e-06 8.16331e-05 -1.82136e-05 -2.41935e-07 0.00104525 -0.00037874 5.33406e-07 -0.000113011 -0.000303996
0 -6 19 0.539837 0.00360345 -0.00482273 -0.633312 0.00464115 0.00113088 8.74802e-06 4.70307e-05 -1.87311e-05 -1.52766e-06 0.00109724 -0.00037893 -1.4201e-06 -0.000114957 -0.000334765
0 -5.5 19 0.537129 0.0116007 -0.00179455 -0.689743 -0.000605647 0.000687114 1.09162e-05 0.00010382 -6.07024e-05 -8.13975e-06 0.00115565 -0.000379215 -5.41138e-07 -0.000114491 -0.000370736
0 -5 19 0.552597 0.000284767 -0.0122328 -0.731534 7.5758e-06 -0.00383483 1.25915e-05 8.88071e-05 -8.65293e-05 -6.42791e-06 0.00122048 -0.000388942 2.86955e-06 -0.000118419 -0.000421875
0 -4.5 19 0.603102 -0.0093641 -0.0115207 -0.756041 -0.00282099 -0.00360647 -2.87528e-06 2.97132e-05 -0.000110146 -2.39042e-06 0.00129144 -0.000409577 3.59334e-06 -0.000121593 -0.000479248
0 -4 19 0.626139 -0.00472358 -0.0120392 -0.818642 0.000502009 -0.00116348 -5.37042e-06 2.37255e-05 -0.000163922 1.53215e-06 0.00135439 -0.000431837 1.20948e-06 -0.000125409 -0.000546966
0 -3.5 19 0.692544 0.015892 -0.0249165 -0.89455 0.0160065 -0.0124212 3.5443e-05 -3.2034e-05 -0.000209707 -9.32837e-08 0.0014432 -0.000498398 2.90896e-06 -0.000150746 -0.000656883
0 -3 19 0.754856 0.0207804 -0.0313148 -1.00363 0.0144531 -0.0135919 4.29071e-05 -6.0917e-05 -0.000272958 -6.24169e-06 0.00153072 -0.000606402 2.23061e-06 -0.00020191 -0.000791533
0 -2.5 19 0.861299 0.0101328 -0.00165754 -1.14991 0.00013415 0.00205394 1.10968e-05 -6.74855e-05 -0.000336129 -6.75934e-06 0.00162803 -0.000753681 -3.48137e-06 -0.000288596 -0.000965163
0 -2 19 1.11107 0.00543878 0.00889065 -1.27823 0.00213038 0.00650635 -4.97896e-07 -0.00023045 -0.000277695 -4.97348e-06 0.00172925 -0.00102391 -6.44695e-06 -0.000500144 -0.00123321
0 -1.5 19 1.46329 -0.00842377 0.00525464 -1.36124 0.000877645 -0.000141634 7.9769e-06 -0.000406778 -0.000120328 -1.04948e-06 0.00180142 -0.00136174 1.10556e-06 -0.000838767 -0.00152367
0 -1 19 1.93662 -0.0265113 0.0124991 -1.41751 -0.0160084 0.000706839 -1.41343e-05 -0.000546745 0.000245794 3.79186e-06 0.00183261 -0.00177792 1.37419e-05 -0.0014982 -0.00182845
0 -0.5 19 2.5435 -0.0296307 0.0223298 -1.33114 -0.0037765 0.00573375 -9.51653e-06 -0.000661762 0.000709709 8.62966e-06 0.00182972 -0.00214637 -4.3188e-06 -0.00233121 -0.00205953
0 0 19 3.17825 -0.0372808 0.0255883 -1.02084 -0.00339947 0.00524879 -1.9215e-05 -0.000750699 0.00108133 5.63528e-06 0.00174948 -0.00232905 -1.11845e-05 -0.0029074 -0.00208627
0 0.5 19 0.294893 0.00186046 0.000933293 -0.0523172 0.00107905 -0.000297605 -2.9651e-06 -0.00096582 0.00156942 1.31115e-06 0.00162034 -0.00238272 8.66189e-07 -0.000293736 -0.00018479
0 1 19 0.313211 0.00295988 0.000621417 -0.0320653 0.00280284 -0.000281203 1.25712e-05 -0.00104249 0.00140119 -7.92075e-08 0.00154241 -0.00226582 -5.60922e-07 -0.000255757 -0.000188007
0 1.5 19 0.323958 0.0039615 -0.000656221 -0.019234 0.00391952 -0.00093788 2.81718e-05 -0.00106132 0.00122443 -2.78827e-06 0.00146285 -0.00216393 -1.47773e-06 -0.000219151 -0.000186031
0 2 19 0.335869 -0.000135402 0.000186703 -0.00704773 -0.000779071 -0.000202052 -7.66662e-06 -0.00110231 0.00111863 -2.16139e-06 0.00140153 -0.0020719 9.7584e-07 -0.000195157 -0.000190055
0 2.5 19 0.346038 0.000711104 -2.26171e-05 0.00152808 0.00155993 -0.000252894 7.98727e-06 -0.00113406 0.00105728 1.61677e-06 0.00136487 -0.00200315 -1.02671e-06 -0.0001814 -0.000195174
0 3 19 0.353999 0.00138976 -0.000463577 0.0061884 0.00189598 -0.000305476 1.12134e-05 -0.00115357 0.0010084 5.72066e-07 0.00134079 -0.00195739 -1.21746e-06 -0.000172433 -0.00020004
0 3.5 19 0.362433 0.00239379 0.0006667 0.0122285 0.00345079 0.000485416 8.95023e-06 -0.00118676 0.000974104 5.01978e-06 0.00131565 -0.00191068 -2.0545e-06 -0.000164837 -0.000207036
0 4 19 0.368621 0.000180089 0.000115895 0.0158696 -0.00166944 0.000140941 -5.56781e-06 -0.00120067 0.000959741 -5.80773e-06 0.00129695 -0.00187064 1.62606e-06 -0.000162048 -0.000211009
0 4.5 19 0.374409 0.00109285 0.00045828 0.0194274 0.00273113 0.000397572 1.32652e-05 -0.00122798 0.000952554 4.37299e-06 0.0012811 -0.00184435 -1.97137e-06 -0.000160403 -0.000217452
0 5 19 0.378642 0.000805826 4.65021e-05 0.0216867 0.00171332 4.96236e-05 1.11465e-05 -0.00124505 0.000937622 3.65181e-06 0.00126888 -0.00181612 -1.18055e-06 -0.000157819 -0.000221963
0 5.5 19 0.381206 -0.000312522 -0.000176237 0.0243409 -0.000806551 -0.000182315 -4.74614e-06 -0.00126311 0.000931841 -1.87664e-06 0.0012508 -0.00178941 5.78733e-07 -0.000155833 -0.000225532
0 6 19 0.386458 0.000945736 -0.000178177 0.0264873 4.92233e-05 -0.00014409 1.24626e-07 -0.0012742 0.000926617 -3.2411e-06 0.00124265 -0.00177398 3.70517e-07 -0.000155555 -0.000229756
0 6.5 19 0.390454 0.000271856 -0.000399041 0.0292808 -0.00063297 -0.000445627 2.22259e-06 -0.00129601 0.000938141 -4.84774e-06 0.00123385 -0.00176485 7.02407e-07 -0.000157312 -0.000234954
0 7 19 0.392314 -0.000549726 0.000375563 0.0304899 7.48022e-05 -4.04271e-05 3.53749e-06 -0.00131886 0.000942413 5.59859e-07 0.00122788 -0.00175546 -5.22125e-08 -0.000158098 -0.000239984
0 7.5 19 0.394147 0.00168866 -0.00024307 0.0346747 0.00229902 -0.000344491 1.52925e-05 -0.001343 0.000949288 1.17347e-06 0.00121205 -0.00174192 -1.15529e-06 -0.000156881 -0.000243669
0 8 19 0.395707 0.00254722 -0.00104079 0.0346945 0.00248721 -0.000591914 1.24284e-05 -0.00134755 0.000936931 -4.61862e-08 0.00120856 -0.00173663 -1.30998e-06 -0.000155256 -0.000245668
0 8.5 19 0.397897 0.00128048 -0.000900917 0.0373179 0.000750707 -0.000594436 7.94422e-06 -0.00136339 0.000943845 -3.24226e-06 0.00119976 -0.00173072 -3.02904e-07 -0.000155486 -0.000248862
0 9 19 0.400469 0.000885733 -0.000798971 0.0412608 -0.000369726 -0.000758799 9.4304e-06 -0.00138694 0.000961717 -7.1115e-06 0.00118782 -0.00172649 6.41671e-07 -0.000156952 -0.000253214
0 9.5 19 0.400975 0.00167446 -0.000448192 0.0433566 0.000286527 -0.000276068 9.55588e-06 -0.00139677 0.000960779 -5.76553e-06 0.00117855 -0.00172371 4.07118e-07 -0.000155259 -0.000254494
0 10 19 0.40091 -0.000725456 0.00205267 0.0439145 -0.000143066 0.00243565 -1.27004e-05 -0.00140935 0.000950328 5.29501e-06 0.00117676 -0.00171898 -2.08368e-07 -0.00015276 -0.000256677
0 10.5 19 0.402503 -0.00174469 0.00186985 0.0470428 -0.000543209 0.00230053 -1.49618e-05 -0.00142919 0.000954446 6.9085e-06 0.00116875 -0.00171733 -3.74354e-07 -0.000151696 -0.000260147
0 11 19 0.403979 0.000381624 -0.000167216 0.0526774 -0.000332531 -0.000338462 4.55188e-06 -0.00145929 0.000976269 -2.62221e-06 0.00114986 -0.00171859 5.4461e-07 -0.00015193 -0.000264477
0 11.5 19 0.405161 0.000451639 0.000495396 0.053322 0.000874931 -9.34768e-05 8.64997e-06 -0.00146463 0.000967738 2.61136e-06 0.00114878 -0.00172463 -1.19455e-07 -0.000150062 -0.000266081
0 12 19 0.40663 0.000831573 -0.000148803 0.0574231 0.0016845 -0.000438627 1.22175e-05 -0.00148653 0.000981474 8.86974e-07 0.00114186 -0.00172733 -9.06934e-07 -0.000149955 -0.000269455
0 12.5 19 0.407109 5.48864e-05 0.000561437 0.0609566 0.000450779 0.000956083 -4.67331e-06 -0.00150844 0.000988579 1.25217e-06 0.00113141 -0.00172905 -4.79993e-07 -0.000148532 -0.000272567
0 13 19 0.40867 0.00122465 0.00113516 0.0644068 0.00173957 0.00120794 3.59275e-06 -0.00152522 0.000993589 2.85882e-06 0.00112828 -0.00173682 -7.1802e-07 -0.00014709 -0.000275326
0 13.5 19 0.408375 6.99505e-05 0.000661328 0.0682945 -0.000157985 0.000582832 3.48855e-07 -0.00153801 0.000998278 -1.9955e-06 0.00111429 -0.00173484 3.55797e-07 -0.000144596 -0.000275992
0 14 19 0.409755 0.000362524 0.000876994 0.0716737 0.000314457 0.000875239 -2.91522e-06 -0.0015516 0.00099534 -5.98289e-08 0.00110786 -0.00173935 1.02495e-07 -0.000141591 -0.000278186
0 14.5 19 0.411268 0.0017687 0.000773829 0.0748073 0.00198358 0.000666397 4.16487e-06 -0.00156915 0.000992873 1.11037e-06 0.00110349 -0.00174411 -6.12305e-07 -0.00013893 -0.000281401
0 15 19 0.411702 -0.00011554 0.000904679 0.0805442 -0.000991044 0.000789885 -8.78767e-06 -0.00159395 0.00101369 -1.8557e-06 0.0010863 -0.00174388 1.09755e-06 -0.000138445 -0.000284371
0 15.5 19 0.415916 0.00016566 0.000563773 0.0852726 -0.000542027 0.000848242 -9.58073e-07 -0.00161762 0.00101108 -2.94751e-06 0.00108233 -0.00175299 5.55777e-07 -0.000135523 -0.000290252
0 16 19 0.417488 0.000554233 0.000136528 0.0880644 0.000174383 0.000495556 2.33608e-06 -0.00163825 0.00100978 -2.73308e-06 0.00107885 -0.00176123 -2.92196e-08 -0.000133234 -0.000294472
0 16.5 19 0.419509 0.000701737 -0.000616687 0.0933965 0.00136814 -0.000482009 7.81053e-06 -0.00166634 0.00101823 -7.05612e-07 0.0010719 -0.0017665 -1.10662e-06 -0.000131088 -0.000299469
0 17 19 0.421031 0.000560494 0.000111201 0.097866 0.000407629 -3.24128e-06 4.3554e-06 -0.00169129 0.00102214 -1.79677e-06 0.00106252 -0.00176906 2.16489e-08 -0.00012861 -0.000304051
0 17.5 19 0.423453 0.000278782 -0.000135724 0.10253 -0.00052475 1.05525e-05 -7.86847e-07 -0.00171527 0.00102606 -2.64474e-06 0.00105568 -0.00177405 4.86516e-07 -0.000126298 -0.00030905
0 18 19 0.42739 0.000482639 -0.00105657 0.106932 0.00123032 -0.000685825 4.74854e-06 -0.00173592 0.00102601 2.31286e-06 0.00105545 -0.00178434 -1.40519e-06 -0.000123856 -0.00031453
0 18.5 19 0.42949 4.37387e-06 -0.000183728 0.113027 0.000358584 0.000170766 -1.56938e-06 -0.00176545 0.00103696 6.22959e-07 0.00104409 -0.00178707 -5.69469e-07 -0.000121689 -0.000320117
0 19 19 0.432551 0.000570756 0.000784384 0.11783 0.00122175 0.000952669 2.54422e-06 -0.00178697 0.00103259 2.56012e-06 0.00103784 -0.00178977 -5.92175e-07 -0.000117879 -0.000325335
0 19.5 19 0.436048 0.00177875 -0.00110686 0.122931 0.000420069 -0.000785044 8.94215e-06 -0.00181065 0.00102945 -6.07502e-06 0.00103074 -0.00178897 -5.76602e-08 -0.000114487 -0.000331416
0 20 19 0.438628 0.0020994 -0.000271281 0.126832 0.00350719 -0.000480169 1.77211e-05 -0.00184711 0.00103541 3.42256e-06 0.00102915 -0.00180045 -2.07384e-06 -0.000112907 -0.000339858
0 20.5 19 0.442014 0.0015343 0.000545741 0.13093 0.00332859 0.00181133 -6.00512e-06 -0.00186098 0.00102357 7.07804e-06 0.00103415 -0.00180637 -2.64988e-06 -0.000107958 -0.000343596
0 21 19 0.446163 -0.000332125 0.000336956 0.136964 0.00023245 0.000959625 -2.44825e-06 -0.00189016 0.00103107 1.80529e-06 0.00102631 -0.00181697 -5.56383e-07 -0.000105582 -0.000351378
0 21.5 19 0.451239 0.000891823 0.000887448 0.143113 0.00130103 0.00101123 6.15263e-06 -0.00193431 0.00104446 1.25113e-06 0.00102134 -0.00182484 -3.79464e-07 -0.000105068 -0.000363337
0 22 19 0.45499 0.00124925 0.000121303 0.150279 0.000119116 -6.67907e-05 -8.67284e-07 -0.00197589 0.00105545 -5.81352e-06 0.00100928 -0.00182299 7.04232e-07 -0.00010313 -0.000373667
0 22.5 19 0.460126 0.000238423 -0.00207805 0.154422 0.00154655 -0.00210329 1.79901e-05 -0.00199808 0.00104127 -2.08272e-06 0.00101392 -0.00183823 -2.30709e-06 -9.76427e-05 -0.000381398
0 23 19 0.465046 0.00146817 -0.00214874 0.158728 0.00180924 -0.0022353 2.18967e-05 -0.00202441 0.00103532 -1.79046e-06 0.001014 -0.0018415 -1.94751e-06 -9.4608e-05 -0.000390261
0 23.5 19 0.469843 0.000980024 0.000335203 0.164709 0.00103872 -0.000309362 1.21808e-05 -0.00206032 0.00104759 -1.937e-08 0.00101295 -0.0018439 5.76833e-08 -9.42449e-05 -0.000400598
0 24 19 0.47488 0.00112404 0.000604923 0.170143 0.000407274 0.000360986 7.67153e-06 -0.00210379 0.00104405 -2.7514e-06 0.00101375 -0.00184812 6.6377e-07 -9.0675e-05 -0.000413286
0 24.5 19 0.480117 0.00096415 0.000119637 0.177131 0.000744261 1.93666e-05 8.55139e-06 -0.0021511 0.00104974 -1.7747e-07 0.00100385 -0.00184999 -6.34262e-08 -8.81549e-05 -0.000427487
0 25 19 0.484741 0.00201965 0.000443436 0.185244 0.00306727 -0.000127 1.6479e-05 -0.00219114 0.00106386 3.08834e-06 0.000990651 -0.00185476 -1.22149e-06 -8.60531e-05 -0.000439332
0 25.5 19 0.492869 5.30579e-05 0.00106906 0.191239 0.00248405 0.00175087 -9.39496e-07 -0.00223332 0.00107147 4.34408e-06 0.0010039 -0.00187377 -1.98392e-06 -8.48741e-05 -0.000454379
0 26 19 0.499536 0.00147311 0.000137433 0.19852 0.00115065 0.000399517 7.38758e-06 -0.00228262 0.0010731 -1.75216e-06 0.000998254 -0.00187418 -3.30416e-07 -8.19957e-05 -0.000471042
0 26.5 19 0.505939 0.000681327 -0.000513957 0.203051 -0.000925392 -0.000832673 1.25418e-05 -0.00233017 0.00105777 -4.39773e-06 0.00100061 -0.00187907 1.04757e-06 -7.68118e-05 -0.00048788
0 27 19 0.513226 -8.57635e-05 -0.000577954 0.209246 -0.0012598 -0.00139504 1.21767e-06 -0.00236085 0.00106349 -6.24045e-06 0.00100433 -0.00188739 1.16157e-06 -7.54361e-05 -0.000500753
0 27.5 19 0.520488 -0.000195407 -0.000448553 0.213615 -0.000851548 -0.00082685 3.39512e-06 -0.00240042 0.0010552 -2.74292e-06 0.00101571 -0.00189332 5.84592e-07 -7.23894e-05 -0.000516211
0 28 19 0.528197 0.000219127 0.000289562 0.223198 -0.00141281 0.000299025 1.09237e-07 -0.00244807 0.00107611 -4.23114e-06 0.00101258 -0.00190151 1.66418e-06 -7.19922e-05 -0.000533531
0 28.5 19 0.537303 0.00124903 -0.000158035 0.231695 0.00198277 -0.000313969 1.1461e-05 -0.00249812 0.00108464 7.6146e-07 0.00101512 -0.00191063 -1.25483e-06 -7.00488e-05 -0.000553532
0 29 19 0.545858 0.00198947 0.000151752 0.239605 0.00301383 -2.61817e-05 1.22779e-05 -0.00254624 0.0010911 1.71237e-06 0.00101911 -0.0019157 -1.5949e-06 -6.8286e-05 -0.000572866
0 29.5 19 0.554156 0.00208596 0.000706029 0.248937 0.0031894 0.0016111 1.00707e-05 -0.00260451 0.00109889 4.01823e-06 0.00101395 -0.00192128 -1.81509e-06 -6.53339e-05 -0.000595465
0 30 19 0.563433 0.00130459 0.000610605 0.256256 0.00308585 0.00066519 9.57084e-06 -0.00266392 0.00109274 4.30789e-06 0.0010228 -0.0019367 -1.80226e-06 -5.96934e-05 -0.000619433
0 30.5 19 0.574199 0.000234828 0.00121192 0.261995 0.0017483 0.00113076 4.81519e-06 -0.00271316 0.00108815 5.16164e-06 0.00104116 -0.00194718 -5.18942e-07 -5.73259e-05 -0.000642561
0 31 19 0.583637 0.000453761 0.00186084 0.271896 0.00180604 0.00394146 -7.62241e-07 -0.00278061 0.00112076 7.65899e-06 0.00103488 -0.00194937 -9.58378e-07 -6.20299e-05 -0.00067075
0 31.5 19 0.591402 0.000795769 0.00131767 0.277955 0.000957284 0.00179399 4.82629e-06 -0.00283248 0.00111435 1.31932e-06 0.00103825 -0.00194898 4.45356e-07 -5.86459e-05 -0.000693277
0 32 19 0.600623 0.00256911 -9.04622e-05 0.285128 0.00418872 -0.000540389 1.99746e-05 -0.00288613 0.00110141 3.48037e-06 0.00104727 -0.00195536 -2.52799e-06 -5.20029e-05 -0.000717468
0 32.5 19 0.614218 0.00152857 0.00135502 0.292644 0.00312054 0.00200969 -4.01633e-06 -0.00293427 0.00109994 4.74127e-06 0.00107557 -0.00197017 -1.32611e-06 -4.95196e-05 -0.000743764
0 33 19 0.626994 0.00222541 0.000684185 0.302921 0.00304279 0.00106839 5.50339e-06 -0.00301448 0.00111961 2.74724e-06 0.00107624 -0.00197841 -1.30783e-06 -5.13403e-05 -0.000782034
0 33.5 19 0.63888 0.00196955 0.000209189 0.3134 0.00191302 0.000514159 7.46719e-06 -0.0030964 0.00113735 2.58794e-07 0.00107357 -0.00198514 -7.30902e-07 -5.2241e-05 -0.000820894
0 34 19 0.649059 0.000439488 0.000455247 0.325102 0.000699136 0.00127548 2.98811e-06 -0.00316325 0.00114098 1.54727e-06 0.00107614 -0.00199089 -4.11495e-07 -4.66594e-05 -0.00085164
0 34.5 19 0.663477 0.000452003 0.000642707 0.331768 0.00160995 0.00223356 1.66408e-06 -0.00323015 0.00112887 1.61212e-06 0.00110714 -0.00201438 -1.56482e-06 -4.03345e-05 -0.000887908
0 35 19 0.676848 0.000463086 0.000604785 0.341649 0.00331498 0.00329946 8.25064e-07 -0.00331202 0.00113896 7.44999e-06 0.00111619 -0.00201544 -3.91673e-06 -4.11547e-05 -0.000930207
0 35.5 19 0.689 0.000288386 0.00109939 0.349936 0.00256539 0.00419457 -1.62966e-06 -0.00338443 0.0011453 8.74139e-06 0.00112515 -0.00201859 -2.92346e-06 -4.13495e-05 -0.000969079
0 36 19 0.701356 0.000759414 0.000904196 0.360556 0.000223422 0.00132742 6.02856e-06 -0.00346768 0.00115639 2.75588e-06 0.00112691 -0.00202494 1.03268e-06 -4.04653e-05 -0.00101288
0 36.5 19 0.717497 0.00157775 -0.000337989 0.371078 0.00102124 -0.00176773 1.70157e-05 -0.00355371 0.00116675 -2.51504e-06 0.00114673 -0.00203539 2.94117e-07 -4.09246e-05 -0.00106213
0 37 19 0.732599 -0.000607809 6.08059e-05 0.383645 -0.00074111 -0.000818572 2.69757e-07 -0.00362633 0.00117162 -3.03435e-06 0.00115991 -0.00204468 9.86596e-07 -3.69454e-05 -0.00110583
0 37.5 19 0.748775 0.00161448 -0.000269086 0.392239 0.00182552 -0.000250656 5.77911e-06 -0.00371538 0.00117631 2.65904e-06 0.00118543 -0.00205563 -1.27804e-06 -3.72499e-05 -0.00115851
0 38 19 0.762643 0.00194355 -0.00105119 0.404937 0.0015255 -0.00191119 9.85767e-06 -0.00379404 0.00118507 -2.96502e-06 0.0011874 -0.00205977 -1.27893e-06 -3.4855e-05 -0.00120635
0 38.5 19 0.785251 0.00185539 -0.000422861 0.413895 0.00180949 -0.00173802 1.73828e-05 -0.00390465 0.00119478 1.31898e-06 0.00121329 -0.00207348 -5.38785e-07 -4.00037e-05 -0.00128199
0 39 19 0.798565 0.000213053 0.000119722 0.431593 0.000316505 8.9218e-05 4.16462e-06 -0.00400544 0.00121142 6.45603e-07 0.00121338 -0.00208484 -1.52416e-08 -3.3796e-05 -0.00133746
0 39.5 19 0.816197 0.000657547 0.000928242 0.44053 0.00117283 0.00278257 -3.77249e-06 -0.00408004 0.0011975 2.20948e-06 0.00125563 -0.00209841 -6.90134e-07 -2.6493e-05 -0.00138849
0 40 19 0.835612 0.00162894 0.00123717 0.450144 0.00198822 0.0029371 3.67897e-07 -0.00416435 0.00119137 2.74481e-06 0.00129746 -0.00211218 -4.58787e-07 -2.2365e-05 -0.00144787
0 40.5 19 0.85607 0.000895429 0.00110532 0.462333 0.00190424 0.00370815 5.42734e-06 -0.0042573 0.0011994 7.07587e-06 0.00132942 -0.00212777 -1.60091e-06 -2.14999e-05 -0.00151497
0 41 19 0.873708 0.000851195 -4.5866e-06 0.483071 0.00122739 -0.00100801 1.09881e-05 -0.00439165 0.00123222 2.19712e-06 0.0013158 -0.00212925 -1.29188e-07 -2.4012e-05 -0.00160071
0 41.5 19 0.894631 0.00126431 0.000113893 0.493853 0.0013594 -0.000402937 9.18009e-06 -0.00449153 0.00123238 9.61488e-07 0.00135474 -0.002147 -1.51544e-07 -2.11117e-05 -0.00167462
0 42 19 0.916536 0.00147275 -0.000568877 0.50651 0.000697232 -0.001048 1.06887e-05 -0.00459734 0.00123485 -1.89541e-06 0.00140086 -0.0021639 -4.18662e-07 -1.78759e-05 -0.00175204
0 42.5 19 0.938639 0.00127523 -0.000614802 0.521272 0.00113246 -0.000699621 9.68774e-06 -0.00471788 0.00124271 -1.35226e-06 0.00142927 -0.0021729 -1.3883e-06 -1.68931e-05 -0.00184168
0 43 19 0.960936 0.000896728 -0.00060162 0.535897 0.00134079 -0.00039234 8.32759e-06 -0.00483823 0.00124961 -1.10136e-06 0.00145819 -0.00218235 -2.07209e-06 -1.56431e-05 -0.0019339
0 43.5 19 0.981432 0.000705228 2.8791e-05 0.551907 0.000975463 0.000949178 4.01121e-06 -0.00495414 0.00126398 8.08725e-07 0.00148447 -0.00219035 -1.2558e-06 -1.58227e-05 -0.00202143
0 44 19 1.00408 0.000716934 0.000703051 0.565795 0.00100063 0.00322657 -1.27232e-06 -0.00507164 0.00126952 3.42251e-06 0.00152695 -0.00220187 -1.32715e-06 -1.44406e-05 -0.00211419
0 44.5 19 1.02973 0.000687237 0.00100304 0.578885 0.000914727 0.00502177 -4.15054e-06 -0.00519949 0.00126265 5.16671e-06 0.00158204 -0.00221632 -1.94446e-06 -8.58741e-06 -0.00221913
0 45 19 1.0513 -8.57317e-05 0.000359919 0.591107 -0.00248783 0.00145253 -6.99475e-06 -0.0053191 0.00125714 -4.11021e-06 0.00161885 -0.00222326 2.49317e-06 -3.72651e-06 -0.00231755
0 45.5 19 1.07839 0.00240173 0.00199144 0.611109 0.0046701 0.00546049 5.22228e-06 -0.00547427 0.0012675 6.69595e-06 0.00165358 -0.00225236 -2.80113e-06 4.81925e-06 -0.00244645
0 46 19 1.10337 0.00100677 0.00149492 0.625111 0.000603346 0.00331871 -4.16976e-06 -0.00562016 0.00126856 -7.25083e-10 0.00170232 -0.00226569 1.33118e-06 8.30842e-06 -0.00256849
0 46.5 19 1.13277 -0.000978175 0.00130934 0.642667 -0.00388419 0.00531821 -1.52142e-05 -0.00580341 0.0012693 -4.5525e-07 0.00174275 -0.00229239 2.9964e-06 1.76955e-05 -0.00272697
0 47 19 1.16013 -0.00145904 0.000423033 0.655476 -0.00456802 0.00388391 -1.05408e-05 -0.00594543 0.00126029 -1.4526e-06 0.00181038 -0.00230413 2.08512e-06 2.4093e-05 -0.00285542
0 47.5 19 1.188 0.00144907 -0.000686828 0.672363 0.00277621 -0.00140961 1.27488e-05 -0.00608032 0.00126199 -1.78866e-06 0.0018851 -0.00231651 -3.06064e-06 2.91445e-05 -0.00297797
0 48 19 1.22 0.00264932 -0.0004653 0.687278 0.00666136 -0.000338809 1.6222e-05 -0.00626294 0.00125884 3.88942e-06 0.00195777 -0.00234686 -7.27453e-06 3.85784e-05 -0.00314765
0 48.5 19 1.24868 0.0010586 0.00130526 0.70558 0.00131167 0.00497629 -3.56239e-06 -0.00643064 0.00125359 3.62983e-06 0.00200658 -0.00235998 -1.68007e-06 4.99194e-05 -0.003307
0 49 19 1.2829 0.00101561 -0.000661911 0.719666 0.000664486 -0.00279968 5.15151e-06 -0.0066366 0.00125676 -2.43557e-06 0.00207146 -0.00238091 5.5044e-07 5.05844e-05 -0.00351168
0 49.5 19 1.31523 0.000694219 0.000249778 0.742199 -8.55925e-05 -0.000159202 1.64825e-06 -0.00683676 0.00126964 -4.92907e-07 0.00212861 -0.00241575 1.56737e-06 6.15442e-05 -0.00370604
0 50 19 1.35119 0.00121111 0.000667784 0.761265 0.0020418 0.0014851 -1.11509e-06 -0.00706202 0.00125525 -1.98421e-06 0.00219838 -0.00246775 -1.03366e-06 9.12646e-05 -0.00393428
0 50.5 19 1.38796 0.00132721 0.00110328 0.77348 0.00226561 0.00210495 1.03659e-06 -0.00725304 0.00123051 2.18444e-07 0.00228688 -0.00250318 -4.2486e-07 0.000114131 -0.00414904
0 51 19 1.42688 0.000544027 0.000910239 0.78744 -0.000168801 0.00131475 1.30672e-07 -0.00746207 0.00120948 -1.64705e-06 0.00237593 -0.00254999 2.37847e-06 0.000141089 -0.00438829
0 51.5 19 1.46404 -0.00098865 -6.22531e-06 0.809173 -0.00496549 -0.000561814 -9.92489e-06 -0.00768965 0.00120192 -9.76067e-06 0.00244915 -0.00259985 6.52468e-06 0.000172038 -0.0046381
0 52 19 1.5085 0.000649301 0.00107536 0.814588 -0.000884066 0.00493131 -9.33595e-06 -0.00792943 0.00116291 -5.83573e-06 0.00261006 -0.00267317 -6.12831e-07 0.00021162 -0.00491769
0 52.5 19 1.5542 0.000496815 0.00203038 0.828609 -0.000323505 0.0082511 -1.81988e-05 -0.00819233 0.00115619 -6.74898e-07 0.00270436 -0.00272657 -2.11193e-06 0.000231132 -0.00524582
0 53 19 1.60284 0.000323927 0.00121571 0.844493 -0.00018712 0.00539709 -7.97324e-06 -0.00845652 0.00113643 2.8181e-06 0.00280766 -0.00280021 -1.99022e-06 0.00027163 -0.00559169
0 53.5 19 1.65381 -0.000155012 0.000140933 0.862313 -0.00166572 0.00131514 2.45672e-06 -0.00873936 0.00111886 6.76405e-07 0.0029178 -0.00288751 1.01535e-06 0.000319776 -0.00596858
0 54 19 1.70527 -0.000429259 8.37255e-05 0.871379 -0.00187461 0.0013476 4.12967e-06 -0.00902414 0.00109028 5.52352e-08 0.00304884 -0.0029814 8.83933e-07 0.000369354 -0.00636593
0 54.5 19 1.76128 0.000306652 -5.12013e-05 0.887986 0.00180825 0.000251231 8.1842e-06 -0.00939586 0.00106662 1.23419e-06 0.00313387 -0.00309178 -3.26602e-06 0.000433424 -0.00688294
0 55 19 1.82125 0.00237245 0.000762337 0.894017 0.00595106 0.00089161 5.17428e-06 -0.00969237 0.00102507 8.86448e-07 0.00329592 -0.00322009 -6.14042e-06 0.000505956 -0.00735284
0 55.5 19 1.88901 0.00187551 0.00115519 0.907425 0.00141453 0.00116154 1.03886e-05 -0.0100801 0.00101493 3.02973e-06 0.00340792 -0.00334576 2.42845e-06 0.000559421 -0.00797452
0 56 19 1.96153 -0.001552 0.000841074 0.91993 -0.000615317 0.00143692 4.71586e-06 -0.0104672 0.00101195 7.78439e-06 0.00354903 -0.00353493 2.15428e-06 0.000633465 -0.00863341
0 56.5 19 2.03592 -6.72266e-05 0.00172371 0.931833 0.00157324 0.00211 7.36995e-06 -0.0108828 0.000992101 7.93734e-06 0.00365263 -0.0036874 2.59193e-06 0.000708114 -0.00937641
0 57 19 2.11497 0.00118748 0.00257198 0.94081 0.000769909 0.00101685 1.6294e-05 -0.0113151 0.000982703 5.374e-06 0.00376121 -0.00386873 1.17329e-05 0.000780701 -0.0101962
0 57.5 19 2.20923 -0.000476823 0.000869907 0.947686 -0.004529 -0.000160017 -1.0866e-07 -0.0117878 0.000995385 -1.4042e-05 0.00391417 -0.00408183 1.44463e-05 0.000834628 -0.0111664
0 58 19 2.30786 0.00149382 -0.000582825 0.963595 0.00587849 0.00254686 -9.30696e-06 -0.0122909 0.00103726 -4.32557e-06 0.00404362 -0.00434958 -2.07407e-05 0.000898684 -0.0122346
0 58.5 19 2.41052 -0.00304919 -0.000193648 0.980454 -0.000585889 0.000344603 -1.08366e-05 -0.0127987 0.00105225 -8.89962e-06 0.00412081 -0.00457982 -2.21188e-06 0.000976909 -0.0134057
0 59 19 2.5237 -0.00034863 0.00222705 0.988993 -0.00194315 0.00806472 -3.39616e-06 -0.0133257 0.00106953 -5.54774e-06 0.00422784 -0.00487543 2.34069e-06 0.00106126 -0.0147244
0 59.5 19 2.64939 0.00196651 0.000616785 1.00673 -0.00371846 0.00510007 -1.17011e-05 -0.0139233 0.00117911 -1.41981e-05 0.00432624 -0.00518951 4.06964e-06 0.00105022 -0.0162665
0 60 19 2.78742 0.00366524 0.000556612 1.03512 0.00327044 0.00582011 -1.18545e-06 -0.0145816 0.00127972 -2.88412e-06 0.0044024 -0.00553348 -1.54563e-05 0.00108033 -0.0180441
0 60.5 19 2.93445 0.0021241 0.00440404 1.03524 0.00895556 0.00619204 1.07584e-05 -0.0151364 0.00135054 -6.53047e-07 0.00457313 -0.00591982 -5.9012e-06 0.0010827 -0.0198413
0 61 19 3.09167 -0.00017608 0.00431952 1.05886 0.00273008 0.02057 4.00222e-06 -0.0157858 0.00147381 9.53492e-07 0.00460825 -0.00631678 -2.20546e-05 0.00106606 -0.0219626
0 61.5 19 3.27019 -0.000776324 0.00665721 1.08868 -0.000832606 0.0318211 -1.63927e-05 -0.0165048 0.00169699 2.36718e-06 0.00465876 -0.00675785 -1.70309e-05 0.000903835 -0.0244509
0 62 19 3.4621 0.000801873 0.00744521 1.14293 -0.0024068 0.0293777 -2.28287e-05 -0.0173223 0.0020219 3.14177e-06 0.00465426 -0.00721203 5.60773e-06 0.000621398 -0.0273259
0 62.5 19 3.67901 0.00498428 0.00542225 1.19764 -0.00018327 0.0075922 7.63923e-06 -0.0181671 0.00234062 3.60833e-06 0.00461948 -0.00773843 3.82596e-05 0.000328353 -0.0306523
0 63 19 3.901 0.00654057 0.00569742 1.25803 0.00449979 0.00491693 8.09573e-06 -0.0189534 0.00271945 1.32101e-05 0.00456469 -0.00825464 3.30917e-05 -0.000111933 -0.0340973
0 63.5 19 4.13098 0.00602127 0.00625907 1.33157 0.00795903 0.00517934 5.29269e-06 -0.0197663 0.00314698 2.28168e-05 0.0044708 -0.00876464 2.48768e-05 -0.000664612 -0.0378506
0 64 19 4.38742 -0.00604156 0.00102974 1.42687 -0.0044626 -0.00214568 -6.46581e-06 -0.0206848 0.00366583 3.26231e-06 0.00429182 -0.00933239 2.50041e-05 -0.00138371 -0.0423144
0 64.5 19 4.65902 -0.0027474 0.000829244 1.53899 -0.0062971 -0.00788363 2.3559e-06 -0.0216295 0.00431308 3.23668e-07 0.00404977 -0.00989602 5.01648e-05 -0.00243242 -0.0472699
0 65 19 4.94961 0.00721389 -0.00037289 1.6769 -0.000356049 -0.00684412 9.67455e-06 -0.0226562 0.00506787 -8.15319e-07 0.003744 -0.0104695 2.87314e-05 -0.00376379 -0.0529305
0 65.5 19 5.2618 0.0035413 0.00194582 1.82971 0.000599984 -0.00229824 -6.66922e-06 -0.0236589 0.00594141 -6.30263e-06 0.00338082 -0.0110343 3.41129e-05 -0.00553648 -0.0591511
0 66 19 5.58823 -0.00479873 0.00124227 1.99432 -0.000125032 -0.00379998 -2.11374e-05 -0.0246108 0.00680976 -7.62317e-06 0.0030244 -0.0115807 5.41777e-06 -0.00747944 -0.0657496
0 66.5 19 5.95756 -0.00455769 -0.000534562 2.21018 -0.00344219 -0.00871385 -9.76243e-06 -0.0255574 0.00796955 -9.36845e-06 0.00263101 -0.0121812 7.43564e-06 -0.0102782 -0.0732226
0 67 19 6.32387 -0.0019013 0.00060162 2.47889 -0.00692432 -0.0110941 -4.07437e-06 -0.0265412 0.00919425 -9.81517e-06 0.00207898 -0.0126941 5.47245e-05 -0.0133379 -0.0813448
0 67.5 19 6.69949 0.00120116 0.00352198 2.77106 -0.00262534 -0.011891 1.70408e-07 -0.027457 0.0105404 3.4317e-06 0.00147595 -0.0131357 8.07e-05 -0.0171078 -0.089929
0 68 19 7.10734 -0.00369287 -0.00467311 3.09428 -0.00718049 -0.0362024 -7.28271e-06 -0.0283115 0.0120817 -1.96903e-05 0.000944589 -0.0135492 -2.27163e-05 -0.0219714 -0.0991484
0 68.5 19 7.50172 -0.000132995 -0.0056215 3.48845 -0.00788598 -0.0110968 -7.05587e-06 -0.0291895 0.0138688 -2.3661e-05 0.000182418 -0.0137853 -2.75992e-05 -0.0279752 -0.109168
0 69 19 7.91413 0.00266212 -0.000849012 3.94706 0.00806401 0.004388 6.8283e-06 -0.0300327 0.0158763 2.90005e-06 -0.000747826 -0.0139362 -4.61668e-05 -0.03532 -0.120317
0 69.5 19 8.34428 0.00722277 -0.00497851 4.4246 0.00800251 0.00553874 7.41467e-07 -0.0307691 0.0179398 -1.02093e-05 -0.00153815 -0.0139547 -6.33812e-05 -0.0439754 -0.131776
0 70 19 8.75755 -0.00761367 -0.000698773 4.99654 3.9024e-05 -0.00920521 2.16236e-05 -0.0313352 0.0201598 1.25551e-05 -0.0024368 -0.0138124 -9.91782e-05 -0.0537681 -0.143297
0 70.5 19 9.17514 -0.00493543 7.3195e-05 5.67352 -0.0117983 -0.0160444 2.70524e-06 -0.0318746 0.0226968 -1.33581e-05 -0.00349808 -0.0134092 -3.80201e-06 -0.0660843 -0.15615
0 71 19 9.58827 -0.0097389 0.00212485 6.43433 -0.0374072 -0.0266543 -2.70305e-06 -0.0322185 0.0255547 -3.43052e-05 -0.00445347 -0.0127384 8.86947e-05 -0.0815307 -0.168788
0 71.5 19 9.96392 -0.010391 0.00674653 7.27695 -0.032631 -0.0079406 2.82203e-06 -0.0324794 0.0284995 -1.05548e-05 -0.00552062 -0.0117843 0.00013184 -0.0991066 -0.181898
0 72 19 10.2953 0.00894892 0.00621187 8.19917 0.0185223 0.0114218 -1.71506e-05 -0.0325115 0.031697 4.27136e-06 -0.00652379 -0.0103739 0.000183988 -0.120636 -0.194102
0 72.5 19 10.5683 0.00204816 0.00588927 9.25421 -0.0205259 0.0133732 -4.51262e-05 -0.0322255 0.0350891 -5.10109e-05 -0.00740052 -0.00844075 0.000266937 -0.14636 -0.204527
0 73 19 10.7855 0.00135826 0.00476425 10.4008 -0.023403 0.00163563 -3.80518e-05 -0.0316305 0.0385637 -3.42492e-05 -0.00817753 -0.00608691 0.000179451 -0.176311 -0.213103
0 73.5 19 10.9529 0.00825298 -0.000830879 11.6553 -0.0265103 -0.00946395 9.68669e-06 -0.0307175 0.0426025 1.29025e-05 -0.00863777 -0.00288887 0.000160456 -0.216474 -0.21856
0 74 19 10.9762 0.00424239 -0.00368119 13.0509 0.00229294 0.0106725 1.08824e-05 -0.029447 0.0465565 1.73527e-05 -0.00886593 0.00111906 9.3149e-05 -0.26281 -0.219463
0 74.5 19 10.8889 0.00906788 -0.0109464 14.5882 0.021188 0.0278038 -6.29129e-05 -0.0278883 0.050552 -4.96833e-05 -0.0086977 0.00585181 0.000259469 -0.317912 -0.215278
0 75 19 10.6608 -0.0138804 -0.00982571 15.9828 0.0239775 0.0706091 -7.47996e-05 -0.0265068 0.0529957 -8.10754e-05 -0.00846537 0.00892581 -9.21495e-05 -0.353821 -0.208941
