# y jRe_x jRe_y jRe_z jIm_x jIm_y jIm_z BRe_x BRe_y BRe_z BIm_x BIm_y BIm_z F_x F_y F_z VReGrad_x VReGrad_y VReGrad_z VImGrad_x VImGrad_y VImGrad_z s VRe VIm sigma mur
-0.075 -1852648.8 	-332.91585 	46.782385 	 -4467441.6 	-1354.7485 	362.70732 	 1.153537e-08 	0.0081339028 	0.039863067 	 2.4774413e-07 	0.010180922 	0.0073232221 	 -13.52425 	53284.316 	-30275.378 	 0.17020476 	0.00030499835 	-3.6348277e-05 	 0.41103623 	0.0010887461 	-0.00030231688 		-0.075 4.9942254e-08 1.1345873e-06 1200000 1
-0.07375 -1913154.4 	-0.010666858 	-0.035117632 	 -4122878.6 	0.22974668 	-0.15308239 	 3.1632857e-09 	0.0092625904 	0.038185246 	 3.5256543e-09 	0.011889069 	0.0041041595 	 0.0014631864 	45022.037 	-33357.561 	 0.14440857 	3.8963826e-06 	4.0733524e-07 	 0.30721541 	-4.8225434e-06 	3.0014933e-07 		-0.07375 5.3608319e-08 8.7323172e-07 1200000 1
-0.0725 -1937372.2 	0.051690744 	-0.018210598 	 -3782465.7 	0.25775546 	-0.26346984 	 3.4233049e-09 	0.01021266 	0.036030168 	 3.5483329e-09 	0.012917491 	0.00048132543 	 0.0028349977 	35816.49 	-34325.73 	 0.11583667 	3.9140006e-06 	3.924731e-07 	 0.19125522 	-4.9618978e-06 	3.9842629e-07 		-0.0725 5.8484409e-08 8.6711948e-07 1200000 1
-0.07125 -1941277.6 	0.10947773 	0.0005891529 	 -3461832 	0.27565672 	-0.20529009 	 3.722753e-09 	0.010798526 	0.034174221 	 3.523243e-09 	0.01318889 	-0.0021758428 	 0.0029390995 	29424.973 	-33318.838 	 0.088978726 	3.9338601e-06 	3.7637842e-07 	 0.080371212 	-5.0969162e-06 	3.5632119e-07 		-0.07125 6.3386557e-08 8.6080905e-07 1200000 1
-0.07 -1924153.5 	0.1553541 	0.0091645294 	 -3164477.7 	0.34830507 	-0.23287122 	 4.0604695e-09 	0.011161927 	0.03236919 	 3.6082044e-09 	0.013086156 	-0.0044539128 	 0.0032466169 	24115.742 	-31457.215 	 0.063819892 	3.9615413e-06 	3.6908217e-07 	 -0.025646875 	-5.2790798e-06 	3.8551637e-07 		-0.07 6.8328422e-08 8.5429891e-07 1200000 1
-0.06875 -1894279.4 	0.19208844 	0.010492834 	 -2886242.5 	0.33421448 	-0.15380775 	 4.416076e-09 	0.011481981 	0.030631273 	 3.6542291e-09 	0.012967523 	-0.006415421 	 0.0028427959 	19763.579 	-29588.619 	 0.04030731 	3.9946909e-06 	3.6790632e-07 	 -0.12701064 	-5.3916604e-06 	3.258368e-07 		-0.06875 7.3316437e-08 8.4760657e-07 1200000 1
-0.0675 -1848744.9 	0.22945775 	0.0033144558 	 -2630017.9 	0.34957884 	-0.22303386 	 4.7997323e-09 	0.01160677 	0.028954551 	 3.6536168e-09 	0.012587284 	-0.0081069861 	 0.0033512037 	16109.327 	-27287.254 	 0.018530902 	4.024532e-06 	3.7403689e-07 	 -0.22358306 	-5.5303638e-06 	3.8968267e-07 		-0.0675 7.8342321e-08 8.4079433e-07 1200000 1
-0.06625 -1795871 	0.26592574 	-0.011708556 	 -2389943.3 	0.35131455 	-0.33839047 	 5.1757439e-09 	0.011554355 	0.027343527 	 3.625744e-09 	0.011987719 	-0.009578534 	 0.004136416 	13120.922 	-24713.355 	 -0.0015527276 	4.0542925e-06 	3.867273e-07 	 -0.31551089 	-5.6616955e-06 	4.9223096e-07 		-0.06625 8.3379684e-08 8.337931e-07 1200000 1
-0.065 -1733315.1 	0.31068144 	-0.018180348 	 -2169347.4 	0.34382938 	-0.45015199 	 5.5710782e-09 	0.011405461 	0.025810493 	 3.5580066e-09 	0.011329675 	-0.010840772 	 0.0048883968 	10623.361 	-22188.66 	 -0.020047984 	4.0749892e-06 	3.9229011e-07 	 -0.4029501 	-5.7862231e-06 	5.9169377e-07 		-0.065 8.8446036e-08 8.2663661e-07 1200000 1
-0.06375 -1665689.6 	0.36444024 	-0.017884667 	 -1964811.8 	0.32111024 	-0.34027197 	 5.9923645e-09 	0.011277859 	0.024380464 	 3.4288913e-09 	0.010780635 	-0.011906988 	 0.0045005331 	8611.7913 	-19986.294 	 -0.037051351 	4.0867427e-06 	3.9212276e-07 	 -0.48612961 	-5.9002945e-06 	5.0645778e-07 		-0.06375 9.353835e-08 8.1933557e-07 1200000 1
-0.0625 -1591018.9 	0.42434161 	-0.018310911 	 -1778259.2 	0.29591467 	-0.2856053 	 6.4244341e-09 	0.011017169 	0.02302148 	 3.2938452e-09 	0.010122579 	-0.012817476 	 0.0045595511 	6922.3192 	-17771.614 	 -0.05253505 	4.0908077e-06 	3.924937e-07 	 -0.5649025 	-6.0134385e-06 	4.67226e-07 		-0.0625 9.864408e-08 8.1189875e-07 1200000 1
-0.06125 -1514352.2 	0.49106686 	-0.013144984 	 -1604764.2 	0.2655563 	-0.22344706 	 6.8382726e-09 	0.010641626 	0.021721987 	 3.1200293e-09 	0.0093779748 	-0.013613179 	 0.0046705221 	5534.1552 	-15595.241 	 -0.066606541 	4.0885946e-06 	3.8799372e-07 	 -0.63957619 	-6.1257939e-06 	4.2194921e-07 		-0.06125 1.0376023e-07 8.0430722e-07 1200000 1
-0.06 -1434405 	0.5497236 	-0.014148715 	 -1446299.6 	0.22603194 	-0.1937557 	 7.2627836e-09 	0.010240248 	0.020516456 	 2.9355494e-09 	0.0086748527 	-0.014275097 	 0.0049568992 	4399.3864 	-13630.164 	 -0.07936852 	4.0919462e-06 	3.8834783e-07 	 -0.71033649 	-6.2313394e-06 	4.0363138e-07 		-0.06 1.0888735e-07 7.965924e-07 1200000 1
-0.05875 -1353219.1 	0.59977916 	-0.018523647 	 -1300698.1 	0.18498397 	-0.11062126 	 7.7118768e-09 	0.0098733434 	0.019418436 	 2.6984622e-09 	0.0080770282 	-0.014814099 	 0.0050158179 	3506.431 	-11937.551 	 -0.090909421 	4.1009492e-06 	3.910877e-07 	 -0.77741245 	-6.3371241e-06 	3.4073467e-07 		-0.05875 1.1402745e-07 7.8874509e-07 1200000 1
-0.0575 -1270247.9 	0.64355063 	-0.026452984 	 -1168200.7 	0.14943255 	-0.16995406 	 8.1513264e-09 	0.0094173005 	0.018383178 	 2.4425737e-09 	0.0074336266 	-0.015268033 	 0.0055868629 	2761.7031 	-10330.555 	 -0.10124201 	4.1147357e-06 	3.9624339e-07 	 -0.84078785 	-6.4488477e-06 	3.9658047e-07 		-0.0575 1.1916928e-07 7.8074091e-07 1200000 1
-0.05625 -1187508.9 	0.68867431 	-0.037907967 	 -1046139.3 	0.11923757 	-0.29623784 	 8.5788243e-09 	0.0088834982 	0.017400592 	 2.1572124e-09 	0.0067559884 	-0.01565996 	 0.0062873068 	2147.3396 	-8820.2073 	 -0.11047429 	4.127202e-06 	4.036953e-07 	 -0.90077526 	-6.5677895e-06 	5.0835563e-07 		-0.05625 1.2430571e-07 7.7257074e-07 1200000 1
-0.055 -1104848.1 	0.74804671 	-0.039245656 	 -934879.03 	0.087315727 	-0.33396034 	 9.0268209e-09 	0.0083710654 	0.016513467 	 1.8370417e-09 	0.0061552103 	-0.015968651 	 0.0067203264 	1662.9673 	-7511.9418 	 -0.11870722 	4.1273041e-06 	4.021599e-07 	 -0.95762307 	-6.6857184e-06 	5.4625773e-07 		-0.055 1.2944587e-07 7.6426949e-07 1200000 1
-0.05375 -1022724 	0.81894792 	-0.034171266 	 -833528.59 	0.052646648 	-0.26731932 	 9.5098948e-09 	0.0078896936 	0.015723275 	 1.4967012e-09 	0.0056329483 	-0.016203389 	 0.0069114836 	1288.5245 	-6387.3397 	 -0.12600978 	4.1176318e-06 	3.9473885e-07 	 -1.0115107 	-6.8024893e-06 	4.9713118e-07 		-0.05375 1.345817e-07 7.5584284e-07 1200000 1
-0.0525 -941361.04 	0.89873258 	-0.021083167 	 -741010.08 	0.0099014649 	-0.20242725 	 9.9756236e-09 	0.007349364 	0.014977225 	 1.1761938e-09 	0.0050919639 	-0.016400665 	 0.0072433759 	976.42032 	-5353.3955 	 -0.13243284 	4.1013752e-06 	3.8009214e-07 	 -1.0625702 	-6.9136884e-06 	4.4960689e-07 		-0.0525 1.3971416e-07 7.4728347e-07 1200000 1
-0.05125 -861056.6 	0.97269071 	-0.013128658 	 -656408.55 	-0.040386436 	-0.20200835 	 1.0419992e-08 	0.0067561605 	0.014275201 	 8.855154e-10 	0.0045379286 	-0.016565983 	 0.0077878653 	714.01825 	-4408.8455 	 -0.1380728 	4.0911113e-06 	3.6923529e-07 	 -1.1110831 	-7.0203847e-06 	4.5593116e-07 		-0.05125 1.4484754e-07 7.385841e-07 1200000 1
-0.05 -782281.71 	1.0277989 	-0.018840969 	 -578903.31 	-0.084929636 	-0.16750408 	 1.0894898e-08 	0.0062090358 	0.013664327 	 5.4524439e-10 	0.0040639452 	-0.016681603 	 0.0081330938 	519.20827 	-3613.9184 	 -0.14302639 	4.0968621e-06 	3.6932362e-07 	 -1.1573273 	-7.1318975e-06 	4.338462e-07 		-0.05 1.4998902e-07 7.297403e-07 1200000 1
-0.04875 -704633.56 	1.0655766 	-0.032643286 	 -508589.91 	-0.12888626 	-0.14332799 	 1.1373442e-08 	0.0056802264 	0.013134834 	 1.6680069e-10 	0.0036382799 	-0.016754408 	 0.0084657291 	368.01506 	-2932.5253 	 -0.14734758 	4.1176467e-06 	3.757423e-07 	 -1.2014294 	-7.2443731e-06 	4.2032177e-07 		-0.04875 1.5514617e-07 7.2075395e-07 1200000 1
-0.0475 -628563.42 	1.0887892 	-0.062882188 	 -443610.76 	-0.16717462 	-0.20843117 	 1.1812896e-08 	0.0051134726 	0.012630724 	 -1.9482134e-10 	0.0032058573 	-0.016820518 	 0.0088177059 	241.67534 	-2325.9859 	 -0.15112547 	4.1518518e-06 	3.9520191e-07 	 -1.2436546 	-7.3631767e-06 	4.8149695e-07 		-0.0475 1.6031468e-07 7.1158252e-07 1200000 1
-0.04625 -553596.22 	1.1186609 	-0.086446476 	 -384366.35 	-0.18827197 	-0.33151036 	 1.2302564e-08 	0.0045096774 	0.012167654 	 -4.7452608e-10 	0.0027676523 	-0.016869509 	 0.0091011799 	130.22122 	-1790.5408 	 -0.15442886 	4.1810546e-06 	4.0867014e-07 	 -1.2841749 	-7.4949675e-06 	5.9094289e-07 		-0.04625 1.6549732e-07 7.0228803e-07 1200000 1
-0.045 -480406.4 	1.1690893 	-0.096523545 	 -329285.69 	-0.22087228 	-0.31886334 	 1.2844794e-08 	0.0039625599 	0.011789737 	 -8.1999061e-10 	0.0023992556 	-0.01688903 	 0.0093576785 	53.254266 	-1355.3525 	 -0.15735275 	4.1937572e-06 	4.1050036e-07 	 -1.3232925 	-7.6187216e-06 	5.8720164e-07 		-0.045 1.7070473e-07 6.9285292e-07 1200000 1
-0.04375 -408303.51 	1.2429042 	-0.10460621 	 -279036.16 	-0.26528802 	-0.30915656 	 1.3458602e-08 	0.0034202144 	0.011480212 	 -1.169496e-09 	0.0020545575 	-0.016883741 	 0.0098373677 	-10.953111 	-991.76755 	 -0.1599439 	4.1869651e-06 	4.1042783e-07 	 -1.3610779 	-7.7303992e-06 	5.8562565e-07 		-0.04375 1.7591489e-07 6.8329984e-07 1200000 1
-0.0425 -337468.12 	1.3462117 	-0.097366321 	 -231545.47 	-0.2882536 	-0.23622889 	 1.4052072e-08 	0.0028552057 	0.01117796 	 -1.4656146e-09 	0.0017068039 	-0.016890668 	 0.010303913 	-66.787656 	-687.57207 	 -0.16233437 	4.1573397e-06 	3.9706436e-07 	 -1.3979418 	-7.8628085e-06 	5.3155511e-07 		-0.0425 1.8114233e-07 6.7351495e-07 1200000 1
-0.04125 -267484.68 	1.4503843 	-0.097427841 	 -187610.92 	-0.28961557 	-0.26392217 	 1.4706752e-08 	0.0022632871 	0.010918186 	 -1.5594271e-09 	0.0013539636 	-0.016887197 	 0.010658154 	-120.05385 	-440.1808 	 -0.16455837 	4.1280989e-06 	3.8972777e-07 	 -1.433922 	-8.009136e-06 	5.608362e-07 		-0.04125 1.8634383e-07 6.6358392e-07 1200000 1
-0.04 -198825.37 	1.5385812 	-0.10724964 	 -145503.7 	-0.28919672 	-0.15810672 	 1.5359712e-08 	0.0017240876 	0.010737656 	 -1.801848e-09 	0.0010525184 	-0.016865169 	 0.010886027 	-158.26099 	-256.47225 	 -0.16670964 	4.112285e-06 	3.9032468e-07 	 -1.469342 	-8.1562521e-06 	4.785788e-07 		-0.04 1.9153092e-07 6.5343703e-07 1200000 1
-0.03875 -130879.97 	1.6041167 	-0.1015122 	 -105996.21 	-0.27268208 	-0.068866782 	 1.6042329e-08 	0.0011784838 	0.010615842 	 -1.9978413e-09 	0.00075658536 	-0.016827932 	 0.010984379 	-196.14844 	-124.84153 	 -0.16883938 	4.1157435e-06 	3.7778605e-07 	 -1.5042374 	-8.3141272e-06 	4.0958173e-07 		-0.03875 1.9669355e-07 6.431506e-07 1200000 1
-0.0375 -63241.091 	1.6454624 	-0.11416189 	 -67479.735 	-0.34067583 	-0.14252721 	 1.667711e-08 	0.00061919721 	0.010489475 	 -2.2422581e-09 	0.00045669512 	-0.016813667 	 0.011604372 	-233.2783 	-43.761075 	 -0.17112732 	4.139697e-06 	3.7944176e-07 	 -1.5391343 	-8.4061398e-06 	4.7668747e-07 		-0.0375 2.0185297e-07 6.3267174e-07 1200000 1
-0.03625 3876.2424 	1.6965299 	-0.10350534 	 -30241.981 	-0.32123262 	-0.27074731 	 1.7285339e-08 	4.5508614e-05 	0.010410311 	 -2.2989297e-09 	0.00015216669 	-0.016790484 	 0.011589106 	-270.34917 	-13.144047 	 -0.17356492 	4.1567957e-06 	3.6129806e-07 	 -1.5739346 	-8.5659041e-06 	5.8885952e-07 		-0.03625 2.0700413e-07 6.2209375e-07 1200000 1
-0.035 70421.693 	1.776169 	-0.078396463 	 6968.3358 	-0.30099639 	-0.23236907 	 1.7906426e-08 	-0.00049068451 	0.01040853 	 -2.5211209e-09 	-0.0001243515 	-0.016749585 	 0.011762979 	-307.40093 	-26.3806 	 -0.17623846 	4.1510258e-06 	3.3071075e-07 	 -1.6089415 	-8.7237231e-06 	5.6212399e-07 		-0.035 2.1215933e-07 6.1133425e-07 1200000 1
-0.03375 136636.61 	1.8682181 	-0.050771506 	 43790.418 	-0.33137946 	-0.29063718 	 1.8507691e-08 	-0.001038951 	0.010462305 	 -2.6572693e-09 	-0.000407836 	-0.0166962 	 0.012349955 	-348.02347 	-88.179932 	 -0.17921855 	4.1358372e-06 	2.9790141e-07 	 -1.6441798 	-8.8344853e-06 	6.1554155e-07 		-0.03375 2.1728713e-07 6.0042776e-07 1200000 1
-0.0325 203871.26 	1.95075 	-0.0072137653 	 80998.564 	-0.31139459 	-0.2556195 	 1.8950401e-08 	-0.0015913982 	0.010505945 	 -2.6680652e-09 	-0.00069754721 	-0.016668773 	 0.012738838 	-393.7059 	-199.93678 	 -0.18276197 	4.129939e-06 	2.5066312e-07 	 -1.6803603 	-8.9915555e-06 	5.920305e-07 		-0.0325 2.2248314e-07 5.8916131e-07 1200000 1
-0.03125 270900.18 	2.008629 	-0.0025970503 	 119250.18 	-0.33882164 	-0.33873853 	 1.9440818e-08 	-0.0021481952 	0.010606583 	 -2.5043803e-09 	-0.0009940593 	-0.016628159 	 0.013297004 	-441.8014 	-361.61275 	 -0.18678458 	4.1458415e-06 	2.3593625e-07 	 -1.7171829 	-9.1014783e-06 	6.6675636e-07 		-0.03125 2.2768455e-07 5.7783053e-07 1200000 1
-0.03 338195.52 	2.0324137 	-0.018078861 	 159129.81 	-0.35182481 	-0.20802766 	 1.9989781e-08 	-0.0026920776 	0.010779609 	 -2.6256564e-09 	-0.0012877655 	-0.016567073 	 0.013697614 	-504.39437 	-566.52639 	 -0.19138518 	4.1905787e-06 	2.3782735e-07 	 -1.7549642 	-9.2256881e-06 	5.6334174e-07 		-0.03 2.3293558e-07 5.6636956e-07 1200000 1
-0.02875 405663.22 	2.0438036 	-0.024182481 	 200964.22 	-0.23844652 	-0.17772757 	 2.0700867e-08 	-0.0032433322 	0.011005819 	 -2.4933919e-09 	-0.0015945228 	-0.01649299 	 0.013177231 	-573.89848 	-826.95725 	 -0.19668795 	4.247274e-06 	2.3198414e-07 	 -1.7937984 	-9.4475186e-06 	5.4337604e-07 		-0.02875 2.3821723e-07 5.5478961e-07 1200000 1
-0.0275 475172.15 	2.046834 	-0.072467233 	 244641.91 	-0.22613531 	-0.33038665 	 2.1362496e-08 	-0.003788661 	0.01123618 	 -2.2530293e-09 	-0.0019093947 	-0.016435913 	 0.012950601 	-657.22153 	-1143.82 	 -0.20299428 	4.3124092e-06 	2.6034911e-07 	 -1.8344124 	-9.5870721e-06 	6.76686e-07 		-0.0275 2.4357122e-07 5.428313e-07 1200000 1
-0.02625 544776.49 	2.0719396 	-0.084698703 	 291721.79 	-0.17475295 	-0.41342522 	 2.2045228e-08 	-0.004331852 	0.011532214 	 -1.9131899e-09 	-0.0022373725 	-0.016355423 	 0.012794191 	-752.97374 	-1517.7773 	 -0.21016424 	4.3602664e-06 	2.5940288e-07 	 -1.8764087 	-9.7523313e-06 	7.5149977e-07 		-0.02625 2.489517e-07 5.3071762e-07 1200000 1
-0.025 615221.44 	2.1235219 	-0.060477071 	 342247.61 	-0.12716 	-0.3489098 	 2.277221e-08 	-0.0048854566 	0.011898735 	 -1.6644015e-09 	-0.0025856208 	-0.016244702 	 0.013107657 	-880.46496 	-1954.2231 	 -0.21832271 	4.3864242e-06 	2.2846792e-07 	 -1.9200881 	-9.9129341e-06 	7.031007e-07 		-0.025 2.5437676e-07 5.1840763e-07 1200000 1
-0.02375 686136.19 	2.1747204 	-0.065648999 	 397270.83 	-0.069885331 	-0.47746684 	 2.3537336e-08 	-0.0054317229 	0.012325565 	 -1.1400366e-09 	-0.0029487493 	-0.016110679 	 0.013018819 	-1027.3799 	-2458.5259 	 -0.22767216 	4.4141519e-06 	2.2281774e-07 	 -1.9656421 	-1.0074975e-05 	8.1508273e-07 		-0.02375 2.5982374e-07 5.0592146e-07 1200000 1
-0.0225 759724.31 	2.2404269 	-0.037982303 	 456237.61 	0.1175824 	-0.49823015 	 2.4206771e-08 	-0.0059582789 	0.012779911 	 -6.0291134e-10 	-0.0033209 	-0.015972582 	 0.012424359 	-1209.7775 	-3031.6144 	 -0.23857422 	4.4316579e-06 	1.8964044e-07 	 -2.0138424 	-1.0346763e-05 	8.3759998e-07 		-0.0225 2.6540275e-07 4.9309712e-07 1200000 1
-0.02125 833461.26 	2.2640114 	-0.053539017 	 521109.22 	0.32392581 	-0.54686904 	 2.4967623e-08 	-0.0064788605 	0.013309517 	 6.3942035e-13 	-0.0037129672 	-0.015792492 	 0.011340169 	-1430.3814 	-3678.7279 	 -0.25083245 	4.4853006e-06 	1.9390568e-07 	 -2.0641767 	-1.0625266e-05 	8.825475e-07 		-0.02125 2.7101475e-07 4.8009e-07 1200000 1
-0.02 908057 	2.2495244 	-0.084011074 	 591915.65 	0.4055896 	-0.50528876 	 2.5727783e-08 	-0.0070221744 	0.013913998 	 5.8450561e-10 	-0.0041407833 	-0.015562931 	 0.011175297 	-1711.6694 	-4423.1677 	 -0.26464055 	4.5714489e-06 	2.1177814e-07 	 -2.1169692 	-1.0797151e-05 	8.5141603e-07 		-0.02 2.767213e-07 4.6686539e-07 1200000 1
-0.01875 983451.55 	2.2299805 	-0.11466639 	 670026.27 	0.42480906 	-0.48012597 	 2.6547334e-08 	-0.0075338776 	0.014590432 	 1.4524242e-09 	-0.0045782181 	-0.015287474 	 0.011548232 	-2053.0145 	-5247.9484 	 -0.28036566 	4.6636358e-06 	2.3114774e-07 	 -2.1726583 	-1.0910333e-05 	8.3302744e-07 		-0.01875 2.8248786e-07 4.5341182e-07 1200000 1
-0.0175 1061060.4 	2.2304039 	-0.18971742 	 755352.7 	0.44891236 	-0.55758248 	 2.7490796e-08 	-0.0080000498 	0.015328759 	 2.2752751e-09 	-0.0050167483 	-0.014968625 	 0.011603198 	-2480.1037 	-6149.8575 	 -0.29838387 	4.7404167e-06 	2.880511e-07 	 -2.2318644 	-1.1027364e-05 	8.995179e-07 		-0.0175 2.8836978e-07 4.3954924e-07 1200000 1
-0.01625 1138247.5 	2.2892763 	-0.21691783 	 849670.28 	0.51025385 	-0.58102084 	 2.843259e-08 	-0.0084578841 	0.01615987 	 3.2216526e-09 	-0.0054807233 	-0.014567409 	 0.012266885 	-3009.8939 	-7152.5934 	 -0.31850788 	4.7690001e-06 	3.0701452e-07 	 -2.2940767 	-1.1167626e-05 	9.190908e-07 		-0.01625 2.9426074e-07 4.2550721e-07 1200000 1
-0.015 1215257.8 	2.3552079 	-0.1904086 	 953591.39 	0.61680567 	-0.60299163 	 2.9502341e-08 	-0.0089336598 	0.017085282 	 4.3342539e-09 	-0.0059864035 	-0.014071071 	 0.01310011 	-3673.6058 	-8292.2782 	 -0.34107457 	4.7907683e-06 	2.8319843e-07 	 -2.3596929 	-1.1338798e-05 	9.3537746e-07 		-0.015 3.0015337e-07 4.1131783e-07 1200000 1
-0.01375 1292596.1 	2.4172221 	-0.091837846 	 1068993.7 	0.84698515 	-0.65168713 	 3.0751803e-08 	-0.0093340108 	0.018123215 	 5.5636617e-09 	-0.0064772715 	-0.013461753 	 0.013649012 	-4520.9548 	-9504.4128 	 -0.36681992 	4.8161355e-06 	2.0137032e-07 	 -2.429654 	-1.1608037e-05 	9.7173586e-07 		-0.01375 3.0613789e-07 3.9689642e-07 1200000 1
-0.0125 1369938.4 	2.3302977 	-0.090259605 	 1197131.2 	0.92556514 	-0.88368729 	 3.2049729e-08 	-0.0096344313 	0.019292841 	 6.8612266e-09 	-0.0069332277 	-0.012706308 	 0.013105104 	-5617.8752 	-10759.847 	 -0.39615174 	4.9662793e-06 	2.02728e-07 	 -2.5044483 	-1.1746176e-05 	1.1584106e-06 		-0.0125 3.1230388e-07 3.8233387e-07 1200000 1
-0.01125 1445062.4 	2.2036505 	-0.099615679 	 1339740.3 	0.94459315 	-1.1740025 	 3.3467767e-08 	-0.0099162645 	0.020620259 	 8.3402304e-09 	-0.0074030018 	-0.011750064 	 0.01237444 	-7037.5787 	-12134.178 	 -0.4292516 	5.1486262e-06 	2.1754726e-07 	 -2.5840488 	-1.1825142e-05 	1.390178e-06 		-0.01125 3.1867331e-07 3.6788324e-07 1200000 1
-0.01 1516799.7 	1.8337524 	-0.033731651 	 1500281.8 	1.4819422 	-2.0377694 	 3.4627021e-08 	-0.010255252 	0.02225934 	 1.2064474e-08 	-0.0080098808 	-0.010286817 	 0.0045546499 	-9168.9708 	-13790.721 	 -0.46715454 	5.5314783e-06 	1.7645647e-07 	 -2.6697586 	-1.232539e-05 	2.0955506e-06 		-0.01 3.2530656e-07 3.5309014e-07 1200000 1
-0.00875 173694.99 	1.2337042 	-0.34873621 	 184747.52 	-1.3335701 	2.1232517 	 3.5292864e-08 	-0.010089604 	0.023852354 	 1.3135694e-08 	-0.0081502166 	-0.0091629866 	 0.027721556 	-1214.7814 	-1629.9468 	 -0.52505753 	-4.9649323e-06 	3.747193e-06 	 -2.7942925 	3.1316448e-06 	-2.2108821e-05 		-0.00875 3.3469286e-07 3.2679165e-07 130456.11 1
-0.0075 135377.45 	0.74649297 	0.28416627 	 153681.97 	0.39782319 	0.10022077 	 3.6403037e-08 	-0.009556357 	0.02453178 	 1.3518235e-08 	-0.0078688942 	-0.0086105704 	 0.0092007582 	-999.02214 	-1252.2472 	 -0.53735725 	-2.6395146e-07 	-2.6339736e-06 	 -2.8323006 	-1.5152443e-05 	-6.5127497e-07 		-0.0075 3.3526626e-07 3.0692835e-07 100000 1
-0.00625 136387.99 	0.87826336 	0.26573162 	 162657.3 	0.42252909 	0.056396234 	 3.6722677e-08 	-0.0088999013 	0.025220336 	 1.4272933e-08 	-0.0075168167 	-0.0080062832 	 0.010780237 	-1069.2666 	-1219.292 	 -0.54344631 	-1.5124955e-06 	-2.4195681e-06 	 -2.8539797 	-1.5430132e-05 	-2.4403579e-07 		-0.00625 3.3421963e-07 2.8751507e-07 100000 1
-0.005 136621.79 	1.0059083 	0.25188059 	 170501.97 	0.42736148 	0.049461117 	 3.6589846e-08 	-0.0083870493 	0.025801486 	 1.488529e-08 	-0.0072390773 	-0.0075207123 	 0.01262438 	-1121.5581 	-1190.8881 	 -0.54459504 	-2.7231974e-06 	-2.2512059e-06 	 -2.8619286 	-1.5500029e-05 	-2.0786586e-07 		-0.005 3.3158505e-07 2.6822824e-07 100000 1
-0.00375 136359.28 	1.1276894 	0.24176018 	 177310.35 	0.47825775 	0.036780921 	 3.633954e-08 	-0.0078504115 	0.026329285 	 1.5598316e-08 	-0.0069430227 	-0.0070628431 	 0.014247369 	-1169.0472 	-1151.6201 	 -0.54217638 	-3.8768214e-06 	-2.120974e-06 	 -2.858146 	-1.6033534e-05 	-1.1554161e-07 		-0.00375 3.2749505e-07 2.4842075e-07 100000 1
-0.0025 135448.58 	1.260125 	0.22887852 	 183141.66 	0.53841741 	0.012105062 	 3.5999038e-08 	-0.0073191303 	0.026789153 	 1.6208825e-08 	-0.0066389818 	-0.0066397446 	 0.015974843 	-1206.4514 	-1104.5337 	 -0.53609541 	-5.1407815e-06 	-1.9634919e-06 	 -2.8421167 	-1.6656091e-05 	9.5608287e-08 		-0.0025 3.2180573e-07 2.2791264e-07 100000 1
-0.00125 134009.7 	1.3877241 	0.20418215 	 188085.71 	0.59348479 	-0.0019355476 	 3.5828273e-08 	-0.0068479913 	0.02718099 	 1.6705739e-08 	-0.0063665288 	-0.0062540892 	 0.01771174 	-1233.1288 	-1058.4491 	 -0.52709688 	-6.3620785e-06 	-1.6890731e-06 	 -2.815863 	-1.7220346e-05 	2.0106023e-07 		-0.00125 3.1472083e-07 2.0692965e-07 100000 1
5.2475385e-17 132331.3 	1.5171539 	0.18738981 	 192004.2 	0.66625009 	-0.030986545 	 3.5718858e-08 	-0.0063599648 	0.027539726 	 1.6941148e-08 	-0.0060638443 	-0.0058929471 	 0.01944162 	-1256.5025 	-1003.846 	 -0.51577695 	-7.6003717e-06 	-1.4955447e-06 	 -2.779467 	-1.7967419e-05 	4.5700022e-07 		5.2475385e-17 3.0596378e-07 1.8477414e-07 100000 1
0.00125 130173.28 	1.6527986 	0.18467001 	 195077.39 	0.74222495 	-0.03927057 	 3.5598387e-08 	-0.0059187694 	0.027840865 	 1.7101013e-08 	-0.0057818258 	-0.0055690656 	 0.021379383 	-1268.8874 	-949.99314 	 -0.5019335 	-8.9062821e-06 	-1.4439933e-06 	 -2.73328 	-1.8741859e-05 	5.0669769e-07 		0.00125 2.9559795e-07 1.6180939e-07 100000 1
0.0025 127681.83 	1.7765763 	0.16869312 	 197395.05 	0.81121757 	-0.041940736 	 3.5436962e-08 	-0.0054987236 	0.028100494 	 1.7175386e-08 	-0.0055038374 	-0.0052745046 	 0.023173342 	-1273.3749 	-895.03548 	 -0.4862525 	-1.009849e-05 	-1.2614327e-06 	 -2.6790478 	-1.943673e-05 	5.0226537e-07 		0.0025 2.8384468e-07 1.3812412e-07 100000 1
0.00375 124965.77 	1.8905759 	0.15309132 	 198884.74 	0.88525072 	-0.058636294 	 3.5051061e-08 	-0.0050654474 	0.028329813 	 1.7126531e-08 	-0.0051954769 	-0.005005748 	 0.024806161 	-1272.3423 	-834.08227 	 -0.46889927 	-1.1193864e-05 	-1.0846541e-06 	 -2.6164693 	-2.0182614e-05 	6.4002187e-07 		0.00375 2.7048992e-07 1.132224e-07 100000 1
0.005 121959.15 	2.0110059 	0.15577206 	 199575.15 	0.96404339 	-0.053375239 	 3.4771019e-08 	-0.0047104121 	0.028516679 	 1.7087015e-08 	-0.0049439426 	-0.0047718473 	 0.026612717 	-1262.7295 	-781.31402 	 -0.44966257 	-1.2358156e-05 	-1.0923915e-06 	 -2.5458231 	-2.0970177e-05 	5.6103218e-07 		0.005 2.5572413e-07 8.7502732e-08 100000 1
0.00625 118795.72 	2.1215866 	0.146517 	 199632.07 	1.0293965 	-0.050918507 	 3.4352136e-08 	-0.0043529402 	0.028680493 	 1.7017223e-08 	-0.0046760752 	-0.0045609928 	 0.028277791 	-1248.288 	-725.98475 	 -0.4293391 	-1.3426603e-05 	-9.8254456e-07 	 -2.4690659 	-2.1621426e-05 	5.1274435e-07 		0.00625 2.3969945e-07 6.0948549e-08 100000 1
0.0075 115418.77 	2.215013 	0.12663603 	 199086.45 	1.090846 	-0.063899543 	 3.3803915e-08 	-0.0039980277 	0.028815725 	 1.6902721e-08 	-0.0043951861 	-0.0043761937 	 0.029641814 	-1227.2803 	-669.07883 	 -0.40787432 	-1.4328842e-05 	-7.683613e-07 	 -2.3860683 	-2.2224482e-05 	6.2197104e-07 		0.0075 2.2231011e-07 3.3493943e-08 100000 1
0.00875 111889.93 	2.3107271 	0.12549876 	 197943.04 	1.1567668 	-0.062395842 	 3.3447782e-08 	-0.0037069223 	0.028925867 	 1.6835204e-08 	-0.0041690109 	-0.0042158458 	 0.031089002 	-1200.9852 	-620.67201 	 -0.38527012 	-1.5258562e-05 	-7.4315636e-07 	 -2.2974727 	-2.2866382e-05 	5.8939195e-07 		0.00875 2.0381773e-07 5.3622986e-09 100000 1
0.01 108349.61 	2.3946595 	0.11873945 	 196280.8 	1.2096352 	-0.055643695 	 3.2891091e-08 	-0.003412747 	0.029023586 	 1.6703147e-08 	-0.003923683 	-0.0040756815 	 0.032379365 	-1172.3375 	-570.65155 	 -0.3620869 	-1.6072099e-05 	-6.6374674e-07 	 -2.2044166 	-2.3377474e-05 	5.0698864e-07 		0.01 1.8424861e-07 -2.3571718e-08 100000 1
0.01125 104691.88 	2.4589636 	0.099432745 	 194216.85 	1.2523717 	-0.058328899 	 3.2389336e-08 	-0.0031474418 	0.029101214 	 1.6576407e-08 	-0.0037007502 	-0.0039553279 	 0.033352055 	-1139.1988 	-524.83154 	 -0.338295 	-1.6695546e-05 	-4.6037282e-07 	 -2.1074839 	-2.377885e-05 	5.2208157e-07 		0.01125 1.6374289e-07 -5.3075317e-08 100000 1
0.0125 100978.01 	2.5217625 	0.097681651 	 191829.15 	1.2925424 	-0.062529536 	 3.1994414e-08 	-0.0029129636 	0.02916548 	 1.6474368e-08 	-0.0035039197 	-0.0038504661 	 0.034321981 	-1103.2116 	-483.72744 	 -0.31413291 	-1.7309986e-05 	-4.3380346e-07 	 -2.0076598 	-2.4143987e-05 	5.5490318e-07 		0.0125 1.4250835e-07 -8.3004285e-08 100000 1
0.01375 97329.107 	2.5724592 	0.095834493 	 189145.91 	1.3245733 	-0.05696 	 3.1406849e-08 	-0.0026789435 	0.029222321 	 1.627042e-08 	-0.0032919272 	-0.003762799 	 0.035129122 	-1066.2172 	-442.36307 	 -0.28992137 	-1.7806023e-05 	-4.0794144e-07 	 -1.9055906 	-2.4426667e-05 	4.9233452e-07 		0.01375 1.2053922e-07 -1.1341486e-07 100000 1
0.015 93667.764 	2.6007987 	0.079979294 	 186245.74 	1.3464804 	-0.04704186 	 3.1020295e-08 	-0.002488343 	0.029269494 	 1.6125071e-08 	-0.0031289288 	-0.0036850772 	 0.035608085 	-1027.617 	-408.4738 	 -0.26557875 	-1.8084233e-05 	-2.4300961e-07 	 -1.8017877 	-2.460005e-05 	3.8854995e-07 		0.015 9.8089959e-08 -1.4405244e-07 100000 1
0.01625 90051.021 	2.6241024 	0.078036539 	 183262 	1.3641336 	-0.053273492 	 3.0571013e-08 	-0.0023045609 	0.029310635 	 1.5957231e-08 	-0.0029648827 	-0.0036182891 	 0.036001949 	-988.17362 	-375.91836 	 -0.24151289 	-1.8317856e-05 	-2.1814503e-07 	 -1.6975197 	-2.4725892e-05 	4.4802186e-07 		0.01625 7.532097e-08 -1.7492033e-07 100000 1
0.0175 86512.013 	2.6417105 	0.079568535 	 180254.81 	1.3702331 	-0.056796909 	 2.9982191e-08 	-0.0021252915 	0.029346146 	 1.5733535e-08 	-0.0027931732 	-0.0035646212 	 0.036325427 	-948.12434 	-344.25185 	 -0.21788659 	-1.8500036e-05 	-2.2904064e-07 	 -1.5933527 	-2.4726859e-05 	4.8226917e-07 		0.0175 5.2293038e-08 -2.0584083e-07 100000 1
0.01875 83041.977 	2.6393916 	0.067473639 	 177213.95 	1.3730894 	-0.041778144 	 2.9655594e-08 	-0.0019865733 	0.029380467 	 1.5593168e-08 	-0.0026752501 	-0.0035122383 	 0.03637389 	-908.69171 	-319.98772 	 -0.19455998 	-1.8487561e-05 	-1.0413819e-07 	 -1.4893679 	-2.4688355e-05 	3.3221434e-07 		0.01875 2.9197332e-08 -2.3667847e-07 100000 1
0.02 79709.222 	2.6323074 	0.063559801 	 174262.41 	1.3728768 	-0.044763142 	 2.9137126e-08 	-0.0018462228 	0.029412596 	 1.5384084e-08 	-0.0025444658 	-0.0034694573 	 0.036333112 	-869.92747 	-295.70614 	 -0.17192579 	-1.8431497e-05 	-6.1804536e-08 	 -1.3867174 	-2.461742e-05 	3.6321407e-07 		0.02 6.0655569e-09 -2.6757554e-07 100000 1
0.02125 76470.791 	2.6238067 	0.069555458 	 171471.94 	1.3641361 	-0.04206366 	 2.85974e-08 	-0.0017192152 	0.029443032 	 1.5172309e-08 	-0.0024237843 	-0.0034327704 	 0.036294155 	-831.45466 	-273.98489 	 -0.15001128 	-1.8367249e-05 	-1.1894549e-07 	 -1.2858121 	-2.4452475e-05 	3.3836988e-07 		0.02125 -1.6945595e-08 -2.9824648e-07 100000 1
0.0225 73326.263 	2.5985072 	0.060567627 	 168846.32 	1.344893 	-0.039515572 	 2.8213607e-08 	-0.0016134511 	0.029474976 	 1.5022065e-08 	-0.0023330879 	-0.0033951725 	 0.036016067 	-794.01694 	-256.4867 	 -0.128772 	-1.8141221e-05 	-2.6378087e-08 	 -1.1868004 	-2.4174783e-05 	3.1558178e-07 		0.0225 -3.9746782e-08 -3.2863785e-07 100000 1
0.02375 70383.855 	2.5676514 	0.056526522 	 166446.9 	1.3255088 	-0.046318584 	 2.7616559e-08 	-0.0015064243 	0.029506611 	 1.4772386e-08 	-0.0022294301 	-0.0033665875 	 0.035642843 	-758.21872 	-238.92559 	 -0.10847274 	-1.7861918e-05 	1.6080987e-08 	 -1.0905034 	-2.3893595e-05 	3.8672197e-07 		0.02375 -6.231242e-08 -3.5874697e-07 100000 1
0.025 67547.673 	2.5419489 	0.069473829 	 164310.65 	1.3082011 	-0.030878255 	 2.7123352e-08 	-0.0014186522 	0.029540896 	 1.4528361e-08 	-0.0021529753 	-0.0033363545 	 0.035380432 	-723.61081 	-225.13459 	 -0.088978958 	-1.7639281e-05 	-1.1131447e-07 	 -0.996842 	-2.3630185e-05 	2.3574123e-07 		0.025 -8.4514942e-08 -3.8841881e-07 100000 1
0.02625 64837.565 	2.5045371 	0.066730828 	 162474.4 	1.2908785 	-0.029909924 	 2.6633376e-08 	-0.0013380263 	0.02957718 	 1.4304009e-08 	-0.0020837892 	-0.0033072555 	 0.034918649 	-690.18437 	-212.95669 	 -0.070379399 	-1.730467e-05 	-8.1916377e-08 	 -0.90626328 	-2.3356689e-05 	2.2966693e-07 		0.02625 -1.0634203e-07 -4.1778299e-07 100000 1
0.0275 62299.164 	2.4557374 	0.058563498 	 161002.93 	1.2611626 	-0.05095165 	 2.5975748e-08 	-0.0012575091 	0.029613578 	 1.4044834e-08 	-0.0020040945 	-0.0032848818 	 0.034276499 	-658.01899 	-200.80517 	 -0.052819342 	-1.6860443e-05 	1.3836874e-09 	 -0.81941663 	-2.2956817e-05 	4.4390227e-07 		0.0275 -1.2772099e-07 -4.4677881e-07 100000 1
0.02875 59892.571 	2.4156372 	0.071564736 	 159846.6 	1.2482171 	-0.028609428 	 2.5548109e-08 	-0.001196643 	0.029655911 	 1.3814113e-08 	-0.0019618946 	-0.0032550982 	 0.033802154 	-627.92675 	-192.9076 	 -0.036065379 	-1.6506439e-05 	-1.2685132e-07 	 -0.73567772 	-2.2721144e-05 	2.2416377e-07 		0.02875 -1.4861144e-07 -4.7536007e-07 100000 1
0.03 57638.315 	2.3629611 	0.072372882 	 159081.68 	1.2227783 	-0.015662267 	 2.4984624e-08 	-0.0011361274 	0.02969999 	 1.3561083e-08 	-0.0019115662 	-0.0032298353 	 0.033142575 	-599.024 	-185.03608 	 -0.020289085 	-1.6030918e-05 	-1.3334769e-07 	 -0.65582399 	-2.2356896e-05 	9.8412612e-08 		0.03 -1.6895074e-07 -5.0358253e-07 100000 1
0.03125 55521.769 	2.3082082 	0.068711962 	 158763.26 	1.1869233 	-0.0046904347 	 2.4331282e-08 	-0.0010791508 	0.02974601 	 1.3291487e-08 	-0.0018602563 	-0.0032065016 	 0.032460875 	-571.23995 	-177.8616 	 -0.0055203986 	-1.5539737e-05 	-9.5246624e-08 	 -0.58020449 	-2.1881735e-05 	-7.5205085e-09 		0.03125 -1.8866846e-07 -5.3119487e-07 100000 1
0.0325 53528.491 	2.2561552 	0.0701084 	 158825.64 	1.1572528 	-0.0071015041 	 2.3897181e-08 	-0.0010339345 	0.029797888 	 1.309928e-08 	-0.0018365109 	-0.0031757025 	 0.031806882 	-545.32742 	-173.73267 	 0.0084468439 	-1.5078948e-05 	-1.0763677e-07 	 -0.50814119 	-2.146555e-05 	2.0110266e-08 		0.0325 -2.0786379e-07 -5.5838565e-07 100000 1
0.03375 51713.646 	2.2014541 	0.070087203 	 159350.23 	1.1386027 	-0.0047700469 	 2.3263007e-08 	-0.00098943397 	0.029851814 	 1.2812676e-08 	-0.0018008274 	-0.0031512531 	 0.031096268 	-520.79645 	-169.26531 	 0.02142947 	-1.4593372e-05 	-1.062426e-07 	 -0.44058904 	-2.1159639e-05 	3.13585e-10 		0.03375 -2.264098e-07 -5.850696e-07 100000 1
0.035 50015.602 	2.140527 	0.071535192 	 160342.09 	1.1096894 	0.0067595249 	 2.2684083e-08 	-0.00095102958 	0.029910297 	 1.2520817e-08 	-0.0017788749 	-0.0031222051 	 0.030320747 	-497.67864 	-166.58366 	 0.03353959 	-1.4050363e-05 	-1.1954281e-07 	 -0.37728924 	-2.0745902e-05 	-1.1161842e-07 		0.035 -2.442893e-07 -6.1119356e-07 100000 1
0.03625 48428.431 	2.0824079 	0.070001337 	 161790.51 	1.0792367 	0.008503398 	 2.2201577e-08 	-0.00091750225 	0.029973481 	 1.2304041e-08 	-0.0017680701 	-0.0030891188 	 0.029581894 	-475.88965 	-165.42449 	 0.044848128 	-1.3539269e-05 	-1.030482e-07 	 -0.31808338 	-2.0312522e-05 	-1.2590514e-07 		0.03625 -2.6159719e-07 -6.3695394e-07 100000 1
0.0375 47004.802 	2.0253044 	0.065046672 	 163765.32 	1.0512857 	0.0070290643 	 2.1560277e-08 	-0.00088625967 	0.030039141 	 1.2055374e-08 	-0.0017454088 	-0.003061607 	 0.028846083 	-455.2979 	-163.90071 	 0.055234768 	-1.3040052e-05 	-5.2713146e-08 	 -0.26379179 	-1.9903799e-05 	-1.0807101e-07 		0.0375 -2.7821204e-07 -6.6216265e-07 100000 1
0.03875 45692.86 	1.9608056 	0.070678661 	 166222.95 	1.0107175 	0.01808953 	 2.1042029e-08 	-0.0008609803 	0.030111591 	 1.1767336e-08 	-0.0017494102 	-0.003023975 	 0.028040334 	-436.6124 	-165.22049 	 0.064869257 	-1.2470116e-05 	-1.0827444e-07 	 -0.21377098 	-1.9366748e-05 	-2.1586281e-07 		0.03875 -2.9412516e-07 -6.8661994e-07 100000 1
0.04 44488.527 	1.8999327 	0.067011903 	 169208.85 	0.98419734 	0.018937317 	 2.047968e-08 	-0.00083733804 	0.03018762 	 1.1517255e-08 	-0.0017489706 	-0.0029867749 	 0.027252803 	-418.81019 	-166.75193 	 0.07371993 	-1.1940117e-05 	-7.1032895e-08 	 -0.16840724 	-1.8966412e-05 	-2.2166784e-07 		0.04 -3.0942317e-07 -7.1060249e-07 100000 1
0.04125 43406.4 	1.8404406 	0.059883734 	 172777.35 	0.96868465 	0.015020696 	 1.9859822e-08 	-0.00081742655 	0.030267393 	 1.1292325e-08 	-0.0017411146 	-0.0029514122 	 0.026461488 	-401.92803 	-168.26928 	 0.081751937 	-1.1426576e-05 	6.2422998e-10 	 -0.12817733 	-1.8673487e-05 	-1.7995993e-07 		0.04125 -3.2404019e-07 -7.3419877e-07 100000 1
0.0425 42423.613 	1.7765904 	0.06582656 	 176864.73 	0.94188735 	0.02270057 	 1.9366765e-08 	-0.00080095219 	0.03035508 	 1.1011502e-08 	-0.0017626761 	-0.0029039714 	 0.025643784 	-387.07903 	-172.99268 	 0.089116366 	-1.0872115e-05 	-5.849594e-08 	 -0.092395777 	-1.826605e-05 	-2.5456055e-07 		0.0425 -3.3794696e-07 -7.5721822e-07 100000 1
0.04375 41564.976 	1.7144491 	0.063760935 	 181548.56 	0.90681338 	0.02708586 	 1.876512e-08 	-0.00078643294 	0.030445648 	 1.073226e-08 	-0.0017717777 	-0.0028594917 	 0.024851783 	-373.17423 	-177.30116 	 0.09572723 	-1.0336591e-05 	-3.7843596e-08 	 -0.061871587 	-1.777615e-05 	-2.9631054e-07 		0.04375 -3.5120369e-07 -7.7972487e-07 100000 1
0.045 40795.41 	1.6567677 	0.061131427 	 186848.95 	0.87821604 	0.027496197 	 1.8211835e-08 	-0.00077556999 	0.030542143 	 1.0497802e-08 	-0.0017856951 	-0.0028106048 	 0.024115156 	-360.4116 	-182.74701 	 0.10163994 	-9.8486439e-06 	-1.1644991e-08 	 -0.036537591 	-1.7347587e-05 	-2.9852873e-07 		0.045 -3.6382987e-07 -8.0172589e-07 100000 1
0.04625 40096.177 	1.5965557 	0.065351125 	 192734.99 	0.84716069 	0.037319697 	 1.7709644e-08 	-0.00076604527 	0.030646347 	 1.0224448e-08 	-0.0018170281 	-0.0027524511 	 0.023358188 	-349.15224 	-190.56358 	 0.10693376 	-9.3384718e-06 	-5.4081158e-08 	 -0.016068589 	-1.6891861e-05 	-3.951493e-07 		0.04625 -3.7581567e-07 -8.2309105e-07 100000 1
0.0475 39529.467 	1.5339027 	0.064397546 	 199295.09 	0.80759196 	0.045081898 	 1.7066365e-08 	-0.00076002812 	0.030753606 	 9.9052981e-09 	-0.0018326657 	-0.0026970137 	 0.022563693 	-339.09575 	-197.73502 	 0.11151173 	-8.8042168e-06 	-4.5211713e-08 	 -0.0014890078 	-1.6352753e-05 	-4.7122111e-07 		0.0475 -3.871335e-07 -8.4379557e-07 100000 1
0.04875 39030.759 	1.4763171 	0.066579678 	 206500.32 	0.78233356 	0.044174841 	 1.6548041e-08 	-0.00075550902 	0.030868893 	 9.632453e-09 	-0.0018683638 	-0.0026307574 	 0.021823653 	-330.79843 	-207.73627 	 0.11549627 	-8.322863e-06 	-6.7802676e-08 	 0.0078543623 	-1.5954598e-05 	-4.6087224e-07 		0.04875 -3.9784862e-07 -8.6402383e-07 100000 1
0.05 38592.37 	1.4155078 	0.069682019 	 214380.7 	0.75344087 	0.047174166 	 1.5998574e-08 	-0.00075271143 	0.030991117 	 9.3354324e-09 	-0.0019054463 	-0.0025594053 	 0.021041461 	-323.68015 	-218.87083 	 0.11887896 	-7.8118114e-06 	-9.9895121e-08 	 0.011627633 	-1.5517761e-05 	-4.8974458e-07 		0.05 -4.0793507e-07 -8.8369081e-07 100000 1
0.05125 38239.703 	1.351628 	0.067714732 	 223005.59 	0.71600817 	0.05144505 	 1.5352562e-08 	-0.000754479 	0.031118388 	 9.0172849e-09 	-0.0019269666 	-0.0024870377 	 0.020215293 	-317.684 	-229.35306 	 0.12161804 	-7.271603e-06 	-8.1654755e-08 	 0.0091458881 	-1.4995427e-05 	-5.3139082e-07 		0.05125 -4.1735252e-07 -9.0271782e-07 100000 1
0.0525 37951.618 	1.2914289 	0.074076048 	 232327.06 	0.6849203 	0.05430272 	 1.4854223e-08 	-0.00075411543 	0.031255155 	 8.7188571e-09 	-0.0019816549 	-0.0023992636 	 0.019442067 	-314.39559 	-244.57105 	 0.1238225 	-6.7690505e-06 	-1.4681941e-07 	 0.0011322943 	-1.45364e-05 	-5.5918539e-07 		0.0525 -4.261483e-07 -9.2122626e-07 100000 1
0.05375 37724.372 	1.2289828 	0.075853192 	 242417.45 	0.65178428 	0.0558722 	 1.4265646e-08 	-0.00075822962 	0.031398106 	 8.3952762e-09 	-0.0020220688 	-0.0023093787 	 0.018626521 	-312.35615 	-259.49534 	 0.12543634 	-6.2452681e-06 	-1.6654289e-07 	 -0.013234724 	-1.4056615e-05 	-5.7412533e-07 		0.05375 -4.3428217e-07 -9.3910821e-07 100000 1
0.055 37538.328 	1.1634829 	0.075273131 	 253320.44 	0.6131964 	0.059443976 	 1.3652153e-08 	-0.00076537386 	0.031549039 	 8.0663662e-09 	-0.0020570011 	-0.0022119106 	 0.017765174 	-312.02717 	-274.96595 	 0.12647071 	-5.6930329e-06 	-1.6300937e-07 	 -0.034167098 	-1.3520472e-05 	-6.0916758e-07 		0.055 -4.4173179e-07 -9.5630474e-07 100000 1
0.05625 37384.735 	1.1003347 	0.079589283 	 264996.6 	0.57841426 	0.060685747 	 1.313819e-08 	-0.00076914936 	0.031709887 	 7.7656197e-09 	-0.0021168017 	-0.0020999154 	 0.016933357 	-314.50497 	-294.90124 	 0.12699832 	-5.1651647e-06 	-2.0863116e-07 	 -0.061142166 	-1.3022268e-05 	-6.2109933e-07 		0.05625 -4.4856222e-07 -9.7297486e-07 100000 1
0.0575 37300.98 	1.0382053 	0.077861696 	 277546.57 	0.54998859 	0.054280431 	 1.2531633e-08 	-0.00078097324 	0.031876968 	 7.4401842e-09 	-0.0021537832 	-0.0019846867 	 0.016090203 	-319.16416 	-313.5309 	 0.12693739 	-4.6470963e-06 	-1.9422476e-07 	 -0.09532025 	-1.2589364e-05 	-5.5651176e-07 		0.0575 -4.5468025e-07 -9.8898615e-07 100000 1
0.05875 37227.906 	0.97188445 	0.08076437 	 290954.8 	0.51322899 	0.0574754 	 1.1951389e-08 	-0.00079116627 	0.032055104 	 7.0956958e-09 	-0.0022031401 	-0.001855015 	 0.015196045 	-326.8729 	-335.27773 	 0.12635627 	-4.0887054e-06 	-2.2634963e-07 	 -0.13619547 	-1.2071984e-05 	-5.8804952e-07 		0.05875 -4.6012696e-07 -1.0043562e-06 100000 1
0.06 37154.849 	0.90748005 	0.082959421 	 305244.3 	0.48063797 	0.058799511 	 1.1410498e-08 	-0.00080022636 	0.032243225 	 6.7899352e-09 	-0.0022581163 	-0.0017126812 	 0.014318051 	-337.63602 	-359.56678 	 0.12526053 	-3.5501507e-06 	-2.5163195e-07 	 -0.18392863 	-1.1596641e-05 	-6.009519e-07 		0.06 -4.6493845e-07 -1.0192072e-06 100000 1
0.06125 37114.048 	0.84494792 	0.077963772 	 320499.28 	0.45483101 	0.052497656 	 1.0818782e-08 	-0.00081897985 	0.032438878 	 6.4931807e-09 	-0.0022850727 	-0.0015622502 	 0.013440719 	-351.72674 	-381.43552 	 0.12359246 	-3.0299074e-06 	-2.0532961e-07 	 -0.23943138 	-1.1190061e-05 	-5.3753105e-07 		0.06125 -4.6904316e-07 -1.0334699e-06 100000 1
0.0625 37070.461 	0.77820891 	0.08446777 	 336670.73 	0.41913191 	0.060795521 	 1.0263549e-08 	-0.0008304887 	0.032648824 	 6.1463074e-09 	-0.0023422328 	-0.0013925121 	 0.012518017 	-370.82105 	-409.67685 	 0.12143138 	-2.4680221e-06 	-2.7418684e-07 	 -0.30188739 	-1.0685065e-05 	-6.2026316e-07 		0.0625 -4.7246604e-07 -1.0470931e-06 100000 1
0.06375 36998.711 	0.71285524 	0.085230485 	 353838.84 	0.3869209 	0.063715628 	 9.7047172e-09 	-0.00084596475 	0.032868506 	 5.8398184e-09 	-0.0023793192 	-0.0012101817 	 0.011592636 	-394.03963 	-436.6912 	 0.1187296 	-1.9200646e-06 	-2.8592975e-07 	 -0.37209334 	-1.0215996e-05 	-6.4919769e-07 		0.06375 -4.7522476e-07 -1.0601721e-06 100000 1
0.065 36892.927 	0.64889275 	0.079260523 	 372050.2 	0.35993881 	0.056883179 	 9.1549281e-09 	-0.00086927938 	0.033098277 	 5.573754e-09 	-0.0023898087 	-0.0010119776 	 0.010658058 	-422.4655 	-460.63374 	 0.115471 	-1.3860477e-06 	-2.3063307e-07 	 -0.45039538 	-9.7996619e-06 	-5.8054607e-07 		0.065 -4.7729578e-07 -1.0727213e-06 100000 1
0.06625 36748.303 	0.58162056 	0.084587951 	 391256.41 	0.32598335 	0.061811215 	 8.6284134e-09 	-0.00088240635 	0.033344885 	 5.2578376e-09 	-0.0024299019 	-0.00079337626 	 0.0096798926 	-457.55078 	-491.56975 	 0.11171794 	-8.1870342e-07 	-2.8850235e-07 	 -0.53606391 	-9.3149784e-06 	-6.2962781e-07 		0.06625 -4.7867156e-07 -1.0846314e-06 100000 1
0.0675 36561.451 	0.51385084 	0.084174332 	 411563.67 	0.2894016 	0.064755475 	 8.0778921e-09 	-0.00090548569 	0.03360158 	 4.9570891e-09 	-0.0024267452 	-0.00055623073 	 0.0086685711 	-499.99817 	-515.98973 	 0.10739037 	-2.452916e-07 	-2.8928209e-07 	 -0.63024288 	-8.806116e-06 	-6.5878304e-07 		0.0675 -4.7932784e-07 -1.0959294e-06 100000 1
0.06875 36283.079 	0.44805695 	0.081620265 	 432963.36 	0.26017171 	0.05908772 	 7.5761017e-09 	-0.00092929523 	0.033872389 	 4.7002128e-09 	-0.0024094621 	-0.00029562906 	 0.0076577364 	-550.75611 	-538.43528 	 0.10252363 	3.086395e-07 	-2.6890868e-07 	 -0.73254241 	-8.3722031e-06 	-6.0179325e-07 		0.06875 -4.7929554e-07 -1.1067021e-06 100000 1
0.07 35896.705 	0.37939453 	0.083089744 	 455451.62 	0.22659541 	0.057708252 	 7.0907418e-09 	-0.00094626805 	0.034160532 	 4.43099e-09 	-0.0023898533 	-1.3215383e-05 	 0.0065866928 	-610.16748 	-561.22971 	 0.097138109 	8.9154279e-07 	-2.8905083e-07 	 -0.84275855 	-7.8956268e-06 	-5.8770856e-07 		0.07 -4.785587e-07 -1.1168502e-06 100000 1
0.07125 35416.869 	0.30915273 	0.078674171 	 479134.65 	0.18485538 	0.058777625 	 6.6023513e-09 	-0.00097818731 	0.034460315 	 4.1757199e-09 	-0.0023004898 	0.00030333763 	 0.005459783 	-683.25746 	-568.38641 	 0.091150677 	1.4920759e-06 	-2.5066125e-07 	 -0.96200302 	-7.3414613e-06 	-5.9792892e-07 		0.07125 -4.7704826e-07 -1.12634e-06 100000 1
0.0725 34786.594 	0.23953633 	0.076251581 	 503950.77 	0.15154907 	0.052342441 	 6.1982102e-09 	-0.0010013555 	0.034778653 	 3.9869811e-09 	-0.0021985355 	0.00065255492 	 0.0043091109 	-769.68662 	-571.21591 	 0.084652202 	2.0871281e-06 	-2.3243738e-07 	 -1.0892787 	-6.8730857e-06 	-5.3312798e-07 		0.0725 -4.7481854e-07 -1.1352557e-06 100000 1
0.07375 33965.199 	0.16295311 	0.061062732 	 529969.78 	0.1102583 	0.037926211 	 5.8570509e-09 	-0.0010303101 	0.035151651 	 3.8773992e-09 	-0.0020090472 	0.0011118293 	 0.0029940773 	-891.71402 	-549.78358 	 0.077613716 	2.7527403e-06 	-8.6922204e-08 	 -1.2251914 	-6.3269512e-06 	-3.8835251e-07 		0.07375 -4.7180015e-07 -1.143488e-06 100000 1
0.075 32748.963 	0.035497888 	0.041492728 	 554548.14 	0.024205151 	0.032823457 	 5.598235e-09 	-0.0010580548 	0.035392876 	 3.722045e-09 	-0.0017465924 	0.0014679229 	 0.00069650642 	-986.54955 	-501.62581 	 0.071430912 	3.92761e-06 	1.0187822e-07 	 -1.3431795 	-5.3358e-06 	-3.3652857e-07 		0.075 -4.6757055e-07 -1.1507127e-06 100000 1
