# x y z jRe_x jRe_y jRe_z jIm_x jIm_y jIm_z BRe_x BRe_y BRe_z BIm_x BIm_y BIm_z F_x F_y F_z
# 1e-3 1e-3 1e-3 1e+6 1e+6 1e+6 1e+6 1e+6 1e+6 1 1 1 1 1 1 1e+6 1e+6 1e+6
0 -75 19 -11.497 0.0230796 -0.0155027 -17.5285 -0.168175 0.0902605 0.000154857 0.0269439 0.052024 0.000164982 0.00857876 0.0086826 -0.000308061 0.375164 -0.230062
0 -74.5 19 -11.7556 0.0137653 -0.0026314 -15.9025 -0.133442 0.011918 3.33726e-05 0.0280709 0.0495174 3.11623e-06 0.00852454 0.00538165 -3.21237e-05 0.333843 -0.232775
0 -74 19 -11.8782 -0.00211695 0.00128317 -14.1524 0.0145596 0.00570207 -9.38815e-06 0.0293927 0.0458978 9.88561e-06 0.00841828 0.00125927 -8.22732e-05 0.281503 -0.234136
0 -73.5 19 -11.8477 -0.00853761 -0.00104157 -12.5355 0.0178669 0.011764 9.02264e-06 0.0307371 0.0414783 3.0518e-05 0.00823164 -0.00316809 -0.000237776 0.225856 -0.233677
0 -73 19 -11.6423 0.00680909 0.00371705 -11.0327 0.0153437 0.00516502 2.61887e-06 0.0313428 0.0373087 2.49357e-06 0.00748033 -0.00641222 2.55945e-07 0.181807 -0.223715
0 -72.5 19 -11.3812 0.0112788 0.00295879 -9.69023 0.00589366 -0.000368721 -4.48209e-05 0.0318116 0.0335895 -5.52428e-05 0.00654635 -0.00893002 0.000117254 0.147878 -0.212745
0 -72 19 -11.0071 0.00452127 -4.97579e-05 -8.51567 -0.0109668 -0.0152819 -7.97983e-05 0.0321463 0.029882 -9.74852e-05 0.00576987 -0.0108149 0.000171742 0.11841 -0.201486
0 -71.5 19 -10.5835 -0.00572509 0.000558039 -7.47029 0.00707951 0.000466916 7.90593e-06 0.0320876 0.0264858 1.03871e-05 0.00484315 -0.0120988 -0.000128727 0.0949651 -0.187889
0 -71 19 -10.1469 0.00116444 0.00564258 -6.55601 -0.01982 0.0363945 1.58543e-05 0.0317134 0.0235467 -3.78085e-06 0.00368713 -0.0129792 -1.42356e-05 0.0769168 -0.172983
0 -70.5 19 -9.64735 0.00538988 -0.00273867 -5.7268 0.00193964 0.0319331 2.01893e-05 0.0312072 0.0206091 2.56413e-05 0.00264313 -0.0135713 4.29101e-05 0.0605519 -0.158101
0 -70 19 -9.13454 -0.00261714 -0.00263032 -5.0012 0.00256406 0.0191055 3.0961e-05 0.0304928 0.0179056 2.65596e-05 0.00161594 -0.0138618 -1.65356e-05 0.0471171 -0.14331
0 -69.5 19 -8.61039 -0.00210656 0.0111618 -4.4276 -0.00539765 0.00266063 1.02812e-05 0.0297927 0.0156288 -6.10213e-06 0.000931415 -0.0138084 -0.000146705 0.036716 -0.130325
0 -69 19 -8.13587 -0.00678913 0.00647627 -3.85815 -0.0241166 0.0173695 -1.08753e-05 0.0288245 0.0135172 -1.29078e-05 -0.000149562 -0.0136333 2.64706e-05 0.0286871 -0.116968
0 -68.5 19 -7.64543 -0.00633806 0.0146129 -3.38857 -0.00704721 0.024192 -1.18966e-05 0.0277946 0.0116105 -2.93296e-05 -0.000990856 -0.0133383 -0.00018089 0.0217844 -0.104572
0 -68 19 -7.15388 -0.000967131 0.00917273 -3.03269 -0.00323225 0.0113331 -1.13631e-05 0.0268706 0.0100081 -1.80901e-05 -0.00148352 -0.012819 -9.89543e-05 0.0163602 -0.0938649
0 -67.5 19 -6.69254 0.00904688 -0.00337855 -2.69333 0.0112952 -0.00354227 1.37549e-05 0.025852 0.00856298 2.19848e-05 -0.0020392 -0.0123017 9.31891e-06 0.0120877 -0.0837618
0 -67 19 -6.28141 0.00681596 -0.00648609 -2.39819 0.00832999 -0.0193663 2.73145e-06 0.0247897 0.00728852 1.14686e-05 -0.00263669 -0.0117803 3.06365e-05 0.00876528 -0.0746955
0 -66.5 19 -5.86463 0.00872581 -0.00491324 -2.19585 -0.00183064 -0.013366 -8.68095e-07 0.0239274 0.00624466 5.90011e-07 -0.00293098 -0.0111632 7.66556e-05 0.00605496 -0.0669447
0 -66 19 -5.4895 0.00264302 -0.00670956 -1.9825 0.0150967 -0.0130316 1.58563e-05 0.0227736 0.00521835 2.48451e-05 -0.00336635 -0.0105347 -1.81575e-05 0.00388039 -0.0591711
0 -65.5 19 -5.11429 0.00260392 0.00464149 -1.84019 0.00227883 0.00833341 4.52205e-06 0.0217177 0.00435261 2.51949e-06 -0.00355138 -0.00986988 -4.11826e-05 0.00204904 -0.0522676
0 -65 19 -4.79152 0.00618323 -0.00241952 -1.72154 0.0090437 -0.00290681 1.32167e-06 0.0207375 0.00371275 1.08472e-05 -0.00376176 -0.00923235 -1.06489e-05 0.000947898 -0.0464441
0 -64.5 19 -4.4926 -0.00773733 0.00529044 -1.60272 -0.00574786 0.00757185 -2.94097e-05 0.0197566 0.00310368 -2.52382e-05 -0.00395927 -0.00866328 -2.43806e-05 2.92127e-05 -0.0412067
0 -64 19 -4.20417 -0.0138502 0.00764579 -1.53601 -0.0135043 0.013308 -3.88337e-05 0.0188905 0.00261055 -4.22472e-05 -0.0039823 -0.00806306 -9.35349e-06 -0.000705323 -0.0366517
0 -63.5 19 -3.91789 0.00517704 -0.00760846 -1.42726 0.0143594 -0.0070551 1.99633e-05 0.0178737 0.00218705 3.28797e-05 -0.0040614 -0.00748466 5.5924e-06 -0.00105717 -0.0321155
0 -63 19 -3.68691 0.00901489 -0.00471229 -1.37539 0.0077032 -0.00998288 3.59324e-05 0.0170574 0.00188809 2.52007e-05 -0.00412038 -0.00697472 1.26977e-06 -0.00131609 -0.0286113
0 -62.5 19 -3.46226 -0.00064917 0.00159501 -1.32839 0.000319484 -0.00510093 1.33226e-05 0.0162542 0.0016191 2.05666e-06 -0.00407189 -0.00649807 -2.49116e-05 -0.00151309 -0.0254336
0 -62 19 -3.25714 -0.000169461 -5.73663e-05 -1.28318 -0.00215426 -0.00676039 -5.59121e-06 0.015442 0.0014109 -3.24946e-06 -0.00402713 -0.00603244 -6.7914e-06 -0.00157259 -0.0225647
0 -61.5 19 -3.06687 0.00416841 -0.00638628 -1.23229 0.00201436 -0.0173521 -2.99427e-05 0.0146759 0.00121397 -7.02811e-06 -0.00401789 -0.00561618 8.87631e-06 -0.0015987 -0.0200288
0 -61 19 -2.89396 -0.00320971 -0.00042784 -1.22911 -0.00254641 -0.00136814 -2.03434e-05 0.0140125 0.00113278 -6.31192e-06 -0.00385451 -0.00522165 5.19109e-06 -0.00156986 -0.0179071
0 -60.5 19 -2.73555 -0.00149594 0.000434553 -1.20758 -0.00254411 -0.00384215 -1.0262e-05 0.0133398 0.00102014 -5.40348e-06 -0.0037094 -0.00488671 -4.57131e-06 -0.00155522 -0.0160061
0 -60 19 -2.59237 9.64583e-05 0.00203804 -1.19034 0.00342159 0.00782966 9.90658e-06 0.0127229 0.000959944 1.4192e-06 -0.00358973 -0.00456629 -6.67741e-06 -0.00147344 -0.0143547
0 -59.5 19 -2.45026 0.00351005 0.000413601 -1.18093 0.00867949 0.00645173 2.14671e-05 0.0121487 0.000945609 1.201e-05 -0.00339454 -0.00426399 -8.40709e-06 -0.00135919 -0.0128795
0 -59 19 -2.33214 7.68037e-05 0.00273273 -1.15548 -0.00351186 0.00815299 7.73132e-07 0.0116256 0.000913834 -8.06313e-06 -0.00325714 -0.00401731 4.48202e-06 -0.00125539 -0.0116746
0 -58.5 19 -2.22242 -0.00321048 0.00396488 -1.14995 -0.00546385 0.00712172 -9.58016e-06 0.011138 0.000934257 -1.00257e-05 -0.00310922 -0.00377725 -2.18936e-06 -0.00113372 -0.010589
0 -58 19 -2.12345 -0.0026873 0.00445472 -1.13171 -0.00385916 0.010796 4.745e-06 0.0106855 0.000939925 -3.16285e-06 -0.00296896 -0.00358386 -2.1214e-06 -0.00103001 -0.009665
0 -57.5 19 -2.02259 -0.00058337 0.00259214 -1.12414 -0.00202989 0.00537661 3.2209e-06 0.0102181 0.000972285 -2.32371e-06 -0.00278091 -0.00339802 -2.60229e-06 -0.000926654 -0.00877049
0 -57 19 -1.92971 0.00104591 0.00177689 -1.09722 0.00501131 0.0108797 2.11517e-05 0.00969295 0.000947055 8.38958e-06 -0.00268916 -0.00322271 -1.56279e-06 -0.000854182 -0.00787702
0 -56.5 19 -1.8475 0.000619917 0.0016686 -1.08016 0.0047842 0.0111336 1.89903e-05 0.00927295 0.000963908 7.74026e-06 -0.00255655 -0.00306549 -5.38758e-07 -0.00076515 -0.00718515
0 -56 19 -1.76897 -0.00305757 0.00269146 -1.06405 -0.00621716 0.00870458 -8.59051e-07 0.00893641 0.000995828 -7.59169e-06 -0.00236315 -0.00295361 5.91821e-06 -0.00069064 -0.00664688
0 -55.5 19 -1.70106 -0.00196522 0.00188072 -1.05173 -0.00513434 0.0140442 3.66326e-06 0.00861668 0.00102481 -7.94237e-06 -0.00221416 -0.00285779 1.37747e-05 -0.000631225 -0.00616442
0 -55 19 -1.63311 0.00304282 0.00229865 -1.03162 0.0125709 0.00775395 1.46105e-05 0.00827982 0.0010304 4.51904e-06 -0.00207406 -0.00277919 -1.7376e-05 -0.000592127 -0.00569115
0 -54.5 19 -1.56837 0.00102927 0.000954823 -1.01821 0.00268561 0.00392438 3.3604e-06 0.00796445 0.00107356 -4.99425e-07 -0.00193494 -0.00268038 -3.05232e-06 -0.000522722 -0.00526052
0 -54 19 -1.50822 -0.00038163 -0.000558337 -1.00438 -0.0026754 0.000462971 -3.20759e-06 0.0076749 0.00110845 -9.36369e-07 -0.00179875 -0.00260453 5.83156e-06 -0.000472072 -0.00488442
0 -53.5 19 -1.44783 -0.000326209 -0.00157732 -0.98825 -0.00162587 -0.00389444 -1.22393e-06 0.00737572 0.00112501 3.99908e-06 -0.00165761 -0.00255492 4.4827e-06 -0.000448044 -0.00452034
0 -53 19 -1.38688 -0.000711088 -0.000399213 -0.967146 -0.00076813 -0.00121326 -2.58755e-06 0.00708972 0.00113252 5.43448e-07 -0.00151418 -0.00248783 1.04943e-06 -0.000417711 -0.00418409
0 -52.5 19 -1.33536 -0.000812713 0.00126082 -0.94027 -0.00282109 0.00184225 3.09719e-07 0.00683733 0.00114746 -3.83186e-06 -0.00141691 -0.00244246 -2.62414e-08 -0.000382155 -0.00389901
0 -52 19 -1.28301 0.000297371 0.00127217 -0.926148 0.00144773 0.0032682 2.51824e-06 0.00659514 0.00116779 4.7827e-07 -0.00128821 -0.00239741 -3.65176e-06 -0.000361034 -0.00363427
0 -51.5 19 -1.23321 0.000709768 0.000772877 -0.902992 0.00156343 0.00357832 2.49875e-06 0.00633209 0.0011625 1.5397e-06 -0.00120169 -0.00236151 -1.73043e-06 -0.000349408 -0.00336184
0 -51 19 -1.18297 -0.000434624 0.00012331 -0.891949 -0.00309669 -0.0035586 -1.71036e-05 0.00612416 0.00118777 -4.48447e-06 -0.00105873 -0.00232822 1.08538e-06 -0.000335768 -0.0031502
0 -50.5 19 -1.1399 0.000194277 8.52224e-05 -0.863559 0.00220545 0.000127044 3.1537e-06 0.00590394 0.00117593 1.28151e-06 -0.000992615 -0.00230891 -2.62039e-06 -0.000326723 -0.00293636
0 -50 19 -1.09183 0.000159529 -0.000314379 -0.842926 -0.000130353 -0.00152023 4.62867e-06 0.00571032 0.00117858 2.33183e-06 -0.000877365 -0.0022833 4.7353e-07 -0.000318922 -0.00274757
0 -49.5 19 -1.05032 -0.000493573 -3.17215e-05 -0.826195 -0.00131639 -0.00277903 -8.49404e-06 0.00551679 0.00118261 -3.47711e-07 -0.000791363 -0.00226182 1.84761e-07 -0.000313293 -0.00257028
0 -49 19 -1.00867 0.000243254 0.000244479 -0.80355 0.0023722 -0.00207435 -1.28581e-06 0.00531331 0.00117396 5.59905e-06 -0.000723041 -0.00224121 -3.91494e-06 -0.000308404 -0.00238918
0 -48.5 19 -0.967019 0.000876495 -0.000290132 -0.782507 0.00362199 -0.0052384 -4.99725e-06 0.00513651 0.00118539 7.01439e-06 -0.000634414 -0.00222198 -4.42103e-06 -0.00029623 -0.00223535
0 -48 19 -0.924626 0.00129486 -0.000441295 -0.763514 0.00355203 -0.00434161 1.77412e-06 0.00495457 0.00117599 6.07534e-06 -0.000541503 -0.00219915 -3.22665e-06 -0.000295879 -0.00208385
0 -47.5 19 -0.884647 -0.000119332 -0.00144406 -0.748082 -0.00245983 -0.0072031 -9.71918e-06 0.00477104 0.00117076 4.02933e-06 -0.000470467 -0.0021821 4.36436e-06 -0.000298347 -0.00193436
0 -47 19 -0.84631 -0.000385092 -0.00143524 -0.728164 -0.00204824 -0.00562305 -1.35168e-05 0.00458778 0.00115679 6.45865e-07 -0.000414306 -0.00217882 4.13609e-06 -0.000303757 -0.0017905
0 -46.5 19 -0.805804 -0.000254943 -0.00102791 -0.71038 -0.000745892 -0.00133019 -6.90848e-06 0.00441663 0.0011512 -2.88244e-06 -0.000336545 -0.00216355 2.70625e-06 -0.000304643 -0.00165994
0 -46 19 -0.764177 1.60726e-05 -0.000352826 -0.693316 -0.000720775 0.000573429 3.52189e-07 0.00425394 0.00115032 -2.57055e-06 -0.000244271 -0.00213728 1.59998e-06 -0.000301382 -0.0015407
0 -45.5 19 -0.730945 -0.000243891 -0.000157701 -0.676041 -0.00213002 8.85363e-05 -5.86934e-06 0.0041079 0.00114211 -5.10126e-06 -0.000184943 -0.00213081 2.46215e-06 -0.000302847 -0.00143881
0 -45 19 -0.695423 1.65412e-05 -0.000319185 -0.659735 -0.000112419 -0.00156969 -8.22243e-06 0.00396286 0.00112803 -3.85311e-07 -0.000105867 -0.00213363 6.78615e-07 -0.000311588 -0.00134301
0 -44.5 19 -0.658386 0.00045416 6.28354e-05 -0.644972 0.00207296 -0.00126492 -1.39074e-06 0.0038187 0.00113368 2.30463e-06 -3.86536e-05 -0.00211085 -2.07485e-06 -0.000307523 -0.00124463
0 -44 19 -0.624304 0.00026041 0.000260599 -0.625985 0.00390358 0.0022272 6.89612e-06 0.00366109 0.00112162 2.10766e-06 9.0321e-06 -0.00209427 -4.42862e-06 -0.000305371 -0.00114565
0 -43.5 19 -0.588873 0.000181596 -8.6184e-05 -0.609422 0.00293725 0.00125118 7.26093e-06 0.00350905 0.00110234 4.51842e-06 6.64888e-05 -0.0020857 -2.85341e-06 -0.000310964 -0.00105346
0 -43 19 -0.555233 5.24998e-05 -0.000746115 -0.595378 -0.0029144 0.000928012 6.71749e-07 0.00337928 0.00109261 -5.80494e-06 0.000140143 -0.00208024 4.25565e-06 -0.000315943 -0.000979872
0 -42.5 19 -0.520265 -0.000340127 -0.00070316 -0.581523 -0.00102804 0.000784405 1.46398e-06 0.00323013 0.00108542 -4.27544e-06 0.000204344 -0.00206802 1.93391e-06 -0.000318949 -0.000899678
0 -42 19 -0.490265 -0.000209949 -0.000875123 -0.568351 0.000125954 0.00244838 9.87263e-06 0.00310546 0.00106454 -5.21569e-07 0.000259295 -0.00206252 7.99761e-07 -0.000325169 -0.000834933
0 -41.5 19 -0.457433 -0.000100109 -0.000596187 -0.55638 9.98436e-05 0.00160993 5.99919e-06 0.00297708 0.0010615 6.32081e-07 0.000324442 -0.00204838 4.70891e-07 -0.000327056 -0.000771163
0 -41 19 -0.42582 7.16627e-05 -8.53427e-05 -0.543692 -0.00170278 0.00133126 1.08755e-06 0.00285371 0.00106534 -4.65852e-06 0.000384768 -0.00204142 1.64187e-06 -0.000328134 -0.000712185
0 -40.5 19 -0.394488 0.000414734 -0.000255155 -0.53316 0.000242751 0.00131714 5.91817e-06 0.00272988 0.00106209 -3.4649e-06 0.000439187 -0.00203554 3.22119e-08 -0.000333148 -0.000655532
0 -40 19 -0.362041 0.000468969 -0.00077979 -0.521401 0.00129699 0.0020724 9.3784e-06 0.00259829 0.00105244 -3.45323e-06 0.000488206 -0.00202896 -5.61809e-07 -0.000338446 -0.000597619
0 -39.5 19 -0.331825 0.000915841 -0.000956552 -0.508289 -0.000874358 0.00236177 3.99619e-06 0.0024758 0.00103129 -3.66867e-06 0.000538208 -0.00201266 1.90069e-06 -0.000340409 -0.000547552
0 -39 19 -0.303351 -1.56435e-05 -0.000954673 -0.497358 -0.00195323 0.00220673 -4.27975e-06 0.00236034 0.00102024 -3.85287e-06 0.000587792 -0.00200778 2.43097e-06 -0.000344548 -0.000504182
0 -38.5 19 -0.27048 0.000591957 -0.00109408 -0.491612 0.00162878 0.00281449 1.55775e-05 0.00224879 0.00102027 6.84724e-07 0.000664547 -0.00200326 -1.03447e-06 -0.000354441 -0.000467482
0 -38 19 -0.242158 -0.000132478 -0.000239566 -0.479036 0.000133701 0.000618673 1.84789e-06 0.00212949 0.00101722 -3.54008e-07 0.000720855 -0.00199349 -1.68557e-07 -0.000354314 -0.000430495
0 -37.5 19 -0.213983 0.000185805 0.000139894 -0.468939 0.000132906 -0.00138776 5.81849e-07 0.00202019 0.00100771 2.23592e-06 0.000777765 -0.00198258 3.60239e-07 -0.00035704 -0.000398506
0 -37 19 -0.1859 -0.00128955 0.00022686 -0.461081 -0.000868561 -0.000868076 -1.11189e-06 0.00191596 0.00100986 -1.99055e-06 0.000844256 -0.00198131 3.58423e-07 -0.000362904 -0.000372726
0 -36.5 19 -0.158749 0.000256143 0.000121049 -0.450823 -0.00114199 -0.00122366 2.32589e-06 0.00180853 0.0009941 -5.06423e-06 0.000902683 -0.00197898 1.70013e-06 -0.000367176 -0.000347029
0 -36 19 -0.130925 -0.000625363 1.69446e-05 -0.443196 -0.00146509 -0.000807451 -2.04271e-06 0.00170142 0.000987153 -5.06871e-06 0.000951707 -0.00197262 1.50619e-06 -0.000372506 -0.00032228
0 -35.5 19 -0.10151 -0.00147588 7.00366e-05 -0.434446 -0.00272841 -0.000362708 -1.1147e-05 0.00159105 0.000981327 -7.53421e-06 0.000997946 -0.00196692 2.08439e-06 -0.000377451 -0.000297549
0 -35 19 -0.0725352 -0.000689556 0.000439667 -0.426145 0.000592334 -0.000443227 -1.19019e-06 0.00148196 0.000975872 -3.12316e-07 0.00105878 -0.001961 -1.00839e-06 -0.000382443 -0.000279345
0 -34.5 19 -0.0453152 0.000283577 0.000331464 -0.420251 0.00171295 -0.000301315 5.9032e-06 0.00138906 0.000968526 -6.31007e-08 0.00111897 -0.00195454 -1.59831e-06 -0.000388752 -0.000266598
0 -34 19 -0.0190787 0.000718947 -0.000640371 -0.412822 0.000186888 0.000214823 8.45183e-06 0.0012952 0.000957718 -4.72932e-06 0.00117503 -0.00195382 4.50195e-07 -0.000394158 -0.000254898
0 -33.5 19 0.00675996 0.000173523 -0.000667126 -0.406148 -0.00239272 -0.000372501 -5.42291e-06 0.00119708 0.000942248 -4.12633e-06 0.00123554 -0.0019514 3.04575e-06 -0.00039946 -0.000246864
0 -33 19 0.0340505 0.000225297 -0.000777031 -0.400042 0.000176337 -0.00057301 1.0253e-06 0.00109595 0.000942205 2.1253e-06 0.00130073 -0.00195679 7.32069e-07 -0.00040744 -0.000241514
0 -32.5 19 0.0603754 0.000376391 -0.000528815 -0.393752 0.000825122 -0.000288929 6.68526e-06 0.00100796 0.000938688 2.40996e-06 0.00136061 -0.00195286 -1.65944e-07 -0.000412811 -0.000237446
0 -32 19 0.0876997 0.000859197 -0.000487753 -0.388089 0.000970774 0.000196038 9.71393e-06 0.000915634 0.000935792 1.00965e-06 0.00142314 -0.00194788 -4.59656e-07 -0.000419013 -0.000236008
0 -31.5 19 0.113985 -0.000279096 0.000136205 -0.383955 -0.00122757 -0.000110419 -5.90668e-06 0.000824598 0.000931198 -2.09815e-06 0.00148142 -0.00194745 1.091e-06 -0.000426939 -0.000237406
0 -31 19 0.141811 -0.000770436 0.000178256 -0.378102 -0.00234864 -4.77913e-05 -8.55295e-06 0.000725993 0.000939544 -5.24846e-06 0.00154741 -0.0019453 1.89475e-06 -0.00043438 -0.000241072
0 -30.5 19 0.167227 -4.66887e-05 0.000498994 -0.374774 0.00104837 -0.000625783 -1.2069e-06 0.00065091 0.000930133 4.67586e-06 0.00160655 -0.00194331 -7.0009e-07 -0.000441925 -0.000246624
0 -30 19 0.193159 0.00079002 -0.000159631 -0.370136 0.00170932 -0.000865165 9.42659e-07 0.000565978 0.000921207 1.22114e-06 0.00167483 -0.00194359 -5.2754e-07 -0.000448666 -0.000255298
0 -29.5 19 0.218932 0.00102609 -0.00116356 -0.365542 0.00196185 0.000135886 1.11066e-05 0.000480318 0.000905804 1.37862e-06 0.00173937 -0.00194152 -1.27851e-06 -0.000454014 -0.000265335
0 -29 19 0.245489 0.000930483 -0.000741886 -0.361916 -0.000465628 0.000199989 6.5081e-06 0.000392771 0.000905285 -2.43135e-06 0.00180845 -0.00194356 8.38525e-07 -0.000462824 -0.000279047
0 -28.5 19 0.272307 0.000868803 -0.00087167 -0.358983 -0.000871684 -0.000264714 6.6358e-06 0.000301546 0.000912468 -2.70903e-06 0.00188457 -0.00194156 1.62345e-06 -0.000472732 -0.000297212
0 -28 19 0.297925 0.000488873 -0.00213422 -0.35749 0.00143342 -0.000207229 1.648e-05 0.000233206 0.00090612 2.846e-06 0.00195196 -0.00194463 -7.21139e-07 -0.000482589 -0.00031417
0 -27.5 19 0.325457 -0.000204676 -0.00107437 -0.354008 0.000930381 -0.000311683 5.14755e-06 0.000146549 0.000902175 2.66123e-06 0.00202305 -0.00194861 -6.04802e-07 -0.000491724 -0.000334241
0 -27 19 0.352634 -0.000604451 0.000777978 -0.350878 -5.55282e-05 -0.00023558 -4.64147e-06 6.29485e-05 0.00090451 2.86206e-06 0.00209801 -0.00194899 3.38362e-09 -0.000501412 -0.000356975
0 -26.5 19 0.376329 0.000496736 0.00218622 -0.349072 -0.00156243 -0.000114367 -1.46346e-05 -4.58468e-06 0.000887405 -1.86655e-06 0.00216535 -0.00194427 1.86813e-06 -0.00050634 -0.000378792
0 -26 19 0.40457 0.00103831 0.00123052 -0.345801 -4.62888e-05 -0.000325557 -4.68406e-06 -8.82748e-05 0.000882992 -2.15467e-06 0.00224221 -0.0019446 9.22713e-07 -0.00051484 -0.000405533
0 -25.5 19 0.431051 0.00145197 8.08147e-06 -0.344841 0.000653296 -0.00041729 5.14712e-06 -0.000163488 0.000883349 -2.20251e-06 0.00232361 -0.00194674 4.90867e-07 -0.000526042 -0.000435877
0 -25 19 0.460462 0.0021733 -5.1596e-05 -0.343091 0.000225493 1.60589e-05 4.0096e-06 -0.000249422 0.000896398 -3.40038e-06 0.00241255 -0.00195339 7.28026e-07 -0.000541474 -0.00047129
0 -24.5 19 0.486016 0.00127397 -3.0031e-05 -0.342765 -0.000869273 8.08372e-05 4.83455e-07 -0.000323456 0.000885221 -4.03446e-06 0.00249862 -0.00194239 1.30226e-06 -0.000548009 -0.000506825
0 -24 19 0.51171 0.00130014 -0.0001656 -0.343306 0.00152516 -0.000246644 9.51228e-06 -0.00038664 0.000866886 2.60788e-06 0.00258213 -0.00194319 -6.31885e-07 -0.000555353 -0.000542161
0 -23.5 19 0.538247 -0.000161949 -0.00111166 -0.343068 0.000480981 -0.00051518 4.50274e-06 -0.00046535 0.000855275 2.63029e-07 0.00267601 -0.00194304 -1.0588e-07 -0.000563475 -0.000584264
0 -23 19 0.561188 -0.00237669 -0.00217134 -0.345748 0.000381629 -0.000925976 4.75995e-06 -0.000514989 0.000835043 8.16656e-08 0.0027616 -0.00193729 -6.42507e-07 -0.000569221 -0.000621906
0 -22.5 19 0.592481 -0.000730036 -0.000644085 -0.342682 -0.000444887 -0.000731341 8.4576e-07 -0.000601464 0.000842027 -3.93659e-06 0.00285647 -0.00193826 9.74627e-07 -0.000581544 -0.00066761
0 -22 19 0.626037 0.00128807 -0.000464064 -0.34223 0.00138551 -0.000872118 9.61625e-06 -0.000705128 0.000850184 -2.03189e-06 0.00297563 -0.00194703 3.32669e-07 -0.000599291 -0.000729897
0 -21.5 19 0.649478 -0.00018672 0.00234639 -0.348086 0.00128982 0.000264146 4.00721e-06 -0.000754205 0.00082176 1.33315e-06 0.00308441 -0.00194321 -8.52454e-07 -0.000605055 -0.000781741
0 -21 19 0.676807 -7.42517e-05 0.00395233 -0.353068 0.000849084 0.000228811 -7.59567e-07 -0.00082777 0.000812463 1.58978e-06 0.00320717 -0.00194974 4.10983e-07 -0.000619137 -0.000846296
0 -20.5 19 0.706818 -0.000221257 -0.00358238 -0.35419 3.25778e-05 -0.00115524 1.17667e-05 -0.000898347 0.000795111 -4.55561e-06 0.00331358 -0.00194783 1.85185e-07 -0.000625969 -0.000904301
0 -20 19 0.728049 -0.00128929 0.000153262 -0.362238 -0.00278237 0.000300279 -1.035e-05 -0.00095614 0.000751257 -4.69197e-06 0.00343496 -0.00194042 1.77273e-06 -0.000624924 -0.000970208
0 -19.5 19 0.754613 -0.00122544 -0.00020247 -0.366146 -0.000665254 -0.000677643 -4.25725e-06 -0.00102771 0.000724211 4.64652e-07 0.00355285 -0.00193386 1.29926e-06 -0.000627286 -0.0010382
0 -19 19 0.780818 0.00115597 0.000563058 -0.377435 0.00111025 -0.000163335 1.71269e-06 -0.00109843 0.000690293 3.14519e-06 0.00370095 -0.0019405 -6.67528e-08 -0.000635703 -0.00112727
0 -18.5 19 0.806006 0.00203376 0.00370105 -0.390455 0.00113736 0.000799265 -4.97796e-06 -0.00114137 0.000640228 5.1354e-06 0.00384535 -0.00194385 1.21023e-07 -0.000637513 -0.00121069
0 -18 19 0.836375 0.000532167 0.00540285 -0.399261 -0.00147535 0.00111051 -1.5607e-05 -0.00122677 0.000616624 2.06073e-07 0.0039955 -0.00195616 2.70259e-06 -0.000648416 -0.00131064
0 -17.5 19 0.86119 -0.00369519 0.00169672 -0.413312 0.00081729 -0.000922586 2.81962e-06 -0.00130839 0.000556264 9.20231e-06 0.00415599 -0.0019602 1.19834e-06 -0.000644614 -0.00142225
0 -17 19 0.885889 -0.00103936 0.000796679 -0.429757 0.00278673 -0.000873444 1.17776e-05 -0.00137586 0.000493891 8.87012e-06 0.00431783 -0.00196595 -5.62187e-07 -0.000641205 -0.00153725
0 -16.5 19 0.916761 0.0018639 0.00345257 -0.445314 9.96275e-05 0.000965375 -4.78527e-06 -0.00144774 0.000446426 -7.90653e-07 0.00448712 -0.00198444 6.50528e-07 -0.000646491 -0.0016627
0 -16 19 0.946457 -0.000698523 0.00647092 -0.468141 -0.000404135 0.00103944 -1.51211e-05 -0.00153794 0.000359411 7.53427e-06 0.00468163 -0.0020134 2.82411e-06 -0.000641406 -0.00182363
0 -15.5 19 0.977827 0.00358666 0.00284757 -0.488777 0.00112642 0.000345095 5.42853e-06 -0.00162936 0.00029689 -1.16391e-06 0.00486853 -0.00204387 8.611e-07 -0.000644644 -0.00198644
0 -15 19 1.00828 0.00212672 0.00252488 -0.519195 0.00205402 0.00044068 1.21688e-06 -0.00169191 0.000203439 -7.95636e-07 0.00506664 -0.00207695 -8.97166e-07 -0.000641731 -0.00216825
0 -14.5 19 1.04279 0.000307224 0.000929362 -0.55177 0.00163669 -0.000167981 1.23762e-06 -0.00178846 0.000106176 1.53108e-06 0.00529221 -0.00213294 -4.53621e-07 -0.000643806 -0.00239253
0 -14 19 1.07479 0.00157303 0.00729273 -0.590341 -0.00109253 0.000797201 -4.77133e-06 -0.00187777 -3.66764e-06 1.19828e-06 0.00553502 -0.002194 5.83639e-06 -0.000645651 -0.00264287
0 -13.5 19 1.11156 0.00328405 0.00477537 -0.628599 0.00106212 0.000154688 -1.1691e-06 -0.00199608 -0.000113491 1.12619e-06 0.00576453 -0.00226764 2.92954e-06 -0.000649645 -0.00292117
0 -13 19 1.15042 0.00264298 0.00274651 -0.670539 0.000188589 0.000133917 -3.08687e-06 -0.00212422 -0.000225829 -1.12154e-07 0.00600591 -0.00235484 1.99447e-06 -0.000659613 -0.00323546
0 -12.5 19 1.19472 8.16357e-05 0.00225529 -0.717105 0.000165364 0.00124603 -5.39088e-06 -0.00225492 -0.000339384 5.5994e-06 0.00625781 -0.00246674 -1.57377e-06 -0.000681722 -0.00359076
0 -12 19 1.24827 -0.00137765 0.00100157 -0.768402 -0.000183152 0.00105034 -6.38502e-06 -0.0024368 -0.00045983 4.58819e-06 0.0065336 -0.0026064 -1.65552e-06 -0.000714384 -0.00403111
0 -11.5 19 1.3075 0.0021969 0.00151522 -0.827377 0.00230425 -0.000138756 5.88736e-06 -0.00262497 -0.000575872 5.08392e-06 0.00682302 -0.00278785 -1.38245e-06 -0.000776822 -0.00453869
0 -11 19 1.36341 0.00608153 -0.00270188 -0.899045 -0.000225605 -0.00159952 1.73954e-05 -0.00277647 -0.000737198 -9.29057e-06 0.00711835 -0.00295639 3.39755e-08 -0.000826429 -0.00509265
0 -10.5 19 1.43008 0.00431973 -0.00351327 -0.96888 0.0013188 -0.00276064 1.78749e-05 -0.00299082 -0.00086513 -4.9003e-06 0.00740585 -0.0031747 1.00671e-06 -0.000919376 -0.00572628
0 -10 19 1.50726 -0.00146232 -0.00236275 -1.04329 4.74558e-05 -0.00138186 3.13343e-06 -0.00321633 -0.00100082 -8.89968e-07 0.00769926 -0.00342345 2.17048e-06 -0.00103158 -0.00644021
0 -9.5 19 1.58585 0.00063539 -0.00545752 -1.12633 0.00228901 -0.00237854 1.2708e-05 -0.00340759 -0.00115251 -9.49128e-08 0.00798794 -0.00368952 -4.38752e-06 -0.00116398 -0.00720047
0 -9 19 1.6917 9.19262e-05 -0.00282836 -1.21279 -0.000440518 -0.0012693 3.37416e-06 -0.00379945 -0.0012174 -2.75413e-06 0.00833274 -0.0040571 7.5293e-07 -0.00143048 -0.00826672
0 -8.5 19 1.80206 0.00123432 0.00176342 -1.30117 0.00249937 0.000793851 5.08397e-06 -0.00410843 -0.00130609 3.07788e-06 0.00862915 -0.00443025 -6.14517e-06 -0.00170541 -0.0093158
0 -8 19 1.92869 0.000682657 0.00716279 -1.3921 0.00215666 0.00296106 -2.83842e-06 -0.00438228 -0.00139914 5.10025e-06 0.00889706 -0.0048361 -3.17018e-06 -0.00201692 -0.0104188
0 -7.5 19 2.0681 0.00119626 0.0039855 -1.49595 -0.00447275 0.000809362 6.63631e-07 -0.00471836 -0.00146474 -6.42748e-06 0.00919237 -0.00531027 1.66821e-05 -0.00245734 -0.0117547
0 -7 19 2.2214 0.000893398 -0.00177639 -1.59494 0.00276947 -0.00193225 9.23776e-06 -0.00503081 -0.00149385 2.05125e-06 0.00945136 -0.00581681 -4.05922e-06 -0.00297952 -0.0131249
0 -6.5 19 2.40406 -0.00265667 -0.00164524 -1.6851 0.000770464 -0.00325902 -5.635e-06 -0.00545647 -0.00144854 4.12463e-06 0.00967447 -0.00640557 1.07326e-05 -0.00365581 -0.01471
0 -6 19 2.60653 -0.00454619 -0.0026105 -1.77987 0.00204561 -0.00325317 2.85463e-06 -0.00589101 -0.00134308 4.70836e-06 0.00988634 -0.007045 4.23902e-06 -0.00451923 -0.0164758
0 -5.5 19 2.83103 0.00876809 -0.00259954 -1.87882 0.00487214 -0.000510801 2.46494e-05 -0.00629408 -0.00120388 -2.02837e-06 0.010121 -0.00771639 -2.96714e-05 -0.00554478 -0.0184172
0 -5 19 3.08673 -0.00186528 -0.00769572 -1.96872 -0.000900041 -0.00643345 2.17902e-05 -0.00675333 -0.00093682 1.99747e-06 0.0102565 -0.00847789 1.16956e-05 -0.00689952 -0.0205189
0 -4.5 19 3.36753 -0.00624915 -0.00544174 -2.03659 -0.00511719 -0.00607563 6.32835e-07 -0.00724165 -0.00057971 1.07566e-06 0.010334 -0.00927383 3.72285e-05 -0.00846742 -0.0227163
0 -4 19 3.67185 -0.00480303 -0.00676938 -2.1037 -0.00301459 -0.00611122 -1.02724e-05 -0.00762884 -0.000161873 -1.61123e-06 0.0103686 -0.0101103 2.14891e-05 -0.0103373 -0.0249122
0 -3.5 19 4.02097 -0.00217835 -0.010139 -2.1383 0.00570806 -0.0118736 2.32099e-05 -0.00807359 0.00045729 1.38287e-05 0.0103238 -0.0110034 -1.15408e-05 -0.0126839 -0.0272696
0 -3 19 4.39643 0.00190923 -0.0131584 -2.16247 0.00855317 -0.0155352 4.31301e-05 -0.00846123 0.00126907 1.47652e-05 0.0102514 -0.0119812 -2.60662e-05 -0.0157445 -0.0296838
0 -2.5 19 4.79814 0.00261185 -0.0032621 -2.15543 0.00448876 -0.00105487 1.4298e-05 -0.00875934 0.00211539 3.73671e-06 0.0101138 -0.0128742 -3.50846e-05 -0.0189497 -0.0319141
0 -2 19 5.27508 0.00144907 0.00581714 -2.07439 0.00267252 0.00441209 8.06857e-06 -0.0091386 0.00343023 -3.56233e-06 0.0098496 -0.013833 -1.11475e-05 -0.0233948 -0.0343194
0 -1.5 19 5.75676 -0.00498653 0.00542294 -1.95014 -0.00432113 0.00329745 1.10197e-05 -0.00938106 0.00495231 -2.66863e-06 0.00949124 -0.0147708 2.93538e-05 -0.0286572 -0.0362568
0 -1 19 6.29147 -0.00332613 0.00877462 -1.77249 -0.0113669 0.00661485 -2.05547e-05 -0.00941586 0.00686378 -5.08636e-06 0.00904253 -0.0156844 8.91298e-05 -0.0354919 -0.0376337
0 -0.5 19 6.82512 -0.0159145 0.00798703 -1.53078 -0.0143083 0.0105251 -3.05299e-05 -0.0093294 0.00863806 -2.64956e-06 0.00860657 -0.0163624 4.02888e-05 -0.0420017 -0.0384248
0 0 19 7.29602 -0.0254728 0.0143582 -1.27149 -0.0171225 0.012053 -3.52728e-05 -0.0090837 0.00974617 -8.47714e-06 0.00820852 -0.0167613 3.5111e-05 -0.0462103 -0.0383565
0 0.5 19 0.61237 0.00108471 0.000525054 -0.0897871 0.000806655 0.000402817 2.05982e-06 -0.00862773 0.0108113 -9.67812e-06 0.00731417 -0.0170249 -2.11145e-07 -0.00407457 -0.00297004
0 1 19 0.613506 0.00180678 0.000241748 -0.0795318 0.00125618 0.000164868 2.41575e-05 -0.00831756 0.0103331 -4.49056e-06 0.00682748 -0.0169541 -8.71341e-07 -0.0038439 -0.00282296
0 1.5 19 0.609823 0.00258568 -0.000747022 -0.0726137 0.00175884 -0.000408726 4.44263e-05 -0.00792649 0.00989236 5.66032e-06 0.00633535 -0.0169174 -3.7542e-06 -0.00363053 -0.00264696
0 2 19 0.609041 -0.000302229 0.000458332 -0.0652795 -9.10052e-05 3.77342e-05 -5.78356e-06 -0.00762964 0.00958273 -6.36164e-06 0.0058863 -0.0168971 9.58166e-07 -0.00346965 -0.00251551
0 2.5 19 0.606728 -0.000180988 -8.81213e-05 -0.0586153 0.000266065 -3.21675e-05 9.31473e-06 -0.00740274 0.00935234 -1.71422e-07 0.00549849 -0.0168379 -3.32406e-06 -0.00333064 -0.00240687
0 3 19 0.604301 4.83315e-05 -0.000425094 -0.0531749 0.000547331 -0.000203385 1.39729e-05 -0.00720728 0.00920597 1.38588e-06 0.00515934 -0.01682 -5.38781e-06 -0.00322879 -0.00231486
0 3.5 19 0.601925 0.00133425 0.000328257 -0.047235 0.00103174 0.000344025 6.71814e-06 -0.00704 0.00907409 -8.95046e-07 0.00483066 -0.0167907 -2.28373e-06 -0.00312751 -0.00223287
0 4 19 0.599351 0.000619713 2.25726e-05 -0.0422573 -3.88978e-05 2.00416e-05 7.28099e-07 -0.00687976 0.0089708 -5.90654e-06 0.00454215 -0.0167359 3.13728e-06 -0.00304193 -0.00215766
0 4.5 19 0.596207 -0.000489871 0.000289095 -0.0375283 0.000502311 0.000227229 9.3897e-06 -0.00676037 0.00891327 7.71838e-06 0.0042853 -0.0167 -5.88714e-06 -0.00297044 -0.0020957
0 5 19 0.59315 -0.000163125 -0.000122625 -0.0334616 0.000244858 6.11023e-05 7.80279e-06 -0.00663692 0.00884036 5.84707e-06 0.00403637 -0.0166629 -3.2913e-06 -0.00290061 -0.00203588
0 5.5 19 0.588656 -0.000672668 -0.000182425 -0.0299869 -0.000142478 -8.42909e-05 -7.2414e-06 -0.00651351 0.00878874 2.02421e-06 0.00379871 -0.0166346 -2.20493e-06 -0.00283618 -0.00197407
0 6 19 0.588145 0.000867433 -2.44893e-05 -0.0255765 0.00033734 -8.22888e-05 2.895e-06 -0.00641675 0.00876082 -6.78882e-07 0.00360508 -0.0166139 1.06719e-06 -0.00278878 -0.00193309
0 6.5 19 0.585417 0.00039783 4.43545e-05 -0.0216459 6.73003e-07 -0.000207625 7.69106e-06 -0.0063297 0.00876151 3.66906e-08 0.00340538 -0.0165754 2.23111e-06 -0.00274396 -0.00188962
0 7 19 0.581549 -0.00102722 0.000673178 -0.0187016 -0.000284471 0.000129657 2.32548e-06 -0.00625071 0.00875622 1.35203e-06 0.00321033 -0.0165448 -2.48207e-07 -0.00270079 -0.00184756
0 7.5 19 0.577551 0.00084694 -0.000111714 -0.0153367 0.000710641 -0.000127573 1.78839e-05 -0.00617136 0.00875427 5.20815e-06 0.0030308 -0.0165207 -2.31435e-06 -0.0026547 -0.00180539
0 8 19 0.574365 0.00139366 -0.00114396 -0.0127267 0.00108638 -0.000463013 1.58895e-05 -0.0060884 0.00874383 2.16417e-06 0.00287797 -0.0165097 -5.69115e-06 -0.00261614 -0.00176681
0 8.5 19 0.571762 0.000497083 -0.000795689 -0.0095718 0.00052826 -0.000420595 1.24389e-05 -0.00601838 0.00875942 3.21233e-06 0.00272635 -0.0164902 -3.99951e-06 -0.00258308 -0.00173359
0 9 19 0.569435 0.000614843 -0.000304491 -0.00615773 0.000284393 -0.000408192 1.78151e-05 -0.00595959 0.00878764 6.39251e-06 0.00258042 -0.016459 -1.95741e-08 -0.00255268 -0.00170475
0 9.5 19 0.565716 0.00162661 -0.000163981 -0.00388511 0.000600311 -0.00020614 1.73288e-05 -0.00588761 0.00879626 4.7678e-06 0.00244646 -0.0164434 1.98787e-06 -0.00252004 -0.00167012
0 10 19 0.562481 -0.00117986 0.000597556 -0.00200568 -0.000386878 0.00100414 -2.35598e-05 -0.00582729 0.00879944 -1.03224e-05 0.00230939 -0.0164452 -1.42831e-06 -0.00249126 -0.0016412
0 10.5 19 0.560119 -0.00241186 0.000224733 0.00073009 -0.00083612 0.000903019 -2.85204e-05 -0.00577725 0.00882068 -1.18944e-05 0.00218616 -0.016429 -4.10672e-06 -0.00246433 -0.00161722
0 11 19 0.556473 0.000476957 -0.000251767 0.00361886 7.92785e-05 -0.00011694 6.85641e-06 -0.00573464 0.00886637 1.89735e-06 0.00207549 -0.0163951 8.64007e-07 -0.00243728 -0.00159183
0 11.5 19 0.553767 -6.86161e-05 0.000516625 0.00571642 0.000107674 0.00018416 5.307e-06 -0.00567923 0.00888806 3.66204e-06 0.00197458 -0.0163913 9.7806e-08 -0.00241411 -0.00156684
0 12 19 0.550824 -0.000352231 0.00029177 0.00831252 0.000260394 -7.8052e-05 1.13003e-05 -0.00563814 0.00893248 6.71144e-06 0.00186297 -0.0163734 -2.80969e-06 -0.00239206 -0.00154507
0 12.5 19 0.547127 -0.000726026 5.41302e-05 0.0103332 -8.88597e-05 0.000312294 -9.61678e-06 -0.00559609 0.0089681 -3.61529e-06 0.00176042 -0.0163609 -2.65205e-06 -0.00236881 -0.00152179
0 13 19 0.543618 0.000103403 0.000432137 0.0126338 0.000472773 0.00054857 -1.22247e-06 -0.00555762 0.00901162 4.7756e-07 0.0016695 -0.0163517 -2.6565e-06 -0.00234615 -0.00150006
0 13.5 19 0.540083 -0.000301738 0.000646129 0.0144266 -7.59372e-05 0.000343333 3.75123e-07 -0.00550491 0.0090443 -7.72754e-07 0.00157616 -0.0163447 7.63948e-07 -0.00232444 -0.00147518
0 14 19 0.537687 -7.53097e-05 0.000771696 0.0165642 4.55787e-05 0.000458245 -5.18337e-06 -0.00546393 0.0090767 -3.58666e-06 0.00149426 -0.016343 1.05165e-06 -0.00230486 -0.00145657
0 14.5 19 0.53531 0.000852612 0.000888771 0.0187472 0.000730852 0.00040955 2.63865e-06 -0.00543053 0.00911118 7.71267e-07 0.00141258 -0.0163418 3.64136e-08 -0.00228547 -0.00144027
0 15 19 0.532007 0.000173661 0.000716613 0.0208755 -0.000108896 0.000464368 -1.06743e-05 -0.00539615 0.00916782 -6.30413e-06 0.00132923 -0.0163262 3.30982e-06 -0.00226827 -0.00142152
0 15.5 19 0.53186 0.000564905 0.000552115 0.024116 -2.61502e-05 0.000337239 5.5983e-08 -0.0053747 0.00921048 -1.85225e-09 0.0012529 -0.0163246 4.08743e-06 -0.0022525 -0.00141419
0 16 19 0.529149 0.000458528 0.000123057 0.0259897 0.000173832 0.000116221 3.76033e-06 -0.00534871 0.00925335 1.37683e-06 0.00117952 -0.0163251 9.63109e-07 -0.00223606 -0.00139981
0 16.5 19 0.526711 -0.000346487 -0.000435498 0.0283743 0.000219533 -0.000295367 7.7467e-06 -0.00533038 0.00930247 3.99818e-06 0.00110429 -0.0163219 -4.40079e-06 -0.0022183 -0.00138812
0 17 19 0.524609 -1.3781e-05 0.000165523 0.0305058 9.69075e-05 4.58092e-05 4.79747e-06 -0.00530691 0.00934996 2.12682e-06 0.00103156 -0.0163242 -4.39814e-07 -0.00220354 -0.00137629
0 17.5 19 0.523143 0.000275141 -8.33322e-05 0.032996 -1.63256e-05 -5.22591e-05 -5.26081e-07 -0.00528737 0.00939737 -7.87016e-07 0.000964791 -0.0163238 1.23095e-06 -0.00218877 -0.00136711
0 18 19 0.522504 -0.000629456 -0.00118805 0.0358455 6.52245e-05 -0.00055656 -1.27669e-07 -0.0052699 0.00944705 5.97065e-07 0.000903546 -0.0163266 -6.38471e-06 -0.00217544 -0.00136058
0 18.5 19 0.520875 -0.000744695 -0.000533188 0.0383862 -0.000187497 -0.000102734 -5.62818e-06 -0.00525521 0.00950388 -2.72073e-06 0.000835991 -0.0163252 -3.36634e-06 -0.00216184 -0.00135261
0 19 19 0.520325 -0.000427282 0.000267527 0.0410575 8.99457e-05 0.000369801 -2.58177e-06 -0.00523583 0.00954159 -5.99504e-07 0.000773994 -0.016337 -2.21595e-06 -0.00214699 -0.00134628
0 19.5 19 0.520672 0.00152703 -0.000844875 0.044104 0.000727661 -0.000536786 1.5564e-05 -0.00522052 0.00957707 5.11775e-06 0.000714718 -0.01635 -6.499e-07 -0.00213271 -0.00134334
0 20 19 0.517997 0.000206702 0.000102323 0.0461333 0.00077716 -0.00011005 1.43588e-05 -0.00522013 0.00964371 8.7658e-06 0.000649935 -0.0163519 -5.05451e-06 -0.00212052 -0.00133702
0 20.5 19 0.517302 -0.000617069 -0.000214153 0.0486874 0.000544603 0.000346343 -1.75505e-05 -0.00519987 0.00967879 -9.02884e-06 0.000591853 -0.0163695 -8.10297e-06 -0.00210494 -0.00133055
0 21 19 0.516543 -0.00104135 -0.000157445 0.0517414 -0.000352979 0.000176715 -7.31721e-06 -0.00519082 0.00974463 -3.71844e-06 0.000540015 -0.0163713 -2.64075e-06 -0.00209322 -0.00132668
0 21.5 19 0.517018 -0.000116388 0.000567196 0.0552712 0.000229887 0.000456025 3.1297e-06 -0.00520229 0.00981768 2.1094e-06 0.000477663 -0.016373 -1.08685e-06 -0.00208548 -0.00133164
0 22 19 0.5177 0.000873645 0.000378283 0.058711 0.000414149 0.00011239 3.35271e-06 -0.00520822 0.00987452 -6.7755e-07 0.000412216 -0.0163807 1.88331e-06 -0.00207515 -0.00133605
0 22.5 19 0.517397 -0.00134004 -0.00117875 0.0617171 -0.000142864 -0.00102701 2.03195e-05 -0.00519995 0.00992279 1.04184e-05 0.00036413 -0.0163983 -8.35488e-06 -0.002061 -0.00133397
0 23 19 0.518496 0.000221499 -0.00148918 0.065003 0.000489357 -0.00112101 2.45304e-05 -0.00519741 0.00996358 1.32754e-05 0.000311988 -0.0164166 -6.6084e-06 -0.0020495 -0.00133728
0 23.5 19 0.519366 0.000323557 0.000631475 0.0685642 0.000285088 0.000163104 1.15557e-05 -0.00520466 0.0100317 7.49737e-06 0.000249535 -0.0164256 9.04504e-07 -0.00204196 -0.00134301
0 24 19 0.520257 0.000781333 0.000962072 0.0720493 0.00032486 0.000400475 9.74485e-06 -0.00522149 0.0100842 4.54495e-06 0.000188786 -0.016446 3.74217e-06 -0.00203073 -0.00135146
0 24.5 19 0.521875 0.000268401 0.000353042 0.0760441 0.00021736 0.000116756 6.75257e-06 -0.00523805 0.0101439 4.68512e-06 0.00013103 -0.0164591 4.89525e-07 -0.00202111 -0.00136182
0 25 19 0.522991 0.000330297 0.000603816 0.0799686 0.000722756 0.0002113 1.27681e-05 -0.00524431 0.0102145 8.4189e-06 7.56676e-05 -0.0164631 -2.68719e-06 -0.00201277 -0.00136834
0 25.5 19 0.524144 -0.00193008 0.000557764 0.0842448 -0.000224862 0.000613828 -9.62958e-06 -0.00526632 0.0102998 -3.64051e-06 2.12781e-05 -0.0164703 -6.6258e-06 -0.00200553 -0.00137927
0 26 19 0.527233 0.000543735 -2.10881e-05 0.0889611 0.000464321 7.90261e-05 7.83412e-06 -0.00528868 0.010355 2.73349e-06 -4.22463e-05 -0.0164904 -1.06732e-06 -0.00199626 -0.00139606
0 26.5 19 0.529653 0.000800922 -0.000352561 0.0930761 3.69868e-05 -0.000314704 1.60249e-05 -0.00531248 0.0103986 8.70272e-06 -0.000102351 -0.01652 2.90615e-06 -0.00198503 -0.00141165
0 27 19 0.533164 1.86047e-05 -8.09324e-05 0.0979806 -0.000287959 -0.000334673 4.48027e-06 -0.00532258 0.010473 2.01797e-06 -0.000155 -0.0165323 2.23642e-06 -0.001982 -0.0014265
0 27.5 19 0.535821 -0.000147676 5.40882e-05 0.102327 -0.000308974 -0.000179848 3.67897e-06 -0.00534366 0.0105272 2.14321e-06 -0.000212793 -0.0165587 1.90617e-06 -0.00197314 -0.00144251
0 28 19 0.538125 0.000785934 0.000495827 0.107544 -5.4718e-05 0.000234363 2.54422e-06 -0.00536656 0.0106197 2.95066e-07 -0.00026984 -0.0165639 5.98844e-06 -0.0019667 -0.00145845
0 28.5 19 0.542057 0.000209941 0.000147065 0.113312 0.00040393 -2.69743e-05 9.98297e-06 -0.00539588 0.0106997 5.75553e-06 -0.000330116 -0.0165766 -1.83242e-06 -0.00196075 -0.00148114
0 29 19 0.546211 0.000480243 6.05703e-05 0.118994 0.000788793 4.12609e-05 9.27198e-06 -0.0054255 0.0107721 6.05374e-06 -0.000391154 -0.0165925 -3.78502e-06 -0.00195472 -0.00150501
0 29.5 19 0.550359 0.000288813 -1.9335e-06 0.124927 0.000708807 0.000357701 4.01605e-06 -0.00546082 0.0108501 3.38337e-06 -0.00045513 -0.0166073 -4.24275e-06 -0.00194838 -0.00153114
0 30 19 0.554648 -0.000738546 0.000359282 0.130806 0.000322186 0.000298501 2.84101e-06 -0.00550345 0.0109269 3.10482e-06 -0.000520579 -0.0166294 -5.64754e-06 -0.00194267 -0.00156029
0 30.5 19 0.560413 -0.00127046 0.000486163 0.137204 -0.000237813 0.000493531 -3.11156e-06 -0.00554186 0.0109986 -4.05749e-07 -0.000584173 -0.0166521 -3.51533e-06 -0.00193951 -0.00159295
0 31 19 0.565224 -0.000928822 0.000212064 0.143791 -0.000104839 0.000941889 -1.21377e-05 -0.00558722 0.0111011 -4.86156e-06 -0.000654238 -0.0166524 -3.38202e-06 -0.00194006 -0.00162606
0 31.5 19 0.569806 -0.000340016 0.000436643 0.149567 4.05798e-05 0.000609544 -3.29332e-07 -0.00562049 0.0111654 1.74591e-06 -0.000718436 -0.0166827 -7.90664e-07 -0.00193347 -0.00165502
0 32 19 0.574445 -5.95201e-05 -2.04887e-05 0.155837 0.000788793 -9.28941e-05 1.47132e-05 -0.00565746 0.0112323 1.07898e-05 -0.000783895 -0.0167147 -7.02085e-06 -0.0019238 -0.00168603
0 32.5 19 0.580966 -0.000544092 0.000366961 0.163445 0.00038148 0.000617184 -1.25563e-05 -0.0056989 0.0113237 -6.68281e-06 -0.000850318 -0.0167359 -4.96474e-06 -0.00192165 -0.00172493
0 33 19 0.588294 0.000563111 0.000322637 0.171739 0.000803293 0.000362735 1.1206e-06 -0.0057625 0.0114223 6.80702e-08 -0.000926935 -0.0167425 -2.41084e-06 -0.00192217 -0.00177462
0 33.5 19 0.595444 0.0010048 0.000180403 0.179945 0.000785367 0.000162591 6.41193e-06 -0.00582565 0.0115227 2.53723e-06 -0.00100477 -0.0167504 -1.81457e-07 -0.00192349 -0.00182483
0 34 19 0.602179 -0.000332419 0.000170268 0.18809 -6.90488e-05 0.00031017 -9.4972e-07 -0.00587598 0.0116159 1.4433e-09 -0.00107939 -0.0167697 -6.84062e-07 -0.00192031 -0.00187071
0 34.5 19 0.608656 -0.000822408 0.000302858 0.196122 -7.73003e-05 0.000516937 -3.25612e-06 -0.00593496 0.011711 -1.08542e-06 -0.00115548 -0.0167946 -2.96912e-06 -0.00191709 -0.00191948
0 35 19 0.616639 -0.00157363 -0.000373013 0.205128 -6.92708e-05 0.000448946 -1.12309e-05 -0.00600033 0.0118084 -3.72962e-06 -0.00123934 -0.0168123 -9.54962e-06 -0.00191641 -0.00197714
0 35.5 19 0.624659 -0.00141353 -0.000598149 0.213921 -0.000143962 0.000571855 -1.47719e-05 -0.00605942 0.0119061 -6.30239e-06 -0.00131789 -0.0168309 -8.63869e-06 -0.00191837 -0.00203351
0 36 19 0.632769 0.000218928 -3.59168e-05 0.223179 0.000120664 0.00030498 1.13499e-06 -0.00612609 0.0120134 1.09461e-06 -0.00140394 -0.0168434 4.02906e-07 -0.00192129 -0.00209486
0 36.5 19 0.642215 0.000838986 0.000470901 0.233624 0.000501146 -0.000151022 1.90695e-05 -0.00620154 0.0121314 1.1264e-05 -0.00149368 -0.0168559 2.21279e-06 -0.00192652 -0.00216585
0 37 19 0.651966 -0.000910846 0.000231305 0.24434 -0.000555533 -3.20591e-05 5.26326e-07 -0.00626004 0.0122339 4.74239e-07 -0.00157384 -0.0168709 -1.86688e-07 -0.00192694 -0.00223294
0 37.5 19 0.660754 0.000421708 -0.000374606 0.254598 0.000507346 -0.000185182 2.15958e-06 -0.00633487 0.0123515 1.27239e-06 -0.00166525 -0.016887 -3.02016e-06 -0.00193093 -0.00230488
0 38 19 0.671187 0.0010958 -0.000152157 0.265951 0.000735932 -0.000456792 1.18022e-05 -0.006399 0.0124652 6.22424e-06 -0.00175167 -0.0168983 -2.75203e-07 -0.00193618 -0.0023804
0 38.5 19 0.684328 0.000913997 -4.05434e-05 0.278785 0.000688508 -0.000312862 1.50864e-05 -0.00649591 0.0125818 9.67445e-06 -0.00185063 -0.0169058 -4.91236e-07 -0.00194848 -0.00248064
0 39 19 0.692738 -0.000637364 0.000201424 0.290545 -0.000205708 9.31254e-05 -7.19481e-09 -0.00657275 0.0127265 1.4373e-06 -0.00195444 -0.0169093 -1.56357e-06 -0.00195162 -0.00256052
0 39.5 19 0.703165 -0.000390959 0.000229904 0.302459 4.69691e-05 0.000577955 -8.30022e-06 -0.00664112 0.0128408 -4.95285e-06 -0.00204685 -0.0169336 -1.55288e-06 -0.00195374 -0.00264445
0 40 19 0.71444 0.000602483 0.000236288 0.315222 0.000577309 0.000626449 -2.15146e-06 -0.00671813 0.0129636 -2.41506e-06 -0.0021426 -0.0169503 4.77228e-07 -0.00195932 -0.00273755
0 40.5 19 0.726795 -0.000266899 7.19082e-05 0.329073 0.000249565 0.000658473 -2.46412e-06 -0.0068012 0.0131014 -1.43364e-07 -0.00224298 -0.0169525 -2.88075e-06 -0.0019717 -0.00284059
0 41 19 0.738554 -0.000540358 -7.7279e-05 0.343842 3.15246e-05 -0.000164663 7.43959e-06 -0.00689997 0.0132615 5.32772e-06 -0.00236511 -0.0169434 -4.31138e-06 -0.00198424 -0.00295461
0 41.5 19 0.751395 -7.43908e-05 -1.84278e-05 0.358495 0.000237957 -5.22362e-05 6.81891e-06 -0.00698772 0.0134109 4.16464e-06 -0.00247216 -0.0169471 -2.64412e-06 -0.00200072 -0.0030684
0 42 19 0.764314 0.000607791 8.20412e-05 0.37352 0.000352442 -0.000184957 1.14408e-05 -0.00708166 0.0135585 6.25396e-06 -0.00258657 -0.01695 1.18471e-06 -0.0020159 -0.00318938
0 42.5 19 0.777308 0.000292903 0.000126968 0.389644 0.000318865 -0.000134575 1.02814e-05 -0.00717667 0.013717 5.54995e-06 -0.00270791 -0.016948 -4.19794e-07 -0.00202932 -0.0033168
0 43 19 0.790136 -0.000166683 0.000240173 0.405796 0.000188413 -6.54282e-05 8.94973e-06 -0.00727055 0.0138766 4.78007e-06 -0.00282928 -0.0169461 -1.9724e-06 -0.00204389 -0.00344642
0 43.5 19 0.804494 -0.000244126 0.000207879 0.422847 9.8762e-05 0.000166058 2.64156e-06 -0.00736302 0.0140408 1.26654e-06 -0.00294973 -0.0169353 -1.53992e-06 -0.00206734 -0.0035854
0 44 19 0.819599 -0.000229061 3.79905e-05 0.440433 0.000101676 0.000489396 -5.86117e-06 -0.00746108 0.0142078 -3.71788e-06 -0.00307281 -0.0169278 -1.59417e-06 -0.00209457 -0.00373423
0 44.5 19 0.834906 -0.000188055 -0.000112971 0.458825 9.87221e-05 0.000714375 -1.09825e-05 -0.0075649 0.0143755 -6.70059e-06 -0.00320386 -0.0169259 -1.47011e-06 -0.00211811 -0.003893
0 45 19 0.850148 0.000452406 0.000158233 0.477167 -0.000273439 0.000247229 -2.83915e-06 -0.00765516 0.0145373 -4.71186e-06 -0.00332918 -0.0169225 6.61922e-06 -0.00214201 -0.00404829
0 45.5 19 0.864854 -2.24818e-05 -0.000343263 0.497529 0.000768881 0.000817611 -1.68027e-06 -0.00776356 0.0147449 -8.0063e-07 -0.00346993 -0.0168939 -6.57441e-06 -0.00217349 -0.00422037
0 46 19 0.881034 -0.000109123 -0.000250405 0.517742 0.000146733 0.000517312 -6.16992e-06 -0.00787508 0.0149353 -4.56029e-06 -0.00361497 -0.0168747 -2.10387e-06 -0.00221088 -0.00440492
0 46.5 19 0.89683 -5.96348e-05 -0.000365665 0.539361 -0.000551043 0.000705212 -1.53913e-05 -0.00799796 0.015139 -1.15388e-05 -0.00377454 -0.0168461 4.05871e-06 -0.00224549 -0.00460433
0 47 19 0.913471 3.52512e-05 -0.000104003 0.561053 -0.000691061 0.00045691 -8.41768e-06 -0.00810118 0.0153345 -7.37142e-06 -0.00391841 -0.0168272 6.55848e-06 -0.00228335 -0.00479932
0 47.5 19 0.930577 -7.74299e-05 0.000234967 0.583926 0.000426738 -0.000212387 1.36445e-05 -0.00820171 0.0155444 8.6605e-06 -0.00406375 -0.0167964 -3.6536e-06 -0.00232872 -0.00500263
0 48 19 0.947958 -0.0006306 -0.00027394 0.607794 0.000950575 -6.31129e-05 8.40954e-06 -0.00832535 0.0157675 7.91688e-06 -0.00422778 -0.0167569 -1.42096e-05 -0.00238108 -0.00523085
0 48.5 19 0.965872 -0.000279962 -0.000652733 0.632354 0.000339425 0.000669775 -9.10956e-06 -0.0084273 0.0159763 -6.0857e-06 -0.00438044 -0.0167224 -6.35782e-06 -0.00242829 -0.00545484
0 49 19 0.983844 0.000537509 -2.10575e-05 0.658017 6.49243e-05 -0.000289479 7.82637e-06 -0.0085459 0.0162078 3.14355e-06 -0.00455218 -0.0166737 3.06578e-06 -0.00248715 -0.00570163
0 49.5 19 1.00218 0.000559695 9.86615e-06 0.685021 -0.000164927 1.53455e-05 4.57533e-06 -0.00866826 0.0164589 4.6897e-07 -0.00472464 -0.0166061 6.05438e-06 -0.00255958 -0.0059618
0 50 19 1.02044 0.000213529 -8.50765e-05 0.712722 0.000100194 0.000209608 1.66111e-06 -0.00880022 0.0167189 -1.19899e-06 -0.00491271 -0.0165447 1.09666e-06 -0.00263442 -0.00624075
0 50.5 19 1.03985 -0.000119632 -0.00025165 0.741126 0.000270022 0.00034338 -7.86715e-08 -0.00890218 0.0169556 -5.97263e-07 -0.00507849 -0.0164925 -3.48907e-06 -0.00270412 -0.00651036
0 51 19 1.05935 -0.000116727 -0.000170929 0.770407 2.58989e-06 0.000238194 -8.53961e-07 -0.00901106 0.0172015 -5.7755e-07 -0.00525026 -0.0164309 -1.17006e-06 -0.002782 -0.00679536
0 51.5 19 1.07862 0.000228502 0.000101843 0.801054 -0.000563398 -8.12501e-05 -5.38706e-06 -0.00912281 0.0174706 -4.9451e-06 -0.0054288 -0.0163524 6.84649e-06 -0.00287246 -0.00709441
0 52 19 1.09859 -4.74417e-05 -0.000291246 0.832459 -5.25383e-05 0.000514868 -6.70115e-06 -0.00925277 0.0177579 -5.53213e-06 -0.00562775 -0.016274 1.0763e-07 -0.00298065 -0.00742495
0 52.5 19 1.11884 -0.000216673 -0.00052807 0.865199 0.000176635 0.000831092 -1.5308e-05 -0.00936883 0.0180367 -1.30337e-05 -0.00582224 -0.0161828 -3.43755e-06 -0.00308936 -0.00775979
0 53 19 1.13927 -8.1738e-05 -0.000419475 0.899393 4.37236e-05 0.000595099 -8.06199e-06 -0.00947742 0.018323 -7.23298e-06 -0.00601051 -0.0160869 -1.29988e-06 -0.00320322 -0.0081016
0 53.5 19 1.15975 0.000184721 -0.000146904 0.934912 -0.000115331 0.00017883 1.3476e-06 -0.00958868 0.0186202 7.03332e-07 -0.0062067 -0.0159811 2.49199e-06 -0.00332696 -0.0084616
0 54 19 1.18087 0.000130806 -5.22145e-05 0.970737 -6.79407e-05 0.00011971 2.20964e-06 -0.00970193 0.0189177 2.31319e-06 -0.00640473 -0.0158756 1.90663e-06 -0.00346413 -0.00883699
0 54.5 19 1.20152 -2.59027e-05 -7.23385e-06 1.00891 2.85085e-05 5.8406e-05 7.18542e-06 -0.00982714 0.0192363 5.31835e-06 -0.0066358 -0.0157531 -3.15444e-07 -0.00360969 -0.00925124
0 55 19 1.22309 -0.000458181 -8.69846e-05 1.04716 0.000594676 9.58137e-05 3.66812e-06 -0.00993208 0.0195636 2.47383e-06 -0.00683085 -0.0156283 -9.23343e-06 -0.00378143 -0.00965042
0 55.5 19 1.24428 -0.000300331 -0.000229246 1.0882 0.000751928 0.000557186 -2.13079e-06 -0.0100503 0.0198918 2.5205e-06 -0.00705728 -0.0154879 -7.99583e-06 -0.00394848 -0.0100926
0 56 19 1.26566 9.86727e-05 -0.000166333 1.12999 -0.000526528 0.000268842 -2.18063e-07 -0.010167 0.0202637 6.72675e-07 -0.00727826 -0.0153157 5.16461e-06 -0.00417026 -0.0105462
0 56.5 19 1.28733 -3.88089e-05 -0.000218659 1.17334 0.000120146 0.000447083 4.43279e-07 -0.010271 0.0205953 1.83876e-06 -0.00750166 -0.0151677 -7.56799e-07 -0.00435811 -0.0110121
0 57 19 1.30918 -0.000196696 -0.000185039 1.21781 0.000630614 0.000536575 1.86232e-06 -0.0103747 0.0209483 5.65621e-06 -0.00772521 -0.0149993 -5.67689e-06 -0.00457944 -0.0114951
0 57.5 19 1.33104 0.000286538 -6.47708e-06 1.26345 -0.000295312 -0.000328238 6.20647e-06 -0.0104826 0.0213127 2.80955e-06 -0.00795896 -0.0148166 3.90106e-06 -0.00482406 -0.0120043
0 58 19 1.35257 -0.000263311 -0.00010633 1.31153 0.000159329 -0.000166927 2.61724e-06 -0.0105941 0.021721 -2.49397e-06 -0.00820006 -0.0145959 -5.2701e-06 -0.00511806 -0.0125419
0 58.5 19 1.37419 0.000170539 -2.7756e-05 1.36154 -0.00122773 -0.000393666 5.22665e-06 -0.010672 0.0220967 -1.77688e-06 -0.00842276 -0.0143978 8.91645e-06 -0.00538094 -0.0130666
0 59 19 1.39618 -2.66595e-05 -0.000546571 1.41183 -0.000500104 -0.000118215 4.81989e-06 -0.0107632 0.0224854 6.48937e-07 -0.00864831 -0.0141855 -2.05206e-07 -0.00568307 -0.0136186
0 59.5 19 1.41774 0.000101442 -0.000316316 1.46369 0.000447657 0.000127531 -2.78544e-06 -0.0108633 0.022896 -4.47743e-06 -0.00889302 -0.0139342 -3.10861e-06 -0.00603271 -0.014209
0 60 19 1.43885 -0.000160537 -0.00030352 1.51905 0.00103033 0.000597425 -2.0716e-06 -0.0109515 0.0233235 -1.53569e-06 -0.0091464 -0.0136755 -7.84715e-06 -0.00639261 -0.0148257
0 60.5 19 1.46129 -0.00053346 -0.000361491 1.5737 0.000805456 0.0010337 2.63751e-06 -0.0110162 0.0237439 4.33798e-06 -0.00934858 -0.0134233 -8.89845e-06 -0.0067862 -0.0154049
0 61 19 1.48272 -9.12727e-05 -0.00119733 1.63059 7.36894e-05 0.00136469 -1.40042e-06 -0.011079 0.0241641 2.17705e-07 -0.00957121 -0.0131568 -1.68926e-06 -0.00718766 -0.0160169
0 61.5 19 1.5037 7.622e-06 -0.00187456 1.69098 -0.000317582 0.00185685 -7.97602e-06 -0.0111483 0.0246256 -8.57623e-06 -0.00980895 -0.0128386 7.9032e-07 -0.00765985 -0.0166753
0 62 19 1.52367 0.000147005 -0.00170817 1.75439 0.00011152 0.00184236 -8.54996e-06 -0.0112209 0.0251132 -1.05487e-05 -0.0100708 -0.0124812 8.43372e-07 -0.00818361 -0.0173826
0 62.5 19 1.54366 9.20176e-05 -0.00029211 1.8202 0.00126729 0.00147601 -4.49842e-06 -0.0112748 0.0256139 -8.68687e-07 -0.010317 -0.0121177 -5.32619e-07 -0.00874134 -0.0180917
0 63 19 1.5634 -0.000114547 -0.00010566 1.88539 0.0016881 0.00153093 -8.14313e-06 -0.0113182 0.0260912 -2.59575e-06 -0.0105365 -0.0117534 -3.94743e-06 -0.00931573 -0.0187801
0 63.5 19 1.58269 -0.000195896 -0.000119952 1.95173 0.00165564 0.00163288 -1.05625e-05 -0.0113593 0.0265665 -4.57731e-06 -0.0107584 -0.0113802 -3.92055e-06 -0.00991771 -0.0194878
0 64 19 1.60102 0.000142585 0.000223261 2.02159 -0.00123751 0.000436974 1.09774e-06 -0.0113926 0.0270628 -1.66976e-06 -0.0109925 -0.0109771 1.2395e-05 -0.0105684 -0.0202311
0 64.5 19 1.619 0.000291994 0.000531872 2.09377 -0.000729255 0.000193924 4.72879e-06 -0.0114193 0.0275851 2.29368e-06 -0.0112241 -0.0105295 1.19918e-05 -0.011307 -0.0209943
0 65 19 1.63639 0.000217299 0.000378284 2.16784 0.00137785 -0.000209813 1.93997e-06 -0.011441 0.0281245 2.47668e-06 -0.0114651 -0.010056 -2.91088e-06 -0.0121114 -0.0217882
0 65.5 19 1.65303 3.36402e-05 0.000116019 2.24352 0.000704928 0.000151142 -2.29875e-07 -0.0114507 0.028665 -1.97697e-06 -0.0116861 -0.00955765 -1.33921e-06 -0.0129706 -0.0225731
0 66 19 1.66947 -0.000220952 0.000168534 2.32022 -0.0010573 -2.08431e-05 -4.06962e-07 -0.0114397 0.0291855 -5.37009e-06 -0.0118785 -0.00907607 2.41397e-06 -0.0138329 -0.0233294
0 66.5 19 1.68446 -0.000161971 0.000395495 2.40291 -0.00107489 -0.000368631 1.52484e-06 -0.011409 0.0297675 -2.23845e-06 -0.0120471 -0.00850642 2.19663e-06 -0.014851 -0.024083
0 67 19 1.6981 0.000202019 0.000536039 2.48732 -0.000577456 -0.000368178 2.3363e-06 -0.0113672 0.0303339 -8.6111e-07 -0.0122209 -0.00793762 6.15274e-06 -0.0158833 -0.02485
0 67.5 19 1.7107 0.000212123 0.000616825 2.57193 0.000145742 -9.47324e-05 1.32095e-06 -0.0113163 0.0308938 3.56487e-07 -0.0123723 -0.00734877 5.64518e-06 -0.0169748 -0.0255897
0 68 19 1.72272 0.000209972 0.00147153 2.65926 -0.000815832 -0.00190537 3.19881e-06 -0.0112456 0.0314837 -2.45642e-06 -0.0124859 -0.00671197 2.42231e-06 -0.0181944 -0.0262882
0 68.5 19 1.73299 0.000154512 0.000319772 2.74874 -0.000375449 -0.00120301 1.49167e-06 -0.0111624 0.0320854 -2.65994e-06 -0.0126018 -0.0060219 -2.1861e-06 -0.0195255 -0.0269917
0 69 19 1.74169 -0.000226278 -0.000110097 2.84241 0.000704081 0.00021367 1.4146e-06 -0.0110683 0.0327012 2.01239e-06 -0.0127131 -0.00528936 -4.81293e-06 -0.0209604 -0.0277067
0 69.5 19 1.74984 0.000248515 -0.000263236 2.93497 0.00161115 -0.000162167 1.42136e-06 -0.0109505 0.0332997 -6.28017e-07 -0.0127722 -0.00456124 -2.01358e-06 -0.022441 -0.0283237
0 70 19 1.75595 -0.000106 0.000412206 3.0319 -0.00092837 -0.000389745 8.71173e-06 -0.0107992 0.0339026 9.9493e-06 -0.0127823 -0.00379855 -2.98798e-07 -0.0240072 -0.0288588
0 70.5 19 1.75953 0.000134843 0.000603207 3.13362 -0.00144954 -0.000834832 5.47918e-06 -0.0106391 0.0345318 2.57156e-06 -0.0127927 -0.00296665 2.34722e-06 -0.0257317 -0.0294037
0 71 19 1.76102 0.000371933 0.000918235 3.23896 -0.00393561 -0.00126483 7.54314e-06 -0.0104538 0.035194 1.38996e-06 -0.0127406 -0.00205057 7.3222e-06 -0.0276679 -0.0298379
0 71.5 19 1.76059 9.55466e-05 0.000601548 3.34535 -0.00385178 0.000461826 5.12517e-06 -0.0102498 0.0358435 3.46977e-06 -0.0126713 -0.00112253 9.88305e-06 -0.0296752 -0.0302177
0 72 19 1.7579 -0.000235397 8.9999e-05 3.45223 0.00213857 0.00169316 -7.03378e-06 -0.0100251 0.0364993 -7.01766e-06 -0.012545 -0.00012346 6.64352e-06 -0.031868 -0.0304657
0 72.5 19 1.75191 0.000292111 0.000101256 3.56286 -0.00145846 0.0018482 -4.6566e-06 -0.00975944 0.0371548 -1.33744e-05 -0.0123294 0.000930439 1.66358e-05 -0.0342035 -0.0305128
0 73 19 1.74468 0.000385964 0.000378975 3.67757 -0.00167771 0.000976192 -3.94155e-06 -0.00944077 0.0378174 -1.12848e-05 -0.012026 0.00202622 1.32571e-05 -0.0367154 -0.0303488
0 73.5 19 1.73505 0.000738738 0.000168661 3.79645 -0.00118907 -0.000715383 2.15083e-06 -0.00908471 0.0385509 3.40354e-06 -0.0116139 0.00331897 8.87818e-06 -0.039744 -0.029927
0 74 19 1.7207 -0.000264919 -0.000516647 3.91617 6.68664e-05 0.0001105 2.32588e-07 -0.00869072 0.039252 4.39767e-06 -0.011113 0.00463653 -6.6753e-06 -0.0428492 -0.0292374
0 74.5 19 1.70314 0.000256897 -0.00115277 4.04148 0.00285943 0.000624764 -1.45815e-05 -0.00826425 0.0399458 -2.43289e-05 -0.010517 0.00602005 1.22599e-05 -0.0461815 -0.0282896
0 75 19 1.68489 -0.000813974 -0.00134601 4.14805 0.000746195 0.00480248 -1.76586e-05 -0.00792323 0.0403728 -2.52511e-05 -0.0100166 0.00690013 4.86322e-06 -0.0483229 -0.0274496
