#         Time trackedSurface       bottom        right          top
          0.1    -0.202982    -0.406401    -0.203201 -1.48049e-06
          0.2    -0.202793    -0.406403    -0.203203 -3.68956e-06
          0.3    -0.202647    -0.406403    -0.203204 -5.42813e-06
          0.4    -0.202538    -0.406403    -0.203204 -6.75902e-06
          0.5    -0.202459    -0.406403    -0.203204 -7.77697e-06
          0.6    -0.202408    -0.406402    -0.203203 -8.55689e-06
          0.7     -0.20238      -0.4064    -0.203202 -9.16261e-06
          0.8    -0.202373    -0.406399    -0.203201 -9.64121e-06
          0.9    -0.202383    -0.406397      -0.2032 -1.00291e-05
            1    -0.202406    -0.406395    -0.203199 -1.03544e-05
          1.1     -0.20244    -0.406393    -0.203198 -1.06049e-05
          1.2    -0.202482    -0.406392    -0.203197 -1.08287e-05
          1.3    -0.202529     -0.40639    -0.203195 -1.10407e-05
          1.4    -0.202581    -0.406388    -0.203194 -1.12493e-05
          1.5    -0.202634    -0.406386    -0.203193 -1.14261e-05
          1.6    -0.202688    -0.406385    -0.203191  -1.1606e-05
          1.7    -0.202742    -0.406383     -0.20319 -1.17944e-05
          1.8    -0.202796    -0.406381    -0.203189  -1.1992e-05
          1.9    -0.202849     -0.40638    -0.203188 -1.21987e-05
            2    -0.202901    -0.406378    -0.203187 -1.24141e-05
          2.1    -0.202951    -0.406377    -0.203186 -1.26375e-05
          2.2       -0.203    -0.406375    -0.203184 -1.28681e-05
          2.3    -0.203047    -0.406374    -0.203183  -1.3105e-05
          2.4    -0.203093    -0.406372    -0.203182 -1.33137e-05
          2.5    -0.203136    -0.406371    -0.203181 -1.35232e-05
          2.6    -0.203179    -0.406369     -0.20318 -1.37365e-05
          2.7    -0.203219    -0.406368    -0.203178 -1.39528e-05
          2.8    -0.203258    -0.406366    -0.203177 -1.41714e-05
          2.9    -0.203295    -0.406364    -0.203176 -1.43918e-05
            3    -0.203331    -0.406363    -0.203175 -1.46135e-05
          3.1    -0.203365    -0.406361    -0.203174 -1.48361e-05
          3.2    -0.203398     -0.40636    -0.203172 -1.50592e-05
          3.3     -0.20343    -0.406358    -0.203171 -1.52825e-05
          3.4     -0.20346    -0.406356     -0.20317 -1.55058e-05
          3.5    -0.203489    -0.406355    -0.203169 -1.57288e-05
          3.6    -0.203516    -0.406353    -0.203167 -1.59513e-05
          3.7    -0.203543    -0.406352    -0.203166 -1.61733e-05
          3.8    -0.203568     -0.40635    -0.203165  -1.6408e-05
          3.9    -0.203592    -0.406349    -0.203164 -1.67245e-05
            4    -0.203615    -0.406347    -0.203163 -1.69862e-05
          4.1    -0.203637    -0.406346    -0.203162 -1.72433e-05
          4.2    -0.203658    -0.406345    -0.203161 -1.75001e-05
          4.3    -0.203678    -0.406343     -0.20316 -1.77564e-05
          4.4    -0.203697    -0.406342    -0.203159 -1.80121e-05
          4.5    -0.203715     -0.40634    -0.203158 -1.82673e-05
          4.6    -0.203732    -0.406339    -0.203157 -1.85218e-05
          4.7    -0.203748    -0.406337    -0.203156 -1.87757e-05
          4.8    -0.203764    -0.406336    -0.203155 -1.90291e-05
          4.9    -0.203778    -0.406334    -0.203153 -1.92819e-05
            5    -0.203792    -0.406333    -0.203152 -1.95342e-05
          5.1    -0.203805    -0.406331    -0.203151 -1.97859e-05
          5.2    -0.203817     -0.40633     -0.20315 -2.00371e-05
          5.3    -0.203829    -0.406328    -0.203149 -2.02879e-05
          5.4     -0.20384    -0.406326    -0.203148 -2.05382e-05
          5.5     -0.20385    -0.406325    -0.203147  -2.0788e-05
          5.6     -0.20386    -0.406323    -0.203146 -2.10374e-05
          5.7    -0.203869    -0.406322    -0.203144 -2.12864e-05
          5.8    -0.203878     -0.40632    -0.203143 -2.15351e-05
          5.9    -0.203886    -0.406319    -0.203142 -2.17834e-05
            6    -0.203894    -0.406317    -0.203141 -2.20313e-05
          6.1    -0.203901    -0.406316     -0.20314 -2.22789e-05
          6.2    -0.203908    -0.406314    -0.203139 -2.25262e-05
          6.3    -0.203914    -0.406312    -0.203138 -2.27732e-05
          6.4     -0.20392    -0.406311    -0.203136 -2.30199e-05
          6.5    -0.203925    -0.406309    -0.203135 -2.32664e-05
          6.6     -0.20393    -0.406308    -0.203134 -2.35126e-05
          6.7    -0.203935    -0.406306    -0.203133 -2.37586e-05
          6.8    -0.203939    -0.406304    -0.203132 -2.40043e-05
          6.9    -0.203943    -0.406303    -0.203131 -2.42498e-05
            7    -0.203947    -0.406301     -0.20313 -2.44951e-05
          7.1    -0.203951      -0.4063    -0.203128 -2.47402e-05
          7.2    -0.203954    -0.406298    -0.203127 -2.49851e-05
          7.3    -0.203957    -0.406296    -0.203126 -2.52298e-05
          7.4    -0.203959    -0.406295    -0.203125 -2.54743e-05
          7.5    -0.203961    -0.406293    -0.203124 -2.57187e-05
          7.6    -0.203964    -0.406292    -0.203123 -2.59628e-05
          7.7    -0.203965     -0.40629    -0.203121 -2.62068e-05
          7.8    -0.203967    -0.406288     -0.20312 -2.64506e-05
          7.9    -0.203969    -0.406287    -0.203119 -2.66942e-05
            8     -0.20397    -0.406285    -0.203118 -2.69376e-05
          8.1    -0.203971    -0.406283    -0.203117 -2.71809e-05
          8.2    -0.203972    -0.406282    -0.203116  -2.7424e-05
          8.3    -0.203972     -0.40628    -0.203114 -2.76668e-05
          8.4    -0.203973    -0.406279    -0.203113 -2.79096e-05
          8.5    -0.203973    -0.406277    -0.203112 -2.81521e-05
          8.6    -0.203973    -0.406275    -0.203111 -2.83944e-05
          8.7    -0.203974    -0.406274     -0.20311 -2.86366e-05
          8.8    -0.203973    -0.406272    -0.203109 -2.88785e-05
          8.9    -0.203973     -0.40627    -0.203107 -2.91203e-05
            9    -0.203973    -0.406269    -0.203106 -2.93618e-05
          9.1    -0.203972    -0.406267    -0.203105 -2.96032e-05
          9.2    -0.203972    -0.406265    -0.203104 -2.98443e-05
          9.3    -0.203971    -0.406264    -0.203103 -3.00852e-05
          9.4     -0.20397    -0.406262    -0.203102 -3.03259e-05
          9.5    -0.203969    -0.406261    -0.203101 -3.05664e-05
          9.6    -0.203968    -0.406259    -0.203099 -3.08066e-05
          9.7    -0.203967    -0.406257    -0.203098 -3.10467e-05
          9.8    -0.203966    -0.406256    -0.203097 -3.12864e-05
          9.9    -0.203964    -0.406254    -0.203096  -3.1526e-05
           10    -0.203963    -0.406252    -0.203095 -3.17652e-05
         10.1    -0.203961    -0.406251    -0.203094 -3.20043e-05
         10.2     -0.20396    -0.406249    -0.203092  -3.2243e-05
         10.3    -0.203958    -0.406247    -0.203091 -3.24815e-05
         10.4    -0.203956    -0.406246     -0.20309 -3.27197e-05
         10.5    -0.203954    -0.406244    -0.203089 -3.29577e-05
         10.6    -0.203952    -0.406242    -0.203088 -3.31954e-05
         10.7     -0.20395    -0.406241    -0.203087 -3.34327e-05
         10.8    -0.203948    -0.406239    -0.203085 -3.36698e-05
         10.9    -0.203946    -0.406237    -0.203084 -3.39066e-05
           11    -0.203944    -0.406235    -0.203083 -3.41431e-05
         11.1    -0.203942    -0.406234    -0.203082 -3.43793e-05
         11.2    -0.203939    -0.406232    -0.203081 -3.46152e-05
         11.3    -0.203937     -0.40623     -0.20308 -3.48508e-05
         11.4    -0.203935    -0.406229    -0.203079 -3.50861e-05
         11.5    -0.203932    -0.406227    -0.203077  -3.5321e-05
         11.6    -0.203929    -0.406225    -0.203076 -3.55556e-05
         11.7    -0.203927    -0.406224    -0.203075 -3.57899e-05
         11.8    -0.203924    -0.406222    -0.203074 -3.60239e-05
         11.9    -0.203922     -0.40622    -0.203073 -3.62575e-05
           12    -0.203919    -0.406219    -0.203072 -3.64908e-05
         12.1    -0.203916    -0.406217     -0.20307 -3.67237e-05
         12.2    -0.203913    -0.406215    -0.203069 -3.69563e-05
         12.3     -0.20391    -0.406214    -0.203068 -3.71886e-05
         12.4    -0.203907    -0.406212    -0.203067 -3.74205e-05
         12.5    -0.203905     -0.40621    -0.203066 -3.76521e-05
         12.6    -0.203902    -0.406208    -0.203065 -3.78833e-05
         12.7    -0.203899    -0.406207    -0.203064 -3.81141e-05
         12.8    -0.203896    -0.406205    -0.203062 -3.83446e-05
         12.9    -0.203892    -0.406203    -0.203061 -3.85748e-05
           13    -0.203889    -0.406202     -0.20306 -3.88045e-05
         13.1    -0.203886      -0.4062    -0.203059  -3.9034e-05
         13.2    -0.203883    -0.406198    -0.203058  -3.9263e-05
         13.3     -0.20388    -0.406196    -0.203057 -3.94917e-05
         13.4    -0.203877    -0.406195    -0.203056   -3.972e-05
         13.5    -0.203873    -0.406193    -0.203054  -3.9948e-05
         13.6     -0.20387    -0.406191    -0.203053 -4.01756e-05
         13.7    -0.203867     -0.40619    -0.203052 -4.04028e-05
         13.8    -0.203864    -0.406188    -0.203051 -4.06297e-05
         13.9     -0.20386    -0.406186     -0.20305 -4.08562e-05
           14    -0.203857    -0.406184    -0.203049 -4.10823e-05
         14.1    -0.203853    -0.406183    -0.203048  -4.1308e-05
         14.2     -0.20385    -0.406181    -0.203046 -4.15334e-05
         14.3    -0.203847    -0.406179    -0.203045 -4.17584e-05
         14.4    -0.203843    -0.406178    -0.203044 -4.19831e-05
         14.5     -0.20384    -0.406176    -0.203043 -4.22073e-05
         14.6    -0.203836    -0.406174    -0.203042 -4.24313e-05
         14.7    -0.203833    -0.406172    -0.203041 -4.26548e-05
         14.8    -0.203829    -0.406171     -0.20304 -4.28779e-05
         14.9    -0.203826    -0.406169    -0.203039 -4.31007e-05
           15    -0.203822    -0.406167    -0.203037 -4.33232e-05
         15.1    -0.203819    -0.406165    -0.203036 -4.35452e-05
         15.2    -0.203815    -0.406164    -0.203035 -4.37669e-05
         15.3    -0.203811    -0.406162    -0.203034 -4.39882e-05
         15.4    -0.203808     -0.40616    -0.203033 -4.42092e-05
         15.5    -0.203804    -0.406159    -0.203032 -4.44298e-05
         15.6      -0.2038    -0.406157    -0.203031   -4.465e-05
         15.7    -0.203797    -0.406155     -0.20303 -4.48699e-05
         15.8    -0.203793    -0.406153    -0.203029 -4.50894e-05
         15.9    -0.203789    -0.406152    -0.203027 -4.53085e-05
           16    -0.203786     -0.40615    -0.203026 -4.55273e-05
         16.1    -0.203782    -0.406148    -0.203025 -4.57457e-05
         16.2    -0.203778    -0.406146    -0.203024 -4.59638e-05
         16.3    -0.203775    -0.406145    -0.203023 -4.61815e-05
         16.4    -0.203771    -0.406143    -0.203022 -4.63988e-05
         16.5    -0.203767    -0.406141    -0.203021 -4.66158e-05
         16.6    -0.203763     -0.40614     -0.20302 -4.68324e-05
         16.7     -0.20376    -0.406138    -0.203019 -4.70487e-05
         16.8    -0.203756    -0.406136    -0.203017 -4.72646e-05
         16.9    -0.203752    -0.406134    -0.203016 -4.74802e-05
           17    -0.203748    -0.406133    -0.203015 -4.76954e-05
         17.1    -0.203745    -0.406131    -0.203014 -4.79103e-05
         17.2    -0.203741    -0.406129    -0.203013 -4.81248e-05
         17.3    -0.203737    -0.406127    -0.203012  -4.8339e-05
         17.4    -0.203733    -0.406126    -0.203011 -4.85528e-05
         17.5    -0.203729    -0.406124     -0.20301 -4.87663e-05
         17.6    -0.203726    -0.406122    -0.203009 -4.89795e-05
         17.7    -0.203722    -0.406121    -0.203008 -4.91923e-05
         17.8    -0.203718    -0.406119    -0.203006 -4.94047e-05
         17.9    -0.203714    -0.406117    -0.203005 -4.96169e-05
           18     -0.20371    -0.406115    -0.203004 -4.98287e-05
         18.1    -0.203706    -0.406114    -0.203003 -5.00401e-05
         18.2    -0.203703    -0.406112    -0.203002 -5.02512e-05
         18.3    -0.203699     -0.40611    -0.203001  -5.0462e-05
         18.4    -0.203695    -0.406108       -0.203 -5.06725e-05
         18.5    -0.203691    -0.406107    -0.202999 -5.08826e-05
         18.6    -0.203687    -0.406105    -0.202998 -5.10925e-05
         18.7    -0.203683    -0.406103    -0.202997 -5.13019e-05
         18.8     -0.20368    -0.406102    -0.202996 -5.15111e-05
         18.9    -0.203676      -0.4061    -0.202995 -5.17199e-05
           19    -0.203672    -0.406098    -0.202994 -5.19285e-05
         19.1    -0.203668    -0.406096    -0.202992 -5.21367e-05
         19.2    -0.203664    -0.406095    -0.202991 -5.23446e-05
         19.3     -0.20366    -0.406093     -0.20299 -5.25521e-05
         19.4    -0.203657    -0.406091    -0.202989 -5.27594e-05
         19.5    -0.203653     -0.40609    -0.202988 -5.29663e-05
         19.6    -0.203649    -0.406088    -0.202987 -5.31729e-05
         19.7    -0.203645    -0.406086    -0.202986 -5.33793e-05
         19.8    -0.203641    -0.406084    -0.202985 -5.35853e-05
         19.9    -0.203637    -0.406083    -0.202984  -5.3791e-05
           20    -0.203634    -0.406081    -0.202983 -5.39964e-05
