#         Time trackedSurface       bottom        right          top
          0.1  0.000104779  4.61935e-05  4.87955e-05  4.62016e-05
          0.2  0.000127056  7.57169e-05    7.754e-05  7.57287e-05
          0.3  0.000140093  9.52407e-05  9.63751e-05  9.52501e-05
          0.4  0.000147574  0.000107892  0.000108578  0.000107898
          0.5  0.000151271  0.000115701  0.000116107  0.000115705
          0.6  0.000152325  0.000120096  0.000120291  0.000120098
          0.7  0.000151547   0.00012203  0.000122075  0.000122031
          0.8   0.00014955  0.000122228   0.00012217  0.000122228
          0.9  0.000146813  0.000121246   0.00012112  0.000121246
            1  0.000143698  0.000119513  0.000119345  0.000119512
          1.1  0.000140469  0.000117355  0.000117162  0.000117353
          1.2  0.000137312  0.000115005  0.000114806  0.000115003
          1.3  0.000134349  0.000112636  0.000112442  0.000112635
          1.4  0.000131649  0.000110364  0.000110181  0.000110363
          1.5  0.000129247  0.000108264  0.000108092  0.000108263
          1.6  0.000127149  0.000106364   0.00010621  0.000106363
          1.7  0.000125348  0.000104687   0.00010455  0.000104686
          1.8  0.000123824  0.000103232  0.000103113  0.000103231
          1.9  0.000122554  0.000101991  0.000101888   0.00010199
            2   0.00012151  0.000100948  0.000100859  0.000100947
          2.1  0.000120664  0.000100084  0.000100009  0.000100084
          2.2  0.000119993  9.93801e-05  9.93166e-05  9.93798e-05
          2.3   0.00011947  9.88167e-05  9.87633e-05  9.88164e-05
          2.4  0.000119076  9.83764e-05  9.83308e-05  9.83762e-05
          2.5  0.000118789  9.80396e-05  9.80017e-05  9.80394e-05
          2.6  0.000118594  9.77922e-05  9.77607e-05   9.7792e-05
          2.7  0.000118474  9.76204e-05  9.75944e-05  9.76204e-05
          2.8  0.000118419  9.75124e-05  9.74908e-05  9.75123e-05
          2.9  0.000118415  9.74573e-05  9.74395e-05  9.74573e-05
            3  0.000118455  9.74462e-05  9.74314e-05  9.74462e-05
          3.1  0.000118528  9.74712e-05  9.74589e-05  9.74713e-05
          3.2   0.00011863  9.75256e-05  9.75153e-05  9.75256e-05
          3.3  0.000118753  9.76034e-05  9.75946e-05  9.76035e-05
          3.4  0.000118894  9.76998e-05  9.76922e-05  9.76999e-05
          3.5  0.000119047  9.78106e-05  9.78039e-05  9.78107e-05
          3.6  0.000119209  9.79323e-05  9.79263e-05  9.79324e-05
          3.7  0.000119378  9.80621e-05  9.80566e-05  9.80623e-05
          3.8  0.000119552  9.81991e-05  9.81928e-05  9.81993e-05
          3.9  0.000119727  9.83384e-05  9.83326e-05  9.83385e-05
            4  0.000119902   9.8479e-05  9.84736e-05  9.84791e-05
          4.1  0.000120077  9.86208e-05  9.86153e-05  9.86209e-05
          4.2  0.000120249   9.8762e-05  9.87565e-05  9.87621e-05
          4.3  0.000120419  9.89019e-05  9.88962e-05   9.8902e-05
          4.4  0.000120585  9.90397e-05  9.90337e-05  9.90398e-05
          4.5  0.000120748  9.91748e-05  9.91686e-05  9.91749e-05
          4.6  0.000120906  9.93069e-05  9.93004e-05   9.9307e-05
          4.7   0.00012106  9.94356e-05  9.94288e-05  9.94357e-05
          4.8  0.000121209  9.95606e-05  9.95535e-05  9.95607e-05
          4.9  0.000121353  9.96818e-05  9.96744e-05  9.96819e-05
            5  0.000121492   9.9799e-05  9.97913e-05  9.97991e-05
          5.1  0.000121625  9.99122e-05  9.99042e-05  9.99123e-05
          5.2  0.000121754  0.000100021  0.000100013  0.000100021
          5.3  0.000121878  0.000100127  0.000100118  0.000100127
          5.4  0.000121998  0.000100228  0.000100219  0.000100228
          5.5  0.000122112  0.000100325  0.000100316  0.000100325
          5.6  0.000122222  0.000100418  0.000100409  0.000100418
          5.7  0.000122327  0.000100508  0.000100498  0.000100508
          5.8  0.000122428  0.000100594  0.000100584  0.000100594
          5.9  0.000122524  0.000100676  0.000100666  0.000100676
            6  0.000122617  0.000100755  0.000100744  0.000100755
          6.1  0.000122705  0.000100831   0.00010082  0.000100831
          6.2   0.00012279  0.000100903  0.000100892  0.000100903
          6.3  0.000122871  0.000100972  0.000100961  0.000100972
          6.4  0.000122949  0.000101039  0.000101027  0.000101039
          6.5  0.000123023  0.000101102   0.00010109  0.000101102
          6.6  0.000123094  0.000101163  0.000101151  0.000101163
          6.7  0.000123162  0.000101221  0.000101209  0.000101221
          6.8  0.000123228  0.000101277  0.000101264  0.000101277
          6.9   0.00012329   0.00010133  0.000101317   0.00010133
            7   0.00012335  0.000101381  0.000101368  0.000101381
          7.1  0.000123407   0.00010143  0.000101417   0.00010143
          7.2  0.000123462  0.000101477  0.000101464  0.000101477
          7.3  0.000123515  0.000101522  0.000101509  0.000101522
          7.4  0.000123565  0.000101565  0.000101552  0.000101565
          7.5  0.000123614  0.000101606  0.000101593  0.000101606
          7.6   0.00012366  0.000101646  0.000101632  0.000101646
          7.7  0.000123705  0.000101684   0.00010167  0.000101684
          7.8  0.000123748  0.000101721  0.000101707  0.000101721
          7.9  0.000123789  0.000101756  0.000101742  0.000101756
            8  0.000123829   0.00010179  0.000101776   0.00010179
          8.1  0.000123867  0.000101822  0.000101808  0.000101822
          8.2  0.000123904  0.000101853  0.000101839  0.000101853
          8.3  0.000123939  0.000101884  0.000101869  0.000101884
          8.4  0.000123974  0.000101913  0.000101898  0.000101913
          8.5  0.000124007  0.000101941  0.000101926  0.000101941
          8.6  0.000124039  0.000101968  0.000101953  0.000101968
          8.7   0.00012407  0.000101994  0.000101979  0.000101994
          8.8    0.0001241  0.000102019  0.000102005  0.000102019
          8.9  0.000124128  0.000102044  0.000102029  0.000102044
            9  0.000124156  0.000102068  0.000102053  0.000102068
          9.1  0.000124184  0.000102091  0.000102076  0.000102091
          9.2   0.00012421  0.000102113  0.000102098  0.000102113
          9.3  0.000124236  0.000102134  0.000102119  0.000102134
          9.4   0.00012426  0.000102155   0.00010214  0.000102155
          9.5  0.000124284  0.000102176  0.000102161  0.000102176
          9.6  0.000124308  0.000102195   0.00010218  0.000102195
          9.7  0.000124331  0.000102215  0.000102199  0.000102215
          9.8  0.000124353  0.000102233  0.000102218  0.000102233
          9.9  0.000124374  0.000102251  0.000102236  0.000102252
           10  0.000124395  0.000102269  0.000102254  0.000102269
         10.1  0.000124416  0.000102286  0.000102271  0.000102286
         10.2  0.000124436  0.000102303  0.000102288  0.000102303
         10.3  0.000124455   0.00010232  0.000102304   0.00010232
         10.4  0.000124474  0.000102336   0.00010232  0.000102336
         10.5  0.000124493  0.000102351  0.000102336  0.000102351
         10.6  0.000124511  0.000102366  0.000102351  0.000102366
         10.7  0.000124529  0.000102381  0.000102366  0.000102381
         10.8  0.000124546  0.000102396   0.00010238  0.000102396
         10.9  0.000124563   0.00010241  0.000102394   0.00010241
           11  0.000124579  0.000102424  0.000102408  0.000102424
         11.1  0.000124595  0.000102437  0.000102422  0.000102437
         11.2  0.000124611   0.00010245  0.000102435   0.00010245
         11.3  0.000124626  0.000102463  0.000102448  0.000102463
         11.4  0.000124641  0.000102476   0.00010246  0.000102476
         11.5  0.000124656  0.000102488  0.000102473  0.000102488
         11.6   0.00012467    0.0001025  0.000102485    0.0001025
         11.7  0.000124684  0.000102512  0.000102496  0.000102512
         11.8  0.000124698  0.000102524  0.000102508  0.000102524
         11.9  0.000124711  0.000102535  0.000102519  0.000102535
           12  0.000124724  0.000102546   0.00010253  0.000102546
         12.1  0.000124737  0.000102557  0.000102541  0.000102557
         12.2   0.00012475  0.000102567  0.000102551  0.000102567
         12.3  0.000124762  0.000102577  0.000102562  0.000102578
         12.4  0.000124774  0.000102588  0.000102572  0.000102588
         12.5  0.000124786  0.000102598  0.000102582  0.000102598
         12.6  0.000124798  0.000102607  0.000102591  0.000102607
         12.7  0.000124809  0.000102617  0.000102601  0.000102617
         12.8   0.00012482  0.000102626   0.00010261  0.000102626
         12.9  0.000124831  0.000102635  0.000102619  0.000102635
           13  0.000124842  0.000102644  0.000102628  0.000102644
         13.1  0.000124852  0.000102653  0.000102637  0.000102653
         13.2  0.000124862  0.000102662  0.000102646  0.000102662
         13.3  0.000124873   0.00010267  0.000102654   0.00010267
         13.4  0.000124882  0.000102678  0.000102662  0.000102678
         13.5  0.000124892  0.000102687  0.000102671  0.000102687
         13.6  0.000124902  0.000102695  0.000102679  0.000102695
         13.7  0.000124911  0.000102703  0.000102687  0.000102703
         13.8   0.00012492   0.00010271  0.000102694   0.00010271
         13.9   0.00012493  0.000102718  0.000102702  0.000102718
           14  0.000124939  0.000102725  0.000102709  0.000102725
         14.1  0.000124947  0.000102733  0.000102717  0.000102733
         14.2  0.000124956   0.00010274  0.000102724   0.00010274
         14.3  0.000124965  0.000102747  0.000102731  0.000102747
         14.4  0.000124973  0.000102754  0.000102738  0.000102754
         14.5  0.000124981  0.000102761  0.000102745  0.000102761
         14.6  0.000124989  0.000102768  0.000102752  0.000102768
         14.7  0.000124997  0.000102775  0.000102759  0.000102775
         14.8  0.000125005  0.000102781  0.000102765  0.000102781
         14.9  0.000125013  0.000102788  0.000102772  0.000102788
           15  0.000125021  0.000102794  0.000102778  0.000102794
         15.1  0.000125028  0.000102801  0.000102785  0.000102801
         15.2  0.000125036  0.000102807  0.000102791  0.000102807
         15.3  0.000125043  0.000102813  0.000102797  0.000102813
         15.4   0.00012505  0.000102819  0.000102803  0.000102819
         15.5  0.000125057  0.000102825  0.000102809  0.000102825
         15.6  0.000125064  0.000102831  0.000102815  0.000102831
         15.7  0.000125071  0.000102837   0.00010282  0.000102837
         15.8  0.000125078  0.000102842  0.000102826  0.000102842
         15.9  0.000125085  0.000102848  0.000102832  0.000102848
           16  0.000125091  0.000102853  0.000102837  0.000102853
         16.1  0.000125098  0.000102859  0.000102842  0.000102859
         16.2  0.000125104  0.000102864  0.000102848  0.000102864
         16.3   0.00012511  0.000102869  0.000102853  0.000102869
         16.4  0.000125116  0.000102874  0.000102858  0.000102874
         16.5  0.000125122  0.000102879  0.000102863  0.000102879
         16.6  0.000125128  0.000102884  0.000102868  0.000102884
         16.7  0.000125134  0.000102889  0.000102873  0.000102889
         16.8  0.000125139  0.000102894  0.000102878  0.000102894
         16.9  0.000125145  0.000102898  0.000102882  0.000102899
           17   0.00012515  0.000102903  0.000102887  0.000102903
         17.1  0.000125156  0.000102908  0.000102891  0.000102908
         17.2  0.000125161  0.000102912  0.000102896  0.000102912
         17.3  0.000125166  0.000102916    0.0001029  0.000102916
         17.4  0.000125171   0.00010292  0.000102904   0.00010292
         17.5  0.000125176  0.000102925  0.000102908  0.000102925
         17.6   0.00012518  0.000102929  0.000102912  0.000102929
         17.7  0.000125185  0.000102932  0.000102916  0.000102933
         17.8   0.00012519  0.000102936   0.00010292  0.000102936
         17.9  0.000125194   0.00010294  0.000102924   0.00010294
           18  0.000125198  0.000102944  0.000102927  0.000102944
         18.1  0.000125203  0.000102947  0.000102931  0.000102947
         18.2  0.000125207  0.000102951  0.000102935  0.000102951
         18.3  0.000125211  0.000102954  0.000102938  0.000102954
         18.4  0.000125215  0.000102958  0.000102941  0.000102958
         18.5  0.000125219  0.000102961  0.000102945  0.000102961
         18.6  0.000125223  0.000102964  0.000102948  0.000102964
         18.7  0.000125226  0.000102967  0.000102951  0.000102968
         18.8   0.00012523  0.000102971  0.000102954  0.000102971
         18.9  0.000125234  0.000102974  0.000102957  0.000102974
           19  0.000125237  0.000102977   0.00010296  0.000102977
         19.1  0.000125241  0.000102979  0.000102963   0.00010298
         19.2  0.000125244  0.000102982  0.000102966  0.000102982
         19.3  0.000125247  0.000102985  0.000102969  0.000102985
         19.4   0.00012525  0.000102988  0.000102971  0.000102988
         19.5  0.000125254  0.000102991  0.000102974  0.000102991
         19.6  0.000125257  0.000102993  0.000102977  0.000102993
         19.7   0.00012526  0.000102996  0.000102979  0.000102996
         19.8  0.000125263  0.000102998  0.000102982  0.000102998
         19.9  0.000125266  0.000103001  0.000102984  0.000103001
           20  0.000125269  0.000103003  0.000102987  0.000103003
