/*--------------------------------*- C++ -*----------------------------------*\
| =========                 |                                                 |
| \\      /  F ield         | foam-extend: Open Source CFD                    |
|  \\    /   O peration     | Version:     4.0                                |
|   \\  /    A nd           | Web:         http://www.foam-extend.org         |
|    \\/     M anipulation  | For copyright notice see file Copyright         |
\*---------------------------------------------------------------------------*/
FoamFile
{
    version     2.0;
    format      ascii;
    class       labelList;
    note        "nPoints: 2982 nCells: 1400 nFaces: 5690 nInternalFaces: 2710";
    location    "constant/polyMesh";
    object      owner;
}
// * * * * * * * * * * * * * * * * * * * * * * * * * * * * * * * * * * * * * //

5690
(
0
0
1
1
2
2
3
3
4
4
5
5
6
6
7
7
8
8
9
9
10
10
11
11
12
12
13
13
14
14
15
15
16
16
17
17
18
18
19
19
20
20
21
21
22
22
23
23
24
24
25
25
26
26
27
27
28
28
29
29
30
30
31
31
32
32
33
33
34
34
35
35
36
36
37
37
38
38
39
39
40
40
41
41
42
42
43
43
44
44
45
45
46
46
47
47
48
48
49
49
50
50
51
51
52
52
53
53
54
54
55
55
56
56
57
57
58
58
59
59
60
60
61
61
62
62
63
63
64
64
65
65
66
66
67
67
68
68
69
70
70
71
71
72
72
73
73
74
74
75
75
76
76
77
77
78
78
79
79
80
80
81
81
82
82
83
83
84
84
85
85
86
86
87
87
88
88
89
89
90
90
91
91
92
92
93
93
94
94
95
95
96
96
97
97
98
98
99
99
100
100
101
101
102
102
103
103
104
104
105
105
106
106
107
107
108
108
109
109
110
110
111
111
112
112
113
113
114
114
115
115
116
116
117
117
118
118
119
119
120
120
121
121
122
122
123
123
124
124
125
125
126
126
127
127
128
128
129
129
130
130
131
131
132
132
133
133
134
134
135
135
136
136
137
137
138
138
139
140
140
141
141
142
142
143
143
144
144
145
145
146
146
147
147
148
148
149
149
150
150
151
151
152
152
153
153
154
154
155
155
156
156
157
157
158
158
159
159
160
160
161
161
162
162
163
163
164
164
165
165
166
166
167
167
168
168
169
169
170
170
171
171
172
172
173
173
174
174
175
175
176
176
177
177
178
178
179
179
180
180
181
181
182
182
183
183
184
184
185
185
186
186
187
187
188
188
189
189
190
190
191
191
192
192
193
193
194
194
195
195
196
196
197
197
198
198
199
199
200
200
201
201
202
202
203
203
204
204
205
205
206
206
207
207
208
208
209
210
210
211
211
212
212
213
213
214
214
215
215
216
216
217
217
218
218
219
219
220
220
221
221
222
222
223
223
224
224
225
225
226
226
227
227
228
228
229
229
230
230
231
231
232
232
233
233
234
234
235
235
236
236
237
237
238
238
239
239
240
240
241
241
242
242
243
243
244
244
245
245
246
246
247
247
248
248
249
249
250
250
251
251
252
252
253
253
254
254
255
255
256
256
257
257
258
258
259
259
260
260
261
261
262
262
263
263
264
264
265
265
266
266
267
267
268
268
269
269
270
270
271
271
272
272
273
273
274
274
275
275
276
276
277
277
278
278
279
280
280
281
281
282
282
283
283
284
284
285
285
286
286
287
287
288
288
289
289
290
290
291
291
292
292
293
293
294
294
295
295
296
296
297
297
298
298
299
299
300
300
301
301
302
302
303
303
304
304
305
305
306
306
307
307
308
308
309
309
310
310
311
311
312
312
313
313
314
314
315
315
316
316
317
317
318
318
319
319
320
320
321
321
322
322
323
323
324
324
325
325
326
326
327
327
328
328
329
329
330
330
331
331
332
332
333
333
334
334
335
335
336
336
337
337
338
338
339
339
340
340
341
341
342
342
343
343
344
344
345
345
346
346
347
347
348
348
349
350
350
351
351
352
352
353
353
354
354
355
355
356
356
357
357
358
358
359
359
360
360
361
361
362
362
363
363
364
364
365
365
366
366
367
367
368
368
369
369
370
370
371
371
372
372
373
373
374
374
375
375
376
376
377
377
378
378
379
379
380
380
381
381
382
382
383
383
384
384
385
385
386
386
387
387
388
388
389
389
390
390
391
391
392
392
393
393
394
394
395
395
396
396
397
397
398
398
399
399
400
400
401
401
402
402
403
403
404
404
405
405
406
406
407
407
408
408
409
409
410
410
411
411
412
412
413
413
414
414
415
415
416
416
417
417
418
418
419
420
420
421
421
422
422
423
423
424
424
425
425
426
426
427
427
428
428
429
429
430
430
431
431
432
432
433
433
434
434
435
435
436
436
437
437
438
438
439
439
440
440
441
441
442
442
443
443
444
444
445
445
446
446
447
447
448
448
449
449
450
450
451
451
452
452
453
453
454
454
455
455
456
456
457
457
458
458
459
459
460
460
461
461
462
462
463
463
464
464
465
465
466
466
467
467
468
468
469
469
470
470
471
471
472
472
473
473
474
474
475
475
476
476
477
477
478
478
479
479
480
480
481
481
482
482
483
483
484
484
485
485
486
486
487
487
488
488
489
490
490
491
491
492
492
493
493
494
494
495
495
496
496
497
497
498
498
499
499
500
500
501
501
502
502
503
503
504
504
505
505
506
506
507
507
508
508
509
509
510
510
511
511
512
512
513
513
514
514
515
515
516
516
517
517
518
518
519
519
520
520
521
521
522
522
523
523
524
524
525
525
526
526
527
527
528
528
529
529
530
530
531
531
532
532
533
533
534
534
535
535
536
536
537
537
538
538
539
539
540
540
541
541
542
542
543
543
544
544
545
545
546
546
547
547
548
548
549
549
550
550
551
551
552
552
553
553
554
554
555
555
556
556
557
557
558
558
559
560
560
561
561
562
562
563
563
564
564
565
565
566
566
567
567
568
568
569
569
570
570
571
571
572
572
573
573
574
574
575
575
576
576
577
577
578
578
579
579
580
580
581
581
582
582
583
583
584
584
585
585
586
586
587
587
588
588
589
589
590
590
591
591
592
592
593
593
594
594
595
595
596
596
597
597
598
598
599
599
600
600
601
601
602
602
603
603
604
604
605
605
606
606
607
607
608
608
609
609
610
610
611
611
612
612
613
613
614
614
615
615
616
616
617
617
618
618
619
619
620
620
621
621
622
622
623
623
624
624
625
625
626
626
627
627
628
628
629
630
630
631
631
632
632
633
633
634
634
635
635
636
636
637
637
638
638
639
639
640
640
641
641
642
642
643
643
644
644
645
645
646
646
647
647
648
648
649
649
650
650
651
651
652
652
653
653
654
654
655
655
656
656
657
657
658
658
659
659
660
660
661
661
662
662
663
663
664
664
665
665
666
666
667
667
668
668
669
669
670
670
671
671
672
672
673
673
674
674
675
675
676
676
677
677
678
678
679
679
680
680
681
681
682
682
683
683
684
684
685
685
686
686
687
687
688
688
689
689
690
690
691
691
692
692
693
693
694
694
695
695
696
696
697
697
698
698
699
700
700
701
701
702
702
703
703
704
704
705
705
706
706
707
707
708
708
709
709
710
710
711
711
712
712
713
713
714
714
715
715
716
716
717
717
718
718
719
719
720
720
721
721
722
722
723
723
724
724
725
725
726
726
727
727
728
728
729
729
730
730
731
731
732
732
733
733
734
734
735
735
736
736
737
737
738
738
739
739
740
740
741
741
742
742
743
743
744
744
745
745
746
746
747
747
748
748
749
749
750
750
751
751
752
752
753
753
754
754
755
755
756
756
757
757
758
758
759
759
760
760
761
761
762
762
763
763
764
764
765
765
766
766
767
767
768
768
769
770
770
771
771
772
772
773
773
774
774
775
775
776
776
777
777
778
778
779
779
780
780
781
781
782
782
783
783
784
784
785
785
786
786
787
787
788
788
789
789
790
790
791
791
792
792
793
793
794
794
795
795
796
796
797
797
798
798
799
799
800
800
801
801
802
802
803
803
804
804
805
805
806
806
807
807
808
808
809
809
810
810
811
811
812
812
813
813
814
814
815
815
816
816
817
817
818
818
819
819
820
820
821
821
822
822
823
823
824
824
825
825
826
826
827
827
828
828
829
829
830
830
831
831
832
832
833
833
834
834
835
835
836
836
837
837
838
838
839
840
840
841
841
842
842
843
843
844
844
845
845
846
846
847
847
848
848
849
849
850
850
851
851
852
852
853
853
854
854
855
855
856
856
857
857
858
858
859
859
860
860
861
861
862
862
863
863
864
864
865
865
866
866
867
867
868
868
869
869
870
870
871
871
872
872
873
873
874
874
875
875
876
876
877
877
878
878
879
879
880
880
881
881
882
882
883
883
884
884
885
885
886
886
887
887
888
888
889
889
890
890
891
891
892
892
893
893
894
894
895
895
896
896
897
897
898
898
899
899
900
900
901
901
902
902
903
903
904
904
905
905
906
906
907
907
908
908
909
910
910
911
911
912
912
913
913
914
914
915
915
916
916
917
917
918
918
919
919
920
920
921
921
922
922
923
923
924
924
925
925
926
926
927
927
928
928
929
929
930
930
931
931
932
932
933
933
934
934
935
935
936
936
937
937
938
938
939
939
940
940
941
941
942
942
943
943
944
944
945
945
946
946
947
947
948
948
949
949
950
950
951
951
952
952
953
953
954
954
955
955
956
956
957
957
958
958
959
959
960
960
961
961
962
962
963
963
964
964
965
965
966
966
967
967
968
968
969
969
970
970
971
971
972
972
973
973
974
974
975
975
976
976
977
977
978
978
979
980
980
981
981
982
982
983
983
984
984
985
985
986
986
987
987
988
988
989
989
990
990
991
991
992
992
993
993
994
994
995
995
996
996
997
997
998
998
999
999
1000
1000
1001
1001
1002
1002
1003
1003
1004
1004
1005
1005
1006
1006
1007
1007
1008
1008
1009
1009
1010
1010
1011
1011
1012
1012
1013
1013
1014
1014
1015
1015
1016
1016
1017
1017
1018
1018
1019
1019
1020
1020
1021
1021
1022
1022
1023
1023
1024
1024
1025
1025
1026
1026
1027
1027
1028
1028
1029
1029
1030
1030
1031
1031
1032
1032
1033
1033
1034
1034
1035
1035
1036
1036
1037
1037
1038
1038
1039
1039
1040
1040
1041
1041
1042
1042
1043
1043
1044
1044
1045
1045
1046
1046
1047
1047
1048
1048
1049
1050
1050
1051
1051
1052
1052
1053
1053
1054
1054
1055
1055
1056
1056
1057
1057
1058
1058
1059
1059
1060
1060
1061
1061
1062
1062
1063
1063
1064
1064
1065
1065
1066
1066
1067
1067
1068
1068
1069
1069
1070
1070
1071
1071
1072
1072
1073
1073
1074
1074
1075
1075
1076
1076
1077
1077
1078
1078
1079
1079
1080
1080
1081
1081
1082
1082
1083
1083
1084
1084
1085
1085
1086
1086
1087
1087
1088
1088
1089
1089
1090
1090
1091
1091
1092
1092
1093
1093
1094
1094
1095
1095
1096
1096
1097
1097
1098
1098
1099
1099
1100
1100
1101
1101
1102
1102
1103
1103
1104
1104
1105
1105
1106
1106
1107
1107
1108
1108
1109
1109
1110
1110
1111
1111
1112
1112
1113
1113
1114
1114
1115
1115
1116
1116
1117
1117
1118
1118
1119
1120
1120
1121
1121
1122
1122
1123
1123
1124
1124
1125
1125
1126
1126
1127
1127
1128
1128
1129
1129
1130
1130
1131
1131
1132
1132
1133
1133
1134
1134
1135
1135
1136
1136
1137
1137
1138
1138
1139
1139
1140
1140
1141
1141
1142
1142
1143
1143
1144
1144
1145
1145
1146
1146
1147
1147
1148
1148
1149
1149
1150
1150
1151
1151
1152
1152
1153
1153
1154
1154
1155
1155
1156
1156
1157
1157
1158
1158
1159
1159
1160
1160
1161
1161
1162
1162
1163
1163
1164
1164
1165
1165
1166
1166
1167
1167
1168
1168
1169
1169
1170
1170
1171
1171
1172
1172
1173
1173
1174
1174
1175
1175
1176
1176
1177
1177
1178
1178
1179
1179
1180
1180
1181
1181
1182
1182
1183
1183
1184
1184
1185
1185
1186
1186
1187
1187
1188
1188
1189
1190
1190
1191
1191
1192
1192
1193
1193
1194
1194
1195
1195
1196
1196
1197
1197
1198
1198
1199
1199
1200
1200
1201
1201
1202
1202
1203
1203
1204
1204
1205
1205
1206
1206
1207
1207
1208
1208
1209
1209
1210
1210
1211
1211
1212
1212
1213
1213
1214
1214
1215
1215
1216
1216
1217
1217
1218
1218
1219
1219
1220
1220
1221
1221
1222
1222
1223
1223
1224
1224
1225
1225
1226
1226
1227
1227
1228
1228
1229
1229
1230
1230
1231
1231
1232
1232
1233
1233
1234
1234
1235
1235
1236
1236
1237
1237
1238
1238
1239
1239
1240
1240
1241
1241
1242
1242
1243
1243
1244
1244
1245
1245
1246
1246
1247
1247
1248
1248
1249
1249
1250
1250
1251
1251
1252
1252
1253
1253
1254
1254
1255
1255
1256
1256
1257
1257
1258
1258
1259
1260
1260
1261
1261
1262
1262
1263
1263
1264
1264
1265
1265
1266
1266
1267
1267
1268
1268
1269
1269
1270
1270
1271
1271
1272
1272
1273
1273
1274
1274
1275
1275
1276
1276
1277
1277
1278
1278
1279
1279
1280
1280
1281
1281
1282
1282
1283
1283
1284
1284
1285
1285
1286
1286
1287
1287
1288
1288
1289
1289
1290
1290
1291
1291
1292
1292
1293
1293
1294
1294
1295
1295
1296
1296
1297
1297
1298
1298
1299
1299
1300
1300
1301
1301
1302
1302
1303
1303
1304
1304
1305
1305
1306
1306
1307
1307
1308
1308
1309
1309
1310
1310
1311
1311
1312
1312
1313
1313
1314
1314
1315
1315
1316
1316
1317
1317
1318
1318
1319
1319
1320
1320
1321
1321
1322
1322
1323
1323
1324
1324
1325
1325
1326
1326
1327
1327
1328
1328
1329
1330
1331
1332
1333
1334
1335
1336
1337
1338
1339
1340
1341
1342
1343
1344
1345
1346
1347
1348
1349
1350
1351
1352
1353
1354
1355
1356
1357
1358
1359
1360
1361
1362
1363
1364
1365
1366
1367
1368
1369
1370
1371
1372
1373
1374
1375
1376
1377
1378
1379
1380
1381
1382
1383
1384
1385
1386
1387
1388
1389
1390
1391
1392
1393
1394
1395
1396
1397
1398
0
70
140
210
280
350
420
490
560
630
700
770
840
910
980
1050
1120
1190
1260
1330
1
71
141
211
281
351
421
491
561
631
701
771
841
911
981
1051
1121
1191
1261
1331
2
72
142
212
282
352
422
492
562
632
702
772
842
912
982
1052
1122
1192
1262
1332
3
73
143
213
283
353
423
493
563
633
703
773
843
913
983
1053
1123
1193
1263
1333
4
74
144
214
284
354
424
494
564
634
704
774
844
914
984
1054
1124
1194
1264
1334
5
75
145
215
285
355
425
495
565
635
705
775
845
915
985
1055
1125
1195
1265
1335
6
76
146
216
286
356
426
496
566
636
706
776
846
916
986
1056
1126
1196
1266
1336
7
77
147
217
287
357
427
497
567
637
707
777
847
917
987
1057
1127
1197
1267
1337
8
78
148
218
288
358
428
498
568
638
708
778
848
918
988
1058
1128
1198
1268
1338
9
79
149
219
289
359
429
499
569
639
709
779
849
919
989
1059
1129
1199
1269
1339
10
80
150
220
290
360
430
500
570
640
710
780
850
920
990
1060
1130
1200
1270
1340
11
81
151
221
291
361
431
501
571
641
711
781
851
921
991
1061
1131
1201
1271
1341
12
82
152
222
292
362
432
502
572
642
712
782
852
922
992
1062
1132
1202
1272
1342
13
83
153
223
293
363
433
503
573
643
713
783
853
923
993
1063
1133
1203
1273
1343
14
84
154
224
294
364
434
504
574
644
714
784
854
924
994
1064
1134
1204
1274
1344
15
85
155
225
295
365
435
505
575
645
715
785
855
925
995
1065
1135
1205
1275
1345
16
86
156
226
296
366
436
506
576
646
716
786
856
926
996
1066
1136
1206
1276
1346
17
87
157
227
297
367
437
507
577
647
717
787
857
927
997
1067
1137
1207
1277
1347
18
88
158
228
298
368
438
508
578
648
718
788
858
928
998
1068
1138
1208
1278
1348
19
89
159
229
299
369
439
509
579
649
719
789
859
929
999
1069
1139
1209
1279
1349
20
90
160
230
300
370
440
510
580
650
720
790
860
930
1000
1070
1140
1210
1280
1350
21
91
161
231
301
371
441
511
581
651
721
791
861
931
1001
1071
1141
1211
1281
1351
22
92
162
232
302
372
442
512
582
652
722
792
862
932
1002
1072
1142
1212
1282
1352
23
93
163
233
303
373
443
513
583
653
723
793
863
933
1003
1073
1143
1213
1283
1353
24
94
164
234
304
374
444
514
584
654
724
794
864
934
1004
1074
1144
1214
1284
1354
25
95
165
235
305
375
445
515
585
655
725
795
865
935
1005
1075
1145
1215
1285
1355
26
96
166
236
306
376
446
516
586
656
726
796
866
936
1006
1076
1146
1216
1286
1356
27
97
167
237
307
377
447
517
587
657
727
797
867
937
1007
1077
1147
1217
1287
1357
28
98
168
238
308
378
448
518
588
658
728
798
868
938
1008
1078
1148
1218
1288
1358
29
99
169
239
309
379
449
519
589
659
729
799
869
939
1009
1079
1149
1219
1289
1359
30
100
170
240
310
380
450
520
590
660
730
800
870
940
1010
1080
1150
1220
1290
1360
31
101
171
241
311
381
451
521
591
661
731
801
871
941
1011
1081
1151
1221
1291
1361
32
102
172
242
312
382
452
522
592
662
732
802
872
942
1012
1082
1152
1222
1292
1362
33
103
173
243
313
383
453
523
593
663
733
803
873
943
1013
1083
1153
1223
1293
1363
34
104
174
244
314
384
454
524
594
664
734
804
874
944
1014
1084
1154
1224
1294
1364
35
105
175
245
315
385
455
525
595
665
735
805
875
945
1015
1085
1155
1225
1295
1365
36
106
176
246
316
386
456
526
596
666
736
806
876
946
1016
1086
1156
1226
1296
1366
37
107
177
247
317
387
457
527
597
667
737
807
877
947
1017
1087
1157
1227
1297
1367
38
108
178
248
318
388
458
528
598
668
738
808
878
948
1018
1088
1158
1228
1298
1368
39
109
179
249
319
389
459
529
599
669
739
809
879
949
1019
1089
1159
1229
1299
1369
40
110
180
250
320
390
460
530
600
670
740
810
880
950
1020
1090
1160
1230
1300
1370
41
111
181
251
321
391
461
531
601
671
741
811
881
951
1021
1091
1161
1231
1301
1371
42
112
182
252
322
392
462
532
602
672
742
812
882
952
1022
1092
1162
1232
1302
1372
43
113
183
253
323
393
463
533
603
673
743
813
883
953
1023
1093
1163
1233
1303
1373
44
114
184
254
324
394
464
534
604
674
744
814
884
954
1024
1094
1164
1234
1304
1374
45
115
185
255
325
395
465
535
605
675
745
815
885
955
1025
1095
1165
1235
1305
1375
46
116
186
256
326
396
466
536
606
676
746
816
886
956
1026
1096
1166
1236
1306
1376
47
117
187
257
327
397
467
537
607
677
747
817
887
957
1027
1097
1167
1237
1307
1377
48
118
188
258
328
398
468
538
608
678
748
818
888
958
1028
1098
1168
1238
1308
1378
49
119
189
259
329
399
469
539
609
679
749
819
889
959
1029
1099
1169
1239
1309
1379
50
120
190
260
330
400
470
540
610
680
750
820
890
960
1030
1100
1170
1240
1310
1380
51
121
191
261
331
401
471
541
611
681
751
821
891
961
1031
1101
1171
1241
1311
1381
52
122
192
262
332
402
472
542
612
682
752
822
892
962
1032
1102
1172
1242
1312
1382
53
123
193
263
333
403
473
543
613
683
753
823
893
963
1033
1103
1173
1243
1313
1383
54
124
194
264
334
404
474
544
614
684
754
824
894
964
1034
1104
1174
1244
1314
1384
55
125
195
265
335
405
475
545
615
685
755
825
895
965
1035
1105
1175
1245
1315
1385
56
126
196
266
336
406
476
546
616
686
756
826
896
966
1036
1106
1176
1246
1316
1386
57
127
197
267
337
407
477
547
617
687
757
827
897
967
1037
1107
1177
1247
1317
1387
58
128
198
268
338
408
478
548
618
688
758
828
898
968
1038
1108
1178
1248
1318
1388
59
129
199
269
339
409
479
549
619
689
759
829
899
969
1039
1109
1179
1249
1319
1389
60
130
200
270
340
410
480
550
620
690
760
830
900
970
1040
1110
1180
1250
1320
1390
61
131
201
271
341
411
481
551
621
691
761
831
901
971
1041
1111
1181
1251
1321
1391
62
132
202
272
342
412
482
552
622
692
762
832
902
972
1042
1112
1182
1252
1322
1392
63
133
203
273
343
413
483
553
623
693
763
833
903
973
1043
1113
1183
1253
1323
1393
64
134
204
274
344
414
484
554
624
694
764
834
904
974
1044
1114
1184
1254
1324
1394
65
135
205
275
345
415
485
555
625
695
765
835
905
975
1045
1115
1185
1255
1325
1395
66
136
206
276
346
416
486
556
626
696
766
836
906
976
1046
1116
1186
1256
1326
1396
67
137
207
277
347
417
487
557
627
697
767
837
907
977
1047
1117
1187
1257
1327
1397
68
138
208
278
348
418
488
558
628
698
768
838
908
978
1048
1118
1188
1258
1328
1398
69
139
209
279
349
419
489
559
629
699
769
839
909
979
1049
1119
1189
1259
1329
1399
0
70
140
210
280
350
420
490
560
630
700
770
840
910
980
1050
1120
1190
1260
1330
1
71
141
211
281
351
421
491
561
631
701
771
841
911
981
1051
1121
1191
1261
1331
2
72
142
212
282
352
422
492
562
632
702
772
842
912
982
1052
1122
1192
1262
1332
3
73
143
213
283
353
423
493
563
633
703
773
843
913
983
1053
1123
1193
1263
1333
4
74
144
214
284
354
424
494
564
634
704
774
844
914
984
1054
1124
1194
1264
1334
5
75
145
215
285
355
425
495
565
635
705
775
845
915
985
1055
1125
1195
1265
1335
6
76
146
216
286
356
426
496
566
636
706
776
846
916
986
1056
1126
1196
1266
1336
7
77
147
217
287
357
427
497
567
637
707
777
847
917
987
1057
1127
1197
1267
1337
8
78
148
218
288
358
428
498
568
638
708
778
848
918
988
1058
1128
1198
1268
1338
9
79
149
219
289
359
429
499
569
639
709
779
849
919
989
1059
1129
1199
1269
1339
10
80
150
220
290
360
430
500
570
640
710
780
850
920
990
1060
1130
1200
1270
1340
11
81
151
221
291
361
431
501
571
641
711
781
851
921
991
1061
1131
1201
1271
1341
12
82
152
222
292
362
432
502
572
642
712
782
852
922
992
1062
1132
1202
1272
1342
13
83
153
223
293
363
433
503
573
643
713
783
853
923
993
1063
1133
1203
1273
1343
14
84
154
224
294
364
434
504
574
644
714
784
854
924
994
1064
1134
1204
1274
1344
15
85
155
225
295
365
435
505
575
645
715
785
855
925
995
1065
1135
1205
1275
1345
16
86
156
226
296
366
436
506
576
646
716
786
856
926
996
1066
1136
1206
1276
1346
17
87
157
227
297
367
437
507
577
647
717
787
857
927
997
1067
1137
1207
1277
1347
18
88
158
228
298
368
438
508
578
648
718
788
858
928
998
1068
1138
1208
1278
1348
19
89
159
229
299
369
439
509
579
649
719
789
859
929
999
1069
1139
1209
1279
1349
20
90
160
230
300
370
440
510
580
650
720
790
860
930
1000
1070
1140
1210
1280
1350
21
91
161
231
301
371
441
511
581
651
721
791
861
931
1001
1071
1141
1211
1281
1351
22
92
162
232
302
372
442
512
582
652
722
792
862
932
1002
1072
1142
1212
1282
1352
23
93
163
233
303
373
443
513
583
653
723
793
863
933
1003
1073
1143
1213
1283
1353
24
94
164
234
304
374
444
514
584
654
724
794
864
934
1004
1074
1144
1214
1284
1354
25
95
165
235
305
375
445
515
585
655
725
795
865
935
1005
1075
1145
1215
1285
1355
26
96
166
236
306
376
446
516
586
656
726
796
866
936
1006
1076
1146
1216
1286
1356
27
97
167
237
307
377
447
517
587
657
727
797
867
937
1007
1077
1147
1217
1287
1357
28
98
168
238
308
378
448
518
588
658
728
798
868
938
1008
1078
1148
1218
1288
1358
29
99
169
239
309
379
449
519
589
659
729
799
869
939
1009
1079
1149
1219
1289
1359
30
100
170
240
310
380
450
520
590
660
730
800
870
940
1010
1080
1150
1220
1290
1360
31
101
171
241
311
381
451
521
591
661
731
801
871
941
1011
1081
1151
1221
1291
1361
32
102
172
242
312
382
452
522
592
662
732
802
872
942
1012
1082
1152
1222
1292
1362
33
103
173
243
313
383
453
523
593
663
733
803
873
943
1013
1083
1153
1223
1293
1363
34
104
174
244
314
384
454
524
594
664
734
804
874
944
1014
1084
1154
1224
1294
1364
35
105
175
245
315
385
455
525
595
665
735
805
875
945
1015
1085
1155
1225
1295
1365
36
106
176
246
316
386
456
526
596
666
736
806
876
946
1016
1086
1156
1226
1296
1366
37
107
177
247
317
387
457
527
597
667
737
807
877
947
1017
1087
1157
1227
1297
1367
38
108
178
248
318
388
458
528
598
668
738
808
878
948
1018
1088
1158
1228
1298
1368
39
109
179
249
319
389
459
529
599
669
739
809
879
949
1019
1089
1159
1229
1299
1369
40
110
180
250
320
390
460
530
600
670
740
810
880
950
1020
1090
1160
1230
1300
1370
41
111
181
251
321
391
461
531
601
671
741
811
881
951
1021
1091
1161
1231
1301
1371
42
112
182
252
322
392
462
532
602
672
742
812
882
952
1022
1092
1162
1232
1302
1372
43
113
183
253
323
393
463
533
603
673
743
813
883
953
1023
1093
1163
1233
1303
1373
44
114
184
254
324
394
464
534
604
674
744
814
884
954
1024
1094
1164
1234
1304
1374
45
115
185
255
325
395
465
535
605
675
745
815
885
955
1025
1095
1165
1235
1305
1375
46
116
186
256
326
396
466
536
606
676
746
816
886
956
1026
1096
1166
1236
1306
1376
47
117
187
257
327
397
467
537
607
677
747
817
887
957
1027
1097
1167
1237
1307
1377
48
118
188
258
328
398
468
538
608
678
748
818
888
958
1028
1098
1168
1238
1308
1378
49
119
189
259
329
399
469
539
609
679
749
819
889
959
1029
1099
1169
1239
1309
1379
50
120
190
260
330
400
470
540
610
680
750
820
890
960
1030
1100
1170
1240
1310
1380
51
121
191
261
331
401
471
541
611
681
751
821
891
961
1031
1101
1171
1241
1311
1381
52
122
192
262
332
402
472
542
612
682
752
822
892
962
1032
1102
1172
1242
1312
1382
53
123
193
263
333
403
473
543
613
683
753
823
893
963
1033
1103
1173
1243
1313
1383
54
124
194
264
334
404
474
544
614
684
754
824
894
964
1034
1104
1174
1244
1314
1384
55
125
195
265
335
405
475
545
615
685
755
825
895
965
1035
1105
1175
1245
1315
1385
56
126
196
266
336
406
476
546
616
686
756
826
896
966
1036
1106
1176
1246
1316
1386
57
127
197
267
337
407
477
547
617
687
757
827
897
967
1037
1107
1177
1247
1317
1387
58
128
198
268
338
408
478
548
618
688
758
828
898
968
1038
1108
1178
1248
1318
1388
59
129
199
269
339
409
479
549
619
689
759
829
899
969
1039
1109
1179
1249
1319
1389
60
130
200
270
340
410
480
550
620
690
760
830
900
970
1040
1110
1180
1250
1320
1390
61
131
201
271
341
411
481
551
621
691
761
831
901
971
1041
1111
1181
1251
1321
1391
62
132
202
272
342
412
482
552
622
692
762
832
902
972
1042
1112
1182
1252
1322
1392
63
133
203
273
343
413
483
553
623
693
763
833
903
973
1043
1113
1183
1253
1323
1393
64
134
204
274
344
414
484
554
624
694
764
834
904
974
1044
1114
1184
1254
1324
1394
65
135
205
275
345
415
485
555
625
695
765
835
905
975
1045
1115
1185
1255
1325
1395
66
136
206
276
346
416
486
556
626
696
766
836
906
976
1046
1116
1186
1256
1326
1396
67
137
207
277
347
417
487
557
627
697
767
837
907
977
1047
1117
1187
1257
1327
1397
68
138
208
278
348
418
488
558
628
698
768
838
908
978
1048
1118
1188
1258
1328
1398
69
139
209
279
349
419
489
559
629
699
769
839
909
979
1049
1119
1189
1259
1329
1399
1330
1331
1332
1333
1334
1335
1336
1337
1338
1339
1340
1341
1342
1343
1344
1345
1346
1347
1348
1349
1350
1351
1352
1353
1354
1355
1356
1357
1358
1359
1360
1361
1362
1363
1364
1365
1366
1367
1368
1369
1370
1371
1372
1373
1374
1375
1376
1377
1378
1379
1380
1381
1382
1383
1384
1385
1386
1387
1388
1389
1390
1391
1392
1393
1394
1395
1396
1397
1398
1399
0
1
2
3
4
5
6
7
8
9
10
11
12
13
14
15
16
17
18
19
20
21
22
23
24
25
26
27
28
29
30
31
32
33
34
35
36
37
38
39
40
41
42
43
44
45
46
47
48
49
50
51
52
53
54
55
56
57
58
59
60
61
62
63
64
65
66
67
68
69
0
70
140
210
280
350
420
490
560
630
700
770
840
910
980
1050
1120
1190
1260
1330
69
139
209
279
349
419
489
559
629
699
769
839
909
979
1049
1119
1189
1259
1329
1399
)

// ************************************************************************* //
