/*--------------------------------*- C++ -*----------------------------------*\
| =========                 |                                                 |
| \\      /  F ield         | foam-extend: Open Source CFD                    |
|  \\    /   O peration     | Version:     4.0                                |
|   \\  /    A nd           | Web:         http://www.foam-extend.org         |
|    \\/     M anipulation  | For copyright notice see file Copyright         |
\*---------------------------------------------------------------------------*/
FoamFile
{
    version     2.0;
    format      ascii;
    class       vectorField;
    location    "constant/polyMesh";
    object      points;
}
// * * * * * * * * * * * * * * * * * * * * * * * * * * * * * * * * * * * * * //

2982
(
(-0.035 -0.000625 0)
(-0.035 0.000625 0)
(-0.034 -0.000625 0)
(-0.033 -0.000625 0)
(-0.032 -0.000625 0)
(-0.031 -0.000625 0)
(-0.03 -0.000625 0)
(-0.029 -0.000625 0)
(-0.028 -0.000625 0)
(-0.027 -0.000625 0)
(-0.026 -0.000625 0)
(-0.025 -0.000625 0)
(-0.024 -0.000625 0)
(-0.023 -0.000625 0)
(-0.022 -0.000625 0)
(-0.021 -0.000625 0)
(-0.02 -0.000625 0)
(-0.019 -0.000625 0)
(-0.018 -0.000625 0)
(-0.017 -0.000625 0)
(-0.016 -0.000625 0)
(-0.015 -0.000625 0)
(-0.014 -0.000625 0)
(-0.013 -0.000625 0)
(-0.012 -0.000625 0)
(-0.011 -0.000625 0)
(-0.01 -0.000625 0)
(-0.009 -0.000625 0)
(-0.008 -0.000625 0)
(-0.007 -0.000625 0)
(-0.006 -0.000625 0)
(-0.005 -0.000625 0)
(-0.004 -0.000625 0)
(-0.003 -0.000625 0)
(-0.002 -0.000625 0)
(-0.001 -0.000625 0)
(0 -0.000625 0)
(0.001 -0.000625 0)
(0.002 -0.000625 0)
(0.003 -0.000625 0)
(0.004 -0.000625 0)
(0.005 -0.000625 0)
(0.006 -0.000625 0)
(0.007 -0.000625 0)
(0.008 -0.000625 0)
(0.009 -0.000625 0)
(0.01 -0.000625 0)
(0.011 -0.000625 0)
(0.012 -0.000625 0)
(0.013 -0.000625 0)
(0.014 -0.000625 0)
(0.015 -0.000625 0)
(0.016 -0.000625 0)
(0.017 -0.000625 0)
(0.018 -0.000625 0)
(0.019 -0.000625 0)
(0.02 -0.000625 0)
(0.021 -0.000625 0)
(0.022 -0.000625 0)
(0.023 -0.000625 0)
(0.024 -0.000625 0)
(0.025 -0.000625 0)
(0.026 -0.000625 0)
(0.027 -0.000625 0)
(0.028 -0.000625 0)
(0.029 -0.000625 0)
(0.03 -0.000625 0)
(0.031 -0.000625 0)
(0.032 -0.000625 0)
(0.033 -0.000625 0)
(0.034 -0.000625 0)
(0.035 -0.000625 0)
(-0.034 0.000625 0)
(-0.033 0.000625 0)
(-0.032 0.000625 0)
(-0.031 0.000625 0)
(-0.03 0.000625 0)
(-0.029 0.000625 0)
(-0.028 0.000625 0)
(-0.027 0.000625 0)
(-0.026 0.000625 0)
(-0.025 0.000625 0)
(-0.024 0.000625 0)
(-0.023 0.000625 0)
(-0.022 0.000625 0)
(-0.021 0.000625 0)
(-0.02 0.000625 0)
(-0.019 0.000625 0)
(-0.018 0.000625 0)
(-0.017 0.000625 0)
(-0.016 0.000625 0)
(-0.015 0.000625 0)
(-0.014 0.000625 0)
(-0.013 0.000625 0)
(-0.012 0.000625 0)
(-0.011 0.000625 0)
(-0.01 0.000625 0)
(-0.009 0.000625 0)
(-0.008 0.000625 0)
(-0.007 0.000625 0)
(-0.006 0.000625 0)
(-0.005 0.000625 0)
(-0.004 0.000625 0)
(-0.003 0.000625 0)
(-0.002 0.000625 0)
(-0.001 0.000625 0)
(0 0.000625 0)
(0.001 0.000625 0)
(0.002 0.000625 0)
(0.003 0.000625 0)
(0.004 0.000625 0)
(0.005 0.000625 0)
(0.006 0.000625 0)
(0.007 0.000625 0)
(0.008 0.000625 0)
(0.009 0.000625 0)
(0.01 0.000625 0)
(0.011 0.000625 0)
(0.012 0.000625 0)
(0.013 0.000625 0)
(0.014 0.000625 0)
(0.015 0.000625 0)
(0.016 0.000625 0)
(0.017 0.000625 0)
(0.018 0.000625 0)
(0.019 0.000625 0)
(0.02 0.000625 0)
(0.021 0.000625 0)
(0.022 0.000625 0)
(0.023 0.000625 0)
(0.024 0.000625 0)
(0.025 0.000625 0)
(0.026 0.000625 0)
(0.027 0.000625 0)
(0.028 0.000625 0)
(0.029 0.000625 0)
(0.03 0.000625 0)
(0.031 0.000625 0)
(0.032 0.000625 0)
(0.033 0.000625 0)
(0.034 0.000625 0)
(0.035 0.000625 0)
(-0.035 -0.000625 0.0005)
(-0.035 0.000625 0.0005)
(-0.035 -0.000625 0.001)
(-0.035 0.000625 0.001)
(-0.035 -0.000625 0.0015)
(-0.035 0.000625 0.0015)
(-0.035 -0.000625 0.002)
(-0.035 0.000625 0.002)
(-0.035 -0.000625 0.0025)
(-0.035 0.000625 0.0025)
(-0.035 -0.000625 0.003)
(-0.035 0.000625 0.003)
(-0.035 -0.000625 0.0035)
(-0.035 0.000625 0.0035)
(-0.035 -0.000625 0.004)
(-0.035 0.000625 0.004)
(-0.035 -0.000625 0.0045)
(-0.035 0.000625 0.0045)
(-0.035 -0.000625 0.005)
(-0.035 0.000625 0.005)
(-0.035 -0.000625 0.0055)
(-0.035 0.000625 0.0055)
(-0.035 -0.000625 0.006)
(-0.035 0.000625 0.006)
(-0.035 -0.000625 0.0065)
(-0.035 0.000625 0.0065)
(-0.035 -0.000625 0.007)
(-0.035 0.000625 0.007)
(-0.035 -0.000625 0.0075)
(-0.035 0.000625 0.0075)
(-0.035 -0.000625 0.008)
(-0.035 0.000625 0.008)
(-0.035 -0.000625 0.0085)
(-0.035 0.000625 0.0085)
(-0.035 -0.000625 0.009)
(-0.035 0.000625 0.009)
(-0.035 -0.000625 0.0095)
(-0.035 0.000625 0.0095)
(-0.035 -0.000625 0.01)
(-0.035 0.000625 0.01)
(-0.034 -0.000625 0.00051428571)
(-0.033 -0.000625 0.00052857143)
(-0.032 -0.000625 0.00054285714)
(-0.031 -0.000625 0.00055714286)
(-0.03 -0.000625 0.00057142857)
(-0.029 -0.000625 0.00058571429)
(-0.028 -0.000625 0.0006)
(-0.027 -0.000625 0.00061428571)
(-0.026 -0.000625 0.00062857143)
(-0.025 -0.000625 0.00064285714)
(-0.024 -0.000625 0.00065714286)
(-0.023 -0.000625 0.00067142857)
(-0.022 -0.000625 0.00068571429)
(-0.021 -0.000625 0.0007)
(-0.02 -0.000625 0.00071428571)
(-0.019 -0.000625 0.00072857143)
(-0.018 -0.000625 0.00074285714)
(-0.017 -0.000625 0.00075714286)
(-0.016 -0.000625 0.00077142857)
(-0.015 -0.000625 0.00078571429)
(-0.014 -0.000625 0.0008)
(-0.013 -0.000625 0.00081428571)
(-0.012 -0.000625 0.00082857143)
(-0.011 -0.000625 0.00084285714)
(-0.01 -0.000625 0.00085714286)
(-0.009 -0.000625 0.00087142857)
(-0.008 -0.000625 0.00088571429)
(-0.007 -0.000625 0.0009)
(-0.006 -0.000625 0.00091428571)
(-0.005 -0.000625 0.00092857143)
(-0.004 -0.000625 0.00094285714)
(-0.003 -0.000625 0.00095714286)
(-0.002 -0.000625 0.00097142857)
(-0.001 -0.000625 0.00098571429)
(0 -0.000625 0.001)
(0.001 -0.000625 0.0010142857)
(0.002 -0.000625 0.0010285714)
(0.003 -0.000625 0.0010428571)
(0.004 -0.000625 0.0010571429)
(0.005 -0.000625 0.0010714286)
(0.006 -0.000625 0.0010857143)
(0.007 -0.000625 0.0011)
(0.008 -0.000625 0.0011142857)
(0.009 -0.000625 0.0011285714)
(0.01 -0.000625 0.0011428571)
(0.011 -0.000625 0.0011571429)
(0.012 -0.000625 0.0011714286)
(0.013 -0.000625 0.0011857143)
(0.014 -0.000625 0.0012)
(0.015 -0.000625 0.0012142857)
(0.016 -0.000625 0.0012285714)
(0.017 -0.000625 0.0012428571)
(0.018 -0.000625 0.0012571429)
(0.019 -0.000625 0.0012714286)
(0.02 -0.000625 0.0012857143)
(0.021 -0.000625 0.0013)
(0.022 -0.000625 0.0013142857)
(0.023 -0.000625 0.0013285714)
(0.024 -0.000625 0.0013428571)
(0.025 -0.000625 0.0013571429)
(0.026 -0.000625 0.0013714286)
(0.027 -0.000625 0.0013857143)
(0.028 -0.000625 0.0014)
(0.029 -0.000625 0.0014142857)
(0.03 -0.000625 0.0014285714)
(0.031 -0.000625 0.0014428571)
(0.032 -0.000625 0.0014571429)
(0.033 -0.000625 0.0014714286)
(0.034 -0.000625 0.0014857143)
(0.035 -0.000625 0.0015)
(-0.034 0.000625 0.00051428571)
(-0.033 0.000625 0.00052857143)
(-0.032 0.000625 0.00054285714)
(-0.031 0.000625 0.00055714286)
(-0.03 0.000625 0.00057142857)
(-0.029 0.000625 0.00058571429)
(-0.028 0.000625 0.0006)
(-0.027 0.000625 0.00061428571)
(-0.026 0.000625 0.00062857143)
(-0.025 0.000625 0.00064285714)
(-0.024 0.000625 0.00065714286)
(-0.023 0.000625 0.00067142857)
(-0.022 0.000625 0.00068571429)
(-0.021 0.000625 0.0007)
(-0.02 0.000625 0.00071428571)
(-0.019 0.000625 0.00072857143)
(-0.018 0.000625 0.00074285714)
(-0.017 0.000625 0.00075714286)
(-0.016 0.000625 0.00077142857)
(-0.015 0.000625 0.00078571429)
(-0.014 0.000625 0.0008)
(-0.013 0.000625 0.00081428571)
(-0.012 0.000625 0.00082857143)
(-0.011 0.000625 0.00084285714)
(-0.01 0.000625 0.00085714286)
(-0.009 0.000625 0.00087142857)
(-0.008 0.000625 0.00088571429)
(-0.007 0.000625 0.0009)
(-0.006 0.000625 0.00091428571)
(-0.005 0.000625 0.00092857143)
(-0.004 0.000625 0.00094285714)
(-0.003 0.000625 0.00095714286)
(-0.002 0.000625 0.00097142857)
(-0.001 0.000625 0.00098571429)
(0 0.000625 0.001)
(0.001 0.000625 0.0010142857)
(0.002 0.000625 0.0010285714)
(0.003 0.000625 0.0010428571)
(0.004 0.000625 0.0010571429)
(0.005 0.000625 0.0010714286)
(0.006 0.000625 0.0010857143)
(0.007 0.000625 0.0011)
(0.008 0.000625 0.0011142857)
(0.009 0.000625 0.0011285714)
(0.01 0.000625 0.0011428571)
(0.011 0.000625 0.0011571429)
(0.012 0.000625 0.0011714286)
(0.013 0.000625 0.0011857143)
(0.014 0.000625 0.0012)
(0.015 0.000625 0.0012142857)
(0.016 0.000625 0.0012285714)
(0.017 0.000625 0.0012428571)
(0.018 0.000625 0.0012571429)
(0.019 0.000625 0.0012714286)
(0.02 0.000625 0.0012857143)
(0.021 0.000625 0.0013)
(0.022 0.000625 0.0013142857)
(0.023 0.000625 0.0013285714)
(0.024 0.000625 0.0013428571)
(0.025 0.000625 0.0013571429)
(0.026 0.000625 0.0013714286)
(0.027 0.000625 0.0013857143)
(0.028 0.000625 0.0014)
(0.029 0.000625 0.0014142857)
(0.03 0.000625 0.0014285714)
(0.031 0.000625 0.0014428571)
(0.032 0.000625 0.0014571429)
(0.033 0.000625 0.0014714286)
(0.034 0.000625 0.0014857143)
(0.035 0.000625 0.0015)
(-0.034 -0.000625 0.0010285714)
(-0.033 -0.000625 0.0010571429)
(-0.032 -0.000625 0.0010857143)
(-0.031 -0.000625 0.0011142857)
(-0.03 -0.000625 0.0011428571)
(-0.029 -0.000625 0.0011714286)
(-0.028 -0.000625 0.0012)
(-0.027 -0.000625 0.0012285714)
(-0.026 -0.000625 0.0012571429)
(-0.025 -0.000625 0.0012857143)
(-0.024 -0.000625 0.0013142857)
(-0.023 -0.000625 0.0013428571)
(-0.022 -0.000625 0.0013714286)
(-0.021 -0.000625 0.0014)
(-0.02 -0.000625 0.0014285714)
(-0.019 -0.000625 0.0014571429)
(-0.018 -0.000625 0.0014857143)
(-0.017 -0.000625 0.0015142857)
(-0.016 -0.000625 0.0015428571)
(-0.015 -0.000625 0.0015714286)
(-0.014 -0.000625 0.0016)
(-0.013 -0.000625 0.0016285714)
(-0.012 -0.000625 0.0016571429)
(-0.011 -0.000625 0.0016857143)
(-0.01 -0.000625 0.0017142857)
(-0.009 -0.000625 0.0017428571)
(-0.008 -0.000625 0.0017714286)
(-0.007 -0.000625 0.0018)
(-0.006 -0.000625 0.0018285714)
(-0.005 -0.000625 0.0018571429)
(-0.004 -0.000625 0.0018857143)
(-0.003 -0.000625 0.0019142857)
(-0.002 -0.000625 0.0019428571)
(-0.001 -0.000625 0.0019714286)
(0 -0.000625 0.002)
(0.001 -0.000625 0.0020285714)
(0.002 -0.000625 0.0020571429)
(0.003 -0.000625 0.0020857143)
(0.004 -0.000625 0.0021142857)
(0.005 -0.000625 0.0021428571)
(0.006 -0.000625 0.0021714286)
(0.007 -0.000625 0.0022)
(0.008 -0.000625 0.0022285714)
(0.009 -0.000625 0.0022571429)
(0.01 -0.000625 0.0022857143)
(0.011 -0.000625 0.0023142857)
(0.012 -0.000625 0.0023428571)
(0.013 -0.000625 0.0023714286)
(0.014 -0.000625 0.0024)
(0.015 -0.000625 0.0024285714)
(0.016 -0.000625 0.0024571429)
(0.017 -0.000625 0.0024857143)
(0.018 -0.000625 0.0025142857)
(0.019 -0.000625 0.0025428571)
(0.02 -0.000625 0.0025714286)
(0.021 -0.000625 0.0026)
(0.022 -0.000625 0.0026285714)
(0.023 -0.000625 0.0026571429)
(0.024 -0.000625 0.0026857143)
(0.025 -0.000625 0.0027142857)
(0.026 -0.000625 0.0027428571)
(0.027 -0.000625 0.0027714286)
(0.028 -0.000625 0.0028)
(0.029 -0.000625 0.0028285714)
(0.03 -0.000625 0.0028571429)
(0.031 -0.000625 0.0028857143)
(0.032 -0.000625 0.0029142857)
(0.033 -0.000625 0.0029428571)
(0.034 -0.000625 0.0029714286)
(0.035 -0.000625 0.003)
(-0.034 0.000625 0.0010285714)
(-0.033 0.000625 0.0010571429)
(-0.032 0.000625 0.0010857143)
(-0.031 0.000625 0.0011142857)
(-0.03 0.000625 0.0011428571)
(-0.029 0.000625 0.0011714286)
(-0.028 0.000625 0.0012)
(-0.027 0.000625 0.0012285714)
(-0.026 0.000625 0.0012571429)
(-0.025 0.000625 0.0012857143)
(-0.024 0.000625 0.0013142857)
(-0.023 0.000625 0.0013428571)
(-0.022 0.000625 0.0013714286)
(-0.021 0.000625 0.0014)
(-0.02 0.000625 0.0014285714)
(-0.019 0.000625 0.0014571429)
(-0.018 0.000625 0.0014857143)
(-0.017 0.000625 0.0015142857)
(-0.016 0.000625 0.0015428571)
(-0.015 0.000625 0.0015714286)
(-0.014 0.000625 0.0016)
(-0.013 0.000625 0.0016285714)
(-0.012 0.000625 0.0016571429)
(-0.011 0.000625 0.0016857143)
(-0.01 0.000625 0.0017142857)
(-0.009 0.000625 0.0017428571)
(-0.008 0.000625 0.0017714286)
(-0.007 0.000625 0.0018)
(-0.006 0.000625 0.0018285714)
(-0.005 0.000625 0.0018571429)
(-0.004 0.000625 0.0018857143)
(-0.003 0.000625 0.0019142857)
(-0.002 0.000625 0.0019428571)
(-0.001 0.000625 0.0019714286)
(0 0.000625 0.002)
(0.001 0.000625 0.0020285714)
(0.002 0.000625 0.0020571429)
(0.003 0.000625 0.0020857143)
(0.004 0.000625 0.0021142857)
(0.005 0.000625 0.0021428571)
(0.006 0.000625 0.0021714286)
(0.007 0.000625 0.0022)
(0.008 0.000625 0.0022285714)
(0.009 0.000625 0.0022571429)
(0.01 0.000625 0.0022857143)
(0.011 0.000625 0.0023142857)
(0.012 0.000625 0.0023428571)
(0.013 0.000625 0.0023714286)
(0.014 0.000625 0.0024)
(0.015 0.000625 0.0024285714)
(0.016 0.000625 0.0024571429)
(0.017 0.000625 0.0024857143)
(0.018 0.000625 0.0025142857)
(0.019 0.000625 0.0025428571)
(0.02 0.000625 0.0025714286)
(0.021 0.000625 0.0026)
(0.022 0.000625 0.0026285714)
(0.023 0.000625 0.0026571429)
(0.024 0.000625 0.0026857143)
(0.025 0.000625 0.0027142857)
(0.026 0.000625 0.0027428571)
(0.027 0.000625 0.0027714286)
(0.028 0.000625 0.0028)
(0.029 0.000625 0.0028285714)
(0.03 0.000625 0.0028571429)
(0.031 0.000625 0.0028857143)
(0.032 0.000625 0.0029142857)
(0.033 0.000625 0.0029428571)
(0.034 0.000625 0.0029714286)
(0.035 0.000625 0.003)
(-0.034 -0.000625 0.0015428571)
(-0.033 -0.000625 0.0015857143)
(-0.032 -0.000625 0.0016285714)
(-0.031 -0.000625 0.0016714286)
(-0.03 -0.000625 0.0017142857)
(-0.029 -0.000625 0.0017571429)
(-0.028 -0.000625 0.0018)
(-0.027 -0.000625 0.0018428571)
(-0.026 -0.000625 0.0018857143)
(-0.025 -0.000625 0.0019285714)
(-0.024 -0.000625 0.0019714286)
(-0.023 -0.000625 0.0020142857)
(-0.022 -0.000625 0.0020571429)
(-0.021 -0.000625 0.0021)
(-0.02 -0.000625 0.0021428571)
(-0.019 -0.000625 0.0021857143)
(-0.018 -0.000625 0.0022285714)
(-0.017 -0.000625 0.0022714286)
(-0.016 -0.000625 0.0023142857)
(-0.015 -0.000625 0.0023571429)
(-0.014 -0.000625 0.0024)
(-0.013 -0.000625 0.0024428571)
(-0.012 -0.000625 0.0024857143)
(-0.011 -0.000625 0.0025285714)
(-0.01 -0.000625 0.0025714286)
(-0.009 -0.000625 0.0026142857)
(-0.008 -0.000625 0.0026571429)
(-0.007 -0.000625 0.0027)
(-0.006 -0.000625 0.0027428571)
(-0.005 -0.000625 0.0027857143)
(-0.004 -0.000625 0.0028285714)
(-0.003 -0.000625 0.0028714286)
(-0.002 -0.000625 0.0029142857)
(-0.001 -0.000625 0.0029571429)
(0 -0.000625 0.003)
(0.001 -0.000625 0.0030428571)
(0.002 -0.000625 0.0030857143)
(0.003 -0.000625 0.0031285714)
(0.004 -0.000625 0.0031714286)
(0.005 -0.000625 0.0032142857)
(0.006 -0.000625 0.0032571429)
(0.007 -0.000625 0.0033)
(0.008 -0.000625 0.0033428571)
(0.009 -0.000625 0.0033857143)
(0.01 -0.000625 0.0034285714)
(0.011 -0.000625 0.0034714286)
(0.012 -0.000625 0.0035142857)
(0.013 -0.000625 0.0035571429)
(0.014 -0.000625 0.0036)
(0.015 -0.000625 0.0036428571)
(0.016 -0.000625 0.0036857143)
(0.017 -0.000625 0.0037285714)
(0.018 -0.000625 0.0037714286)
(0.019 -0.000625 0.0038142857)
(0.02 -0.000625 0.0038571429)
(0.021 -0.000625 0.0039)
(0.022 -0.000625 0.0039428571)
(0.023 -0.000625 0.0039857143)
(0.024 -0.000625 0.0040285714)
(0.025 -0.000625 0.0040714286)
(0.026 -0.000625 0.0041142857)
(0.027 -0.000625 0.0041571429)
(0.028 -0.000625 0.0042)
(0.029 -0.000625 0.0042428571)
(0.03 -0.000625 0.0042857143)
(0.031 -0.000625 0.0043285714)
(0.032 -0.000625 0.0043714286)
(0.033 -0.000625 0.0044142857)
(0.034 -0.000625 0.0044571429)
(0.035 -0.000625 0.0045)
(-0.034 0.000625 0.0015428571)
(-0.033 0.000625 0.0015857143)
(-0.032 0.000625 0.0016285714)
(-0.031 0.000625 0.0016714286)
(-0.03 0.000625 0.0017142857)
(-0.029 0.000625 0.0017571429)
(-0.028 0.000625 0.0018)
(-0.027 0.000625 0.0018428571)
(-0.026 0.000625 0.0018857143)
(-0.025 0.000625 0.0019285714)
(-0.024 0.000625 0.0019714286)
(-0.023 0.000625 0.0020142857)
(-0.022 0.000625 0.0020571429)
(-0.021 0.000625 0.0021)
(-0.02 0.000625 0.0021428571)
(-0.019 0.000625 0.0021857143)
(-0.018 0.000625 0.0022285714)
(-0.017 0.000625 0.0022714286)
(-0.016 0.000625 0.0023142857)
(-0.015 0.000625 0.0023571429)
(-0.014 0.000625 0.0024)
(-0.013 0.000625 0.0024428571)
(-0.012 0.000625 0.0024857143)
(-0.011 0.000625 0.0025285714)
(-0.01 0.000625 0.0025714286)
(-0.009 0.000625 0.0026142857)
(-0.008 0.000625 0.0026571429)
(-0.007 0.000625 0.0027)
(-0.006 0.000625 0.0027428571)
(-0.005 0.000625 0.0027857143)
(-0.004 0.000625 0.0028285714)
(-0.003 0.000625 0.0028714286)
(-0.002 0.000625 0.0029142857)
(-0.001 0.000625 0.0029571429)
(0 0.000625 0.003)
(0.001 0.000625 0.0030428571)
(0.002 0.000625 0.0030857143)
(0.003 0.000625 0.0031285714)
(0.004 0.000625 0.0031714286)
(0.005 0.000625 0.0032142857)
(0.006 0.000625 0.0032571429)
(0.007 0.000625 0.0033)
(0.008 0.000625 0.0033428571)
(0.009 0.000625 0.0033857143)
(0.01 0.000625 0.0034285714)
(0.011 0.000625 0.0034714286)
(0.012 0.000625 0.0035142857)
(0.013 0.000625 0.0035571429)
(0.014 0.000625 0.0036)
(0.015 0.000625 0.0036428571)
(0.016 0.000625 0.0036857143)
(0.017 0.000625 0.0037285714)
(0.018 0.000625 0.0037714286)
(0.019 0.000625 0.0038142857)
(0.02 0.000625 0.0038571429)
(0.021 0.000625 0.0039)
(0.022 0.000625 0.0039428571)
(0.023 0.000625 0.0039857143)
(0.024 0.000625 0.0040285714)
(0.025 0.000625 0.0040714286)
(0.026 0.000625 0.0041142857)
(0.027 0.000625 0.0041571429)
(0.028 0.000625 0.0042)
(0.029 0.000625 0.0042428571)
(0.03 0.000625 0.0042857143)
(0.031 0.000625 0.0043285714)
(0.032 0.000625 0.0043714286)
(0.033 0.000625 0.0044142857)
(0.034 0.000625 0.0044571429)
(0.035 0.000625 0.0045)
(-0.034 -0.000625 0.0020571429)
(-0.033 -0.000625 0.0021142857)
(-0.032 -0.000625 0.0021714286)
(-0.031 -0.000625 0.0022285714)
(-0.03 -0.000625 0.0022857143)
(-0.029 -0.000625 0.0023428571)
(-0.028 -0.000625 0.0024)
(-0.027 -0.000625 0.0024571429)
(-0.026 -0.000625 0.0025142857)
(-0.025 -0.000625 0.0025714286)
(-0.024 -0.000625 0.0026285714)
(-0.023 -0.000625 0.0026857143)
(-0.022 -0.000625 0.0027428571)
(-0.021 -0.000625 0.0028)
(-0.02 -0.000625 0.0028571429)
(-0.019 -0.000625 0.0029142857)
(-0.018 -0.000625 0.0029714286)
(-0.017 -0.000625 0.0030285714)
(-0.016 -0.000625 0.0030857143)
(-0.015 -0.000625 0.0031428571)
(-0.014 -0.000625 0.0032)
(-0.013 -0.000625 0.0032571429)
(-0.012 -0.000625 0.0033142857)
(-0.011 -0.000625 0.0033714286)
(-0.01 -0.000625 0.0034285714)
(-0.009 -0.000625 0.0034857143)
(-0.008 -0.000625 0.0035428571)
(-0.007 -0.000625 0.0036)
(-0.006 -0.000625 0.0036571429)
(-0.005 -0.000625 0.0037142857)
(-0.004 -0.000625 0.0037714286)
(-0.003 -0.000625 0.0038285714)
(-0.002 -0.000625 0.0038857143)
(-0.001 -0.000625 0.0039428571)
(0 -0.000625 0.004)
(0.001 -0.000625 0.0040571429)
(0.002 -0.000625 0.0041142857)
(0.003 -0.000625 0.0041714286)
(0.004 -0.000625 0.0042285714)
(0.005 -0.000625 0.0042857143)
(0.006 -0.000625 0.0043428571)
(0.007 -0.000625 0.0044)
(0.008 -0.000625 0.0044571429)
(0.009 -0.000625 0.0045142857)
(0.01 -0.000625 0.0045714286)
(0.011 -0.000625 0.0046285714)
(0.012 -0.000625 0.0046857143)
(0.013 -0.000625 0.0047428571)
(0.014 -0.000625 0.0048)
(0.015 -0.000625 0.0048571429)
(0.016 -0.000625 0.0049142857)
(0.017 -0.000625 0.0049714286)
(0.018 -0.000625 0.0050285714)
(0.019 -0.000625 0.0050857143)
(0.02 -0.000625 0.0051428571)
(0.021 -0.000625 0.0052)
(0.022 -0.000625 0.0052571429)
(0.023 -0.000625 0.0053142857)
(0.024 -0.000625 0.0053714286)
(0.025 -0.000625 0.0054285714)
(0.026 -0.000625 0.0054857143)
(0.027 -0.000625 0.0055428571)
(0.028 -0.000625 0.0056)
(0.029 -0.000625 0.0056571429)
(0.03 -0.000625 0.0057142857)
(0.031 -0.000625 0.0057714286)
(0.032 -0.000625 0.0058285714)
(0.033 -0.000625 0.0058857143)
(0.034 -0.000625 0.0059428571)
(0.035 -0.000625 0.006)
(-0.034 0.000625 0.0020571429)
(-0.033 0.000625 0.0021142857)
(-0.032 0.000625 0.0021714286)
(-0.031 0.000625 0.0022285714)
(-0.03 0.000625 0.0022857143)
(-0.029 0.000625 0.0023428571)
(-0.028 0.000625 0.0024)
(-0.027 0.000625 0.0024571429)
(-0.026 0.000625 0.0025142857)
(-0.025 0.000625 0.0025714286)
(-0.024 0.000625 0.0026285714)
(-0.023 0.000625 0.0026857143)
(-0.022 0.000625 0.0027428571)
(-0.021 0.000625 0.0028)
(-0.02 0.000625 0.0028571429)
(-0.019 0.000625 0.0029142857)
(-0.018 0.000625 0.0029714286)
(-0.017 0.000625 0.0030285714)
(-0.016 0.000625 0.0030857143)
(-0.015 0.000625 0.0031428571)
(-0.014 0.000625 0.0032)
(-0.013 0.000625 0.0032571429)
(-0.012 0.000625 0.0033142857)
(-0.011 0.000625 0.0033714286)
(-0.01 0.000625 0.0034285714)
(-0.009 0.000625 0.0034857143)
(-0.008 0.000625 0.0035428571)
(-0.007 0.000625 0.0036)
(-0.006 0.000625 0.0036571429)
(-0.005 0.000625 0.0037142857)
(-0.004 0.000625 0.0037714286)
(-0.003 0.000625 0.0038285714)
(-0.002 0.000625 0.0038857143)
(-0.001 0.000625 0.0039428571)
(0 0.000625 0.004)
(0.001 0.000625 0.0040571429)
(0.002 0.000625 0.0041142857)
(0.003 0.000625 0.0041714286)
(0.004 0.000625 0.0042285714)
(0.005 0.000625 0.0042857143)
(0.006 0.000625 0.0043428571)
(0.007 0.000625 0.0044)
(0.008 0.000625 0.0044571429)
(0.009 0.000625 0.0045142857)
(0.01 0.000625 0.0045714286)
(0.011 0.000625 0.0046285714)
(0.012 0.000625 0.0046857143)
(0.013 0.000625 0.0047428571)
(0.014 0.000625 0.0048)
(0.015 0.000625 0.0048571429)
(0.016 0.000625 0.0049142857)
(0.017 0.000625 0.0049714286)
(0.018 0.000625 0.0050285714)
(0.019 0.000625 0.0050857143)
(0.02 0.000625 0.0051428571)
(0.021 0.000625 0.0052)
(0.022 0.000625 0.0052571429)
(0.023 0.000625 0.0053142857)
(0.024 0.000625 0.0053714286)
(0.025 0.000625 0.0054285714)
(0.026 0.000625 0.0054857143)
(0.027 0.000625 0.0055428571)
(0.028 0.000625 0.0056)
(0.029 0.000625 0.0056571429)
(0.03 0.000625 0.0057142857)
(0.031 0.000625 0.0057714286)
(0.032 0.000625 0.0058285714)
(0.033 0.000625 0.0058857143)
(0.034 0.000625 0.0059428571)
(0.035 0.000625 0.006)
(-0.034 -0.000625 0.0025714286)
(-0.033 -0.000625 0.0026428571)
(-0.032 -0.000625 0.0027142857)
(-0.031 -0.000625 0.0027857143)
(-0.03 -0.000625 0.0028571429)
(-0.029 -0.000625 0.0029285714)
(-0.028 -0.000625 0.003)
(-0.027 -0.000625 0.0030714286)
(-0.026 -0.000625 0.0031428571)
(-0.025 -0.000625 0.0032142857)
(-0.024 -0.000625 0.0032857143)
(-0.023 -0.000625 0.0033571429)
(-0.022 -0.000625 0.0034285714)
(-0.021 -0.000625 0.0035)
(-0.02 -0.000625 0.0035714286)
(-0.019 -0.000625 0.0036428571)
(-0.018 -0.000625 0.0037142857)
(-0.017 -0.000625 0.0037857143)
(-0.016 -0.000625 0.0038571429)
(-0.015 -0.000625 0.0039285714)
(-0.014 -0.000625 0.004)
(-0.013 -0.000625 0.0040714286)
(-0.012 -0.000625 0.0041428571)
(-0.011 -0.000625 0.0042142857)
(-0.01 -0.000625 0.0042857143)
(-0.009 -0.000625 0.0043571429)
(-0.008 -0.000625 0.0044285714)
(-0.007 -0.000625 0.0045)
(-0.006 -0.000625 0.0045714286)
(-0.005 -0.000625 0.0046428571)
(-0.004 -0.000625 0.0047142857)
(-0.003 -0.000625 0.0047857143)
(-0.002 -0.000625 0.0048571429)
(-0.001 -0.000625 0.0049285714)
(0 -0.000625 0.005)
(0.001 -0.000625 0.0050714286)
(0.002 -0.000625 0.0051428571)
(0.003 -0.000625 0.0052142857)
(0.004 -0.000625 0.0052857143)
(0.005 -0.000625 0.0053571429)
(0.006 -0.000625 0.0054285714)
(0.007 -0.000625 0.0055)
(0.008 -0.000625 0.0055714286)
(0.009 -0.000625 0.0056428571)
(0.01 -0.000625 0.0057142857)
(0.011 -0.000625 0.0057857143)
(0.012 -0.000625 0.0058571429)
(0.013 -0.000625 0.0059285714)
(0.014 -0.000625 0.006)
(0.015 -0.000625 0.0060714286)
(0.016 -0.000625 0.0061428571)
(0.017 -0.000625 0.0062142857)
(0.018 -0.000625 0.0062857143)
(0.019 -0.000625 0.0063571429)
(0.02 -0.000625 0.0064285714)
(0.021 -0.000625 0.0065)
(0.022 -0.000625 0.0065714286)
(0.023 -0.000625 0.0066428571)
(0.024 -0.000625 0.0067142857)
(0.025 -0.000625 0.0067857143)
(0.026 -0.000625 0.0068571429)
(0.027 -0.000625 0.0069285714)
(0.028 -0.000625 0.007)
(0.029 -0.000625 0.0070714286)
(0.03 -0.000625 0.0071428571)
(0.031 -0.000625 0.0072142857)
(0.032 -0.000625 0.0072857143)
(0.033 -0.000625 0.0073571429)
(0.034 -0.000625 0.0074285714)
(0.035 -0.000625 0.0075)
(-0.034 0.000625 0.0025714286)
(-0.033 0.000625 0.0026428571)
(-0.032 0.000625 0.0027142857)
(-0.031 0.000625 0.0027857143)
(-0.03 0.000625 0.0028571429)
(-0.029 0.000625 0.0029285714)
(-0.028 0.000625 0.003)
(-0.027 0.000625 0.0030714286)
(-0.026 0.000625 0.0031428571)
(-0.025 0.000625 0.0032142857)
(-0.024 0.000625 0.0032857143)
(-0.023 0.000625 0.0033571429)
(-0.022 0.000625 0.0034285714)
(-0.021 0.000625 0.0035)
(-0.02 0.000625 0.0035714286)
(-0.019 0.000625 0.0036428571)
(-0.018 0.000625 0.0037142857)
(-0.017 0.000625 0.0037857143)
(-0.016 0.000625 0.0038571429)
(-0.015 0.000625 0.0039285714)
(-0.014 0.000625 0.004)
(-0.013 0.000625 0.0040714286)
(-0.012 0.000625 0.0041428571)
(-0.011 0.000625 0.0042142857)
(-0.01 0.000625 0.0042857143)
(-0.009 0.000625 0.0043571429)
(-0.008 0.000625 0.0044285714)
(-0.007 0.000625 0.0045)
(-0.006 0.000625 0.0045714286)
(-0.005 0.000625 0.0046428571)
(-0.004 0.000625 0.0047142857)
(-0.003 0.000625 0.0047857143)
(-0.002 0.000625 0.0048571429)
(-0.001 0.000625 0.0049285714)
(0 0.000625 0.005)
(0.001 0.000625 0.0050714286)
(0.002 0.000625 0.0051428571)
(0.003 0.000625 0.0052142857)
(0.004 0.000625 0.0052857143)
(0.005 0.000625 0.0053571429)
(0.006 0.000625 0.0054285714)
(0.007 0.000625 0.0055)
(0.008 0.000625 0.0055714286)
(0.009 0.000625 0.0056428571)
(0.01 0.000625 0.0057142857)
(0.011 0.000625 0.0057857143)
(0.012 0.000625 0.0058571429)
(0.013 0.000625 0.0059285714)
(0.014 0.000625 0.006)
(0.015 0.000625 0.0060714286)
(0.016 0.000625 0.0061428571)
(0.017 0.000625 0.0062142857)
(0.018 0.000625 0.0062857143)
(0.019 0.000625 0.0063571429)
(0.02 0.000625 0.0064285714)
(0.021 0.000625 0.0065)
(0.022 0.000625 0.0065714286)
(0.023 0.000625 0.0066428571)
(0.024 0.000625 0.0067142857)
(0.025 0.000625 0.0067857143)
(0.026 0.000625 0.0068571429)
(0.027 0.000625 0.0069285714)
(0.028 0.000625 0.007)
(0.029 0.000625 0.0070714286)
(0.03 0.000625 0.0071428571)
(0.031 0.000625 0.0072142857)
(0.032 0.000625 0.0072857143)
(0.033 0.000625 0.0073571429)
(0.034 0.000625 0.0074285714)
(0.035 0.000625 0.0075)
(-0.034 -0.000625 0.0030857143)
(-0.033 -0.000625 0.0031714286)
(-0.032 -0.000625 0.0032571429)
(-0.031 -0.000625 0.0033428571)
(-0.03 -0.000625 0.0034285714)
(-0.029 -0.000625 0.0035142857)
(-0.028 -0.000625 0.0036)
(-0.027 -0.000625 0.0036857143)
(-0.026 -0.000625 0.0037714286)
(-0.025 -0.000625 0.0038571429)
(-0.024 -0.000625 0.0039428571)
(-0.023 -0.000625 0.0040285714)
(-0.022 -0.000625 0.0041142857)
(-0.021 -0.000625 0.0042)
(-0.02 -0.000625 0.0042857143)
(-0.019 -0.000625 0.0043714286)
(-0.018 -0.000625 0.0044571429)
(-0.017 -0.000625 0.0045428571)
(-0.016 -0.000625 0.0046285714)
(-0.015 -0.000625 0.0047142857)
(-0.014 -0.000625 0.0048)
(-0.013 -0.000625 0.0048857143)
(-0.012 -0.000625 0.0049714286)
(-0.011 -0.000625 0.0050571429)
(-0.01 -0.000625 0.0051428571)
(-0.009 -0.000625 0.0052285714)
(-0.008 -0.000625 0.0053142857)
(-0.007 -0.000625 0.0054)
(-0.006 -0.000625 0.0054857143)
(-0.005 -0.000625 0.0055714286)
(-0.004 -0.000625 0.0056571429)
(-0.003 -0.000625 0.0057428571)
(-0.002 -0.000625 0.0058285714)
(-0.001 -0.000625 0.0059142857)
(0 -0.000625 0.006)
(0.001 -0.000625 0.0060857143)
(0.002 -0.000625 0.0061714286)
(0.003 -0.000625 0.0062571429)
(0.004 -0.000625 0.0063428571)
(0.005 -0.000625 0.0064285714)
(0.006 -0.000625 0.0065142857)
(0.007 -0.000625 0.0066)
(0.008 -0.000625 0.0066857143)
(0.009 -0.000625 0.0067714286)
(0.01 -0.000625 0.0068571429)
(0.011 -0.000625 0.0069428571)
(0.012 -0.000625 0.0070285714)
(0.013 -0.000625 0.0071142857)
(0.014 -0.000625 0.0072)
(0.015 -0.000625 0.0072857143)
(0.016 -0.000625 0.0073714286)
(0.017 -0.000625 0.0074571429)
(0.018 -0.000625 0.0075428571)
(0.019 -0.000625 0.0076285714)
(0.02 -0.000625 0.0077142857)
(0.021 -0.000625 0.0078)
(0.022 -0.000625 0.0078857143)
(0.023 -0.000625 0.0079714286)
(0.024 -0.000625 0.0080571429)
(0.025 -0.000625 0.0081428571)
(0.026 -0.000625 0.0082285714)
(0.027 -0.000625 0.0083142857)
(0.028 -0.000625 0.0084)
(0.029 -0.000625 0.0084857143)
(0.03 -0.000625 0.0085714286)
(0.031 -0.000625 0.0086571429)
(0.032 -0.000625 0.0087428571)
(0.033 -0.000625 0.0088285714)
(0.034 -0.000625 0.0089142857)
(0.035 -0.000625 0.009)
(-0.034 0.000625 0.0030857143)
(-0.033 0.000625 0.0031714286)
(-0.032 0.000625 0.0032571429)
(-0.031 0.000625 0.0033428571)
(-0.03 0.000625 0.0034285714)
(-0.029 0.000625 0.0035142857)
(-0.028 0.000625 0.0036)
(-0.027 0.000625 0.0036857143)
(-0.026 0.000625 0.0037714286)
(-0.025 0.000625 0.0038571429)
(-0.024 0.000625 0.0039428571)
(-0.023 0.000625 0.0040285714)
(-0.022 0.000625 0.0041142857)
(-0.021 0.000625 0.0042)
(-0.02 0.000625 0.0042857143)
(-0.019 0.000625 0.0043714286)
(-0.018 0.000625 0.0044571429)
(-0.017 0.000625 0.0045428571)
(-0.016 0.000625 0.0046285714)
(-0.015 0.000625 0.0047142857)
(-0.014 0.000625 0.0048)
(-0.013 0.000625 0.0048857143)
(-0.012 0.000625 0.0049714286)
(-0.011 0.000625 0.0050571429)
(-0.01 0.000625 0.0051428571)
(-0.009 0.000625 0.0052285714)
(-0.008 0.000625 0.0053142857)
(-0.007 0.000625 0.0054)
(-0.006 0.000625 0.0054857143)
(-0.005 0.000625 0.0055714286)
(-0.004 0.000625 0.0056571429)
(-0.003 0.000625 0.0057428571)
(-0.002 0.000625 0.0058285714)
(-0.001 0.000625 0.0059142857)
(0 0.000625 0.006)
(0.001 0.000625 0.0060857143)
(0.002 0.000625 0.0061714286)
(0.003 0.000625 0.0062571429)
(0.004 0.000625 0.0063428571)
(0.005 0.000625 0.0064285714)
(0.006 0.000625 0.0065142857)
(0.007 0.000625 0.0066)
(0.008 0.000625 0.0066857143)
(0.009 0.000625 0.0067714286)
(0.01 0.000625 0.0068571429)
(0.011 0.000625 0.0069428571)
(0.012 0.000625 0.0070285714)
(0.013 0.000625 0.0071142857)
(0.014 0.000625 0.0072)
(0.015 0.000625 0.0072857143)
(0.016 0.000625 0.0073714286)
(0.017 0.000625 0.0074571429)
(0.018 0.000625 0.0075428571)
(0.019 0.000625 0.0076285714)
(0.02 0.000625 0.0077142857)
(0.021 0.000625 0.0078)
(0.022 0.000625 0.0078857143)
(0.023 0.000625 0.0079714286)
(0.024 0.000625 0.0080571429)
(0.025 0.000625 0.0081428571)
(0.026 0.000625 0.0082285714)
(0.027 0.000625 0.0083142857)
(0.028 0.000625 0.0084)
(0.029 0.000625 0.0084857143)
(0.03 0.000625 0.0085714286)
(0.031 0.000625 0.0086571429)
(0.032 0.000625 0.0087428571)
(0.033 0.000625 0.0088285714)
(0.034 0.000625 0.0089142857)
(0.035 0.000625 0.009)
(-0.034 -0.000625 0.0036)
(-0.033 -0.000625 0.0037)
(-0.032 -0.000625 0.0038)
(-0.031 -0.000625 0.0039)
(-0.03 -0.000625 0.004)
(-0.029 -0.000625 0.0041)
(-0.028 -0.000625 0.0042)
(-0.027 -0.000625 0.0043)
(-0.026 -0.000625 0.0044)
(-0.025 -0.000625 0.0045)
(-0.024 -0.000625 0.0046)
(-0.023 -0.000625 0.0047)
(-0.022 -0.000625 0.0048)
(-0.021 -0.000625 0.0049)
(-0.02 -0.000625 0.005)
(-0.019 -0.000625 0.0051)
(-0.018 -0.000625 0.0052)
(-0.017 -0.000625 0.0053)
(-0.016 -0.000625 0.0054)
(-0.015 -0.000625 0.0055)
(-0.014 -0.000625 0.0056)
(-0.013 -0.000625 0.0057)
(-0.012 -0.000625 0.0058)
(-0.011 -0.000625 0.0059)
(-0.01 -0.000625 0.006)
(-0.009 -0.000625 0.0061)
(-0.008 -0.000625 0.0062)
(-0.007 -0.000625 0.0063)
(-0.006 -0.000625 0.0064)
(-0.005 -0.000625 0.0065)
(-0.004 -0.000625 0.0066)
(-0.003 -0.000625 0.0067)
(-0.002 -0.000625 0.0068)
(-0.001 -0.000625 0.0069)
(0 -0.000625 0.007)
(0.001 -0.000625 0.0071)
(0.002 -0.000625 0.0072)
(0.003 -0.000625 0.0073)
(0.004 -0.000625 0.0074)
(0.005 -0.000625 0.0075)
(0.006 -0.000625 0.0076)
(0.007 -0.000625 0.0077)
(0.008 -0.000625 0.0078)
(0.009 -0.000625 0.0079)
(0.01 -0.000625 0.008)
(0.011 -0.000625 0.0081)
(0.012 -0.000625 0.0082)
(0.013 -0.000625 0.0083)
(0.014 -0.000625 0.0084)
(0.015 -0.000625 0.0085)
(0.016 -0.000625 0.0086)
(0.017 -0.000625 0.0087)
(0.018 -0.000625 0.0088)
(0.019 -0.000625 0.0089)
(0.02 -0.000625 0.009)
(0.021 -0.000625 0.0091)
(0.022 -0.000625 0.0092)
(0.023 -0.000625 0.0093)
(0.024 -0.000625 0.0094)
(0.025 -0.000625 0.0095)
(0.026 -0.000625 0.0096)
(0.027 -0.000625 0.0097)
(0.028 -0.000625 0.0098)
(0.029 -0.000625 0.0099)
(0.03 -0.000625 0.01)
(0.031 -0.000625 0.0101)
(0.032 -0.000625 0.0102)
(0.033 -0.000625 0.0103)
(0.034 -0.000625 0.0104)
(0.035 -0.000625 0.0105)
(-0.034 0.000625 0.0036)
(-0.033 0.000625 0.0037)
(-0.032 0.000625 0.0038)
(-0.031 0.000625 0.0039)
(-0.03 0.000625 0.004)
(-0.029 0.000625 0.0041)
(-0.028 0.000625 0.0042)
(-0.027 0.000625 0.0043)
(-0.026 0.000625 0.0044)
(-0.025 0.000625 0.0045)
(-0.024 0.000625 0.0046)
(-0.023 0.000625 0.0047)
(-0.022 0.000625 0.0048)
(-0.021 0.000625 0.0049)
(-0.02 0.000625 0.005)
(-0.019 0.000625 0.0051)
(-0.018 0.000625 0.0052)
(-0.017 0.000625 0.0053)
(-0.016 0.000625 0.0054)
(-0.015 0.000625 0.0055)
(-0.014 0.000625 0.0056)
(-0.013 0.000625 0.0057)
(-0.012 0.000625 0.0058)
(-0.011 0.000625 0.0059)
(-0.01 0.000625 0.006)
(-0.009 0.000625 0.0061)
(-0.008 0.000625 0.0062)
(-0.007 0.000625 0.0063)
(-0.006 0.000625 0.0064)
(-0.005 0.000625 0.0065)
(-0.004 0.000625 0.0066)
(-0.003 0.000625 0.0067)
(-0.002 0.000625 0.0068)
(-0.001 0.000625 0.0069)
(0 0.000625 0.007)
(0.001 0.000625 0.0071)
(0.002 0.000625 0.0072)
(0.003 0.000625 0.0073)
(0.004 0.000625 0.0074)
(0.005 0.000625 0.0075)
(0.006 0.000625 0.0076)
(0.007 0.000625 0.0077)
(0.008 0.000625 0.0078)
(0.009 0.000625 0.0079)
(0.01 0.000625 0.008)
(0.011 0.000625 0.0081)
(0.012 0.000625 0.0082)
(0.013 0.000625 0.0083)
(0.014 0.000625 0.0084)
(0.015 0.000625 0.0085)
(0.016 0.000625 0.0086)
(0.017 0.000625 0.0087)
(0.018 0.000625 0.0088)
(0.019 0.000625 0.0089)
(0.02 0.000625 0.009)
(0.021 0.000625 0.0091)
(0.022 0.000625 0.0092)
(0.023 0.000625 0.0093)
(0.024 0.000625 0.0094)
(0.025 0.000625 0.0095)
(0.026 0.000625 0.0096)
(0.027 0.000625 0.0097)
(0.028 0.000625 0.0098)
(0.029 0.000625 0.0099)
(0.03 0.000625 0.01)
(0.031 0.000625 0.0101)
(0.032 0.000625 0.0102)
(0.033 0.000625 0.0103)
(0.034 0.000625 0.0104)
(0.035 0.000625 0.0105)
(-0.034 -0.000625 0.0041142857)
(-0.033 -0.000625 0.0042285714)
(-0.032 -0.000625 0.0043428571)
(-0.031 -0.000625 0.0044571429)
(-0.03 -0.000625 0.0045714286)
(-0.029 -0.000625 0.0046857143)
(-0.028 -0.000625 0.0048)
(-0.027 -0.000625 0.0049142857)
(-0.026 -0.000625 0.0050285714)
(-0.025 -0.000625 0.0051428571)
(-0.024 -0.000625 0.0052571429)
(-0.023 -0.000625 0.0053714286)
(-0.022 -0.000625 0.0054857143)
(-0.021 -0.000625 0.0056)
(-0.02 -0.000625 0.0057142857)
(-0.019 -0.000625 0.0058285714)
(-0.018 -0.000625 0.0059428571)
(-0.017 -0.000625 0.0060571429)
(-0.016 -0.000625 0.0061714286)
(-0.015 -0.000625 0.0062857143)
(-0.014 -0.000625 0.0064)
(-0.013 -0.000625 0.0065142857)
(-0.012 -0.000625 0.0066285714)
(-0.011 -0.000625 0.0067428571)
(-0.01 -0.000625 0.0068571429)
(-0.009 -0.000625 0.0069714286)
(-0.008 -0.000625 0.0070857143)
(-0.007 -0.000625 0.0072)
(-0.006 -0.000625 0.0073142857)
(-0.005 -0.000625 0.0074285714)
(-0.004 -0.000625 0.0075428571)
(-0.003 -0.000625 0.0076571429)
(-0.002 -0.000625 0.0077714286)
(-0.001 -0.000625 0.0078857143)
(0 -0.000625 0.008)
(0.001 -0.000625 0.0081142857)
(0.002 -0.000625 0.0082285714)
(0.003 -0.000625 0.0083428571)
(0.004 -0.000625 0.0084571429)
(0.005 -0.000625 0.0085714286)
(0.006 -0.000625 0.0086857143)
(0.007 -0.000625 0.0088)
(0.008 -0.000625 0.0089142857)
(0.009 -0.000625 0.0090285714)
(0.01 -0.000625 0.0091428571)
(0.011 -0.000625 0.0092571429)
(0.012 -0.000625 0.0093714286)
(0.013 -0.000625 0.0094857143)
(0.014 -0.000625 0.0096)
(0.015 -0.000625 0.0097142857)
(0.016 -0.000625 0.0098285714)
(0.017 -0.000625 0.0099428571)
(0.018 -0.000625 0.010057143)
(0.019 -0.000625 0.010171429)
(0.02 -0.000625 0.010285714)
(0.021 -0.000625 0.0104)
(0.022 -0.000625 0.010514286)
(0.023 -0.000625 0.010628571)
(0.024 -0.000625 0.010742857)
(0.025 -0.000625 0.010857143)
(0.026 -0.000625 0.010971429)
(0.027 -0.000625 0.011085714)
(0.028 -0.000625 0.0112)
(0.029 -0.000625 0.011314286)
(0.03 -0.000625 0.011428571)
(0.031 -0.000625 0.011542857)
(0.032 -0.000625 0.011657143)
(0.033 -0.000625 0.011771429)
(0.034 -0.000625 0.011885714)
(0.035 -0.000625 0.012)
(-0.034 0.000625 0.0041142857)
(-0.033 0.000625 0.0042285714)
(-0.032 0.000625 0.0043428571)
(-0.031 0.000625 0.0044571429)
(-0.03 0.000625 0.0045714286)
(-0.029 0.000625 0.0046857143)
(-0.028 0.000625 0.0048)
(-0.027 0.000625 0.0049142857)
(-0.026 0.000625 0.0050285714)
(-0.025 0.000625 0.0051428571)
(-0.024 0.000625 0.0052571429)
(-0.023 0.000625 0.0053714286)
(-0.022 0.000625 0.0054857143)
(-0.021 0.000625 0.0056)
(-0.02 0.000625 0.0057142857)
(-0.019 0.000625 0.0058285714)
(-0.018 0.000625 0.0059428571)
(-0.017 0.000625 0.0060571429)
(-0.016 0.000625 0.0061714286)
(-0.015 0.000625 0.0062857143)
(-0.014 0.000625 0.0064)
(-0.013 0.000625 0.0065142857)
(-0.012 0.000625 0.0066285714)
(-0.011 0.000625 0.0067428571)
(-0.01 0.000625 0.0068571429)
(-0.009 0.000625 0.0069714286)
(-0.008 0.000625 0.0070857143)
(-0.007 0.000625 0.0072)
(-0.006 0.000625 0.0073142857)
(-0.005 0.000625 0.0074285714)
(-0.004 0.000625 0.0075428571)
(-0.003 0.000625 0.0076571429)
(-0.002 0.000625 0.0077714286)
(-0.001 0.000625 0.0078857143)
(0 0.000625 0.008)
(0.001 0.000625 0.0081142857)
(0.002 0.000625 0.0082285714)
(0.003 0.000625 0.0083428571)
(0.004 0.000625 0.0084571429)
(0.005 0.000625 0.0085714286)
(0.006 0.000625 0.0086857143)
(0.007 0.000625 0.0088)
(0.008 0.000625 0.0089142857)
(0.009 0.000625 0.0090285714)
(0.01 0.000625 0.0091428571)
(0.011 0.000625 0.0092571429)
(0.012 0.000625 0.0093714286)
(0.013 0.000625 0.0094857143)
(0.014 0.000625 0.0096)
(0.015 0.000625 0.0097142857)
(0.016 0.000625 0.0098285714)
(0.017 0.000625 0.0099428571)
(0.018 0.000625 0.010057143)
(0.019 0.000625 0.010171429)
(0.02 0.000625 0.010285714)
(0.021 0.000625 0.0104)
(0.022 0.000625 0.010514286)
(0.023 0.000625 0.010628571)
(0.024 0.000625 0.010742857)
(0.025 0.000625 0.010857143)
(0.026 0.000625 0.010971429)
(0.027 0.000625 0.011085714)
(0.028 0.000625 0.0112)
(0.029 0.000625 0.011314286)
(0.03 0.000625 0.011428571)
(0.031 0.000625 0.011542857)
(0.032 0.000625 0.011657143)
(0.033 0.000625 0.011771429)
(0.034 0.000625 0.011885714)
(0.035 0.000625 0.012)
(-0.034 -0.000625 0.0046285714)
(-0.033 -0.000625 0.0047571429)
(-0.032 -0.000625 0.0048857143)
(-0.031 -0.000625 0.0050142857)
(-0.03 -0.000625 0.0051428571)
(-0.029 -0.000625 0.0052714286)
(-0.028 -0.000625 0.0054)
(-0.027 -0.000625 0.0055285714)
(-0.026 -0.000625 0.0056571429)
(-0.025 -0.000625 0.0057857143)
(-0.024 -0.000625 0.0059142857)
(-0.023 -0.000625 0.0060428571)
(-0.022 -0.000625 0.0061714286)
(-0.021 -0.000625 0.0063)
(-0.02 -0.000625 0.0064285714)
(-0.019 -0.000625 0.0065571429)
(-0.018 -0.000625 0.0066857143)
(-0.017 -0.000625 0.0068142857)
(-0.016 -0.000625 0.0069428571)
(-0.015 -0.000625 0.0070714286)
(-0.014 -0.000625 0.0072)
(-0.013 -0.000625 0.0073285714)
(-0.012 -0.000625 0.0074571429)
(-0.011 -0.000625 0.0075857143)
(-0.01 -0.000625 0.0077142857)
(-0.009 -0.000625 0.0078428571)
(-0.008 -0.000625 0.0079714286)
(-0.007 -0.000625 0.0081)
(-0.006 -0.000625 0.0082285714)
(-0.005 -0.000625 0.0083571429)
(-0.004 -0.000625 0.0084857143)
(-0.003 -0.000625 0.0086142857)
(-0.002 -0.000625 0.0087428571)
(-0.001 -0.000625 0.0088714286)
(0 -0.000625 0.009)
(0.001 -0.000625 0.0091285714)
(0.002 -0.000625 0.0092571429)
(0.003 -0.000625 0.0093857143)
(0.004 -0.000625 0.0095142857)
(0.005 -0.000625 0.0096428571)
(0.006 -0.000625 0.0097714286)
(0.007 -0.000625 0.0099)
(0.008 -0.000625 0.010028571)
(0.009 -0.000625 0.010157143)
(0.01 -0.000625 0.010285714)
(0.011 -0.000625 0.010414286)
(0.012 -0.000625 0.010542857)
(0.013 -0.000625 0.010671429)
(0.014 -0.000625 0.0108)
(0.015 -0.000625 0.010928571)
(0.016 -0.000625 0.011057143)
(0.017 -0.000625 0.011185714)
(0.018 -0.000625 0.011314286)
(0.019 -0.000625 0.011442857)
(0.02 -0.000625 0.011571429)
(0.021 -0.000625 0.0117)
(0.022 -0.000625 0.011828571)
(0.023 -0.000625 0.011957143)
(0.024 -0.000625 0.012085714)
(0.025 -0.000625 0.012214286)
(0.026 -0.000625 0.012342857)
(0.027 -0.000625 0.012471429)
(0.028 -0.000625 0.0126)
(0.029 -0.000625 0.012728571)
(0.03 -0.000625 0.012857143)
(0.031 -0.000625 0.012985714)
(0.032 -0.000625 0.013114286)
(0.033 -0.000625 0.013242857)
(0.034 -0.000625 0.013371429)
(0.035 -0.000625 0.0135)
(-0.034 0.000625 0.0046285714)
(-0.033 0.000625 0.0047571429)
(-0.032 0.000625 0.0048857143)
(-0.031 0.000625 0.0050142857)
(-0.03 0.000625 0.0051428571)
(-0.029 0.000625 0.0052714286)
(-0.028 0.000625 0.0054)
(-0.027 0.000625 0.0055285714)
(-0.026 0.000625 0.0056571429)
(-0.025 0.000625 0.0057857143)
(-0.024 0.000625 0.0059142857)
(-0.023 0.000625 0.0060428571)
(-0.022 0.000625 0.0061714286)
(-0.021 0.000625 0.0063)
(-0.02 0.000625 0.0064285714)
(-0.019 0.000625 0.0065571429)
(-0.018 0.000625 0.0066857143)
(-0.017 0.000625 0.0068142857)
(-0.016 0.000625 0.0069428571)
(-0.015 0.000625 0.0070714286)
(-0.014 0.000625 0.0072)
(-0.013 0.000625 0.0073285714)
(-0.012 0.000625 0.0074571429)
(-0.011 0.000625 0.0075857143)
(-0.01 0.000625 0.0077142857)
(-0.009 0.000625 0.0078428571)
(-0.008 0.000625 0.0079714286)
(-0.007 0.000625 0.0081)
(-0.006 0.000625 0.0082285714)
(-0.005 0.000625 0.0083571429)
(-0.004 0.000625 0.0084857143)
(-0.003 0.000625 0.0086142857)
(-0.002 0.000625 0.0087428571)
(-0.001 0.000625 0.0088714286)
(0 0.000625 0.009)
(0.001 0.000625 0.0091285714)
(0.002 0.000625 0.0092571429)
(0.003 0.000625 0.0093857143)
(0.004 0.000625 0.0095142857)
(0.005 0.000625 0.0096428571)
(0.006 0.000625 0.0097714286)
(0.007 0.000625 0.0099)
(0.008 0.000625 0.010028571)
(0.009 0.000625 0.010157143)
(0.01 0.000625 0.010285714)
(0.011 0.000625 0.010414286)
(0.012 0.000625 0.010542857)
(0.013 0.000625 0.010671429)
(0.014 0.000625 0.0108)
(0.015 0.000625 0.010928571)
(0.016 0.000625 0.011057143)
(0.017 0.000625 0.011185714)
(0.018 0.000625 0.011314286)
(0.019 0.000625 0.011442857)
(0.02 0.000625 0.011571429)
(0.021 0.000625 0.0117)
(0.022 0.000625 0.011828571)
(0.023 0.000625 0.011957143)
(0.024 0.000625 0.012085714)
(0.025 0.000625 0.012214286)
(0.026 0.000625 0.012342857)
(0.027 0.000625 0.012471429)
(0.028 0.000625 0.0126)
(0.029 0.000625 0.012728571)
(0.03 0.000625 0.012857143)
(0.031 0.000625 0.012985714)
(0.032 0.000625 0.013114286)
(0.033 0.000625 0.013242857)
(0.034 0.000625 0.013371429)
(0.035 0.000625 0.0135)
(-0.034 -0.000625 0.0051428571)
(-0.033 -0.000625 0.0052857143)
(-0.032 -0.000625 0.0054285714)
(-0.031 -0.000625 0.0055714286)
(-0.03 -0.000625 0.0057142857)
(-0.029 -0.000625 0.0058571429)
(-0.028 -0.000625 0.006)
(-0.027 -0.000625 0.0061428571)
(-0.026 -0.000625 0.0062857143)
(-0.025 -0.000625 0.0064285714)
(-0.024 -0.000625 0.0065714286)
(-0.023 -0.000625 0.0067142857)
(-0.022 -0.000625 0.0068571429)
(-0.021 -0.000625 0.007)
(-0.02 -0.000625 0.0071428571)
(-0.019 -0.000625 0.0072857143)
(-0.018 -0.000625 0.0074285714)
(-0.017 -0.000625 0.0075714286)
(-0.016 -0.000625 0.0077142857)
(-0.015 -0.000625 0.0078571429)
(-0.014 -0.000625 0.008)
(-0.013 -0.000625 0.0081428571)
(-0.012 -0.000625 0.0082857143)
(-0.011 -0.000625 0.0084285714)
(-0.01 -0.000625 0.0085714286)
(-0.009 -0.000625 0.0087142857)
(-0.008 -0.000625 0.0088571429)
(-0.007 -0.000625 0.009)
(-0.006 -0.000625 0.0091428571)
(-0.005 -0.000625 0.0092857143)
(-0.004 -0.000625 0.0094285714)
(-0.003 -0.000625 0.0095714286)
(-0.002 -0.000625 0.0097142857)
(-0.001 -0.000625 0.0098571429)
(0 -0.000625 0.01)
(0.001 -0.000625 0.010142857)
(0.002 -0.000625 0.010285714)
(0.003 -0.000625 0.010428571)
(0.004 -0.000625 0.010571429)
(0.005 -0.000625 0.010714286)
(0.006 -0.000625 0.010857143)
(0.007 -0.000625 0.011)
(0.008 -0.000625 0.011142857)
(0.009 -0.000625 0.011285714)
(0.01 -0.000625 0.011428571)
(0.011 -0.000625 0.011571429)
(0.012 -0.000625 0.011714286)
(0.013 -0.000625 0.011857143)
(0.014 -0.000625 0.012)
(0.015 -0.000625 0.012142857)
(0.016 -0.000625 0.012285714)
(0.017 -0.000625 0.012428571)
(0.018 -0.000625 0.012571429)
(0.019 -0.000625 0.012714286)
(0.02 -0.000625 0.012857143)
(0.021 -0.000625 0.013)
(0.022 -0.000625 0.013142857)
(0.023 -0.000625 0.013285714)
(0.024 -0.000625 0.013428571)
(0.025 -0.000625 0.013571429)
(0.026 -0.000625 0.013714286)
(0.027 -0.000625 0.013857143)
(0.028 -0.000625 0.014)
(0.029 -0.000625 0.014142857)
(0.03 -0.000625 0.014285714)
(0.031 -0.000625 0.014428571)
(0.032 -0.000625 0.014571429)
(0.033 -0.000625 0.014714286)
(0.034 -0.000625 0.014857143)
(0.035 -0.000625 0.015)
(-0.034 0.000625 0.0051428571)
(-0.033 0.000625 0.0052857143)
(-0.032 0.000625 0.0054285714)
(-0.031 0.000625 0.0055714286)
(-0.03 0.000625 0.0057142857)
(-0.029 0.000625 0.0058571429)
(-0.028 0.000625 0.006)
(-0.027 0.000625 0.0061428571)
(-0.026 0.000625 0.0062857143)
(-0.025 0.000625 0.0064285714)
(-0.024 0.000625 0.0065714286)
(-0.023 0.000625 0.0067142857)
(-0.022 0.000625 0.0068571429)
(-0.021 0.000625 0.007)
(-0.02 0.000625 0.0071428571)
(-0.019 0.000625 0.0072857143)
(-0.018 0.000625 0.0074285714)
(-0.017 0.000625 0.0075714286)
(-0.016 0.000625 0.0077142857)
(-0.015 0.000625 0.0078571429)
(-0.014 0.000625 0.008)
(-0.013 0.000625 0.0081428571)
(-0.012 0.000625 0.0082857143)
(-0.011 0.000625 0.0084285714)
(-0.01 0.000625 0.0085714286)
(-0.009 0.000625 0.0087142857)
(-0.008 0.000625 0.0088571429)
(-0.007 0.000625 0.009)
(-0.006 0.000625 0.0091428571)
(-0.005 0.000625 0.0092857143)
(-0.004 0.000625 0.0094285714)
(-0.003 0.000625 0.0095714286)
(-0.002 0.000625 0.0097142857)
(-0.001 0.000625 0.0098571429)
(0 0.000625 0.01)
(0.001 0.000625 0.010142857)
(0.002 0.000625 0.010285714)
(0.003 0.000625 0.010428571)
(0.004 0.000625 0.010571429)
(0.005 0.000625 0.010714286)
(0.006 0.000625 0.010857143)
(0.007 0.000625 0.011)
(0.008 0.000625 0.011142857)
(0.009 0.000625 0.011285714)
(0.01 0.000625 0.011428571)
(0.011 0.000625 0.011571429)
(0.012 0.000625 0.011714286)
(0.013 0.000625 0.011857143)
(0.014 0.000625 0.012)
(0.015 0.000625 0.012142857)
(0.016 0.000625 0.012285714)
(0.017 0.000625 0.012428571)
(0.018 0.000625 0.012571429)
(0.019 0.000625 0.012714286)
(0.02 0.000625 0.012857143)
(0.021 0.000625 0.013)
(0.022 0.000625 0.013142857)
(0.023 0.000625 0.013285714)
(0.024 0.000625 0.013428571)
(0.025 0.000625 0.013571429)
(0.026 0.000625 0.013714286)
(0.027 0.000625 0.013857143)
(0.028 0.000625 0.014)
(0.029 0.000625 0.014142857)
(0.03 0.000625 0.014285714)
(0.031 0.000625 0.014428571)
(0.032 0.000625 0.014571429)
(0.033 0.000625 0.014714286)
(0.034 0.000625 0.014857143)
(0.035 0.000625 0.015)
(-0.034 -0.000625 0.0056571429)
(-0.033 -0.000625 0.0058142857)
(-0.032 -0.000625 0.0059714286)
(-0.031 -0.000625 0.0061285714)
(-0.03 -0.000625 0.0062857143)
(-0.029 -0.000625 0.0064428571)
(-0.028 -0.000625 0.0066)
(-0.027 -0.000625 0.0067571429)
(-0.026 -0.000625 0.0069142857)
(-0.025 -0.000625 0.0070714286)
(-0.024 -0.000625 0.0072285714)
(-0.023 -0.000625 0.0073857143)
(-0.022 -0.000625 0.0075428571)
(-0.021 -0.000625 0.0077)
(-0.02 -0.000625 0.0078571429)
(-0.019 -0.000625 0.0080142857)
(-0.018 -0.000625 0.0081714286)
(-0.017 -0.000625 0.0083285714)
(-0.016 -0.000625 0.0084857143)
(-0.015 -0.000625 0.0086428571)
(-0.014 -0.000625 0.0088)
(-0.013 -0.000625 0.0089571429)
(-0.012 -0.000625 0.0091142857)
(-0.011 -0.000625 0.0092714286)
(-0.01 -0.000625 0.0094285714)
(-0.009 -0.000625 0.0095857143)
(-0.008 -0.000625 0.0097428571)
(-0.007 -0.000625 0.0099)
(-0.006 -0.000625 0.010057143)
(-0.005 -0.000625 0.010214286)
(-0.004 -0.000625 0.010371429)
(-0.003 -0.000625 0.010528571)
(-0.002 -0.000625 0.010685714)
(-0.001 -0.000625 0.010842857)
(0 -0.000625 0.011)
(0.001 -0.000625 0.011157143)
(0.002 -0.000625 0.011314286)
(0.003 -0.000625 0.011471429)
(0.004 -0.000625 0.011628571)
(0.005 -0.000625 0.011785714)
(0.006 -0.000625 0.011942857)
(0.007 -0.000625 0.0121)
(0.008 -0.000625 0.012257143)
(0.009 -0.000625 0.012414286)
(0.01 -0.000625 0.012571429)
(0.011 -0.000625 0.012728571)
(0.012 -0.000625 0.012885714)
(0.013 -0.000625 0.013042857)
(0.014 -0.000625 0.0132)
(0.015 -0.000625 0.013357143)
(0.016 -0.000625 0.013514286)
(0.017 -0.000625 0.013671429)
(0.018 -0.000625 0.013828571)
(0.019 -0.000625 0.013985714)
(0.02 -0.000625 0.014142857)
(0.021 -0.000625 0.0143)
(0.022 -0.000625 0.014457143)
(0.023 -0.000625 0.014614286)
(0.024 -0.000625 0.014771429)
(0.025 -0.000625 0.014928571)
(0.026 -0.000625 0.015085714)
(0.027 -0.000625 0.015242857)
(0.028 -0.000625 0.0154)
(0.029 -0.000625 0.015557143)
(0.03 -0.000625 0.015714286)
(0.031 -0.000625 0.015871429)
(0.032 -0.000625 0.016028571)
(0.033 -0.000625 0.016185714)
(0.034 -0.000625 0.016342857)
(0.035 -0.000625 0.0165)
(-0.034 0.000625 0.0056571429)
(-0.033 0.000625 0.0058142857)
(-0.032 0.000625 0.0059714286)
(-0.031 0.000625 0.0061285714)
(-0.03 0.000625 0.0062857143)
(-0.029 0.000625 0.0064428571)
(-0.028 0.000625 0.0066)
(-0.027 0.000625 0.0067571429)
(-0.026 0.000625 0.0069142857)
(-0.025 0.000625 0.0070714286)
(-0.024 0.000625 0.0072285714)
(-0.023 0.000625 0.0073857143)
(-0.022 0.000625 0.0075428571)
(-0.021 0.000625 0.0077)
(-0.02 0.000625 0.0078571429)
(-0.019 0.000625 0.0080142857)
(-0.018 0.000625 0.0081714286)
(-0.017 0.000625 0.0083285714)
(-0.016 0.000625 0.0084857143)
(-0.015 0.000625 0.0086428571)
(-0.014 0.000625 0.0088)
(-0.013 0.000625 0.0089571429)
(-0.012 0.000625 0.0091142857)
(-0.011 0.000625 0.0092714286)
(-0.01 0.000625 0.0094285714)
(-0.009 0.000625 0.0095857143)
(-0.008 0.000625 0.0097428571)
(-0.007 0.000625 0.0099)
(-0.006 0.000625 0.010057143)
(-0.005 0.000625 0.010214286)
(-0.004 0.000625 0.010371429)
(-0.003 0.000625 0.010528571)
(-0.002 0.000625 0.010685714)
(-0.001 0.000625 0.010842857)
(0 0.000625 0.011)
(0.001 0.000625 0.011157143)
(0.002 0.000625 0.011314286)
(0.003 0.000625 0.011471429)
(0.004 0.000625 0.011628571)
(0.005 0.000625 0.011785714)
(0.006 0.000625 0.011942857)
(0.007 0.000625 0.0121)
(0.008 0.000625 0.012257143)
(0.009 0.000625 0.012414286)
(0.01 0.000625 0.012571429)
(0.011 0.000625 0.012728571)
(0.012 0.000625 0.012885714)
(0.013 0.000625 0.013042857)
(0.014 0.000625 0.0132)
(0.015 0.000625 0.013357143)
(0.016 0.000625 0.013514286)
(0.017 0.000625 0.013671429)
(0.018 0.000625 0.013828571)
(0.019 0.000625 0.013985714)
(0.02 0.000625 0.014142857)
(0.021 0.000625 0.0143)
(0.022 0.000625 0.014457143)
(0.023 0.000625 0.014614286)
(0.024 0.000625 0.014771429)
(0.025 0.000625 0.014928571)
(0.026 0.000625 0.015085714)
(0.027 0.000625 0.015242857)
(0.028 0.000625 0.0154)
(0.029 0.000625 0.015557143)
(0.03 0.000625 0.015714286)
(0.031 0.000625 0.015871429)
(0.032 0.000625 0.016028571)
(0.033 0.000625 0.016185714)
(0.034 0.000625 0.016342857)
(0.035 0.000625 0.0165)
(-0.034 -0.000625 0.0061714286)
(-0.033 -0.000625 0.0063428571)
(-0.032 -0.000625 0.0065142857)
(-0.031 -0.000625 0.0066857143)
(-0.03 -0.000625 0.0068571429)
(-0.029 -0.000625 0.0070285714)
(-0.028 -0.000625 0.0072)
(-0.027 -0.000625 0.0073714286)
(-0.026 -0.000625 0.0075428571)
(-0.025 -0.000625 0.0077142857)
(-0.024 -0.000625 0.0078857143)
(-0.023 -0.000625 0.0080571429)
(-0.022 -0.000625 0.0082285714)
(-0.021 -0.000625 0.0084)
(-0.02 -0.000625 0.0085714286)
(-0.019 -0.000625 0.0087428571)
(-0.018 -0.000625 0.0089142857)
(-0.017 -0.000625 0.0090857143)
(-0.016 -0.000625 0.0092571429)
(-0.015 -0.000625 0.0094285714)
(-0.014 -0.000625 0.0096)
(-0.013 -0.000625 0.0097714286)
(-0.012 -0.000625 0.0099428571)
(-0.011 -0.000625 0.010114286)
(-0.01 -0.000625 0.010285714)
(-0.009 -0.000625 0.010457143)
(-0.008 -0.000625 0.010628571)
(-0.007 -0.000625 0.0108)
(-0.006 -0.000625 0.010971429)
(-0.005 -0.000625 0.011142857)
(-0.004 -0.000625 0.011314286)
(-0.003 -0.000625 0.011485714)
(-0.002 -0.000625 0.011657143)
(-0.001 -0.000625 0.011828571)
(0 -0.000625 0.012)
(0.001 -0.000625 0.012171429)
(0.002 -0.000625 0.012342857)
(0.003 -0.000625 0.012514286)
(0.004 -0.000625 0.012685714)
(0.005 -0.000625 0.012857143)
(0.006 -0.000625 0.013028571)
(0.007 -0.000625 0.0132)
(0.008 -0.000625 0.013371429)
(0.009 -0.000625 0.013542857)
(0.01 -0.000625 0.013714286)
(0.011 -0.000625 0.013885714)
(0.012 -0.000625 0.014057143)
(0.013 -0.000625 0.014228571)
(0.014 -0.000625 0.0144)
(0.015 -0.000625 0.014571429)
(0.016 -0.000625 0.014742857)
(0.017 -0.000625 0.014914286)
(0.018 -0.000625 0.015085714)
(0.019 -0.000625 0.015257143)
(0.02 -0.000625 0.015428571)
(0.021 -0.000625 0.0156)
(0.022 -0.000625 0.015771429)
(0.023 -0.000625 0.015942857)
(0.024 -0.000625 0.016114286)
(0.025 -0.000625 0.016285714)
(0.026 -0.000625 0.016457143)
(0.027 -0.000625 0.016628571)
(0.028 -0.000625 0.0168)
(0.029 -0.000625 0.016971429)
(0.03 -0.000625 0.017142857)
(0.031 -0.000625 0.017314286)
(0.032 -0.000625 0.017485714)
(0.033 -0.000625 0.017657143)
(0.034 -0.000625 0.017828571)
(0.035 -0.000625 0.018)
(-0.034 0.000625 0.0061714286)
(-0.033 0.000625 0.0063428571)
(-0.032 0.000625 0.0065142857)
(-0.031 0.000625 0.0066857143)
(-0.03 0.000625 0.0068571429)
(-0.029 0.000625 0.0070285714)
(-0.028 0.000625 0.0072)
(-0.027 0.000625 0.0073714286)
(-0.026 0.000625 0.0075428571)
(-0.025 0.000625 0.0077142857)
(-0.024 0.000625 0.0078857143)
(-0.023 0.000625 0.0080571429)
(-0.022 0.000625 0.0082285714)
(-0.021 0.000625 0.0084)
(-0.02 0.000625 0.0085714286)
(-0.019 0.000625 0.0087428571)
(-0.018 0.000625 0.0089142857)
(-0.017 0.000625 0.0090857143)
(-0.016 0.000625 0.0092571429)
(-0.015 0.000625 0.0094285714)
(-0.014 0.000625 0.0096)
(-0.013 0.000625 0.0097714286)
(-0.012 0.000625 0.0099428571)
(-0.011 0.000625 0.010114286)
(-0.01 0.000625 0.010285714)
(-0.009 0.000625 0.010457143)
(-0.008 0.000625 0.010628571)
(-0.007 0.000625 0.0108)
(-0.006 0.000625 0.010971429)
(-0.005 0.000625 0.011142857)
(-0.004 0.000625 0.011314286)
(-0.003 0.000625 0.011485714)
(-0.002 0.000625 0.011657143)
(-0.001 0.000625 0.011828571)
(0 0.000625 0.012)
(0.001 0.000625 0.012171429)
(0.002 0.000625 0.012342857)
(0.003 0.000625 0.012514286)
(0.004 0.000625 0.012685714)
(0.005 0.000625 0.012857143)
(0.006 0.000625 0.013028571)
(0.007 0.000625 0.0132)
(0.008 0.000625 0.013371429)
(0.009 0.000625 0.013542857)
(0.01 0.000625 0.013714286)
(0.011 0.000625 0.013885714)
(0.012 0.000625 0.014057143)
(0.013 0.000625 0.014228571)
(0.014 0.000625 0.0144)
(0.015 0.000625 0.014571429)
(0.016 0.000625 0.014742857)
(0.017 0.000625 0.014914286)
(0.018 0.000625 0.015085714)
(0.019 0.000625 0.015257143)
(0.02 0.000625 0.015428571)
(0.021 0.000625 0.0156)
(0.022 0.000625 0.015771429)
(0.023 0.000625 0.015942857)
(0.024 0.000625 0.016114286)
(0.025 0.000625 0.016285714)
(0.026 0.000625 0.016457143)
(0.027 0.000625 0.016628571)
(0.028 0.000625 0.0168)
(0.029 0.000625 0.016971429)
(0.03 0.000625 0.017142857)
(0.031 0.000625 0.017314286)
(0.032 0.000625 0.017485714)
(0.033 0.000625 0.017657143)
(0.034 0.000625 0.017828571)
(0.035 0.000625 0.018)
(-0.034 -0.000625 0.0066857143)
(-0.033 -0.000625 0.0068714286)
(-0.032 -0.000625 0.0070571429)
(-0.031 -0.000625 0.0072428571)
(-0.03 -0.000625 0.0074285714)
(-0.029 -0.000625 0.0076142857)
(-0.028 -0.000625 0.0078)
(-0.027 -0.000625 0.0079857143)
(-0.026 -0.000625 0.0081714286)
(-0.025 -0.000625 0.0083571429)
(-0.024 -0.000625 0.0085428571)
(-0.023 -0.000625 0.0087285714)
(-0.022 -0.000625 0.0089142857)
(-0.021 -0.000625 0.0091)
(-0.02 -0.000625 0.0092857143)
(-0.019 -0.000625 0.0094714286)
(-0.018 -0.000625 0.0096571429)
(-0.017 -0.000625 0.0098428571)
(-0.016 -0.000625 0.010028571)
(-0.015 -0.000625 0.010214286)
(-0.014 -0.000625 0.0104)
(-0.013 -0.000625 0.010585714)
(-0.012 -0.000625 0.010771429)
(-0.011 -0.000625 0.010957143)
(-0.01 -0.000625 0.011142857)
(-0.009 -0.000625 0.011328571)
(-0.008 -0.000625 0.011514286)
(-0.007 -0.000625 0.0117)
(-0.006 -0.000625 0.011885714)
(-0.005 -0.000625 0.012071429)
(-0.004 -0.000625 0.012257143)
(-0.003 -0.000625 0.012442857)
(-0.002 -0.000625 0.012628571)
(-0.001 -0.000625 0.012814286)
(0 -0.000625 0.013)
(0.001 -0.000625 0.013185714)
(0.002 -0.000625 0.013371429)
(0.003 -0.000625 0.013557143)
(0.004 -0.000625 0.013742857)
(0.005 -0.000625 0.013928571)
(0.006 -0.000625 0.014114286)
(0.007 -0.000625 0.0143)
(0.008 -0.000625 0.014485714)
(0.009 -0.000625 0.014671429)
(0.01 -0.000625 0.014857143)
(0.011 -0.000625 0.015042857)
(0.012 -0.000625 0.015228571)
(0.013 -0.000625 0.015414286)
(0.014 -0.000625 0.0156)
(0.015 -0.000625 0.015785714)
(0.016 -0.000625 0.015971429)
(0.017 -0.000625 0.016157143)
(0.018 -0.000625 0.016342857)
(0.019 -0.000625 0.016528571)
(0.02 -0.000625 0.016714286)
(0.021 -0.000625 0.0169)
(0.022 -0.000625 0.017085714)
(0.023 -0.000625 0.017271429)
(0.024 -0.000625 0.017457143)
(0.025 -0.000625 0.017642857)
(0.026 -0.000625 0.017828571)
(0.027 -0.000625 0.018014286)
(0.028 -0.000625 0.0182)
(0.029 -0.000625 0.018385714)
(0.03 -0.000625 0.018571429)
(0.031 -0.000625 0.018757143)
(0.032 -0.000625 0.018942857)
(0.033 -0.000625 0.019128571)
(0.034 -0.000625 0.019314286)
(0.035 -0.000625 0.0195)
(-0.034 0.000625 0.0066857143)
(-0.033 0.000625 0.0068714286)
(-0.032 0.000625 0.0070571429)
(-0.031 0.000625 0.0072428571)
(-0.03 0.000625 0.0074285714)
(-0.029 0.000625 0.0076142857)
(-0.028 0.000625 0.0078)
(-0.027 0.000625 0.0079857143)
(-0.026 0.000625 0.0081714286)
(-0.025 0.000625 0.0083571429)
(-0.024 0.000625 0.0085428571)
(-0.023 0.000625 0.0087285714)
(-0.022 0.000625 0.0089142857)
(-0.021 0.000625 0.0091)
(-0.02 0.000625 0.0092857143)
(-0.019 0.000625 0.0094714286)
(-0.018 0.000625 0.0096571429)
(-0.017 0.000625 0.0098428571)
(-0.016 0.000625 0.010028571)
(-0.015 0.000625 0.010214286)
(-0.014 0.000625 0.0104)
(-0.013 0.000625 0.010585714)
(-0.012 0.000625 0.010771429)
(-0.011 0.000625 0.010957143)
(-0.01 0.000625 0.011142857)
(-0.009 0.000625 0.011328571)
(-0.008 0.000625 0.011514286)
(-0.007 0.000625 0.0117)
(-0.006 0.000625 0.011885714)
(-0.005 0.000625 0.012071429)
(-0.004 0.000625 0.012257143)
(-0.003 0.000625 0.012442857)
(-0.002 0.000625 0.012628571)
(-0.001 0.000625 0.012814286)
(0 0.000625 0.013)
(0.001 0.000625 0.013185714)
(0.002 0.000625 0.013371429)
(0.003 0.000625 0.013557143)
(0.004 0.000625 0.013742857)
(0.005 0.000625 0.013928571)
(0.006 0.000625 0.014114286)
(0.007 0.000625 0.0143)
(0.008 0.000625 0.014485714)
(0.009 0.000625 0.014671429)
(0.01 0.000625 0.014857143)
(0.011 0.000625 0.015042857)
(0.012 0.000625 0.015228571)
(0.013 0.000625 0.015414286)
(0.014 0.000625 0.0156)
(0.015 0.000625 0.015785714)
(0.016 0.000625 0.015971429)
(0.017 0.000625 0.016157143)
(0.018 0.000625 0.016342857)
(0.019 0.000625 0.016528571)
(0.02 0.000625 0.016714286)
(0.021 0.000625 0.0169)
(0.022 0.000625 0.017085714)
(0.023 0.000625 0.017271429)
(0.024 0.000625 0.017457143)
(0.025 0.000625 0.017642857)
(0.026 0.000625 0.017828571)
(0.027 0.000625 0.018014286)
(0.028 0.000625 0.0182)
(0.029 0.000625 0.018385714)
(0.03 0.000625 0.018571429)
(0.031 0.000625 0.018757143)
(0.032 0.000625 0.018942857)
(0.033 0.000625 0.019128571)
(0.034 0.000625 0.019314286)
(0.035 0.000625 0.0195)
(-0.034 -0.000625 0.0072)
(-0.033 -0.000625 0.0074)
(-0.032 -0.000625 0.0076)
(-0.031 -0.000625 0.0078)
(-0.03 -0.000625 0.008)
(-0.029 -0.000625 0.0082)
(-0.028 -0.000625 0.0084)
(-0.027 -0.000625 0.0086)
(-0.026 -0.000625 0.0088)
(-0.025 -0.000625 0.009)
(-0.024 -0.000625 0.0092)
(-0.023 -0.000625 0.0094)
(-0.022 -0.000625 0.0096)
(-0.021 -0.000625 0.0098)
(-0.02 -0.000625 0.01)
(-0.019 -0.000625 0.0102)
(-0.018 -0.000625 0.0104)
(-0.017 -0.000625 0.0106)
(-0.016 -0.000625 0.0108)
(-0.015 -0.000625 0.011)
(-0.014 -0.000625 0.0112)
(-0.013 -0.000625 0.0114)
(-0.012 -0.000625 0.0116)
(-0.011 -0.000625 0.0118)
(-0.01 -0.000625 0.012)
(-0.009 -0.000625 0.0122)
(-0.008 -0.000625 0.0124)
(-0.007 -0.000625 0.0126)
(-0.006 -0.000625 0.0128)
(-0.005 -0.000625 0.013)
(-0.004 -0.000625 0.0132)
(-0.003 -0.000625 0.0134)
(-0.002 -0.000625 0.0136)
(-0.001 -0.000625 0.0138)
(0 -0.000625 0.014)
(0.001 -0.000625 0.0142)
(0.002 -0.000625 0.0144)
(0.003 -0.000625 0.0146)
(0.004 -0.000625 0.0148)
(0.005 -0.000625 0.015)
(0.006 -0.000625 0.0152)
(0.007 -0.000625 0.0154)
(0.008 -0.000625 0.0156)
(0.009 -0.000625 0.0158)
(0.01 -0.000625 0.016)
(0.011 -0.000625 0.0162)
(0.012 -0.000625 0.0164)
(0.013 -0.000625 0.0166)
(0.014 -0.000625 0.0168)
(0.015 -0.000625 0.017)
(0.016 -0.000625 0.0172)
(0.017 -0.000625 0.0174)
(0.018 -0.000625 0.0176)
(0.019 -0.000625 0.0178)
(0.02 -0.000625 0.018)
(0.021 -0.000625 0.0182)
(0.022 -0.000625 0.0184)
(0.023 -0.000625 0.0186)
(0.024 -0.000625 0.0188)
(0.025 -0.000625 0.019)
(0.026 -0.000625 0.0192)
(0.027 -0.000625 0.0194)
(0.028 -0.000625 0.0196)
(0.029 -0.000625 0.0198)
(0.03 -0.000625 0.02)
(0.031 -0.000625 0.0202)
(0.032 -0.000625 0.0204)
(0.033 -0.000625 0.0206)
(0.034 -0.000625 0.0208)
(0.035 -0.000625 0.021)
(-0.034 0.000625 0.0072)
(-0.033 0.000625 0.0074)
(-0.032 0.000625 0.0076)
(-0.031 0.000625 0.0078)
(-0.03 0.000625 0.008)
(-0.029 0.000625 0.0082)
(-0.028 0.000625 0.0084)
(-0.027 0.000625 0.0086)
(-0.026 0.000625 0.0088)
(-0.025 0.000625 0.009)
(-0.024 0.000625 0.0092)
(-0.023 0.000625 0.0094)
(-0.022 0.000625 0.0096)
(-0.021 0.000625 0.0098)
(-0.02 0.000625 0.01)
(-0.019 0.000625 0.0102)
(-0.018 0.000625 0.0104)
(-0.017 0.000625 0.0106)
(-0.016 0.000625 0.0108)
(-0.015 0.000625 0.011)
(-0.014 0.000625 0.0112)
(-0.013 0.000625 0.0114)
(-0.012 0.000625 0.0116)
(-0.011 0.000625 0.0118)
(-0.01 0.000625 0.012)
(-0.009 0.000625 0.0122)
(-0.008 0.000625 0.0124)
(-0.007 0.000625 0.0126)
(-0.006 0.000625 0.0128)
(-0.005 0.000625 0.013)
(-0.004 0.000625 0.0132)
(-0.003 0.000625 0.0134)
(-0.002 0.000625 0.0136)
(-0.001 0.000625 0.0138)
(0 0.000625 0.014)
(0.001 0.000625 0.0142)
(0.002 0.000625 0.0144)
(0.003 0.000625 0.0146)
(0.004 0.000625 0.0148)
(0.005 0.000625 0.015)
(0.006 0.000625 0.0152)
(0.007 0.000625 0.0154)
(0.008 0.000625 0.0156)
(0.009 0.000625 0.0158)
(0.01 0.000625 0.016)
(0.011 0.000625 0.0162)
(0.012 0.000625 0.0164)
(0.013 0.000625 0.0166)
(0.014 0.000625 0.0168)
(0.015 0.000625 0.017)
(0.016 0.000625 0.0172)
(0.017 0.000625 0.0174)
(0.018 0.000625 0.0176)
(0.019 0.000625 0.0178)
(0.02 0.000625 0.018)
(0.021 0.000625 0.0182)
(0.022 0.000625 0.0184)
(0.023 0.000625 0.0186)
(0.024 0.000625 0.0188)
(0.025 0.000625 0.019)
(0.026 0.000625 0.0192)
(0.027 0.000625 0.0194)
(0.028 0.000625 0.0196)
(0.029 0.000625 0.0198)
(0.03 0.000625 0.02)
(0.031 0.000625 0.0202)
(0.032 0.000625 0.0204)
(0.033 0.000625 0.0206)
(0.034 0.000625 0.0208)
(0.035 0.000625 0.021)
(-0.034 -0.000625 0.0077142857)
(-0.033 -0.000625 0.0079285714)
(-0.032 -0.000625 0.0081428571)
(-0.031 -0.000625 0.0083571429)
(-0.03 -0.000625 0.0085714286)
(-0.029 -0.000625 0.0087857143)
(-0.028 -0.000625 0.009)
(-0.027 -0.000625 0.0092142857)
(-0.026 -0.000625 0.0094285714)
(-0.025 -0.000625 0.0096428571)
(-0.024 -0.000625 0.0098571429)
(-0.023 -0.000625 0.010071429)
(-0.022 -0.000625 0.010285714)
(-0.021 -0.000625 0.0105)
(-0.02 -0.000625 0.010714286)
(-0.019 -0.000625 0.010928571)
(-0.018 -0.000625 0.011142857)
(-0.017 -0.000625 0.011357143)
(-0.016 -0.000625 0.011571429)
(-0.015 -0.000625 0.011785714)
(-0.014 -0.000625 0.012)
(-0.013 -0.000625 0.012214286)
(-0.012 -0.000625 0.012428571)
(-0.011 -0.000625 0.012642857)
(-0.01 -0.000625 0.012857143)
(-0.009 -0.000625 0.013071429)
(-0.008 -0.000625 0.013285714)
(-0.007 -0.000625 0.0135)
(-0.006 -0.000625 0.013714286)
(-0.005 -0.000625 0.013928571)
(-0.004 -0.000625 0.014142857)
(-0.003 -0.000625 0.014357143)
(-0.002 -0.000625 0.014571429)
(-0.001 -0.000625 0.014785714)
(0 -0.000625 0.015)
(0.001 -0.000625 0.015214286)
(0.002 -0.000625 0.015428571)
(0.003 -0.000625 0.015642857)
(0.004 -0.000625 0.015857143)
(0.005 -0.000625 0.016071429)
(0.006 -0.000625 0.016285714)
(0.007 -0.000625 0.0165)
(0.008 -0.000625 0.016714286)
(0.009 -0.000625 0.016928571)
(0.01 -0.000625 0.017142857)
(0.011 -0.000625 0.017357143)
(0.012 -0.000625 0.017571429)
(0.013 -0.000625 0.017785714)
(0.014 -0.000625 0.018)
(0.015 -0.000625 0.018214286)
(0.016 -0.000625 0.018428571)
(0.017 -0.000625 0.018642857)
(0.018 -0.000625 0.018857143)
(0.019 -0.000625 0.019071429)
(0.02 -0.000625 0.019285714)
(0.021 -0.000625 0.0195)
(0.022 -0.000625 0.019714286)
(0.023 -0.000625 0.019928571)
(0.024 -0.000625 0.020142857)
(0.025 -0.000625 0.020357143)
(0.026 -0.000625 0.020571429)
(0.027 -0.000625 0.020785714)
(0.028 -0.000625 0.021)
(0.029 -0.000625 0.021214286)
(0.03 -0.000625 0.021428571)
(0.031 -0.000625 0.021642857)
(0.032 -0.000625 0.021857143)
(0.033 -0.000625 0.022071429)
(0.034 -0.000625 0.022285714)
(0.035 -0.000625 0.0225)
(-0.034 0.000625 0.0077142857)
(-0.033 0.000625 0.0079285714)
(-0.032 0.000625 0.0081428571)
(-0.031 0.000625 0.0083571429)
(-0.03 0.000625 0.0085714286)
(-0.029 0.000625 0.0087857143)
(-0.028 0.000625 0.009)
(-0.027 0.000625 0.0092142857)
(-0.026 0.000625 0.0094285714)
(-0.025 0.000625 0.0096428571)
(-0.024 0.000625 0.0098571429)
(-0.023 0.000625 0.010071429)
(-0.022 0.000625 0.010285714)
(-0.021 0.000625 0.0105)
(-0.02 0.000625 0.010714286)
(-0.019 0.000625 0.010928571)
(-0.018 0.000625 0.011142857)
(-0.017 0.000625 0.011357143)
(-0.016 0.000625 0.011571429)
(-0.015 0.000625 0.011785714)
(-0.014 0.000625 0.012)
(-0.013 0.000625 0.012214286)
(-0.012 0.000625 0.012428571)
(-0.011 0.000625 0.012642857)
(-0.01 0.000625 0.012857143)
(-0.009 0.000625 0.013071429)
(-0.008 0.000625 0.013285714)
(-0.007 0.000625 0.0135)
(-0.006 0.000625 0.013714286)
(-0.005 0.000625 0.013928571)
(-0.004 0.000625 0.014142857)
(-0.003 0.000625 0.014357143)
(-0.002 0.000625 0.014571429)
(-0.001 0.000625 0.014785714)
(0 0.000625 0.015)
(0.001 0.000625 0.015214286)
(0.002 0.000625 0.015428571)
(0.003 0.000625 0.015642857)
(0.004 0.000625 0.015857143)
(0.005 0.000625 0.016071429)
(0.006 0.000625 0.016285714)
(0.007 0.000625 0.0165)
(0.008 0.000625 0.016714286)
(0.009 0.000625 0.016928571)
(0.01 0.000625 0.017142857)
(0.011 0.000625 0.017357143)
(0.012 0.000625 0.017571429)
(0.013 0.000625 0.017785714)
(0.014 0.000625 0.018)
(0.015 0.000625 0.018214286)
(0.016 0.000625 0.018428571)
(0.017 0.000625 0.018642857)
(0.018 0.000625 0.018857143)
(0.019 0.000625 0.019071429)
(0.02 0.000625 0.019285714)
(0.021 0.000625 0.0195)
(0.022 0.000625 0.019714286)
(0.023 0.000625 0.019928571)
(0.024 0.000625 0.020142857)
(0.025 0.000625 0.020357143)
(0.026 0.000625 0.020571429)
(0.027 0.000625 0.020785714)
(0.028 0.000625 0.021)
(0.029 0.000625 0.021214286)
(0.03 0.000625 0.021428571)
(0.031 0.000625 0.021642857)
(0.032 0.000625 0.021857143)
(0.033 0.000625 0.022071429)
(0.034 0.000625 0.022285714)
(0.035 0.000625 0.0225)
(-0.034 -0.000625 0.0082285714)
(-0.033 -0.000625 0.0084571429)
(-0.032 -0.000625 0.0086857143)
(-0.031 -0.000625 0.0089142857)
(-0.03 -0.000625 0.0091428571)
(-0.029 -0.000625 0.0093714286)
(-0.028 -0.000625 0.0096)
(-0.027 -0.000625 0.0098285714)
(-0.026 -0.000625 0.010057143)
(-0.025 -0.000625 0.010285714)
(-0.024 -0.000625 0.010514286)
(-0.023 -0.000625 0.010742857)
(-0.022 -0.000625 0.010971429)
(-0.021 -0.000625 0.0112)
(-0.02 -0.000625 0.011428571)
(-0.019 -0.000625 0.011657143)
(-0.018 -0.000625 0.011885714)
(-0.017 -0.000625 0.012114286)
(-0.016 -0.000625 0.012342857)
(-0.015 -0.000625 0.012571429)
(-0.014 -0.000625 0.0128)
(-0.013 -0.000625 0.013028571)
(-0.012 -0.000625 0.013257143)
(-0.011 -0.000625 0.013485714)
(-0.01 -0.000625 0.013714286)
(-0.009 -0.000625 0.013942857)
(-0.008 -0.000625 0.014171429)
(-0.007 -0.000625 0.0144)
(-0.006 -0.000625 0.014628571)
(-0.005 -0.000625 0.014857143)
(-0.004 -0.000625 0.015085714)
(-0.003 -0.000625 0.015314286)
(-0.002 -0.000625 0.015542857)
(-0.001 -0.000625 0.015771429)
(0 -0.000625 0.016)
(0.001 -0.000625 0.016228571)
(0.002 -0.000625 0.016457143)
(0.003 -0.000625 0.016685714)
(0.004 -0.000625 0.016914286)
(0.005 -0.000625 0.017142857)
(0.006 -0.000625 0.017371429)
(0.007 -0.000625 0.0176)
(0.008 -0.000625 0.017828571)
(0.009 -0.000625 0.018057143)
(0.01 -0.000625 0.018285714)
(0.011 -0.000625 0.018514286)
(0.012 -0.000625 0.018742857)
(0.013 -0.000625 0.018971429)
(0.014 -0.000625 0.0192)
(0.015 -0.000625 0.019428571)
(0.016 -0.000625 0.019657143)
(0.017 -0.000625 0.019885714)
(0.018 -0.000625 0.020114286)
(0.019 -0.000625 0.020342857)
(0.02 -0.000625 0.020571429)
(0.021 -0.000625 0.0208)
(0.022 -0.000625 0.021028571)
(0.023 -0.000625 0.021257143)
(0.024 -0.000625 0.021485714)
(0.025 -0.000625 0.021714286)
(0.026 -0.000625 0.021942857)
(0.027 -0.000625 0.022171429)
(0.028 -0.000625 0.0224)
(0.029 -0.000625 0.022628571)
(0.03 -0.000625 0.022857143)
(0.031 -0.000625 0.023085714)
(0.032 -0.000625 0.023314286)
(0.033 -0.000625 0.023542857)
(0.034 -0.000625 0.023771429)
(0.035 -0.000625 0.024)
(-0.034 0.000625 0.0082285714)
(-0.033 0.000625 0.0084571429)
(-0.032 0.000625 0.0086857143)
(-0.031 0.000625 0.0089142857)
(-0.03 0.000625 0.0091428571)
(-0.029 0.000625 0.0093714286)
(-0.028 0.000625 0.0096)
(-0.027 0.000625 0.0098285714)
(-0.026 0.000625 0.010057143)
(-0.025 0.000625 0.010285714)
(-0.024 0.000625 0.010514286)
(-0.023 0.000625 0.010742857)
(-0.022 0.000625 0.010971429)
(-0.021 0.000625 0.0112)
(-0.02 0.000625 0.011428571)
(-0.019 0.000625 0.011657143)
(-0.018 0.000625 0.011885714)
(-0.017 0.000625 0.012114286)
(-0.016 0.000625 0.012342857)
(-0.015 0.000625 0.012571429)
(-0.014 0.000625 0.0128)
(-0.013 0.000625 0.013028571)
(-0.012 0.000625 0.013257143)
(-0.011 0.000625 0.013485714)
(-0.01 0.000625 0.013714286)
(-0.009 0.000625 0.013942857)
(-0.008 0.000625 0.014171429)
(-0.007 0.000625 0.0144)
(-0.006 0.000625 0.014628571)
(-0.005 0.000625 0.014857143)
(-0.004 0.000625 0.015085714)
(-0.003 0.000625 0.015314286)
(-0.002 0.000625 0.015542857)
(-0.001 0.000625 0.015771429)
(0 0.000625 0.016)
(0.001 0.000625 0.016228571)
(0.002 0.000625 0.016457143)
(0.003 0.000625 0.016685714)
(0.004 0.000625 0.016914286)
(0.005 0.000625 0.017142857)
(0.006 0.000625 0.017371429)
(0.007 0.000625 0.0176)
(0.008 0.000625 0.017828571)
(0.009 0.000625 0.018057143)
(0.01 0.000625 0.018285714)
(0.011 0.000625 0.018514286)
(0.012 0.000625 0.018742857)
(0.013 0.000625 0.018971429)
(0.014 0.000625 0.0192)
(0.015 0.000625 0.019428571)
(0.016 0.000625 0.019657143)
(0.017 0.000625 0.019885714)
(0.018 0.000625 0.020114286)
(0.019 0.000625 0.020342857)
(0.02 0.000625 0.020571429)
(0.021 0.000625 0.0208)
(0.022 0.000625 0.021028571)
(0.023 0.000625 0.021257143)
(0.024 0.000625 0.021485714)
(0.025 0.000625 0.021714286)
(0.026 0.000625 0.021942857)
(0.027 0.000625 0.022171429)
(0.028 0.000625 0.0224)
(0.029 0.000625 0.022628571)
(0.03 0.000625 0.022857143)
(0.031 0.000625 0.023085714)
(0.032 0.000625 0.023314286)
(0.033 0.000625 0.023542857)
(0.034 0.000625 0.023771429)
(0.035 0.000625 0.024)
(-0.034 -0.000625 0.0087428571)
(-0.033 -0.000625 0.0089857143)
(-0.032 -0.000625 0.0092285714)
(-0.031 -0.000625 0.0094714286)
(-0.03 -0.000625 0.0097142857)
(-0.029 -0.000625 0.0099571429)
(-0.028 -0.000625 0.0102)
(-0.027 -0.000625 0.010442857)
(-0.026 -0.000625 0.010685714)
(-0.025 -0.000625 0.010928571)
(-0.024 -0.000625 0.011171429)
(-0.023 -0.000625 0.011414286)
(-0.022 -0.000625 0.011657143)
(-0.021 -0.000625 0.0119)
(-0.02 -0.000625 0.012142857)
(-0.019 -0.000625 0.012385714)
(-0.018 -0.000625 0.012628571)
(-0.017 -0.000625 0.012871429)
(-0.016 -0.000625 0.013114286)
(-0.015 -0.000625 0.013357143)
(-0.014 -0.000625 0.0136)
(-0.013 -0.000625 0.013842857)
(-0.012 -0.000625 0.014085714)
(-0.011 -0.000625 0.014328571)
(-0.01 -0.000625 0.014571429)
(-0.009 -0.000625 0.014814286)
(-0.008 -0.000625 0.015057143)
(-0.007 -0.000625 0.0153)
(-0.006 -0.000625 0.015542857)
(-0.005 -0.000625 0.015785714)
(-0.004 -0.000625 0.016028571)
(-0.003 -0.000625 0.016271429)
(-0.002 -0.000625 0.016514286)
(-0.001 -0.000625 0.016757143)
(0 -0.000625 0.017)
(0.001 -0.000625 0.017242857)
(0.002 -0.000625 0.017485714)
(0.003 -0.000625 0.017728571)
(0.004 -0.000625 0.017971429)
(0.005 -0.000625 0.018214286)
(0.006 -0.000625 0.018457143)
(0.007 -0.000625 0.0187)
(0.008 -0.000625 0.018942857)
(0.009 -0.000625 0.019185714)
(0.01 -0.000625 0.019428571)
(0.011 -0.000625 0.019671429)
(0.012 -0.000625 0.019914286)
(0.013 -0.000625 0.020157143)
(0.014 -0.000625 0.0204)
(0.015 -0.000625 0.020642857)
(0.016 -0.000625 0.020885714)
(0.017 -0.000625 0.021128571)
(0.018 -0.000625 0.021371429)
(0.019 -0.000625 0.021614286)
(0.02 -0.000625 0.021857143)
(0.021 -0.000625 0.0221)
(0.022 -0.000625 0.022342857)
(0.023 -0.000625 0.022585714)
(0.024 -0.000625 0.022828571)
(0.025 -0.000625 0.023071429)
(0.026 -0.000625 0.023314286)
(0.027 -0.000625 0.023557143)
(0.028 -0.000625 0.0238)
(0.029 -0.000625 0.024042857)
(0.03 -0.000625 0.024285714)
(0.031 -0.000625 0.024528571)
(0.032 -0.000625 0.024771429)
(0.033 -0.000625 0.025014286)
(0.034 -0.000625 0.025257143)
(0.035 -0.000625 0.0255)
(-0.034 0.000625 0.0087428571)
(-0.033 0.000625 0.0089857143)
(-0.032 0.000625 0.0092285714)
(-0.031 0.000625 0.0094714286)
(-0.03 0.000625 0.0097142857)
(-0.029 0.000625 0.0099571429)
(-0.028 0.000625 0.0102)
(-0.027 0.000625 0.010442857)
(-0.026 0.000625 0.010685714)
(-0.025 0.000625 0.010928571)
(-0.024 0.000625 0.011171429)
(-0.023 0.000625 0.011414286)
(-0.022 0.000625 0.011657143)
(-0.021 0.000625 0.0119)
(-0.02 0.000625 0.012142857)
(-0.019 0.000625 0.012385714)
(-0.018 0.000625 0.012628571)
(-0.017 0.000625 0.012871429)
(-0.016 0.000625 0.013114286)
(-0.015 0.000625 0.013357143)
(-0.014 0.000625 0.0136)
(-0.013 0.000625 0.013842857)
(-0.012 0.000625 0.014085714)
(-0.011 0.000625 0.014328571)
(-0.01 0.000625 0.014571429)
(-0.009 0.000625 0.014814286)
(-0.008 0.000625 0.015057143)
(-0.007 0.000625 0.0153)
(-0.006 0.000625 0.015542857)
(-0.005 0.000625 0.015785714)
(-0.004 0.000625 0.016028571)
(-0.003 0.000625 0.016271429)
(-0.002 0.000625 0.016514286)
(-0.001 0.000625 0.016757143)
(0 0.000625 0.017)
(0.001 0.000625 0.017242857)
(0.002 0.000625 0.017485714)
(0.003 0.000625 0.017728571)
(0.004 0.000625 0.017971429)
(0.005 0.000625 0.018214286)
(0.006 0.000625 0.018457143)
(0.007 0.000625 0.0187)
(0.008 0.000625 0.018942857)
(0.009 0.000625 0.019185714)
(0.01 0.000625 0.019428571)
(0.011 0.000625 0.019671429)
(0.012 0.000625 0.019914286)
(0.013 0.000625 0.020157143)
(0.014 0.000625 0.0204)
(0.015 0.000625 0.020642857)
(0.016 0.000625 0.020885714)
(0.017 0.000625 0.021128571)
(0.018 0.000625 0.021371429)
(0.019 0.000625 0.021614286)
(0.02 0.000625 0.021857143)
(0.021 0.000625 0.0221)
(0.022 0.000625 0.022342857)
(0.023 0.000625 0.022585714)
(0.024 0.000625 0.022828571)
(0.025 0.000625 0.023071429)
(0.026 0.000625 0.023314286)
(0.027 0.000625 0.023557143)
(0.028 0.000625 0.0238)
(0.029 0.000625 0.024042857)
(0.03 0.000625 0.024285714)
(0.031 0.000625 0.024528571)
(0.032 0.000625 0.024771429)
(0.033 0.000625 0.025014286)
(0.034 0.000625 0.025257143)
(0.035 0.000625 0.0255)
(-0.034 -0.000625 0.0092571429)
(-0.033 -0.000625 0.0095142857)
(-0.032 -0.000625 0.0097714286)
(-0.031 -0.000625 0.010028571)
(-0.03 -0.000625 0.010285714)
(-0.029 -0.000625 0.010542857)
(-0.028 -0.000625 0.0108)
(-0.027 -0.000625 0.011057143)
(-0.026 -0.000625 0.011314286)
(-0.025 -0.000625 0.011571429)
(-0.024 -0.000625 0.011828571)
(-0.023 -0.000625 0.012085714)
(-0.022 -0.000625 0.012342857)
(-0.021 -0.000625 0.0126)
(-0.02 -0.000625 0.012857143)
(-0.019 -0.000625 0.013114286)
(-0.018 -0.000625 0.013371429)
(-0.017 -0.000625 0.013628571)
(-0.016 -0.000625 0.013885714)
(-0.015 -0.000625 0.014142857)
(-0.014 -0.000625 0.0144)
(-0.013 -0.000625 0.014657143)
(-0.012 -0.000625 0.014914286)
(-0.011 -0.000625 0.015171429)
(-0.01 -0.000625 0.015428571)
(-0.009 -0.000625 0.015685714)
(-0.008 -0.000625 0.015942857)
(-0.007 -0.000625 0.0162)
(-0.006 -0.000625 0.016457143)
(-0.005 -0.000625 0.016714286)
(-0.004 -0.000625 0.016971429)
(-0.003 -0.000625 0.017228571)
(-0.002 -0.000625 0.017485714)
(-0.001 -0.000625 0.017742857)
(0 -0.000625 0.018)
(0.001 -0.000625 0.018257143)
(0.002 -0.000625 0.018514286)
(0.003 -0.000625 0.018771429)
(0.004 -0.000625 0.019028571)
(0.005 -0.000625 0.019285714)
(0.006 -0.000625 0.019542857)
(0.007 -0.000625 0.0198)
(0.008 -0.000625 0.020057143)
(0.009 -0.000625 0.020314286)
(0.01 -0.000625 0.020571429)
(0.011 -0.000625 0.020828571)
(0.012 -0.000625 0.021085714)
(0.013 -0.000625 0.021342857)
(0.014 -0.000625 0.0216)
(0.015 -0.000625 0.021857143)
(0.016 -0.000625 0.022114286)
(0.017 -0.000625 0.022371429)
(0.018 -0.000625 0.022628571)
(0.019 -0.000625 0.022885714)
(0.02 -0.000625 0.023142857)
(0.021 -0.000625 0.0234)
(0.022 -0.000625 0.023657143)
(0.023 -0.000625 0.023914286)
(0.024 -0.000625 0.024171429)
(0.025 -0.000625 0.024428571)
(0.026 -0.000625 0.024685714)
(0.027 -0.000625 0.024942857)
(0.028 -0.000625 0.0252)
(0.029 -0.000625 0.025457143)
(0.03 -0.000625 0.025714286)
(0.031 -0.000625 0.025971429)
(0.032 -0.000625 0.026228571)
(0.033 -0.000625 0.026485714)
(0.034 -0.000625 0.026742857)
(0.035 -0.000625 0.027)
(-0.034 0.000625 0.0092571429)
(-0.033 0.000625 0.0095142857)
(-0.032 0.000625 0.0097714286)
(-0.031 0.000625 0.010028571)
(-0.03 0.000625 0.010285714)
(-0.029 0.000625 0.010542857)
(-0.028 0.000625 0.0108)
(-0.027 0.000625 0.011057143)
(-0.026 0.000625 0.011314286)
(-0.025 0.000625 0.011571429)
(-0.024 0.000625 0.011828571)
(-0.023 0.000625 0.012085714)
(-0.022 0.000625 0.012342857)
(-0.021 0.000625 0.0126)
(-0.02 0.000625 0.012857143)
(-0.019 0.000625 0.013114286)
(-0.018 0.000625 0.013371429)
(-0.017 0.000625 0.013628571)
(-0.016 0.000625 0.013885714)
(-0.015 0.000625 0.014142857)
(-0.014 0.000625 0.0144)
(-0.013 0.000625 0.014657143)
(-0.012 0.000625 0.014914286)
(-0.011 0.000625 0.015171429)
(-0.01 0.000625 0.015428571)
(-0.009 0.000625 0.015685714)
(-0.008 0.000625 0.015942857)
(-0.007 0.000625 0.0162)
(-0.006 0.000625 0.016457143)
(-0.005 0.000625 0.016714286)
(-0.004 0.000625 0.016971429)
(-0.003 0.000625 0.017228571)
(-0.002 0.000625 0.017485714)
(-0.001 0.000625 0.017742857)
(0 0.000625 0.018)
(0.001 0.000625 0.018257143)
(0.002 0.000625 0.018514286)
(0.003 0.000625 0.018771429)
(0.004 0.000625 0.019028571)
(0.005 0.000625 0.019285714)
(0.006 0.000625 0.019542857)
(0.007 0.000625 0.0198)
(0.008 0.000625 0.020057143)
(0.009 0.000625 0.020314286)
(0.01 0.000625 0.020571429)
(0.011 0.000625 0.020828571)
(0.012 0.000625 0.021085714)
(0.013 0.000625 0.021342857)
(0.014 0.000625 0.0216)
(0.015 0.000625 0.021857143)
(0.016 0.000625 0.022114286)
(0.017 0.000625 0.022371429)
(0.018 0.000625 0.022628571)
(0.019 0.000625 0.022885714)
(0.02 0.000625 0.023142857)
(0.021 0.000625 0.0234)
(0.022 0.000625 0.023657143)
(0.023 0.000625 0.023914286)
(0.024 0.000625 0.024171429)
(0.025 0.000625 0.024428571)
(0.026 0.000625 0.024685714)
(0.027 0.000625 0.024942857)
(0.028 0.000625 0.0252)
(0.029 0.000625 0.025457143)
(0.03 0.000625 0.025714286)
(0.031 0.000625 0.025971429)
(0.032 0.000625 0.026228571)
(0.033 0.000625 0.026485714)
(0.034 0.000625 0.026742857)
(0.035 0.000625 0.027)
(-0.034 -0.000625 0.0097714286)
(-0.033 -0.000625 0.010042857)
(-0.032 -0.000625 0.010314286)
(-0.031 -0.000625 0.010585714)
(-0.03 -0.000625 0.010857143)
(-0.029 -0.000625 0.011128571)
(-0.028 -0.000625 0.0114)
(-0.027 -0.000625 0.011671429)
(-0.026 -0.000625 0.011942857)
(-0.025 -0.000625 0.012214286)
(-0.024 -0.000625 0.012485714)
(-0.023 -0.000625 0.012757143)
(-0.022 -0.000625 0.013028571)
(-0.021 -0.000625 0.0133)
(-0.02 -0.000625 0.013571429)
(-0.019 -0.000625 0.013842857)
(-0.018 -0.000625 0.014114286)
(-0.017 -0.000625 0.014385714)
(-0.016 -0.000625 0.014657143)
(-0.015 -0.000625 0.014928571)
(-0.014 -0.000625 0.0152)
(-0.013 -0.000625 0.015471429)
(-0.012 -0.000625 0.015742857)
(-0.011 -0.000625 0.016014286)
(-0.01 -0.000625 0.016285714)
(-0.009 -0.000625 0.016557143)
(-0.008 -0.000625 0.016828571)
(-0.007 -0.000625 0.0171)
(-0.006 -0.000625 0.017371429)
(-0.005 -0.000625 0.017642857)
(-0.004 -0.000625 0.017914286)
(-0.003 -0.000625 0.018185714)
(-0.002 -0.000625 0.018457143)
(-0.001 -0.000625 0.018728571)
(0 -0.000625 0.019)
(0.001 -0.000625 0.019271429)
(0.002 -0.000625 0.019542857)
(0.003 -0.000625 0.019814286)
(0.004 -0.000625 0.020085714)
(0.005 -0.000625 0.020357143)
(0.006 -0.000625 0.020628571)
(0.007 -0.000625 0.0209)
(0.008 -0.000625 0.021171429)
(0.009 -0.000625 0.021442857)
(0.01 -0.000625 0.021714286)
(0.011 -0.000625 0.021985714)
(0.012 -0.000625 0.022257143)
(0.013 -0.000625 0.022528571)
(0.014 -0.000625 0.0228)
(0.015 -0.000625 0.023071429)
(0.016 -0.000625 0.023342857)
(0.017 -0.000625 0.023614286)
(0.018 -0.000625 0.023885714)
(0.019 -0.000625 0.024157143)
(0.02 -0.000625 0.024428571)
(0.021 -0.000625 0.0247)
(0.022 -0.000625 0.024971429)
(0.023 -0.000625 0.025242857)
(0.024 -0.000625 0.025514286)
(0.025 -0.000625 0.025785714)
(0.026 -0.000625 0.026057143)
(0.027 -0.000625 0.026328571)
(0.028 -0.000625 0.0266)
(0.029 -0.000625 0.026871429)
(0.03 -0.000625 0.027142857)
(0.031 -0.000625 0.027414286)
(0.032 -0.000625 0.027685714)
(0.033 -0.000625 0.027957143)
(0.034 -0.000625 0.028228571)
(0.035 -0.000625 0.0285)
(-0.034 0.000625 0.0097714286)
(-0.033 0.000625 0.010042857)
(-0.032 0.000625 0.010314286)
(-0.031 0.000625 0.010585714)
(-0.03 0.000625 0.010857143)
(-0.029 0.000625 0.011128571)
(-0.028 0.000625 0.0114)
(-0.027 0.000625 0.011671429)
(-0.026 0.000625 0.011942857)
(-0.025 0.000625 0.012214286)
(-0.024 0.000625 0.012485714)
(-0.023 0.000625 0.012757143)
(-0.022 0.000625 0.013028571)
(-0.021 0.000625 0.0133)
(-0.02 0.000625 0.013571429)
(-0.019 0.000625 0.013842857)
(-0.018 0.000625 0.014114286)
(-0.017 0.000625 0.014385714)
(-0.016 0.000625 0.014657143)
(-0.015 0.000625 0.014928571)
(-0.014 0.000625 0.0152)
(-0.013 0.000625 0.015471429)
(-0.012 0.000625 0.015742857)
(-0.011 0.000625 0.016014286)
(-0.01 0.000625 0.016285714)
(-0.009 0.000625 0.016557143)
(-0.008 0.000625 0.016828571)
(-0.007 0.000625 0.0171)
(-0.006 0.000625 0.017371429)
(-0.005 0.000625 0.017642857)
(-0.004 0.000625 0.017914286)
(-0.003 0.000625 0.018185714)
(-0.002 0.000625 0.018457143)
(-0.001 0.000625 0.018728571)
(0 0.000625 0.019)
(0.001 0.000625 0.019271429)
(0.002 0.000625 0.019542857)
(0.003 0.000625 0.019814286)
(0.004 0.000625 0.020085714)
(0.005 0.000625 0.020357143)
(0.006 0.000625 0.020628571)
(0.007 0.000625 0.0209)
(0.008 0.000625 0.021171429)
(0.009 0.000625 0.021442857)
(0.01 0.000625 0.021714286)
(0.011 0.000625 0.021985714)
(0.012 0.000625 0.022257143)
(0.013 0.000625 0.022528571)
(0.014 0.000625 0.0228)
(0.015 0.000625 0.023071429)
(0.016 0.000625 0.023342857)
(0.017 0.000625 0.023614286)
(0.018 0.000625 0.023885714)
(0.019 0.000625 0.024157143)
(0.02 0.000625 0.024428571)
(0.021 0.000625 0.0247)
(0.022 0.000625 0.024971429)
(0.023 0.000625 0.025242857)
(0.024 0.000625 0.025514286)
(0.025 0.000625 0.025785714)
(0.026 0.000625 0.026057143)
(0.027 0.000625 0.026328571)
(0.028 0.000625 0.0266)
(0.029 0.000625 0.026871429)
(0.03 0.000625 0.027142857)
(0.031 0.000625 0.027414286)
(0.032 0.000625 0.027685714)
(0.033 0.000625 0.027957143)
(0.034 0.000625 0.028228571)
(0.035 0.000625 0.0285)
(-0.034 -0.000625 0.010285714)
(-0.033 -0.000625 0.010571429)
(-0.032 -0.000625 0.010857143)
(-0.031 -0.000625 0.011142857)
(-0.03 -0.000625 0.011428571)
(-0.029 -0.000625 0.011714286)
(-0.028 -0.000625 0.012)
(-0.027 -0.000625 0.012285714)
(-0.026 -0.000625 0.012571429)
(-0.025 -0.000625 0.012857143)
(-0.024 -0.000625 0.013142857)
(-0.023 -0.000625 0.013428571)
(-0.022 -0.000625 0.013714286)
(-0.021 -0.000625 0.014)
(-0.02 -0.000625 0.014285714)
(-0.019 -0.000625 0.014571429)
(-0.018 -0.000625 0.014857143)
(-0.017 -0.000625 0.015142857)
(-0.016 -0.000625 0.015428571)
(-0.015 -0.000625 0.015714286)
(-0.014 -0.000625 0.016)
(-0.013 -0.000625 0.016285714)
(-0.012 -0.000625 0.016571429)
(-0.011 -0.000625 0.016857143)
(-0.01 -0.000625 0.017142857)
(-0.009 -0.000625 0.017428571)
(-0.008 -0.000625 0.017714286)
(-0.007 -0.000625 0.018)
(-0.006 -0.000625 0.018285714)
(-0.005 -0.000625 0.018571429)
(-0.004 -0.000625 0.018857143)
(-0.003 -0.000625 0.019142857)
(-0.002 -0.000625 0.019428571)
(-0.001 -0.000625 0.019714286)
(0 -0.000625 0.02)
(0.001 -0.000625 0.020285714)
(0.002 -0.000625 0.020571429)
(0.003 -0.000625 0.020857143)
(0.004 -0.000625 0.021142857)
(0.005 -0.000625 0.021428571)
(0.006 -0.000625 0.021714286)
(0.007 -0.000625 0.022)
(0.008 -0.000625 0.022285714)
(0.009 -0.000625 0.022571429)
(0.01 -0.000625 0.022857143)
(0.011 -0.000625 0.023142857)
(0.012 -0.000625 0.023428571)
(0.013 -0.000625 0.023714286)
(0.014 -0.000625 0.024)
(0.015 -0.000625 0.024285714)
(0.016 -0.000625 0.024571429)
(0.017 -0.000625 0.024857143)
(0.018 -0.000625 0.025142857)
(0.019 -0.000625 0.025428571)
(0.02 -0.000625 0.025714286)
(0.021 -0.000625 0.026)
(0.022 -0.000625 0.026285714)
(0.023 -0.000625 0.026571429)
(0.024 -0.000625 0.026857143)
(0.025 -0.000625 0.027142857)
(0.026 -0.000625 0.027428571)
(0.027 -0.000625 0.027714286)
(0.028 -0.000625 0.028)
(0.029 -0.000625 0.028285714)
(0.03 -0.000625 0.028571429)
(0.031 -0.000625 0.028857143)
(0.032 -0.000625 0.029142857)
(0.033 -0.000625 0.029428571)
(0.034 -0.000625 0.029714286)
(0.035 -0.000625 0.03)
(-0.034 0.000625 0.010285714)
(-0.033 0.000625 0.010571429)
(-0.032 0.000625 0.010857143)
(-0.031 0.000625 0.011142857)
(-0.03 0.000625 0.011428571)
(-0.029 0.000625 0.011714286)
(-0.028 0.000625 0.012)
(-0.027 0.000625 0.012285714)
(-0.026 0.000625 0.012571429)
(-0.025 0.000625 0.012857143)
(-0.024 0.000625 0.013142857)
(-0.023 0.000625 0.013428571)
(-0.022 0.000625 0.013714286)
(-0.021 0.000625 0.014)
(-0.02 0.000625 0.014285714)
(-0.019 0.000625 0.014571429)
(-0.018 0.000625 0.014857143)
(-0.017 0.000625 0.015142857)
(-0.016 0.000625 0.015428571)
(-0.015 0.000625 0.015714286)
(-0.014 0.000625 0.016)
(-0.013 0.000625 0.016285714)
(-0.012 0.000625 0.016571429)
(-0.011 0.000625 0.016857143)
(-0.01 0.000625 0.017142857)
(-0.009 0.000625 0.017428571)
(-0.008 0.000625 0.017714286)
(-0.007 0.000625 0.018)
(-0.006 0.000625 0.018285714)
(-0.005 0.000625 0.018571429)
(-0.004 0.000625 0.018857143)
(-0.003 0.000625 0.019142857)
(-0.002 0.000625 0.019428571)
(-0.001 0.000625 0.019714286)
(0 0.000625 0.02)
(0.001 0.000625 0.020285714)
(0.002 0.000625 0.020571429)
(0.003 0.000625 0.020857143)
(0.004 0.000625 0.021142857)
(0.005 0.000625 0.021428571)
(0.006 0.000625 0.021714286)
(0.007 0.000625 0.022)
(0.008 0.000625 0.022285714)
(0.009 0.000625 0.022571429)
(0.01 0.000625 0.022857143)
(0.011 0.000625 0.023142857)
(0.012 0.000625 0.023428571)
(0.013 0.000625 0.023714286)
(0.014 0.000625 0.024)
(0.015 0.000625 0.024285714)
(0.016 0.000625 0.024571429)
(0.017 0.000625 0.024857143)
(0.018 0.000625 0.025142857)
(0.019 0.000625 0.025428571)
(0.02 0.000625 0.025714286)
(0.021 0.000625 0.026)
(0.022 0.000625 0.026285714)
(0.023 0.000625 0.026571429)
(0.024 0.000625 0.026857143)
(0.025 0.000625 0.027142857)
(0.026 0.000625 0.027428571)
(0.027 0.000625 0.027714286)
(0.028 0.000625 0.028)
(0.029 0.000625 0.028285714)
(0.03 0.000625 0.028571429)
(0.031 0.000625 0.028857143)
(0.032 0.000625 0.029142857)
(0.033 0.000625 0.029428571)
(0.034 0.000625 0.029714286)
(0.035 0.000625 0.03)
)

// ************************************************************************* //
