/*--------------------------------*- C++ -*----------------------------------*\
| =========                 |                                                 |
| \\      /  F ield         | foam-extend: Open Source CFD                    |
|  \\    /   O peration     | Version:     4.0                                |
|   \\  /    A nd           | Web:         http://www.foam-extend.org         |
|    \\/     M anipulation  |                                                 |
\*---------------------------------------------------------------------------*/
FoamFile
{
    version     2.0;
    format      ascii;
    class       labelList;
    note        "nPoints: 15446 nAllPoints: 15446 nInternalFaces: 10044 nFaces: 35640 nAllFaces: 35640 nCells: 5076";
    location    "constant/polyMesh";
    object      neighbour;
}
// * * * * * * * * * * * * * * * * * * * * * * * * * * * * * * * * * * * * * //


10044
(
1
2
3
4
5
6
7
6
8
9
9
10
11
7
11
12
13
14
15
14
16
15
17
16
18
19
19
20
20
21
22
22
23
17
23
24
25
26
27
26
28
27
29
28
30
29
31
30
32
33
33
34
34
35
35
36
37
37
38
38
39
31
39
40
41
42
43
42
44
43
45
44
46
45
47
46
48
47
49
48
50
51
51
52
52
53
53
54
54
55
56
56
57
57
58
58
59
49
59
60
61
62
63
62
64
63
65
64
66
65
67
66
68
67
69
68
70
69
71
70
72
73
73
74
74
75
75
76
76
77
77
78
79
79
80
80
81
81
82
82
83
71
83
84
85
86
87
86
88
87
89
88
90
89
91
90
92
91
93
92
94
93
95
94
96
95
97
96
98
99
99
100
100
101
101
102
102
103
103
104
104
105
106
106
107
107
108
108
109
109
110
110
111
97
111
112
113
114
115
114
116
115
117
116
118
117
119
118
120
119
121
120
122
121
123
122
124
123
125
124
126
125
127
126
128
129
129
130
130
131
131
132
132
133
133
134
134
135
135
136
137
137
138
138
139
139
140
140
141
141
142
142
143
127
143
144
145
146
147
146
148
147
149
148
150
149
151
150
152
151
153
152
154
153
155
154
156
155
157
156
158
157
159
158
160
159
161
160
162
163
163
164
164
165
165
166
166
167
167
168
168
169
169
170
170
171
172
172
173
173
174
174
175
175
176
176
177
177
178
178
179
161
179
180
181
182
183
182
184
183
185
184
186
185
187
186
188
187
189
188
190
189
191
190
192
191
193
192
194
193
195
194
196
195
197
196
198
197
199
198
200
201
201
202
202
203
203
204
204
205
205
206
206
207
207
208
208
209
209
210
211
211
212
212
213
213
214
214
215
215
216
216
217
217
218
218
219
199
219
220
221
222
223
222
224
223
225
224
226
225
227
226
228
227
229
228
230
229
231
230
232
231
233
232
234
233
235
234
236
235
237
236
238
237
239
238
240
239
241
240
242
243
243
244
244
245
245
246
246
247
247
248
248
249
249
250
250
251
251
252
252
253
254
254
255
255
256
256
257
257
258
258
259
259
260
260
261
261
262
262
263
241
263
264
265
266
267
266
268
267
269
268
270
269
271
270
272
271
273
272
274
273
275
274
276
275
277
276
278
277
279
278
280
279
281
280
282
281
283
282
284
283
285
284
286
285
287
286
288
289
289
290
290
291
291
292
292
293
293
294
294
295
295
296
296
297
297
298
298
299
299
300
301
301
302
302
303
303
304
304
305
305
306
306
307
307
308
308
309
309
310
310
311
287
311
312
313
314
315
314
316
315
317
316
318
317
319
318
320
319
321
320
322
321
323
322
324
323
325
324
326
325
327
326
328
327
329
328
330
329
331
330
332
331
333
332
334
333
335
334
336
335
337
336
338
339
339
340
340
341
341
342
342
343
343
344
344
345
345
346
346
347
347
348
348
349
349
350
350
351
352
352
353
353
354
354
355
355
356
356
357
357
358
358
359
359
360
360
361
361
362
362
363
337
363
364
365
366
367
366
368
367
369
368
370
369
371
370
372
371
373
372
374
373
375
374
376
375
377
376
378
377
379
378
380
379
381
380
382
381
383
382
384
383
385
384
386
385
387
386
388
387
389
388
390
389
391
390
392
393
393
394
394
395
395
396
396
397
397
398
398
399
399
400
400
401
401
402
402
403
403
404
404
405
405
406
407
407
408
408
409
409
410
410
411
411
412
412
413
413
414
414
415
415
416
416
417
417
418
418
419
391
419
420
421
422
423
422
424
423
425
424
426
425
427
426
428
427
429
428
430
429
431
430
432
431
433
432
434
433
435
434
436
435
437
436
438
437
439
438
440
439
441
440
442
441
443
442
444
443
445
444
446
445
447
446
448
447
449
448
450
451
451
452
452
453
453
454
454
455
455
456
456
457
457
458
458
459
459
460
460
461
461
462
462
463
463
464
464
465
466
466
467
467
468
468
469
469
470
470
471
471
472
472
473
473
474
474
475
475
476
476
477
477
478
478
479
449
479
480
481
482
483
482
484
483
485
484
486
485
487
486
488
487
489
488
490
489
491
490
492
491
493
492
494
493
495
494
496
495
497
496
498
497
499
498
500
499
501
500
502
501
503
502
504
503
505
504
506
505
507
506
508
507
509
508
510
509
511
510
512
513
513
514
514
515
515
516
516
517
517
518
518
519
519
520
520
521
521
522
522
523
523
524
524
525
525
526
526
527
527
528
529
529
530
530
531
531
532
532
533
533
534
534
535
535
536
536
537
537
538
538
539
539
540
540
541
541
542
542
543
511
543
544
545
546
547
546
548
547
549
548
550
549
551
550
552
551
553
552
554
553
555
554
556
555
557
556
558
557
559
558
560
559
561
560
562
561
563
562
564
563
565
564
566
565
567
566
568
567
569
568
570
569
571
570
572
571
573
572
574
573
575
574
576
575
577
576
578
579
579
580
580
581
581
582
582
583
583
584
584
585
585
586
586
587
587
588
588
589
589
590
590
591
591
592
592
593
593
594
594
595
596
596
597
597
598
598
599
599
600
600
601
601
602
602
603
603
604
604
605
605
606
606
607
607
608
608
609
609
610
610
611
577
611
612
613
614
615
614
616
615
617
616
618
617
619
618
620
619
621
620
622
621
623
622
624
623
625
624
626
625
627
626
628
627
629
628
630
629
631
630
632
631
633
632
634
633
635
634
636
635
637
636
638
637
639
638
640
639
641
640
642
641
643
642
644
643
645
644
646
645
647
646
648
649
649
650
650
651
651
652
652
653
653
654
654
655
655
656
656
657
657
658
658
659
659
660
660
661
661
662
662
663
663
664
664
665
665
666
667
667
668
668
669
669
670
670
671
671
672
672
673
673
674
674
675
675
676
676
677
677
678
678
679
679
680
680
681
681
682
682
683
647
683
684
685
686
687
686
688
687
689
688
690
689
691
690
692
691
693
692
694
693
695
694
696
695
697
696
698
697
699
698
700
699
701
700
702
701
703
702
704
703
705
704
706
705
707
706
708
707
709
708
710
709
711
710
712
711
713
712
714
713
715
714
716
715
717
716
718
717
719
718
720
719
721
720
722
723
723
724
724
725
725
726
726
727
727
728
728
729
729
730
730
731
731
732
732
733
733
734
734
735
735
736
736
737
737
738
738
739
739
740
740
741
742
742
743
743
744
744
745
745
746
746
747
747
748
748
749
749
750
750
751
751
752
752
753
753
754
754
755
755
756
756
757
757
758
758
759
721
759
760
761
762
763
762
764
763
765
764
766
765
767
766
768
767
769
768
770
769
771
770
772
771
773
772
774
773
775
774
776
775
777
776
778
777
779
778
780
779
781
780
782
781
783
782
784
783
785
784
786
785
787
786
788
787
789
788
790
789
791
790
792
791
793
792
794
793
795
794
796
795
797
796
798
797
799
798
800
801
801
802
802
803
803
804
804
805
805
806
806
807
807
808
808
809
809
810
810
811
811
812
812
813
813
814
814
815
815
816
816
817
817
818
818
819
819
820
821
821
822
822
823
823
824
824
825
825
826
826
827
827
828
828
829
829
830
830
831
831
832
832
833
833
834
834
835
835
836
836
837
837
838
838
839
799
839
840
841
842
843
842
844
843
845
844
846
845
847
846
848
847
849
848
850
849
851
850
852
851
853
852
854
853
855
854
856
855
857
856
858
857
859
858
860
859
861
860
862
861
863
862
864
863
865
864
866
865
867
866
868
867
869
868
870
869
871
870
872
871
873
872
874
873
875
874
876
875
877
876
878
877
879
878
880
879
881
880
882
883
883
884
884
885
885
886
886
887
887
888
888
889
889
890
890
891
891
892
892
893
893
894
894
895
895
896
896
897
897
898
898
899
899
900
900
901
901
902
902
903
904
904
905
905
906
906
907
907
908
908
909
909
910
910
911
911
912
912
913
913
914
914
915
915
916
916
917
917
918
918
919
919
920
920
921
921
922
922
923
881
923
924
925
926
927
926
928
927
929
928
930
929
931
930
932
931
933
932
934
933
935
934
936
935
937
936
938
937
939
938
940
939
941
940
942
941
943
942
944
943
945
944
946
945
947
946
948
947
949
948
950
949
951
950
952
951
953
952
954
953
955
954
956
955
957
956
958
957
959
958
960
959
961
960
962
961
963
962
964
963
965
964
966
965
967
966
968
969
969
970
970
971
971
972
972
973
973
974
974
975
975
976
976
977
977
978
978
979
979
980
980
981
981
982
982
983
983
984
984
985
985
986
986
987
987
988
988
989
989
990
991
991
992
992
993
993
994
994
995
995
996
996
997
997
998
998
999
999
1000
1000
1001
1001
1002
1002
1003
1003
1004
1004
1005
1005
1006
1006
1007
1007
1008
1008
1009
1009
1010
1010
1011
967
1011
1012
1013
1014
1015
1014
1016
1015
1017
1016
1018
1017
1019
1018
1020
1019
1021
1020
1022
1021
1023
1022
1024
1023
1025
1024
1026
1025
1027
1026
1028
1027
1029
1028
1030
1029
1031
1030
1032
1031
1033
1032
1034
1033
1035
1034
1036
1035
1037
1036
1038
1037
1039
1038
1040
1039
1041
1040
1042
1041
1043
1042
1044
1043
1045
1044
1046
1045
1047
1046
1048
1047
1049
1048
1050
1049
1051
1050
1052
1051
1053
1052
1054
1053
1055
1054
1056
1055
1057
1056
1058
1059
1059
1060
1060
1061
1061
1062
1062
1063
1063
1064
1064
1065
1065
1066
1066
1067
1067
1068
1068
1069
1069
1070
1070
1071
1071
1072
1072
1073
1073
1074
1074
1075
1075
1076
1076
1077
1077
1078
1078
1079
1079
1080
1080
1081
1082
1082
1083
1083
1084
1084
1085
1085
1086
1086
1087
1087
1088
1088
1089
1089
1090
1090
1091
1091
1092
1092
1093
1093
1094
1094
1095
1095
1096
1096
1097
1097
1098
1098
1099
1099
1100
1100
1101
1101
1102
1102
1103
1057
1103
1104
1105
1106
1107
1106
1108
1107
1109
1108
1110
1109
1111
1110
1112
1111
1113
1112
1114
1113
1115
1114
1116
1115
1117
1116
1118
1117
1119
1118
1120
1119
1121
1120
1122
1121
1123
1122
1124
1123
1125
1124
1126
1125
1127
1126
1128
1127
1129
1128
1130
1129
1131
1130
1132
1131
1133
1132
1134
1133
1135
1134
1136
1135
1137
1136
1138
1137
1139
1138
1140
1139
1141
1140
1142
1141
1143
1142
1144
1143
1145
1144
1146
1145
1147
1146
1148
1147
1149
1148
1150
1149
1151
1150
1152
1153
1153
1154
1154
1155
1155
1156
1156
1157
1157
1158
1158
1159
1159
1160
1160
1161
1161
1162
1162
1163
1163
1164
1164
1165
1165
1166
1166
1167
1167
1168
1168
1169
1169
1170
1170
1171
1171
1172
1172
1173
1173
1174
1174
1175
1175
1176
1177
1177
1178
1178
1179
1179
1180
1180
1181
1181
1182
1182
1183
1183
1184
1184
1185
1185
1186
1186
1187
1187
1188
1188
1189
1189
1190
1190
1191
1191
1192
1192
1193
1193
1194
1194
1195
1195
1196
1196
1197
1197
1198
1198
1199
1151
1199
1200
1201
1202
1203
1202
1204
1203
1205
1204
1206
1205
1207
1206
1208
1207
1209
1208
1210
1209
1211
1210
1212
1211
1213
1212
1214
1213
1215
1214
1216
1215
1217
1216
1218
1217
1219
1218
1220
1219
1221
1220
1222
1221
1223
1222
1224
1223
1225
1224
1226
1225
1227
1226
1228
1227
1229
1228
1230
1229
1231
1230
1232
1231
1233
1232
1234
1233
1235
1234
1236
1235
1237
1236
1238
1237
1239
1238
1240
1239
1241
1240
1242
1241
1243
1242
1244
1243
1245
1244
1246
1245
1247
1246
1248
1247
1249
1248
1250
1251
1251
1252
1252
1253
1253
1254
1254
1255
1255
1256
1256
1257
1257
1258
1258
1259
1259
1260
1260
1261
1261
1262
1262
1263
1263
1264
1264
1265
1265
1266
1266
1267
1267
1268
1268
1269
1269
1270
1270
1271
1271
1272
1272
1273
1273
1274
1274
1275
1276
1276
1277
1277
1278
1278
1279
1279
1280
1280
1281
1281
1282
1282
1283
1283
1284
1284
1285
1285
1286
1286
1287
1287
1288
1288
1289
1289
1290
1290
1291
1291
1292
1292
1293
1293
1294
1294
1295
1295
1296
1296
1297
1297
1298
1298
1299
1249
1299
1300
1301
1302
1303
1302
1304
1303
1305
1304
1306
1305
1307
1306
1308
1307
1309
1308
1310
1309
1311
1310
1312
1311
1313
1312
1314
1313
1315
1314
1316
1315
1317
1316
1318
1317
1319
1318
1320
1319
1321
1320
1322
1321
1323
1322
1324
1323
1325
1324
1326
1325
1327
1326
1328
1327
1329
1328
1330
1329
1331
1330
1332
1331
1333
1332
1334
1333
1335
1334
1336
1335
1337
1336
1338
1337
1339
1338
1340
1339
1341
1340
1342
1341
1343
1342
1344
1343
1345
1344
1346
1345
1347
1346
1348
1347
1349
1348
1350
1349
1351
1350
1352
1353
1353
1354
1354
1355
1355
1356
1356
1357
1357
1358
1358
1359
1359
1360
1360
1361
1361
1362
1362
1363
1363
1364
1364
1365
1365
1366
1366
1367
1367
1368
1368
1369
1369
1370
1370
1371
1371
1372
1372
1373
1373
1374
1374
1375
1375
1376
1376
1377
1377
1378
1379
1379
1380
1380
1381
1381
1382
1382
1383
1383
1384
1384
1385
1385
1386
1386
1387
1387
1388
1388
1389
1389
1390
1390
1391
1391
1392
1392
1393
1393
1394
1394
1395
1395
1396
1396
1397
1397
1398
1398
1399
1399
1400
1400
1401
1401
1402
1402
1403
1351
1403
1404
1405
1406
1407
1405
1408
1407
1409
1408
1410
1409
1411
1410
1412
1411
1413
1412
1414
1413
1415
1414
1416
1415
1417
1416
1418
1417
1419
1418
1420
1419
1421
1420
1422
1421
1423
1422
1424
1423
1425
1424
1426
1425
1427
1426
1428
1427
1429
1428
1430
1429
1431
1430
1432
1431
1433
1432
1434
1433
1435
1434
1436
1435
1437
1436
1438
1437
1439
1438
1440
1439
1441
1440
1442
1441
1443
1442
1444
1443
1445
1444
1446
1445
1447
1446
1448
1447
1449
1448
1450
1449
1451
1450
1452
1451
1453
1452
1454
1453
1455
1454
1456
1455
1457
1456
1458
1459
1459
1460
1460
1461
1461
1462
1462
1463
1463
1464
1464
1465
1465
1466
1466
1467
1467
1468
1468
1469
1469
1470
1470
1471
1471
1472
1472
1473
1473
1474
1474
1475
1475
1476
1476
1477
1477
1478
1478
1479
1479
1480
1480
1481
1481
1482
1482
1483
1483
1484
1484
1485
1486
1486
1487
1487
1488
1488
1489
1489
1490
1490
1491
1491
1492
1492
1493
1493
1494
1494
1495
1495
1496
1496
1497
1497
1498
1498
1499
1499
1500
1500
1501
1501
1502
1502
1503
1503
1504
1504
1505
1505
1506
1506
1507
1507
1508
1508
1509
1509
1510
1510
1511
1457
1511
1512
1513
1514
1514
1515
1516
1516
1517
1513
1518
1517
1519
1518
1520
1519
1521
1520
1522
1521
1523
1522
1524
1523
1525
1524
1526
1525
1527
1526
1528
1527
1529
1528
1530
1529
1531
1530
1532
1531
1533
1532
1534
1533
1535
1534
1536
1535
1537
1536
1538
1537
1539
1538
1540
1539
1541
1540
1542
1541
1543
1542
1544
1543
1545
1544
1546
1545
1547
1546
1548
1547
1549
1548
1550
1549
1551
1550
1552
1551
1553
1552
1554
1553
1555
1554
1556
1555
1557
1556
1558
1557
1559
1558
1560
1559
1561
1560
1562
1561
1563
1562
1564
1563
1565
1564
1566
1565
1567
1566
1568
1569
1569
1570
1570
1571
1571
1572
1572
1573
1573
1574
1574
1575
1575
1576
1576
1577
1577
1578
1578
1579
1579
1580
1580
1581
1581
1582
1582
1583
1583
1584
1584
1585
1585
1586
1586
1587
1587
1588
1588
1589
1589
1590
1590
1591
1591
1592
1592
1593
1593
1594
1594
1595
1595
1596
1597
1597
1598
1598
1599
1599
1600
1600
1601
1601
1602
1602
1603
1603
1604
1604
1605
1605
1606
1606
1607
1607
1608
1608
1609
1609
1610
1610
1611
1611
1612
1612
1613
1613
1614
1614
1615
1615
1616
1616
1617
1617
1618
1618
1619
1619
1620
1620
1621
1621
1622
1622
1623
1567
1623
1624
1625
1626
1626
1627
1627
1628
1629
1629
1630
1630
1631
1625
1632
1631
1633
1632
1634
1633
1635
1634
1636
1635
1637
1636
1638
1637
1639
1638
1640
1639
1641
1640
1642
1641
1643
1642
1644
1643
1645
1644
1646
1645
1647
1646
1648
1647
1649
1648
1650
1649
1651
1650
1652
1651
1653
1652
1654
1653
1655
1654
1656
1655
1657
1656
1658
1657
1659
1658
1660
1659
1661
1660
1662
1661
1663
1662
1664
1663
1665
1664
1666
1665
1667
1666
1668
1667
1669
1668
1670
1669
1671
1670
1672
1671
1673
1672
1674
1673
1675
1674
1676
1675
1677
1676
1678
1677
1679
1678
1680
1679
1681
1680
1682
1683
1683
1684
1684
1685
1685
1686
1686
1687
1687
1688
1688
1689
1689
1690
1690
1691
1691
1692
1692
1693
1693
1694
1694
1695
1695
1696
1696
1697
1697
1698
1698
1699
1699
1700
1700
1701
1701
1702
1702
1703
1703
1704
1704
1705
1705
1706
1706
1707
1707
1708
1708
1709
1709
1710
1710
1711
1712
1712
1713
1713
1714
1714
1715
1715
1716
1716
1717
1717
1718
1718
1719
1719
1720
1720
1721
1721
1722
1722
1723
1723
1724
1724
1725
1725
1726
1726
1727
1727
1728
1728
1729
1729
1730
1730
1731
1731
1732
1732
1733
1733
1734
1734
1735
1735
1736
1736
1737
1737
1738
1738
1739
1681
1739
1740
1741
1742
1742
1743
1743
1744
1744
1745
1746
1746
1747
1747
1748
1748
1749
1741
1750
1749
1751
1750
1752
1751
1753
1752
1754
1753
1755
1754
1756
1755
1757
1756
1758
1757
1759
1758
1760
1759
1761
1760
1762
1761
1763
1762
1764
1763
1765
1764
1766
1765
1767
1766
1768
1767
1769
1768
1770
1769
1771
1770
1772
1771
1773
1772
1774
1773
1775
1774
1776
1775
1777
1776
1778
1777
1779
1778
1780
1779
1781
1780
1782
1781
1783
1782
1784
1783
1785
1784
1786
1785
1787
1786
1788
1787
1789
1788
1790
1789
1791
1790
1792
1791
1793
1792
1794
1793
1795
1794
1796
1795
1797
1796
1798
1797
1799
1798
1800
1801
1801
1802
1802
1803
1803
1804
1804
1805
1805
1806
1806
1807
1807
1808
1808
1809
1809
1810
1810
1811
1811
1812
1812
1813
1813
1814
1814
1815
1815
1816
1816
1817
1817
1818
1818
1819
1819
1820
1820
1821
1821
1822
1822
1823
1823
1824
1824
1825
1825
1826
1826
1827
1827
1828
1828
1829
1829
1830
1831
1831
1832
1832
1833
1833
1834
1834
1835
1835
1836
1836
1837
1837
1838
1838
1839
1839
1840
1840
1841
1841
1842
1842
1843
1843
1844
1844
1845
1845
1846
1846
1847
1847
1848
1848
1849
1849
1850
1850
1851
1851
1852
1852
1853
1853
1854
1854
1855
1855
1856
1856
1857
1857
1858
1858
1859
1799
1859
1860
1861
1862
1862
1863
1863
1864
1864
1865
1865
1866
1867
1867
1868
1868
1869
1869
1870
1870
1871
1861
1872
1871
1873
1872
1874
1873
1875
1874
1876
1875
1877
1876
1878
1877
1879
1878
1880
1879
1881
1880
1882
1881
1883
1882
1884
1883
1885
1884
1886
1885
1887
1886
1888
1887
1889
1888
1890
1889
1891
1890
1892
1891
1893
1892
1894
1893
1895
1894
1896
1895
1897
1896
1898
1897
1899
1898
1900
1899
1901
1900
1902
1901
1903
1902
1904
1903
1905
1904
1906
1905
1907
1906
1908
1907
1909
1908
1910
1909
1911
1910
1912
1911
1913
1912
1914
1913
1915
1914
1916
1915
1917
1916
1918
1917
1919
1918
1920
1919
1921
1920
1922
1923
1923
1924
1924
1925
1925
1926
1926
1927
1927
1928
1928
1929
1929
1930
1930
1931
1931
1932
1932
1933
1933
1934
1934
1935
1935
1936
1936
1937
1937
1938
1938
1939
1939
1940
1940
1941
1941
1942
1942
1943
1943
1944
1944
1945
1945
1946
1946
1947
1947
1948
1948
1949
1949
1950
1950
1951
1951
1952
1952
1953
1954
1954
1955
1955
1956
1956
1957
1957
1958
1958
1959
1959
1960
1960
1961
1961
1962
1962
1963
1963
1964
1964
1965
1965
1966
1966
1967
1967
1968
1968
1969
1969
1970
1970
1971
1971
1972
1972
1973
1973
1974
1974
1975
1975
1976
1976
1977
1977
1978
1978
1979
1979
1980
1980
1981
1981
1982
1982
1983
1921
1983
1984
1985
1986
1986
1987
1987
1988
1988
1989
1989
1990
1990
1991
1992
1992
1993
1993
1994
1994
1995
1995
1996
1996
1997
1985
1998
1997
1999
1998
2000
1999
2001
2000
2002
2001
2003
2002
2004
2003
2005
2004
2006
2005
2007
2006
2008
2007
2009
2008
2010
2009
2011
2010
2012
2011
2013
2012
2014
2013
2015
2014
2016
2015
2017
2016
2018
2017
2019
2018
2020
2019
2021
2020
2022
2021
2023
2022
2024
2023
2025
2024
2026
2025
2027
2026
2028
2027
2029
2028
2030
2029
2031
2030
2032
2031
2033
2032
2034
2033
2035
2034
2036
2035
2037
2036
2038
2037
2039
2038
2040
2039
2041
2040
2042
2041
2043
2042
2044
2043
2045
2044
2046
2045
2047
2046
2048
2049
2049
2050
2050
2051
2051
2052
2052
2053
2053
2054
2054
2055
2055
2056
2056
2057
2057
2058
2058
2059
2059
2060
2060
2061
2061
2062
2062
2063
2063
2064
2064
2065
2065
2066
2066
2067
2067
2068
2068
2069
2069
2070
2070
2071
2071
2072
2072
2073
2073
2074
2074
2075
2075
2076
2076
2077
2077
2078
2078
2079
2079
2080
2081
2081
2082
2082
2083
2083
2084
2084
2085
2085
2086
2086
2087
2087
2088
2088
2089
2089
2090
2090
2091
2091
2092
2092
2093
2093
2094
2094
2095
2095
2096
2096
2097
2097
2098
2098
2099
2099
2100
2100
2101
2101
2102
2102
2103
2103
2104
2104
2105
2105
2106
2106
2107
2107
2108
2108
2109
2109
2110
2110
2111
2047
2111
2112
2113
2114
2114
2115
2115
2116
2116
2117
2117
2118
2118
2119
2119
2120
2121
2121
2122
2122
2123
2123
2124
2124
2125
2125
2126
2126
2127
2113
2128
2127
2129
2128
2130
2129
2131
2130
2132
2131
2133
2132
2134
2133
2135
2134
2136
2135
2137
2136
2138
2137
2139
2138
2140
2139
2141
2140
2142
2141
2143
2142
2144
2143
2145
2144
2146
2145
2147
2146
2148
2147
2149
2148
2150
2149
2151
2150
2152
2151
2153
2152
2154
2153
2155
2154
2156
2155
2157
2156
2158
2157
2159
2158
2160
2159
2161
2160
2162
2161
2163
2162
2164
2163
2165
2164
2166
2165
2167
2166
2168
2167
2169
2168
2170
2169
2171
2170
2172
2171
2173
2172
2174
2173
2175
2174
2176
2175
2177
2176
2178
2179
2179
2180
2180
2181
2181
2182
2182
2183
2183
2184
2184
2185
2185
2186
2186
2187
2187
2188
2188
2189
2189
2190
2190
2191
2191
2192
2192
2193
2193
2194
2194
2195
2195
2196
2196
2197
2197
2198
2198
2199
2199
2200
2200
2201
2201
2202
2202
2203
2203
2204
2204
2205
2205
2206
2206
2207
2207
2208
2208
2209
2209
2210
2210
2211
2212
2212
2213
2213
2214
2214
2215
2215
2216
2216
2217
2217
2218
2218
2219
2219
2220
2220
2221
2221
2222
2222
2223
2223
2224
2224
2225
2225
2226
2226
2227
2227
2228
2228
2229
2229
2230
2230
2231
2231
2232
2232
2233
2233
2234
2234
2235
2235
2236
2236
2237
2237
2238
2238
2239
2239
2240
2240
2241
2241
2242
2242
2243
2177
2243
2244
2245
2246
2246
2247
2247
2248
2248
2249
2249
2250
2250
2251
2251
2252
2252
2253
2254
2254
2255
2255
2256
2256
2257
2257
2258
2258
2259
2259
2260
2260
2261
2245
2262
2261
2263
2262
2264
2263
2265
2264
2266
2265
2267
2266
2268
2267
2269
2268
2270
2269
2271
2270
2272
2271
2273
2272
2274
2273
2275
2274
2276
2275
2277
2276
2278
2277
2279
2278
2280
2279
2281
2280
2282
2281
2283
2282
2284
2283
2285
2284
2286
2285
2287
2286
2288
2287
2289
2288
2290
2289
2291
2290
2292
2291
2293
2292
2294
2293
2295
2294
2296
2295
2297
2296
2298
2297
2299
2298
2300
2299
2301
2300
2302
2301
2303
2302
2304
2303
2305
2304
2306
2305
2307
2306
2308
2307
2309
2308
2310
2309
2311
2310
2312
2313
2313
2314
2314
2315
2315
2316
2316
2317
2317
2318
2318
2319
2319
2320
2320
2321
2321
2322
2322
2323
2323
2324
2324
2325
2325
2326
2326
2327
2327
2328
2328
2329
2329
2330
2330
2331
2331
2332
2332
2333
2333
2334
2334
2335
2335
2336
2336
2337
2337
2338
2338
2339
2339
2340
2340
2341
2341
2342
2342
2343
2343
2344
2344
2345
2345
2346
2347
2347
2348
2348
2349
2349
2350
2350
2351
2351
2352
2352
2353
2353
2354
2354
2355
2355
2356
2356
2357
2357
2358
2358
2359
2359
2360
2360
2361
2361
2362
2362
2363
2363
2364
2364
2365
2365
2366
2366
2367
2367
2368
2368
2369
2369
2370
2370
2371
2371
2372
2372
2373
2373
2374
2374
2375
2375
2376
2376
2377
2377
2378
2378
2379
2311
2379
2380
2381
2382
2382
2383
2383
2384
2384
2385
2385
2386
2386
2387
2387
2388
2388
2389
2389
2390
2391
2391
2392
2392
2393
2393
2394
2394
2395
2395
2396
2396
2397
2397
2398
2398
2399
2381
2400
2399
2401
2400
2402
2401
2403
2402
2404
2403
2405
2404
2406
2405
2407
2406
2408
2407
2409
2408
2410
2409
2411
2410
2412
2411
2413
2412
2414
2413
2415
2414
2416
2415
2417
2416
2418
2417
2419
2418
2420
2419
2421
2420
2422
2421
2423
2422
2424
2423
2425
2424
2426
2425
2427
2426
2428
2427
2429
2428
2430
2429
2431
2430
2432
2431
2433
2432
2434
2433
2435
2434
2436
2435
2437
2436
2438
2437
2439
2438
2440
2439
2441
2440
2442
2441
2443
2442
2444
2443
2445
2444
2446
2445
2447
2446
2448
2447
2449
2448
2450
2451
2451
2452
2452
2453
2453
2454
2454
2455
2455
2456
2456
2457
2457
2458
2458
2459
2459
2460
2460
2461
2461
2462
2462
2463
2463
2464
2464
2465
2465
2466
2466
2467
2467
2468
2468
2469
2469
2470
2470
2471
2471
2472
2472
2473
2473
2474
2474
2475
2475
2476
2476
2477
2477
2478
2478
2479
2479
2480
2480
2481
2481
2482
2482
2483
2483
2484
2484
2485
2486
2486
2487
2487
2488
2488
2489
2489
2490
2490
2491
2491
2492
2492
2493
2493
2494
2494
2495
2495
2496
2496
2497
2497
2498
2498
2499
2499
2500
2500
2501
2501
2502
2502
2503
2503
2504
2504
2505
2505
2506
2506
2507
2507
2508
2508
2509
2509
2510
2510
2511
2511
2512
2512
2513
2513
2514
2514
2515
2515
2516
2516
2517
2517
2518
2518
2519
2449
2519
2520
2521
2522
2522
2523
2523
2524
2524
2525
2525
2526
2526
2527
2527
2528
2528
2529
2529
2530
2530
2531
2532
2532
2533
2533
2534
2534
2535
2535
2536
2536
2537
2537
2538
2538
2539
2539
2540
2540
2541
2521
2542
2541
2543
2542
2544
2543
2545
2544
2546
2545
2547
2546
2548
2547
2549
2548
2550
2549
2551
2550
2552
2551
2553
2552
2554
2553
2555
2554
2556
2555
2557
2556
2558
2557
2559
2558
2560
2559
2561
2560
2562
2561
2563
2562
2564
2563
2565
2564
2566
2565
2567
2566
2568
2567
2569
2568
2570
2569
2571
2570
2572
2571
2573
2572
2574
2573
2575
2574
2576
2575
2577
2576
2578
2577
2579
2578
2580
2579
2581
2580
2582
2581
2583
2582
2584
2583
2585
2584
2586
2585
2587
2586
2588
2587
2589
2588
2590
2589
2591
2590
2592
2593
2593
2594
2594
2595
2595
2596
2596
2597
2597
2598
2598
2599
2599
2600
2600
2601
2601
2602
2602
2603
2603
2604
2604
2605
2605
2606
2606
2607
2607
2608
2608
2609
2609
2610
2610
2611
2611
2612
2612
2613
2613
2614
2614
2615
2615
2616
2616
2617
2617
2618
2618
2619
2619
2620
2620
2621
2621
2622
2622
2623
2623
2624
2624
2625
2625
2626
2626
2627
2627
2628
2629
2629
2630
2630
2631
2631
2632
2632
2633
2633
2634
2634
2635
2635
2636
2636
2637
2637
2638
2638
2639
2639
2640
2640
2641
2641
2642
2642
2643
2643
2644
2644
2645
2645
2646
2646
2647
2647
2648
2648
2649
2649
2650
2650
2651
2651
2652
2652
2653
2653
2654
2654
2655
2655
2656
2656
2657
2657
2658
2658
2659
2659
2660
2660
2661
2661
2662
2662
2663
2591
2663
2664
2665
2666
2666
2667
2667
2668
2668
2669
2669
2670
2670
2671
2671
2672
2672
2673
2673
2674
2674
2675
2675
2676
2676
2677
2677
2678
2678
2679
2679
2680
2680
2681
2681
2682
2682
2683
2683
2684
2684
2685
2685
2686
2665
2687
2686
2688
2687
2689
2688
2690
2689
2691
2690
2692
2691
2693
2692
2694
2693
2695
2694
2696
2695
2697
2696
2698
2697
2699
2698
2700
2699
2701
2700
2702
2701
2703
2702
2704
2703
2705
2704
2706
2705
2707
2706
2708
2707
2709
2708
2710
2709
2711
2710
2712
2711
2713
2712
2714
2713
2715
2714
2716
2715
2717
2716
2718
2717
2719
2718
2720
2719
2721
2720
2722
2721
2723
2722
2724
2723
2725
2724
2726
2725
2727
2726
2728
2727
2729
2728
2730
2729
2731
2730
2732
2731
2733
2732
2734
2733
2735
2734
2736
2735
2737
2737
2738
2738
2739
2739
2740
2740
2741
2741
2742
2742
2743
2743
2744
2744
2745
2745
2746
2746
2747
2747
2748
2748
2749
2749
2750
2750
2751
2751
2752
2752
2753
2753
2754
2754
2755
2755
2756
2756
2757
2757
2758
2758
2759
2759
2760
2760
2761
2761
2762
2762
2763
2763
2764
2764
2765
2765
2766
2766
2767
2767
2768
2768
2769
2769
2770
2770
2771
2771
2772
2772
2773
2774
2774
2775
2775
2776
2776
2777
2777
2778
2778
2779
2779
2780
2780
2781
2781
2782
2782
2783
2783
2784
2784
2785
2785
2786
2786
2787
2787
2788
2788
2789
2789
2790
2790
2791
2791
2792
2792
2793
2793
2794
2794
2795
2795
2796
2796
2797
2797
2798
2798
2799
2799
2800
2800
2801
2801
2802
2802
2803
2803
2804
2804
2805
2805
2806
2806
2807
2807
2808
2808
2809
2736
2809
2810
2811
2812
2812
2813
2813
2814
2814
2815
2815
2816
2816
2817
2817
2818
2818
2819
2819
2820
2820
2821
2821
2822
2822
2823
2823
2824
2824
2825
2825
2826
2826
2827
2827
2828
2828
2829
2829
2830
2830
2831
2831
2832
2811
2833
2832
2834
2833
2835
2834
2836
2835
2837
2836
2838
2837
2839
2838
2840
2839
2841
2840
2842
2841
2843
2842
2844
2843
2845
2844
2846
2845
2847
2846
2848
2847
2849
2848
2850
2849
2851
2850
2852
2851
2853
2852
2854
2853
2855
2854
2856
2855
2857
2856
2858
2857
2859
2858
2860
2859
2861
2860
2862
2861
2863
2862
2864
2863
2865
2864
2866
2865
2867
2866
2868
2867
2869
2868
2870
2869
2871
2870
2872
2871
2873
2872
2874
2873
2875
2874
2876
2875
2877
2876
2878
2877
2879
2878
2880
2879
2880
2881
2882
2882
2883
2883
2884
2884
2885
2885
2886
2886
2887
2887
2888
2888
2889
2889
2890
2890
2891
2891
2892
2892
2893
2893
2894
2894
2895
2895
2896
2896
2897
2897
2898
2898
2899
2899
2900
2900
2901
2901
2902
2902
2903
2903
2904
2904
2905
2905
2906
2906
2907
2907
2908
2908
2909
2909
2910
2910
2911
2911
2912
2912
2913
2913
2914
2914
2915
2915
2916
2916
2917
2917
2918
2918
2919
2919
2920
2920
2921
2921
2922
2922
2923
2923
2924
2924
2925
2925
2926
2926
2927
2927
2928
2928
2929
2929
2930
2930
2931
2931
2932
2932
2933
2933
2934
2934
2935
2935
2936
2936
2937
2937
2938
2938
2939
2939
2940
2940
2941
2941
2942
2942
2943
2943
2944
2944
2945
2945
2946
2946
2947
2947
2948
2948
2949
2949
2950
2950
2951
2951
2952
2952
2953
2953
2954
2881
2954
2955
2956
2956
2957
2957
2958
2958
2959
2959
2960
2960
2961
2961
2962
2962
2963
2963
2964
2964
2965
2965
2966
2966
2967
2967
2968
2968
2969
2969
2970
2970
2971
2971
2972
2972
2973
2973
2974
2974
2975
2975
2976
2955
2977
2976
2978
2977
2979
2978
2980
2979
2981
2980
2982
2981
2983
2982
2984
2983
2985
2984
2986
2985
2987
2986
2988
2987
2989
2988
2990
2989
2991
2990
2992
2991
2993
2992
2994
2993
2995
2994
2996
2995
2997
2996
2998
2997
2999
2998
3000
2999
3001
3000
3002
3001
3003
3002
3004
3003
3005
3004
3006
3005
3007
3006
3008
3007
3009
3008
3010
3009
3011
3010
3012
3011
3013
3012
3014
3013
3015
3014
3016
3015
3017
3016
3018
3017
3019
3018
3020
3019
3021
3020
3022
3021
3022
3023
3023
3024
3024
3025
3025
3026
3026
3027
3027
3028
3028
3029
3029
3030
3030
3031
3031
3032
3032
3033
3033
3034
3034
3035
3035
3036
3036
3037
3037
3038
3038
3039
3039
3040
3040
3041
3041
3042
3042
3043
3043
3044
3044
3045
3045
3046
3046
3047
3047
3048
3048
3049
3049
3050
3050
3051
3051
3052
3052
3053
3053
3054
3054
3055
3055
3056
3056
3057
3057
3058
3058
3059
3059
3060
3060
3061
3061
3062
3062
3063
3063
3064
3064
3065
3065
3066
3066
3067
3067
3068
3068
3069
3069
3070
3070
3071
3071
3072
3072
3073
3073
3074
3074
3075
3075
3076
3076
3077
3077
3078
3078
3079
3079
3080
3080
3081
3081
3082
3082
3083
3083
3084
3084
3085
3085
3086
3086
3087
3087
3088
3088
3089
3089
3090
3090
3091
3091
3092
3092
3093
3093
3094
3094
3095
3096
3096
3097
3097
3098
3098
3099
3099
3100
3100
3101
3101
3102
3102
3103
3103
3104
3104
3105
3105
3106
3106
3107
3107
3108
3108
3109
3109
3110
3110
3111
3111
3112
3112
3113
3113
3114
3114
3115
3115
3116
3095
3117
3116
3118
3117
3119
3118
3120
3119
3121
3120
3122
3121
3123
3122
3124
3123
3125
3124
3126
3125
3127
3126
3128
3127
3129
3128
3130
3129
3131
3130
3132
3131
3133
3132
3134
3133
3135
3134
3136
3135
3137
3136
3138
3137
3139
3138
3140
3139
3141
3140
3142
3141
3143
3142
3144
3143
3145
3144
3146
3145
3147
3146
3148
3147
3149
3148
3150
3149
3151
3150
3152
3151
3153
3152
3154
3153
3155
3154
3156
3155
3157
3156
3158
3157
3159
3158
3160
3159
3160
3161
3161
3162
3162
3163
3163
3164
3164
3165
3165
3166
3166
3167
3167
3168
3168
3169
3169
3170
3170
3171
3171
3172
3172
3173
3173
3174
3174
3175
3175
3176
3176
3177
3177
3178
3178
3179
3179
3180
3180
3181
3181
3182
3182
3183
3183
3184
3184
3185
3185
3186
3186
3187
3187
3188
3188
3189
3189
3190
3190
3191
3191
3192
3192
3193
3193
3194
3194
3195
3195
3196
3196
3197
3197
3198
3198
3199
3199
3200
3200
3201
3201
3202
3202
3203
3203
3204
3204
3205
3205
3206
3206
3207
3207
3208
3208
3209
3209
3210
3210
3211
3211
3212
3212
3213
3213
3214
3214
3215
3215
3216
3216
3217
3217
3218
3218
3219
3219
3220
3220
3221
3221
3222
3222
3223
3223
3224
3224
3225
3225
3226
3226
3227
3227
3228
3228
3229
3229
3230
3230
3231
3232
3232
3233
3233
3234
3234
3235
3235
3236
3236
3237
3237
3238
3238
3239
3239
3240
3240
3241
3241
3242
3242
3243
3243
3244
3244
3245
3245
3246
3246
3247
3247
3248
3248
3249
3249
3250
3250
3251
3251
3252
3231
3253
3252
3254
3253
3255
3254
3256
3255
3257
3256
3258
3257
3259
3258
3260
3259
3261
3260
3262
3261
3263
3262
3264
3263
3265
3264
3266
3265
3267
3266
3268
3267
3269
3268
3270
3269
3271
3270
3272
3271
3273
3272
3274
3273
3275
3274
3276
3275
3277
3276
3278
3277
3279
3278
3280
3279
3281
3280
3282
3281
3283
3282
3284
3283
3285
3284
3286
3285
3287
3286
3288
3287
3289
3288
3290
3289
3291
3290
3292
3291
3293
3292
3294
3293
3294
3295
3295
3296
3296
3297
3297
3298
3298
3299
3299
3300
3300
3301
3301
3302
3302
3303
3303
3304
3304
3305
3305
3306
3306
3307
3307
3308
3308
3309
3309
3310
3310
3311
3311
3312
3312
3313
3313
3314
3314
3315
3315
3316
3316
3317
3317
3318
3318
3319
3319
3320
3320
3321
3321
3322
3322
3323
3323
3324
3324
3325
3325
3326
3326
3327
3327
3328
3328
3329
3329
3330
3330
3331
3331
3332
3332
3333
3333
3334
3334
3335
3335
3336
3336
3337
3337
3338
3338
3339
3339
3340
3340
3341
3341
3342
3342
3343
3343
3344
3344
3345
3345
3346
3346
3347
3347
3348
3348
3349
3349
3350
3350
3351
3351
3352
3352
3353
3353
3354
3354
3355
3355
3356
3356
3357
3357
3358
3358
3359
3359
3360
3360
3361
3361
3362
3362
3363
3364
3364
3365
3365
3366
3366
3367
3367
3368
3368
3369
3369
3370
3370
3371
3371
3372
3372
3373
3373
3374
3374
3375
3375
3376
3376
3377
3377
3378
3378
3379
3379
3380
3380
3381
3381
3382
3382
3383
3383
3384
3363
3385
3384
3386
3385
3387
3386
3388
3387
3389
3388
3390
3389
3391
3390
3392
3391
3393
3392
3394
3393
3395
3394
3396
3395
3397
3396
3398
3397
3399
3398
3400
3399
3401
3400
3402
3401
3403
3402
3404
3403
3405
3404
3406
3405
3407
3406
3408
3407
3409
3408
3410
3409
3411
3410
3412
3411
3413
3412
3414
3413
3415
3414
3416
3415
3417
3416
3418
3417
3419
3418
3420
3419
3421
3420
3422
3421
3423
3422
3424
3423
3424
3425
3425
3426
3426
3427
3427
3428
3428
3429
3429
3430
3430
3431
3431
3432
3432
3433
3433
3434
3434
3435
3435
3436
3436
3437
3437
3438
3438
3439
3439
3440
3440
3441
3441
3442
3442
3443
3443
3444
3444
3445
3445
3446
3446
3447
3447
3448
3448
3449
3449
3450
3450
3451
3451
3452
3452
3453
3453
3454
3454
3455
3455
3456
3456
3457
3457
3458
3458
3459
3459
3460
3460
3461
3461
3462
3462
3463
3463
3464
3464
3465
3465
3466
3466
3467
3467
3468
3468
3469
3469
3470
3470
3471
3471
3472
3472
3473
3473
3474
3474
3475
3475
3476
3476
3477
3477
3478
3478
3479
3479
3480
3480
3481
3481
3482
3482
3483
3483
3484
3484
3485
3485
3486
3486
3487
3487
3488
3488
3489
3489
3490
3490
3491
3492
3492
3493
3493
3494
3494
3495
3495
3496
3496
3497
3497
3498
3498
3499
3499
3500
3500
3501
3501
3502
3502
3503
3503
3504
3504
3505
3505
3506
3506
3507
3507
3508
3508
3509
3509
3510
3510
3511
3511
3512
3491
3513
3512
3514
3513
3515
3514
3516
3515
3517
3516
3518
3517
3519
3518
3520
3519
3521
3520
3522
3521
3523
3522
3524
3523
3525
3524
3526
3525
3527
3526
3528
3527
3529
3528
3530
3529
3531
3530
3532
3531
3533
3532
3534
3533
3535
3534
3536
3535
3537
3536
3538
3537
3539
3538
3540
3539
3541
3540
3542
3541
3543
3542
3544
3543
3545
3544
3546
3545
3547
3546
3548
3547
3549
3548
3550
3549
3550
3551
3551
3552
3552
3553
3553
3554
3554
3555
3555
3556
3556
3557
3557
3558
3558
3559
3559
3560
3560
3561
3561
3562
3562
3563
3563
3564
3564
3565
3565
3566
3566
3567
3567
3568
3568
3569
3569
3570
3570
3571
3571
3572
3572
3573
3573
3574
3574
3575
3575
3576
3576
3577
3577
3578
3578
3579
3579
3580
3580
3581
3581
3582
3582
3583
3583
3584
3584
3585
3585
3586
3586
3587
3587
3588
3588
3589
3589
3590
3590
3591
3591
3592
3592
3593
3593
3594
3594
3595
3595
3596
3596
3597
3597
3598
3598
3599
3599
3600
3600
3601
3601
3602
3602
3603
3603
3604
3604
3605
3605
3606
3606
3607
3607
3608
3608
3609
3609
3610
3610
3611
3611
3612
3612
3613
3613
3614
3614
3615
3616
3616
3617
3617
3618
3618
3619
3619
3620
3620
3621
3621
3622
3622
3623
3623
3624
3624
3625
3625
3626
3626
3627
3627
3628
3628
3629
3629
3630
3630
3631
3631
3632
3632
3633
3633
3634
3634
3635
3635
3636
3615
3637
3636
3638
3637
3639
3638
3640
3639
3641
3640
3642
3641
3643
3642
3644
3643
3645
3644
3646
3645
3647
3646
3648
3647
3649
3648
3650
3649
3651
3650
3652
3651
3653
3652
3654
3653
3655
3654
3656
3655
3657
3656
3658
3657
3659
3658
3660
3659
3661
3660
3662
3661
3663
3662
3664
3663
3665
3664
3666
3665
3667
3666
3668
3667
3669
3668
3670
3669
3671
3670
3672
3671
3672
3673
3673
3674
3674
3675
3675
3676
3676
3677
3677
3678
3678
3679
3679
3680
3680
3681
3681
3682
3682
3683
3683
3684
3684
3685
3685
3686
3686
3687
3687
3688
3688
3689
3689
3690
3690
3691
3691
3692
3692
3693
3693
3694
3694
3695
3695
3696
3696
3697
3697
3698
3698
3699
3699
3700
3700
3701
3701
3702
3702
3703
3703
3704
3704
3705
3705
3706
3706
3707
3707
3708
3708
3709
3709
3710
3710
3711
3711
3712
3712
3713
3713
3714
3714
3715
3715
3716
3716
3717
3717
3718
3718
3719
3719
3720
3720
3721
3721
3722
3722
3723
3723
3724
3724
3725
3725
3726
3726
3727
3727
3728
3728
3729
3729
3730
3730
3731
3731
3732
3732
3733
3733
3734
3734
3735
3736
3736
3737
3737
3738
3738
3739
3739
3740
3740
3741
3741
3742
3742
3743
3743
3744
3744
3745
3745
3746
3746
3747
3747
3748
3748
3749
3749
3750
3750
3751
3751
3752
3752
3753
3753
3754
3754
3755
3755
3756
3735
3757
3756
3758
3757
3759
3758
3760
3759
3761
3760
3762
3761
3763
3762
3764
3763
3765
3764
3766
3765
3767
3766
3768
3767
3769
3768
3770
3769
3771
3770
3772
3771
3773
3772
3774
3773
3775
3774
3776
3775
3777
3776
3778
3777
3779
3778
3780
3779
3781
3780
3782
3781
3783
3782
3784
3783
3785
3784
3786
3785
3787
3786
3788
3787
3789
3788
3790
3789
3790
3791
3791
3792
3792
3793
3793
3794
3794
3795
3795
3796
3796
3797
3797
3798
3798
3799
3799
3800
3800
3801
3801
3802
3802
3803
3803
3804
3804
3805
3805
3806
3806
3807
3807
3808
3808
3809
3809
3810
3810
3811
3811
3812
3812
3813
3813
3814
3814
3815
3815
3816
3816
3817
3817
3818
3818
3819
3819
3820
3820
3821
3821
3822
3822
3823
3823
3824
3824
3825
3825
3826
3826
3827
3827
3828
3828
3829
3829
3830
3830
3831
3831
3832
3832
3833
3833
3834
3834
3835
3835
3836
3836
3837
3837
3838
3838
3839
3839
3840
3840
3841
3841
3842
3842
3843
3843
3844
3844
3845
3845
3846
3846
3847
3847
3848
3848
3849
3849
3850
3850
3851
3852
3852
3853
3853
3854
3854
3855
3855
3856
3856
3857
3857
3858
3858
3859
3859
3860
3860
3861
3861
3862
3862
3863
3863
3864
3864
3865
3865
3866
3866
3867
3867
3868
3868
3869
3869
3870
3870
3871
3871
3872
3851
3873
3872
3874
3873
3875
3874
3876
3875
3877
3876
3878
3877
3879
3878
3880
3879
3881
3880
3882
3881
3883
3882
3884
3883
3885
3884
3886
3885
3887
3886
3888
3887
3889
3888
3890
3889
3891
3890
3892
3891
3893
3892
3894
3893
3895
3894
3896
3895
3897
3896
3898
3897
3899
3898
3900
3899
3901
3900
3902
3901
3903
3902
3904
3903
3904
3905
3905
3906
3906
3907
3907
3908
3908
3909
3909
3910
3910
3911
3911
3912
3912
3913
3913
3914
3914
3915
3915
3916
3916
3917
3917
3918
3918
3919
3919
3920
3920
3921
3921
3922
3922
3923
3923
3924
3924
3925
3925
3926
3926
3927
3927
3928
3928
3929
3929
3930
3930
3931
3931
3932
3932
3933
3933
3934
3934
3935
3935
3936
3936
3937
3937
3938
3938
3939
3939
3940
3940
3941
3941
3942
3942
3943
3943
3944
3944
3945
3945
3946
3946
3947
3947
3948
3948
3949
3949
3950
3950
3951
3951
3952
3952
3953
3953
3954
3954
3955
3955
3956
3956
3957
3957
3958
3958
3959
3959
3960
3960
3961
3961
3962
3962
3963
3964
3964
3965
3965
3966
3966
3967
3967
3968
3968
3969
3969
3970
3970
3971
3971
3972
3972
3973
3973
3974
3974
3975
3975
3976
3976
3977
3977
3978
3978
3979
3979
3980
3980
3981
3981
3982
3982
3983
3983
3984
3963
3985
3984
3986
3985
3987
3986
3988
3987
3989
3988
3990
3989
3991
3990
3992
3991
3993
3992
3994
3993
3995
3994
3996
3995
3997
3996
3998
3997
3999
3998
4000
3999
4001
4000
4002
4001
4003
4002
4004
4003
4005
4004
4006
4005
4007
4006
4008
4007
4009
4008
4010
4009
4011
4010
4012
4011
4013
4012
4014
4013
4014
4015
4015
4016
4016
4017
4017
4018
4018
4019
4019
4020
4020
4021
4021
4022
4022
4023
4023
4024
4024
4025
4025
4026
4026
4027
4027
4028
4028
4029
4029
4030
4030
4031
4031
4032
4032
4033
4033
4034
4034
4035
4035
4036
4036
4037
4037
4038
4038
4039
4039
4040
4040
4041
4041
4042
4042
4043
4043
4044
4044
4045
4045
4046
4046
4047
4047
4048
4048
4049
4049
4050
4050
4051
4051
4052
4052
4053
4053
4054
4054
4055
4055
4056
4056
4057
4057
4058
4058
4059
4059
4060
4060
4061
4061
4062
4062
4063
4063
4064
4064
4065
4065
4066
4066
4067
4067
4068
4068
4069
4069
4070
4070
4071
4072
4072
4073
4073
4074
4074
4075
4075
4076
4076
4077
4077
4078
4078
4079
4079
4080
4080
4081
4081
4082
4082
4083
4083
4084
4084
4085
4085
4086
4086
4087
4087
4088
4088
4089
4089
4090
4090
4091
4091
4092
4071
4093
4092
4094
4093
4095
4094
4096
4095
4097
4096
4098
4097
4099
4098
4100
4099
4101
4100
4102
4101
4103
4102
4104
4103
4105
4104
4106
4105
4107
4106
4108
4107
4109
4108
4110
4109
4111
4110
4112
4111
4113
4112
4114
4113
4115
4114
4116
4115
4117
4116
4118
4117
4119
4118
4120
4119
4120
4121
4121
4122
4122
4123
4123
4124
4124
4125
4125
4126
4126
4127
4127
4128
4128
4129
4129
4130
4130
4131
4131
4132
4132
4133
4133
4134
4134
4135
4135
4136
4136
4137
4137
4138
4138
4139
4139
4140
4140
4141
4141
4142
4142
4143
4143
4144
4144
4145
4145
4146
4146
4147
4147
4148
4148
4149
4149
4150
4150
4151
4151
4152
4152
4153
4153
4154
4154
4155
4155
4156
4156
4157
4157
4158
4158
4159
4159
4160
4160
4161
4161
4162
4162
4163
4163
4164
4164
4165
4165
4166
4166
4167
4167
4168
4168
4169
4169
4170
4170
4171
4171
4172
4172
4173
4173
4174
4174
4175
4176
4176
4177
4177
4178
4178
4179
4179
4180
4180
4181
4181
4182
4182
4183
4183
4184
4184
4185
4185
4186
4186
4187
4187
4188
4188
4189
4189
4190
4190
4191
4191
4192
4192
4193
4193
4194
4194
4195
4195
4196
4175
4197
4196
4198
4197
4199
4198
4200
4199
4201
4200
4202
4201
4203
4202
4204
4203
4205
4204
4206
4205
4207
4206
4208
4207
4209
4208
4210
4209
4211
4210
4212
4211
4213
4212
4214
4213
4215
4214
4216
4215
4217
4216
4218
4217
4219
4218
4220
4219
4221
4220
4222
4221
4222
4223
4223
4224
4224
4225
4225
4226
4226
4227
4227
4228
4228
4229
4229
4230
4230
4231
4231
4232
4232
4233
4233
4234
4234
4235
4235
4236
4236
4237
4237
4238
4238
4239
4239
4240
4240
4241
4241
4242
4242
4243
4243
4244
4244
4245
4245
4246
4246
4247
4247
4248
4248
4249
4249
4250
4250
4251
4251
4252
4252
4253
4253
4254
4254
4255
4255
4256
4256
4257
4257
4258
4258
4259
4259
4260
4260
4261
4261
4262
4262
4263
4263
4264
4264
4265
4265
4266
4266
4267
4267
4268
4268
4269
4269
4270
4270
4271
4271
4272
4272
4273
4273
4274
4274
4275
4276
4276
4277
4277
4278
4278
4279
4279
4280
4280
4281
4281
4282
4282
4283
4283
4284
4284
4285
4285
4286
4286
4287
4287
4288
4288
4289
4289
4290
4290
4291
4291
4292
4292
4293
4293
4294
4294
4295
4295
4296
4275
4297
4296
4298
4297
4299
4298
4300
4299
4301
4300
4302
4301
4303
4302
4304
4303
4305
4304
4306
4305
4307
4306
4308
4307
4309
4308
4310
4309
4311
4310
4312
4311
4313
4312
4314
4313
4315
4314
4316
4315
4317
4316
4318
4317
4319
4318
4320
4319
4320
4321
4321
4322
4322
4323
4323
4324
4324
4325
4325
4326
4326
4327
4327
4328
4328
4329
4329
4330
4330
4331
4331
4332
4332
4333
4333
4334
4334
4335
4335
4336
4336
4337
4337
4338
4338
4339
4339
4340
4340
4341
4341
4342
4342
4343
4343
4344
4344
4345
4345
4346
4346
4347
4347
4348
4348
4349
4349
4350
4350
4351
4351
4352
4352
4353
4353
4354
4354
4355
4355
4356
4356
4357
4357
4358
4358
4359
4359
4360
4360
4361
4361
4362
4362
4363
4363
4364
4364
4365
4365
4366
4366
4367
4367
4368
4368
4369
4369
4370
4370
4371
4372
4372
4373
4373
4374
4374
4375
4375
4376
4376
4377
4377
4378
4378
4379
4379
4380
4380
4381
4381
4382
4382
4383
4383
4384
4384
4385
4385
4386
4386
4387
4387
4388
4388
4389
4389
4390
4390
4391
4391
4392
4371
4393
4392
4394
4393
4395
4394
4396
4395
4397
4396
4398
4397
4399
4398
4400
4399
4401
4400
4402
4401
4403
4402
4404
4403
4405
4404
4406
4405
4407
4406
4408
4407
4409
4408
4410
4409
4411
4410
4412
4411
4413
4412
4414
4413
4414
4415
4415
4416
4416
4417
4417
4418
4418
4419
4419
4420
4420
4421
4421
4422
4422
4423
4423
4424
4424
4425
4425
4426
4426
4427
4427
4428
4428
4429
4429
4430
4430
4431
4431
4432
4432
4433
4433
4434
4434
4435
4435
4436
4436
4437
4437
4438
4438
4439
4439
4440
4440
4441
4441
4442
4442
4443
4443
4444
4444
4445
4445
4446
4446
4447
4447
4448
4448
4449
4449
4450
4450
4451
4451
4452
4452
4453
4453
4454
4454
4455
4455
4456
4456
4457
4457
4458
4458
4459
4459
4460
4460
4461
4461
4462
4462
4463
4464
4464
4465
4465
4466
4466
4467
4467
4468
4468
4469
4469
4470
4470
4471
4471
4472
4472
4473
4473
4474
4474
4475
4475
4476
4476
4477
4477
4478
4478
4479
4479
4480
4480
4481
4481
4482
4482
4483
4483
4484
4463
4485
4484
4486
4485
4487
4486
4488
4487
4489
4488
4490
4489
4491
4490
4492
4491
4493
4492
4494
4493
4495
4494
4496
4495
4497
4496
4498
4497
4499
4498
4500
4499
4501
4500
4502
4501
4503
4502
4504
4503
4504
4505
4505
4506
4506
4507
4507
4508
4508
4509
4509
4510
4510
4511
4511
4512
4512
4513
4513
4514
4514
4515
4515
4516
4516
4517
4517
4518
4518
4519
4519
4520
4520
4521
4521
4522
4522
4523
4523
4524
4524
4525
4525
4526
4526
4527
4527
4528
4528
4529
4529
4530
4530
4531
4531
4532
4532
4533
4533
4534
4534
4535
4535
4536
4536
4537
4537
4538
4538
4539
4539
4540
4540
4541
4541
4542
4542
4543
4543
4544
4544
4545
4545
4546
4546
4547
4547
4548
4548
4549
4549
4550
4550
4551
4552
4551
4553
4553
4554
4554
4555
4555
4556
4556
4557
4557
4558
4558
4559
4559
4560
4560
4561
4561
4562
4562
4563
4563
4564
4564
4565
4565
4566
4566
4567
4567
4568
4568
4569
4569
4570
4570
4571
4571
4572
4552
4573
4572
4574
4573
4575
4574
4576
4575
4577
4576
4578
4577
4579
4578
4580
4579
4581
4580
4582
4581
4583
4582
4584
4583
4585
4584
4586
4585
4587
4586
4588
4587
4589
4588
4590
4589
4590
4591
4591
4592
4592
4593
4593
4594
4594
4595
4595
4596
4596
4597
4597
4598
4598
4599
4599
4600
4600
4601
4601
4602
4602
4603
4603
4604
4604
4605
4605
4606
4606
4607
4607
4608
4608
4609
4609
4610
4610
4611
4611
4612
4612
4613
4613
4614
4614
4615
4615
4616
4616
4617
4617
4618
4618
4619
4619
4620
4620
4621
4621
4622
4622
4623
4623
4624
4624
4625
4625
4626
4626
4627
4627
4628
4628
4629
4629
4630
4630
4631
4631
4632
4632
4633
4633
4634
4634
4552
4635
4636
4635
4637
4637
4638
4638
4639
4639
4640
4640
4641
4641
4642
4642
4643
4643
4644
4644
4645
4645
4646
4646
4647
4647
4648
4648
4649
4649
4650
4650
4651
4651
4652
4652
4653
4653
4654
4654
4655
4636
4656
4655
4657
4656
4658
4657
4659
4658
4660
4659
4661
4660
4662
4661
4663
4662
4664
4663
4665
4664
4666
4665
4667
4666
4668
4667
4669
4668
4670
4669
4671
4670
4671
4672
4672
4673
4673
4674
4674
4675
4675
4676
4676
4677
4677
4678
4678
4679
4679
4680
4680
4681
4681
4682
4682
4683
4683
4684
4684
4685
4685
4686
4686
4687
4687
4688
4688
4689
4689
4690
4690
4691
4691
4692
4692
4693
4693
4694
4694
4695
4695
4696
4696
4697
4697
4698
4698
4699
4699
4700
4700
4701
4701
4702
4702
4703
4703
4704
4704
4705
4705
4706
4706
4707
4707
4708
4708
4709
4709
4710
4710
4711
4711
4712
4712
4713
4713
4636
4714
4715
4714
4716
4716
4717
4717
4718
4718
4719
4719
4720
4720
4721
4721
4722
4722
4723
4723
4724
4724
4725
4725
4726
4726
4727
4727
4728
4728
4729
4729
4730
4730
4731
4655
4731
4732
4715
4733
4732
4734
4733
4735
4734
4736
4735
4737
4736
4738
4737
4739
4738
4740
4739
4741
4740
4742
4741
4743
4742
4744
4743
4745
4744
4746
4745
4746
4747
4747
4748
4748
4749
4749
4750
4750
4751
4751
4752
4752
4753
4753
4754
4754
4755
4755
4756
4683
4756
4757
4757
4758
4758
4759
4759
4760
4760
4761
4761
4762
4762
4763
4763
4764
4764
4765
4765
4766
4766
4767
4767
4768
4768
4769
4769
4770
4770
4771
4771
4772
4772
4773
4773
4774
4774
4775
4775
4776
4776
4777
4777
4778
4778
4779
4779
4780
4780
4781
4781
4782
4782
4783
4783
4784
4784
4785
4785
4715
4786
4787
4786
4788
4788
4789
4789
4790
4790
4791
4791
4792
4792
4793
4793
4794
4794
4795
4795
4796
4796
4797
4797
4798
4798
4799
4799
4800
4800
4801
4732
4801
4802
4787
4803
4802
4804
4803
4805
4804
4806
4805
4807
4806
4808
4807
4809
4808
4810
4809
4811
4810
4812
4811
4813
4812
4814
4813
4814
4815
4815
4816
4816
4817
4817
4818
4818
4819
4819
4820
4820
4821
4821
4822
4822
4823
4757
4823
4824
4824
4825
4825
4826
4826
4827
4827
4828
4828
4829
4829
4830
4830
4831
4831
4832
4832
4833
4833
4834
4834
4835
4835
4836
4836
4837
4837
4838
4838
4839
4839
4840
4776
4840
4841
4841
4842
4842
4843
4843
4844
4844
4845
4845
4846
4846
4847
4847
4848
4848
4849
4849
4787
4850
4851
4850
4852
4852
4853
4853
4854
4854
4855
4855
4856
4856
4857
4857
4858
4858
4859
4859
4860
4860
4861
4861
4862
4862
4863
4802
4863
4864
4851
4865
4864
4866
4865
4867
4866
4868
4867
4869
4868
4870
4869
4871
4870
4872
4871
4873
4872
4874
4873
4874
4875
4875
4876
4876
4877
4877
4878
4878
4879
4879
4880
4880
4881
4881
4882
4824
4882
4883
4883
4884
4884
4885
4885
4886
4886
4887
4887
4888
4888
4889
4889
4890
4890
4891
4891
4892
4892
4893
4893
4894
4894
4895
4895
4896
4896
4897
4841
4897
4898
4898
4899
4899
4900
4900
4901
4901
4902
4902
4903
4903
4904
4904
4905
4905
4851
4906
4907
4906
4908
4908
4909
4909
4910
4910
4911
4911
4912
4912
4913
4913
4914
4914
4915
4915
4916
4916
4917
4864
4917
4918
4907
4919
4918
4920
4919
4921
4920
4922
4921
4923
4922
4924
4923
4925
4924
4926
4925
4926
4927
4927
4928
4928
4929
4929
4930
4930
4931
4931
4932
4932
4933
4883
4933
4934
4934
4935
4935
4936
4936
4937
4937
4938
4938
4939
4939
4940
4940
4941
4941
4942
4942
4943
4943
4944
4944
4945
4945
4946
4898
4946
4947
4947
4948
4948
4949
4949
4950
4950
4951
4951
4952
4952
4953
4953
4907
4954
4955
4954
4956
4956
4957
4957
4958
4958
4959
4959
4960
4960
4961
4961
4962
4962
4963
4918
4963
4964
4955
4965
4964
4966
4965
4967
4966
4968
4967
4969
4968
4970
4969
4970
4971
4971
4972
4972
4973
4973
4974
4974
4975
4975
4976
4934
4976
4977
4977
4978
4978
4979
4979
4980
4980
4981
4981
4982
4982
4983
4983
4984
4984
4985
4985
4986
4986
4987
4947
4987
4988
4988
4989
4989
4990
4990
4991
4991
4992
4992
4993
4993
4955
4994
4995
4994
4996
4996
4997
4997
4998
4998
4999
4999
5000
5000
5001
4964
5001
5002
4995
5003
5002
5004
5003
5005
5004
5006
5005
5006
5007
5007
5008
5008
5009
5009
5010
5010
5011
4977
5011
5012
5012
5013
5013
5014
5014
5015
5015
5016
5016
5017
5017
5018
5018
5019
5019
5020
4988
5020
5021
5021
5022
5022
5023
5023
5024
5024
5025
5025
4995
5026
5027
5026
5028
5028
5029
5029
5030
5030
5031
5002
5031
5032
5027
5033
5032
5034
5033
5034
5035
5035
5036
5036
5037
5037
5038
5012
5038
5039
5039
5040
5040
5041
5041
5042
5042
5043
5043
5044
5044
5045
5021
5045
5046
5046
5047
5047
5048
5048
5049
5049
5027
5050
5051
5050
5052
5052
5053
5032
5053
5054
5051
5054
5055
5055
5056
5056
5057
5039
5057
5058
5058
5059
5059
5060
5060
5061
5061
5062
5046
5062
5063
5063
5064
5064
5065
5065
5051
5066
5054
5066
5067
5067
5068
5058
5068
5069
5069
5070
5070
5071
5063
5071
5072
5072
5073
5073
5067
5069
5074
5072
5074
5075
5075
5075
)


// ************************************************************************* //
