/*--------------------------------*- C++ -*----------------------------------*\
| =========                 |                                                 |
| \\      /  F ield         | foam-extend: Open Source CFD                    |
|  \\    /   O peration     | Version:     4.0                                |
|   \\  /    A nd           | Web:         http://www.foam-extend.org         |
|    \\/     M anipulation  |                                                 |
\*---------------------------------------------------------------------------*/
FoamFile
{
    version     2.0;
    format      ascii;
    class       labelList;
    location    "constant/polyMesh";
    object      pointMap;
}
// * * * * * * * * * * * * * * * * * * * * * * * * * * * * * * * * * * * * * //


15446
(
319656
319657
319658
319659
319660
319661
319662
319663
319664
319665
319666
319667
319668
319669
319670
319671
319672
319673
319674
319675
319676
319677
319678
319679
319680
319681
319682
319683
319684
319685
319686
319687
319688
319689
319690
319691
319692
319693
319694
319695
319696
319697
319698
319699
319700
319701
319702
319703
319704
319705
319706
319707
319708
319709
319710
319711
319712
319713
319714
319715
319716
319717
319718
319719
319720
319721
319722
319723
319724
319725
319726
319727
319728
319729
319730
319731
319732
319733
319734
319735
319736
319737
319738
319739
319740
319741
319742
319743
319744
319745
319746
319747
319748
319749
319750
319751
319752
319753
319754
319755
319756
319757
319758
319759
319760
319761
319762
319763
319764
319765
319766
319767
319768
319769
319770
319771
319772
319773
319774
319775
319776
319777
319778
319779
319780
319781
319782
319783
319784
319785
319786
319787
319788
319789
319790
319791
319792
319793
319794
319795
319796
319797
319798
319799
319800
319801
319802
319803
319804
319805
319806
319807
319808
319809
319810
319811
319812
319813
319814
319815
319816
319817
319818
319819
319820
319821
319822
319823
319824
319825
319826
319827
319828
319829
319830
319831
319832
319833
319834
319835
319836
319837
319838
319839
319840
319841
319842
319843
319844
319845
319846
319847
319848
319849
319850
319851
319852
319853
319854
319855
319856
319857
319858
319859
319860
319861
319862
319863
319864
319865
319866
319867
319868
319869
319870
319871
319872
319873
319874
319875
319876
319877
319878
319879
319880
319881
319882
319883
319884
319885
319886
319887
319888
319889
319890
319891
319892
319893
319894
319895
319896
319897
319898
319899
319900
319901
319902
319903
319904
319905
319906
319907
319908
319909
319910
319911
319912
319913
319914
319915
319916
319917
319918
319919
319920
319921
319922
319923
319924
319925
319926
319927
319928
319929
319930
319931
319932
319933
319934
319935
319936
319937
319938
319939
319940
319941
319942
319943
319944
319945
319946
319947
319948
319949
319950
319951
319952
319953
319954
319955
319956
319957
319958
319959
319960
319961
319962
319963
319964
319965
319966
319967
319968
319969
319970
319971
319972
319973
319974
319975
319976
319977
319978
319979
319980
319981
319982
319983
319984
319985
319986
319987
319988
319989
319990
319991
319992
319993
319994
319995
319996
319997
319998
319999
320000
320001
320002
320003
320004
320005
320006
320007
320008
320009
320010
320011
320012
320013
320014
320015
320016
320017
320018
320019
320020
320021
320022
320023
320024
320025
320026
320027
320028
320029
320030
320031
320032
320033
320034
320035
320036
320037
320038
320039
320040
320041
320042
320043
320044
320045
320046
320047
320048
320049
320050
320051
320052
320053
320054
320055
320056
320057
320058
320059
320060
320061
320062
320063
320064
320065
320066
320067
320068
320069
320070
320071
320072
320073
320074
320075
320076
320077
320078
320079
320080
320081
320082
320083
320084
320085
320086
320087
320088
320089
320090
320091
320092
320093
320094
320095
320096
320097
320098
320099
320100
320101
320102
320103
320104
320105
320106
320107
320108
320109
320110
320111
320112
320113
320114
320115
320116
320117
320118
320119
320120
320121
320122
320123
320124
320125
320126
320127
320128
320129
320130
320131
320132
320133
320134
320135
320136
320137
320138
320139
320140
320141
320142
320143
320144
320145
320146
320147
320148
320149
320150
320151
320152
320153
320154
320155
320156
320157
320158
320159
320160
320161
320162
320163
320164
320165
320166
320167
320168
320169
320170
320171
320172
320173
320174
320175
320176
320177
320178
320179
320180
320181
320182
320183
320184
320185
320186
320187
320188
320189
320190
320191
320192
320193
320194
320195
320196
320197
320198
320199
320200
320201
320202
320203
320204
320205
320206
320207
320208
320209
320210
320211
320212
320213
320214
320215
320216
320217
320218
320219
320220
320221
320222
320223
320224
320225
320226
320227
320228
320229
320230
320231
320232
320233
320234
320235
320236
320237
320238
320239
320240
320241
320242
320243
320244
320245
320246
320247
320248
320249
320250
320251
320252
320253
320254
320255
320256
320257
320258
320259
320260
320261
320262
320263
320264
320265
320266
320267
320268
320269
320270
320271
320272
320273
320274
320275
320276
320277
320278
320279
320280
320281
320282
320283
320284
320285
320286
320287
320288
320289
320290
320291
320292
320293
320294
320295
320296
320297
320298
320299
320300
320301
320302
320303
320304
320305
320306
320307
320308
320309
320310
320311
320312
320313
320314
320315
320316
320317
320318
320319
320320
320321
320322
320323
320324
320325
320326
320327
320328
320329
320330
320331
320332
320333
320334
320335
320336
320337
320338
320339
320340
320341
320342
320343
320344
320345
320346
320347
320348
320349
320350
320351
320352
320353
320354
320355
320356
320357
320358
320359
320360
320361
320362
320363
320364
320365
320366
320367
320368
320369
320370
320371
320372
320373
320374
320375
320376
320377
320378
320379
320380
320381
320382
320383
320384
320385
320386
320387
320388
320389
320390
320391
320392
320393
320394
320395
320396
320397
320398
320399
320400
320401
320402
320403
320404
320405
320406
320407
320408
320409
320410
320411
320412
320413
320414
320415
320416
320417
320418
320419
320420
320421
320422
320423
320424
320425
320426
320427
320428
320429
320430
320431
320432
320433
320434
320435
320436
320437
320438
320439
323464
323465
323466
323467
323468
323469
323470
323471
323472
323473
323474
323475
323476
323477
323478
323479
323480
323481
323482
323483
323484
323485
323486
323487
323488
323489
323490
323491
323492
323493
323494
323495
323496
323497
323498
323499
323500
323501
323502
323503
323504
323505
323506
323507
323508
323509
323510
323511
323512
323513
323514
323515
323516
323517
323518
323519
323520
323521
323522
323523
323524
323525
323526
323527
323528
323529
323530
323531
323532
323533
323534
323535
323536
323537
323538
323539
323540
323541
323542
323543
323544
323545
323546
323547
323548
323549
323550
323551
323552
323553
323554
323555
323556
323557
323558
323559
323560
323561
323562
323563
323564
323565
323566
323567
323568
323569
323570
323571
323572
323573
323574
323575
323576
323577
323578
323579
323580
323581
323582
323583
323584
323585
323586
323587
323588
323589
323590
323591
323592
323593
323594
323595
323596
323597
323598
323599
323600
323601
323602
323603
323604
323605
323606
323607
323608
323609
323610
323611
323612
323613
323614
323615
323616
323617
323618
323619
323620
323621
323622
323623
323624
323625
323626
323627
323628
323629
323630
323631
323632
323633
323634
323635
323636
323637
323638
323639
323640
323641
323642
323643
323644
323645
323646
323647
323648
323649
323650
323651
323652
323653
323654
323655
323656
323657
323658
323659
323660
323661
323662
323663
323664
323665
323666
323667
323668
323669
323670
323671
323672
323673
323674
323675
323676
323677
323678
323679
323680
323681
323682
323683
323684
323685
323686
323687
323688
323689
323690
323691
323692
323693
323694
323695
323696
323697
323698
323699
323700
323701
323702
323703
323704
323705
323706
323707
323708
323709
323710
323711
323712
323713
323714
323715
323716
323717
323718
323719
323720
323721
323722
323723
323724
323725
323726
323727
323728
323729
323730
323731
323732
323733
323734
323735
323736
323737
323738
323739
323740
323741
323742
323743
326184
326185
326186
326187
326188
326189
326190
326191
326192
326193
326194
326195
326196
326197
326198
326199
326200
326201
326202
326203
326204
326205
326206
326207
326208
326209
326210
326211
326212
326213
326214
326215
326216
326217
326218
326219
326220
326221
326222
326223
326224
326225
326226
326227
326228
326229
326230
326231
326232
326233
326234
326235
326236
326237
326238
326239
326240
326241
326242
326243
326244
326245
326246
326247
326248
326249
326250
326251
326252
326253
326254
326255
326256
326257
326258
326259
326260
326261
326262
326263
326264
326265
326266
326267
326268
326269
326270
326271
326272
326273
326274
326275
326276
326277
326278
326279
326280
326281
326282
326283
326284
326285
326286
326287
326288
326289
326290
326291
326292
326293
326294
326295
326296
326297
326298
326299
326300
326301
326302
326303
326304
326305
326306
326307
326308
326309
326310
326311
326312
326313
326314
326315
326316
326317
326318
326319
326320
326321
326322
326323
326324
326325
326326
326327
326328
326329
326330
326331
326332
326333
326334
326335
326336
326337
326338
326339
326340
326341
326342
326343
326344
326345
326346
326347
326348
326349
326350
326351
326352
326353
326354
326355
326356
326357
326358
326359
326360
326361
326362
326363
326364
326365
326366
326367
326368
326369
326370
326371
326372
326373
326374
326375
326376
326377
326378
326379
326380
326381
326382
326383
326384
326385
326386
326387
326388
326389
326390
326391
326392
326393
326394
326395
326396
326397
326398
326399
326400
326401
326402
326403
326404
326405
326406
326407
326408
326409
326410
326411
326412
326413
326414
326415
326416
326417
326418
326419
326420
326421
326422
326423
326424
326425
326426
326427
326428
326429
326430
326431
326432
326433
326434
326435
326436
326437
326438
326439
326440
326441
326442
326443
326444
326445
326446
326447
326448
326449
326450
326451
326452
326453
815424
815425
815426
815427
815428
815429
815430
815431
815432
815433
815434
815435
815436
815437
815438
815439
815440
815441
815442
815443
815444
815445
815446
815447
815448
815449
815450
815451
815452
815453
815454
815455
815456
815457
815458
815459
815460
815461
815462
815463
815464
815465
815466
815467
815468
815469
815470
815471
815472
815473
815474
815475
815476
815477
815478
815479
815480
815481
815482
815483
815484
815485
815486
815487
815488
815489
815490
815491
815492
815493
815494
815495
815496
815497
815498
815499
815500
815501
815502
815503
815504
815505
815506
815507
815508
815509
815510
815511
815512
815513
815514
815515
815516
815517
815518
815519
815520
815521
815522
815523
815524
815525
815526
815527
815528
815529
815530
815531
815532
815533
815534
815535
815536
815537
815538
815539
815540
815541
815542
815543
815544
815545
815546
815547
815548
815549
815550
815551
815552
815553
815554
815555
815556
815557
815558
815559
815560
815561
815562
815563
815564
815565
815566
815567
815568
815569
815570
815571
815572
815573
815574
815575
815576
815577
815578
815579
815580
815581
815582
815583
815584
815585
815586
815587
815588
815589
815590
815591
815592
815593
815594
815595
815596
815597
815598
815599
815600
815601
815602
815603
815604
815605
815606
815607
815608
815609
815610
815611
815612
815613
815614
815615
815616
815617
815618
815619
815620
815621
815622
815623
815624
815625
815626
815627
815628
815629
815630
815631
815632
815633
815634
815635
815636
815637
815638
815639
815640
815641
815642
815643
815644
815645
815646
815647
815648
815649
815650
815651
815652
815653
815654
815655
815656
815657
815658
815659
815660
815661
815662
815663
815664
815665
815666
815667
815668
815669
815670
815671
815672
815673
815674
815675
815676
815677
815678
815679
815680
815681
815682
815683
815684
815685
815686
815687
815688
815689
815690
815691
815692
815693
815694
815695
815696
815697
815698
815699
815700
815701
815702
815703
815704
815705
815706
815707
815708
815709
815710
815711
815712
815713
815714
815715
815716
815717
815718
815719
815720
815721
815722
815723
815724
815725
815726
815727
815728
815729
815730
815731
815732
815733
815734
815735
815736
815737
815738
815739
815740
815741
815742
815743
815744
815745
815746
815747
815748
815749
815750
815751
815752
815753
815754
815755
815756
815757
815758
815759
815760
815761
815762
815763
815764
815765
815766
815767
815768
815769
815770
815771
815772
815773
815774
815775
815776
815777
815778
815779
815780
815781
815782
815783
815784
815785
815786
815787
815788
815789
815790
815791
815792
815793
815794
815795
815796
815797
815798
815799
815800
815801
815802
815803
815804
815805
815806
815807
815808
815809
815810
815811
815812
815813
815814
815815
815816
815817
815818
815819
815820
815821
815822
815823
815824
815825
815826
815827
815828
815829
815830
815831
815832
815833
815834
815835
815836
815837
815838
815839
815840
815841
815842
815843
815844
815845
815846
815847
815848
815849
815850
815851
815852
815853
815854
815855
815856
815857
815858
815859
815860
815861
815862
815863
815864
815865
815866
815867
815868
815869
815870
815871
815872
815873
815874
815875
815876
815877
815878
815879
815880
815881
815882
815883
815884
815885
815886
815887
815888
815889
815890
815891
815892
815893
815894
815895
815896
815897
815898
815899
815900
815901
815902
815903
815904
815905
815906
815907
815908
815909
815910
815911
815912
815913
815914
815915
815916
815917
815918
815919
815920
815921
815922
815923
815924
815925
815926
815927
815928
815929
815930
815931
815932
815933
815934
815935
815936
815937
815938
815939
815940
815941
815942
815943
815944
815945
815946
815947
815948
815949
815950
815951
815952
815953
815954
815955
815956
815957
815958
815959
815960
815961
815962
815963
815964
815965
815966
815967
815968
815969
815970
815971
815972
815973
815974
815975
815976
815977
815978
815979
815980
815981
815982
815983
815984
815985
815986
815987
815988
815989
815990
815991
815992
815993
815994
815995
815996
815997
815998
815999
816000
816001
816002
816003
816004
816005
816006
816007
816008
816009
816010
816011
816012
816013
816014
816015
816016
816017
816018
816019
816020
816021
816022
816023
816024
816025
816026
816027
816028
816029
816030
816031
816032
816033
816034
816035
816036
816037
816038
816039
816040
816041
816042
816043
816044
816045
816046
816047
816048
816049
816050
816051
816052
816053
816054
816055
816056
816057
816058
816059
816060
816061
816062
816063
816064
816065
816066
816067
816068
816069
816070
816071
816072
816073
816074
816075
816076
816077
816078
816079
816080
816081
816082
816083
816084
816085
816086
816087
816088
816089
816090
816091
816092
816093
816094
816095
816096
816097
816098
816099
816100
816101
816102
816103
816104
816105
816106
816107
816108
816109
816110
816111
816112
816113
816114
816115
816116
816117
816118
816119
816120
816121
816122
816123
816124
816125
816126
816127
816128
816129
816130
816131
816132
816133
816134
816135
816136
816137
816138
816139
816140
816141
816142
816143
816144
816145
816146
816147
816148
816149
816150
816151
816152
816153
816154
816155
816156
816157
816158
816159
816160
816161
816162
816163
816164
816165
816166
816167
816168
816169
816170
816171
816172
816173
816174
816175
816176
816177
816178
816179
819176
819177
819178
819179
819180
819181
819182
819183
819184
819185
819186
819187
819188
819189
819190
819191
819192
819193
819194
819195
819196
819197
819198
819199
819200
819201
819202
819203
819204
819205
819206
819207
819208
819209
819210
819211
819212
819213
819214
819215
819216
819217
819218
819219
819220
819221
819222
819223
819224
819225
819226
819227
819228
819229
819230
819231
819232
819233
819234
819235
819236
819237
819238
819239
819240
819241
819242
819243
819244
819245
819246
819247
819248
819249
819250
819251
819252
819253
819254
819255
819256
819257
819258
819259
819260
819261
819262
819263
819264
819265
819266
819267
819268
819269
819270
819271
819272
819273
819274
819275
819276
819277
819278
819279
819280
819281
819282
819283
819284
819285
819286
819287
819288
819289
819290
819291
819292
819293
819294
819295
819296
819297
819298
819299
819300
819301
819302
819303
819304
819305
819306
819307
819308
819309
819310
819311
819312
819313
819314
819315
819316
819317
819318
819319
819320
819321
819322
819323
819324
819325
819326
819327
819328
819329
819330
819331
819332
819333
819334
819335
819336
819337
819338
819339
819340
819341
819342
819343
819344
819345
819346
819347
819348
819349
819350
819351
819352
819353
819354
819355
819356
819357
819358
819359
819360
819361
819362
819363
819364
819365
819366
819367
819368
819369
819370
819371
819372
819373
819374
819375
819376
819377
819378
819379
819380
819381
819382
819383
819384
819385
819386
819387
819388
819389
819390
819391
819392
819393
819394
819395
819396
819397
819398
819399
819400
819401
819402
819403
819404
819405
819406
819407
819408
819409
819410
819411
819412
819413
819414
819415
819416
819417
819418
819419
819420
819421
819422
819423
819424
819425
819426
819427
819428
819429
819430
819431
819432
819433
819434
819435
819436
819437
819438
819439
819440
819441
819442
819443
819444
819445
819446
819447
819448
819449
819450
819451
819452
819453
819454
819455
821816
821817
821818
821819
821820
821821
821822
821823
821824
821825
821826
821827
821828
821829
821830
821831
821832
821833
821834
821835
821836
821837
821838
821839
821840
821841
821842
821843
821844
821845
821846
821847
821848
821849
821850
821851
821852
821853
821854
821855
821856
821857
821858
821859
821860
821861
821862
821863
821864
821865
821866
821867
821868
821869
821870
821871
821872
821873
821874
821875
821876
821877
821878
821879
821880
821881
821882
821883
821884
821885
821886
821887
821888
821889
821890
821891
821892
821893
821894
821895
821896
821897
821898
821899
821900
821901
821902
821903
821904
821905
821906
821907
821908
821909
821910
821911
821912
821913
821914
821915
821916
821917
821918
821919
821920
821921
821922
821923
821924
821925
821926
821927
821928
821929
821930
821931
821932
821933
821934
821935
821936
821937
821938
821939
821940
821941
821942
821943
821944
821945
821946
821947
821948
821949
821950
821951
821952
821953
821954
821955
821956
821957
821958
821959
821960
821961
821962
821963
821964
821965
821966
821967
821968
821969
821970
821971
821972
821973
821974
821975
821976
821977
821978
821979
821980
821981
821982
821983
821984
821985
821986
821987
821988
821989
821990
821991
821992
821993
821994
821995
821996
821997
821998
821999
822000
822001
822002
822003
822004
822005
822006
822007
822008
822009
822010
822011
822012
822013
822014
822015
822016
822017
822018
822019
822020
822021
822022
822023
822024
822025
822026
822027
822028
822029
822030
822031
822032
822033
822034
822035
822036
822037
822038
822039
822040
822041
822042
822043
822044
822045
822046
822047
822048
822049
822050
822051
822052
822053
822054
822055
822056
822057
822058
822059
822060
822061
822062
822063
822064
822065
822066
822067
822068
822069
822070
822071
822072
822073
822074
822075
1307256
1307257
1307258
1307259
1307260
1307261
1307262
1307263
1307264
1307265
1307266
1307267
1307268
1307269
1307270
1307271
1307272
1307273
1307274
1307275
1307276
1307277
1307278
1307279
1307280
1307281
1307282
1307283
1307284
1307285
1307286
1307287
1307288
1307289
1307290
1307291
1307292
1307293
1307294
1307295
1307296
1307297
1307298
1307299
1307300
1307301
1307302
1307303
1307304
1307305
1307306
1307307
1307308
1307309
1307310
1307311
1307312
1307313
1307314
1307315
1307316
1307317
1307318
1307319
1307320
1307321
1307322
1307323
1307324
1307325
1307326
1307327
1307328
1307329
1307330
1307331
1307332
1307333
1307334
1307335
1307336
1307337
1307338
1307339
1307340
1307341
1307342
1307343
1307344
1307345
1307346
1307347
1307348
1307349
1307350
1307351
1307352
1307353
1307354
1307355
1307356
1307357
1307358
1307359
1307360
1307361
1307362
1307363
1307364
1307365
1307366
1307367
1307368
1307369
1307370
1307371
1307372
1307373
1307374
1307375
1307376
1307377
1307378
1307379
1307380
1307381
1307382
1307383
1307384
1307385
1307386
1307387
1307388
1307389
1307390
1307391
1307392
1307393
1307394
1307395
1307396
1307397
1307398
1307399
1307400
1307401
1307402
1307403
1307404
1307405
1307406
1307407
1307408
1307409
1307410
1307411
1307412
1307413
1307414
1307415
1307416
1307417
1307418
1307419
1307420
1307421
1307422
1307423
1307424
1307425
1307426
1307427
1307428
1307429
1307430
1307431
1307432
1307433
1307434
1307435
1307436
1307437
1307438
1307439
1307440
1307441
1307442
1307443
1307444
1307445
1307446
1307447
1307448
1307449
1307450
1307451
1307452
1307453
1307454
1307455
1307456
1307457
1307458
1307459
1307460
1307461
1307462
1307463
1307464
1307465
1307466
1307467
1307468
1307469
1307470
1307471
1307472
1307473
1307474
1307475
1307476
1307477
1307478
1307479
1307480
1307481
1307482
1307483
1307484
1307485
1307486
1307487
1307488
1307489
1307490
1307491
1307492
1307493
1307494
1307495
1307496
1307497
1307498
1307499
1307500
1307501
1307502
1307503
1307504
1307505
1307506
1307507
1307508
1307509
1307510
1307511
1307512
1307513
1307514
1307515
1307516
1307517
1307518
1307519
1307520
1307521
1307522
1307523
1307524
1307525
1307526
1307527
1307528
1307529
1307530
1307531
1307532
1307533
1307534
1307535
1307536
1307537
1307538
1307539
1307540
1307541
1307542
1307543
1307544
1307545
1307546
1307547
1307548
1307549
1307550
1307551
1307552
1307553
1307554
1307555
1307556
1307557
1307558
1307559
1307560
1307561
1307562
1307563
1307564
1307565
1307566
1307567
1307568
1307569
1307570
1307571
1307572
1307573
1307574
1307575
1307576
1307577
1307578
1307579
1307580
1307581
1307582
1307583
1307584
1307585
1307586
1307587
1307588
1307589
1307590
1307591
1307592
1307593
1307594
1307595
1307596
1307597
1307598
1307599
1307600
1307601
1307602
1307603
1307604
1307605
1307606
1307607
1307608
1307609
1307610
1307611
1307612
1307613
1307614
1307615
1307616
1307617
1307618
1307619
1307620
1307621
1307622
1307623
1307624
1307625
1307626
1307627
1307628
1307629
1307630
1307631
1307632
1307633
1307634
1307635
1307636
1307637
1307638
1307639
1307640
1307641
1307642
1307643
1307644
1307645
1307646
1307647
1307648
1307649
1307650
1307651
1307652
1307653
1307654
1307655
1307656
1307657
1307658
1307659
1307660
1307661
1307662
1307663
1307664
1307665
1307666
1307667
1307668
1307669
1307670
1307671
1307672
1307673
1307674
1307675
1307676
1307677
1307678
1307679
1307680
1307681
1307682
1307683
1307684
1307685
1307686
1307687
1307688
1307689
1307690
1307691
1307692
1307693
1307694
1307695
1307696
1307697
1307698
1307699
1307700
1307701
1307702
1307703
1307704
1307705
1307706
1307707
1307708
1307709
1307710
1307711
1307712
1307713
1307714
1307715
1307716
1307717
1307718
1307719
1307720
1307721
1307722
1307723
1307724
1307725
1307726
1307727
1307728
1307729
1307730
1307731
1307732
1307733
1307734
1307735
1307736
1307737
1307738
1307739
1307740
1307741
1307742
1307743
1307744
1307745
1307746
1307747
1307748
1307749
1307750
1307751
1307752
1307753
1307754
1307755
1307756
1307757
1307758
1307759
1307760
1307761
1307762
1307763
1307764
1307765
1307766
1307767
1307768
1307769
1307770
1307771
1307772
1307773
1307774
1307775
1307776
1307777
1307778
1307779
1307780
1307781
1307782
1307783
1307784
1307785
1307786
1307787
1307788
1307789
1307790
1307791
1307792
1307793
1307794
1307795
1307796
1307797
1307798
1307799
1307800
1307801
1307802
1307803
1307804
1307805
1307806
1307807
1307808
1307809
1307810
1307811
1307812
1307813
1307814
1307815
1307816
1307817
1307818
1307819
1307820
1307821
1307822
1307823
1307824
1307825
1307826
1307827
1307828
1307829
1307830
1307831
1307832
1307833
1307834
1307835
1307836
1307837
1307838
1307839
1307840
1307841
1307842
1307843
1307844
1307845
1307846
1307847
1307848
1307849
1307850
1307851
1307852
1307853
1307854
1307855
1307856
1307857
1307858
1307859
1307860
1307861
1307862
1307863
1307864
1307865
1307866
1307867
1307868
1307869
1307870
1307871
1307872
1307873
1307874
1307875
1307876
1307877
1307878
1307879
1307880
1307881
1307882
1307883
1307884
1307885
1307886
1307887
1307888
1307889
1307890
1307891
1307892
1307893
1307894
1307895
1307896
1307897
1307898
1307899
1307900
1307901
1307902
1307903
1307904
1307905
1307906
1307907
1307908
1307909
1307910
1307911
1307912
1307913
1307914
1307915
1307916
1307917
1307918
1307919
1307920
1307921
1307922
1307923
1307924
1307925
1307926
1307927
1307928
1307929
1307930
1307931
1307932
1307933
1307934
1307935
1307936
1307937
1307938
1307939
1307940
1307941
1307942
1307943
1307944
1307945
1307946
1307947
1307948
1307949
1307950
1307951
1307952
1307953
1307954
1307955
1307956
1307957
1307958
1307959
1307960
1307961
1307962
1307963
1307964
1307965
1307966
1307967
1307968
1307969
1307970
1307971
1307972
1307973
1307974
1307975
1307976
1307977
1307978
1307979
1307980
1307981
1307982
1307983
1307984
1307985
1307986
1307987
1307988
1307989
1307990
1307991
1307992
1307993
1307994
1307995
1307996
1307997
1307998
1307999
1308000
1308001
1308002
1308003
1308004
1308005
1308006
1308007
1308008
1308009
1308010
1308011
1310928
1310929
1310930
1310931
1310932
1310933
1310934
1310935
1310936
1310937
1310938
1310939
1310940
1310941
1310942
1310943
1310944
1310945
1310946
1310947
1310948
1310949
1310950
1310951
1310952
1310953
1310954
1310955
1310956
1310957
1310958
1310959
1310960
1310961
1310962
1310963
1310964
1310965
1310966
1310967
1310968
1310969
1310970
1310971
1310972
1310973
1310974
1310975
1310976
1310977
1310978
1310979
1310980
1310981
1310982
1310983
1310984
1310985
1310986
1310987
1310988
1310989
1310990
1310991
1310992
1310993
1310994
1310995
1310996
1310997
1310998
1310999
1311000
1311001
1311002
1311003
1311004
1311005
1311006
1311007
1311008
1311009
1311010
1311011
1311012
1311013
1311014
1311015
1311016
1311017
1311018
1311019
1311020
1311021
1311022
1311023
1311024
1311025
1311026
1311027
1311028
1311029
1311030
1311031
1311032
1311033
1311034
1311035
1311036
1311037
1311038
1311039
1311040
1311041
1311042
1311043
1311044
1311045
1311046
1311047
1311048
1311049
1311050
1311051
1311052
1311053
1311054
1311055
1311056
1311057
1311058
1311059
1311060
1311061
1311062
1311063
1311064
1311065
1311066
1311067
1311068
1311069
1311070
1311071
1311072
1311073
1311074
1311075
1311076
1311077
1311078
1311079
1311080
1311081
1311082
1311083
1311084
1311085
1311086
1311087
1311088
1311089
1311090
1311091
1311092
1311093
1311094
1311095
1311096
1311097
1311098
1311099
1311100
1311101
1311102
1311103
1311104
1311105
1311106
1311107
1311108
1311109
1311110
1311111
1311112
1311113
1311114
1311115
1311116
1311117
1311118
1311119
1311120
1311121
1311122
1311123
1311124
1311125
1311126
1311127
1311128
1311129
1311130
1311131
1311132
1311133
1311134
1311135
1311136
1311137
1311138
1311139
1311140
1311141
1311142
1311143
1311144
1311145
1311146
1311147
1311148
1311149
1311150
1311151
1311152
1311153
1311154
1311155
1311156
1311157
1311158
1311159
1311160
1311161
1311162
1311163
1311164
1311165
1311166
1311167
1311168
1311169
1311170
1311171
1311172
1311173
1311174
1311175
1311176
1311177
1311178
1311179
1311180
1311181
1311182
1311183
1311184
1311185
1311186
1311187
1311188
1311189
1311190
1311191
1311192
1311193
1311194
1311195
1311196
1311197
1313628
1313629
1313630
1313631
1313632
1313633
1313634
1313635
1313636
1313637
1313638
1313639
1313640
1313641
1313642
1313643
1313644
1313645
1313646
1313647
1313648
1313649
1313650
1313651
1313652
1313653
1313654
1313655
1313656
1313657
1313658
1313659
1313660
1313661
1313662
1313663
1313664
1313665
1313666
1313667
1313668
1313669
1313670
1313671
1313672
1313673
1313674
1313675
1313676
1313677
1313678
1313679
1313680
1313681
1313682
1313683
1313684
1313685
1313686
1313687
1313688
1313689
1313690
1313691
1313692
1313693
1313694
1313695
1313696
1313697
1313698
1313699
1313700
1313701
1313702
1313703
1313704
1313705
1313706
1313707
1313708
1313709
1313710
1313711
1313712
1313713
1313714
1313715
1313716
1313717
1313718
1313719
1313720
1313721
1313722
1313723
1313724
1313725
1313726
1313727
1313728
1313729
1313730
1313731
1313732
1313733
1313734
1313735
1313736
1313737
1313738
1313739
1313740
1313741
1313742
1313743
1313744
1313745
1313746
1313747
1313748
1313749
1313750
1313751
1313752
1313753
1313754
1313755
1313756
1313757
1313758
1313759
1313760
1313761
1313762
1313763
1313764
1313765
1313766
1313767
1313768
1313769
1313770
1313771
1313772
1313773
1313774
1313775
1313776
1313777
1313778
1313779
1313780
1313781
1313782
1313783
1313784
1313785
1313786
1313787
1313788
1313789
1313790
1313791
1313792
1313793
1313794
1313795
1313796
1313797
1313798
1313799
1313800
1313801
1313802
1313803
1313804
1313805
1313806
1313807
1313808
1313809
1313810
1313811
1313812
1313813
1313814
1313815
1313816
1313817
1313818
1313819
1313820
1313821
1313822
1313823
1313824
1313825
1313826
1313827
1313828
1313829
1313830
1313831
1313832
1313833
1313834
1313835
1313836
1313837
1313838
1313839
1313840
1313841
1313842
1313843
1313844
1313845
1313846
1313847
1313848
1313849
1313850
1313851
1313852
1313853
1313854
1313855
1313856
1313857
1313858
1313859
1313860
1313861
1313862
1313863
1313864
1313865
1313866
1313867
1313868
1313869
1313870
1313871
1313872
1313873
1313874
1313875
1313876
1313877
1313878
1313879
1313880
1313881
1313882
1313883
1313884
1313885
1313886
1313887
1313888
1313889
1313890
1313891
1313892
1313893
1313894
1313895
1313896
1313897
1792078
1792079
1792080
1792081
1792082
1792083
1792084
1792085
1792086
1792087
1792088
1792089
1792090
1792091
1792092
1792093
1792094
1792095
1792096
1792097
1792098
1792099
1792100
1792101
1792102
1792103
1792104
1792105
1792106
1792107
1792108
1792109
1792110
1792111
1792112
1792113
1792114
1792115
1792116
1792117
1792118
1792119
1792120
1792121
1792122
1792123
1792124
1792125
1792126
1792127
1792128
1792129
1792130
1792131
1792132
1792133
1792134
1792135
1792136
1792137
1792138
1792139
1792140
1792141
1792142
1792143
1792144
1792145
1792146
1792147
1792148
1792149
1792150
1792151
1792152
1792153
1792154
1792155
1792156
1792157
1792158
1792159
1792160
1792161
1792162
1792163
1792164
1792165
1792166
1792167
1792168
1792169
1792170
1792171
1792172
1792173
1792174
1792175
1792176
1792177
1792178
1792179
1792180
1792181
1792182
1792183
1792184
1792185
1792186
1792187
1792188
1792189
1792190
1792191
1792192
1792193
1792194
1792195
1792196
1792197
1792198
1792199
1792200
1792201
1792202
1792203
1792204
1792205
1792206
1792207
1792208
1792209
1792210
1792211
1792212
1792213
1792214
1792215
1792216
1792217
1792218
1792219
1792220
1792221
1792222
1792223
1792224
1792225
1792226
1792227
1792228
1792229
1792230
1792231
1792232
1792233
1792234
1792235
1792236
1792237
1792238
1792239
1792240
1792241
1792242
1792243
1792244
1792245
1792246
1792247
1792248
1792249
1792250
1792251
1792252
1792253
1792254
1792255
1792256
1792257
1792258
1792259
1792260
1792261
1792262
1792263
1792264
1792265
1792266
1792267
1792268
1792269
1792270
1792271
1792272
1792273
1792274
1792275
1792276
1792277
1792278
1792279
1792280
1792281
1792282
1792283
1792284
1792285
1792286
1792287
1792288
1792289
1792290
1792291
1792292
1792293
1792294
1792295
1792296
1792297
1792298
1792299
1792300
1792301
1792302
1792303
1792304
1792305
1792306
1792307
1792308
1792309
1792310
1792311
1792312
1792313
1792314
1792315
1792316
1792317
1792318
1792319
1792320
1792321
1792322
1792323
1792324
1792325
1792326
1792327
1792328
1792329
1792330
1792331
1792332
1792333
1792334
1792335
1792336
1792337
1792338
1792339
1792340
1792341
1792342
1792343
1792344
1792345
1792346
1792347
1792348
1792349
1792350
1792351
1792352
1792353
1792354
1792355
1792356
1792357
1792358
1792359
1792360
1792361
1792362
1792363
1792364
1792365
1792366
1792367
1792368
1792369
1792370
1792371
1792372
1792373
1792374
1792375
1792376
1792377
1792378
1792379
1792380
1792381
1792382
1792383
1792384
1792385
1792386
1792387
1792388
1792389
1792390
1792391
1792392
1792393
1792394
1792395
1792396
1792397
1792398
1792399
1792400
1792401
1792402
1792403
1792404
1792405
1792406
1792407
1792408
1792409
1792410
1792411
1792412
1792413
1792414
1792415
1792416
1792417
1792418
1792419
1792420
1792421
1792422
1792423
1792424
1792425
1792426
1792427
1792428
1792429
1792430
1792431
1792432
1792433
1792434
1792435
1792436
1792437
1792438
1792439
1792440
1792441
1792442
1792443
1792444
1792445
1792446
1792447
1792448
1792449
1792450
1792451
1792452
1792453
1792454
1792455
1792456
1792457
1792458
1792459
1792460
1792461
1792462
1792463
1792464
1792465
1792466
1792467
1792468
1792469
1792470
1792471
1792472
1792473
1792474
1792475
1792476
1792477
1792478
1792479
1792480
1792481
1792482
1792483
1792484
1792485
1792486
1792487
1792488
1792489
1792490
1792491
1792492
1792493
1792494
1792495
1792496
1792497
1792498
1792499
1792500
1792501
1792502
1792503
1792504
1792505
1792506
1792507
1792508
1792509
1792510
1792511
1792512
1792513
1792514
1792515
1792516
1792517
1792518
1792519
1792520
1792521
1792522
1792523
1792524
1792525
1792526
1792527
1792528
1792529
1792530
1792531
1792532
1792533
1792534
1792535
1792536
1792537
1792538
1792539
1792540
1792541
1792542
1792543
1792544
1792545
1792546
1792547
1792548
1792549
1792550
1792551
1792552
1792553
1792554
1792555
1792556
1792557
1792558
1792559
1792560
1792561
1792562
1792563
1792564
1792565
1792566
1792567
1792568
1792569
1792570
1792571
1792572
1792573
1792574
1792575
1792576
1792577
1792578
1792579
1792580
1792581
1792582
1792583
1792584
1792585
1792586
1792587
1792588
1792589
1792590
1792591
1792592
1792593
1792594
1792595
1792596
1792597
1792598
1792599
1792600
1792601
1792602
1792603
1792604
1792605
1792606
1792607
1792608
1792609
1792610
1792611
1792612
1792613
1792614
1792615
1792616
1792617
1792618
1792619
1792620
1792621
1792622
1792623
1792624
1792625
1792626
1792627
1792628
1792629
1792630
1792631
1792632
1792633
1792634
1792635
1792636
1792637
1792638
1792639
1792640
1792641
1792642
1792643
1792644
1792645
1792646
1792647
1792648
1792649
1792650
1792651
1792652
1792653
1792654
1792655
1792656
1792657
1792658
1792659
1792660
1792661
1792662
1792663
1792664
1792665
1792666
1792667
1792668
1792669
1792670
1792671
1792672
1792673
1792674
1792675
1792676
1792677
1792678
1792679
1792680
1792681
1792682
1792683
1792684
1792685
1792686
1792687
1792688
1792689
1792690
1792691
1792692
1792693
1792694
1792695
1792696
1792697
1792698
1792699
1792700
1792701
1792702
1792703
1792704
1792705
1792706
1792707
1792708
1792709
1792710
1792711
1792712
1792713
1792714
1792715
1792716
1792717
1792718
1792719
1792720
1792721
1792722
1792723
1792724
1792725
1792726
1792727
1792728
1792729
1792730
1792731
1792732
1792733
1792734
1792735
1792736
1792737
1792738
1792739
1792740
1792741
1792742
1792743
1792744
1792745
1792746
1792747
1792748
1792749
1792750
1792751
1792752
1792753
1792754
1792755
1792756
1792757
1792758
1792759
1792760
1792761
1792762
1792763
1792764
1792765
1792766
1792767
1792768
1792769
1792770
1792771
1792772
1792773
1792774
1792775
1792776
1792777
1792778
1792779
1792780
1792781
1792782
1792783
1792784
1792785
1792786
1792787
1792788
1792789
1792790
1792791
1792792
1792793
1792794
1792795
1792796
1792797
1792798
1792799
1792800
1792801
1792802
1792803
1792804
1792805
1792806
1795696
1795697
1795698
1795699
1795700
1795701
1795702
1795703
1795704
1795705
1795706
1795707
1795708
1795709
1795710
1795711
1795712
1795713
1795714
1795715
1795716
1795717
1795718
1795719
1795720
1795721
1795722
1795723
1795724
1795725
1795726
1795727
1795728
1795729
1795730
1795731
1795732
1795733
1795734
1795735
1795736
1795737
1795738
1795739
1795740
1795741
1795742
1795743
1795744
1795745
1795746
1795747
1795748
1795749
1795750
1795751
1795752
1795753
1795754
1795755
1795756
1795757
1795758
1795759
1795760
1795761
1795762
1795763
1795764
1795765
1795766
1795767
1795768
1795769
1795770
1795771
1795772
1795773
1795774
1795775
1795776
1795777
1795778
1795779
1795780
1795781
1795782
1795783
1795784
1795785
1795786
1795787
1795788
1795789
1795790
1795791
1795792
1795793
1795794
1795795
1795796
1795797
1795798
1795799
1795800
1795801
1795802
1795803
1795804
1795805
1795806
1795807
1795808
1795809
1795810
1795811
1795812
1795813
1795814
1795815
1795816
1795817
1795818
1795819
1795820
1795821
1795822
1795823
1795824
1795825
1795826
1795827
1795828
1795829
1795830
1795831
1795832
1795833
1795834
1795835
1795836
1795837
1795838
1795839
1795840
1795841
1795842
1795843
1795844
1795845
1795846
1795847
1795848
1795849
1795850
1795851
1795852
1795853
1795854
1795855
1795856
1795857
1795858
1795859
1795860
1795861
1795862
1795863
1795864
1795865
1795866
1795867
1795868
1795869
1795870
1795871
1795872
1795873
1795874
1795875
1795876
1795877
1795878
1795879
1795880
1795881
1795882
1795883
1795884
1795885
1795886
1795887
1795888
1795889
1795890
1795891
1795892
1795893
1795894
1795895
1795896
1795897
1795898
1795899
1795900
1795901
1795902
1795903
1795904
1795905
1795906
1795907
1795908
1795909
1795910
1795911
1795912
1795913
1795914
1795915
1795916
1795917
1795918
1795919
1795920
1795921
1795922
1795923
1795924
1795925
1795926
1795927
1795928
1795929
1795930
1795931
1795932
1795933
1795934
1795935
1795936
1795937
1795938
1795939
1795940
1795941
1795942
1795943
1795944
1795945
1795946
1795947
1795948
1795949
1795950
1795951
1795952
1795953
1795954
1795955
1795956
1795957
1795958
1795959
1795960
1795961
1795962
1795963
1795964
1795965
1798316
1798317
1798318
1798319
1798320
1798321
1798322
1798323
1798324
1798325
1798326
1798327
1798328
1798329
1798330
1798331
1798332
1798333
1798334
1798335
1798336
1798337
1798338
1798339
1798340
1798341
1798342
1798343
1798344
1798345
1798346
1798347
1798348
1798349
1798350
1798351
1798352
1798353
1798354
1798355
1798356
1798357
1798358
1798359
1798360
1798361
1798362
1798363
1798364
1798365
1798366
1798367
1798368
1798369
1798370
1798371
1798372
1798373
1798374
1798375
1798376
1798377
1798378
1798379
1798380
1798381
1798382
1798383
1798384
1798385
1798386
1798387
1798388
1798389
1798390
1798391
1798392
1798393
1798394
1798395
1798396
1798397
1798398
1798399
1798400
1798401
1798402
1798403
1798404
1798405
1798406
1798407
1798408
1798409
1798410
1798411
1798412
1798413
1798414
1798415
1798416
1798417
1798418
1798419
1798420
1798421
1798422
1798423
1798424
1798425
1798426
1798427
1798428
1798429
1798430
1798431
1798432
1798433
1798434
1798435
1798436
1798437
1798438
1798439
1798440
1798441
1798442
1798443
1798444
1798445
1798446
1798447
1798448
1798449
1798450
1798451
1798452
1798453
1798454
1798455
1798456
1798457
1798458
1798459
1798460
1798461
1798462
1798463
1798464
1798465
1798466
1798467
1798468
1798469
1798470
1798471
1798472
1798473
1798474
1798475
1798476
1798477
1798478
1798479
1798480
1798481
1798482
1798483
1798484
1798485
1798486
1798487
1798488
1798489
1798490
1798491
1798492
1798493
1798494
1798495
1798496
1798497
1798498
1798499
1798500
1798501
1798502
1798503
1798504
1798505
1798506
1798507
1798508
1798509
1798510
1798511
1798512
1798513
1798514
1798515
1798516
1798517
1798518
1798519
1798520
1798521
1798522
1798523
1798524
1798525
1798526
1798527
1798528
1798529
1798530
1798531
1798532
1798533
1798534
1798535
1798536
1798537
1798538
1798539
1798540
1798541
1798542
1798543
1798544
1798545
1798546
1798547
1798548
1798549
1798550
1798551
1798552
1798553
1798554
1798555
1798556
1798557
1798558
1798559
1798560
1798561
1798562
1798563
1798564
1798565
1798566
1798567
1798568
1798569
1798570
1798571
1798572
1798573
1798574
1798575
320440
320441
320442
320443
320444
320445
320446
320447
320448
320449
320450
320451
320452
320453
320454
320455
320456
320457
320458
320459
320460
320461
320462
320463
320464
320465
320466
320467
320468
320469
320470
320471
320472
320473
320474
320475
320476
320477
320478
320479
320480
320481
320482
320483
320484
320485
320486
320487
320488
320489
320490
320491
320492
320493
320494
320495
320496
320497
320498
320499
320500
320501
320502
320503
320504
320505
320506
320507
320508
320509
320510
320511
320512
320513
320514
320515
320516
320517
320518
320519
320520
320521
320522
320523
320524
320525
320526
320527
320528
320529
320530
320531
320532
320533
320534
320535
320536
320537
320538
320539
320540
320541
320542
320543
320544
320545
320546
320547
320548
320549
320550
320551
320552
320553
320554
320555
320556
320557
320558
320559
320560
320561
320562
320563
320564
320565
320566
320567
320568
320569
320570
320571
320572
320573
320574
320575
320576
320577
320578
320579
320580
320581
320582
320583
320584
320585
320586
320587
320588
320589
320590
320591
320592
320593
320594
320595
320596
320597
320598
320599
320600
320601
320602
320603
320604
320605
320606
320607
320608
320609
320610
320611
320612
320613
320614
320615
320616
320617
320618
320619
320620
320621
320622
320623
320624
320625
320626
320627
320628
320629
320630
320631
320632
320633
320634
320635
320636
320637
320638
320639
320640
320641
320642
320643
320644
320645
320646
320647
320648
320649
320650
320651
320652
320653
320654
320655
320656
320657
320658
320659
320660
320661
320662
320663
320664
320665
320666
320667
320668
320669
320670
320671
320672
320673
320674
320675
320676
320677
320678
320679
320680
320681
320682
320683
320684
320685
320686
320687
320688
320689
320690
320691
320692
320693
320694
320695
320696
320697
320698
320699
320700
320701
320702
320703
320704
320705
320706
320707
320708
320709
320710
320711
320712
320713
320714
320715
320716
320717
320718
320719
320720
320721
320722
320723
320724
320725
320726
320727
320728
320729
320730
320731
320732
320733
320734
320735
320736
320737
320738
320739
320740
320741
320742
320743
320744
320745
320746
320747
320748
320749
320750
320751
320752
320753
320754
320755
320756
320757
320758
320759
320760
320761
320762
320763
320764
320765
320766
320767
320768
320769
320770
320771
320772
320773
320774
320775
320776
320777
320778
320779
320780
320781
320782
320783
320784
320785
320786
320787
320788
320789
320790
320791
320792
320793
320794
320795
320796
320797
320798
320799
320800
320801
320802
320803
320804
320805
320806
320807
320808
320809
320810
320811
320812
320813
320814
320815
320816
320817
320818
320819
320820
320821
320822
320823
320824
320825
320826
320827
320828
320829
320830
320831
320832
320833
320834
320835
320836
320837
320838
320839
320840
320841
320842
320843
320844
320845
320846
320847
320848
320849
320850
320851
320852
320853
320854
320855
320856
320857
320858
320859
320860
320861
320862
320863
320864
320865
320866
320867
320868
320869
320870
320871
320872
320873
320874
320875
320876
320877
320878
320879
320880
320881
320882
320883
320884
320885
320886
320887
320888
320889
320890
320891
320892
320893
320894
320895
320896
320897
320898
320899
320900
320901
320902
320903
320904
320905
320906
320907
320908
320909
320910
320911
320912
320913
320914
320915
320916
320917
320918
320919
320920
320921
320922
320923
320924
320925
320926
320927
320928
320929
320930
320931
320932
320933
320934
320935
320936
320937
320938
320939
320940
320941
320942
320943
320944
320945
320946
320947
320948
320949
320950
320951
320952
320953
320954
320955
320956
320957
320958
320959
320960
320961
320962
320963
320964
320965
320966
320967
320968
320969
320970
320971
320972
320973
320974
320975
320976
320977
320978
320979
320980
320981
320982
320983
320984
320985
320986
320987
320988
320989
320990
320991
320992
320993
320994
320995
320996
320997
320998
320999
321000
321001
321002
321003
321004
321005
321006
321007
321008
321009
321010
321011
321012
321013
321014
321015
321016
321017
321018
321019
321020
321021
321022
321023
321024
321025
321026
321027
321028
321029
321030
321031
321032
321033
321034
321035
321036
321037
321038
321039
321040
321041
321042
321043
321044
321045
321046
321047
321048
321049
321050
321051
321052
321053
321054
321055
321056
321057
321058
321059
321060
321061
321062
321063
321064
321065
321066
321067
321068
321069
321070
321071
321072
321073
321074
321075
321076
321077
321078
321079
321080
321081
321082
321083
321084
321085
321086
321087
321088
321089
321090
321091
321092
321093
321094
321095
321096
321097
321098
321099
321100
321101
321102
321103
321104
321105
321106
321107
321108
321109
321110
321111
321112
321113
321114
321115
321116
321117
321118
321119
321120
321121
321122
321123
321124
321125
321126
321127
321128
321129
321130
321131
321132
321133
321134
321135
321136
321137
321138
321139
321140
321141
321142
321143
321144
321145
321146
321147
321148
321149
321150
321151
321152
321153
321154
321155
321156
321157
321158
321159
321160
321161
321162
321163
321164
321165
321166
321167
321168
321169
321170
321171
321172
321173
321174
321175
321176
321177
321178
321179
321180
321181
321182
321183
321184
321185
321186
321187
321188
321189
321190
321191
321192
321193
321194
321195
321196
321197
321198
321199
321200
321201
321202
321203
321204
321205
321206
321207
321208
321209
321210
321211
321212
321213
321214
321215
321216
321217
321218
321219
321220
321221
321222
321223
323744
323745
323746
323747
323748
323749
323750
323751
323752
323753
323754
323755
323756
323757
323758
323759
323760
323761
323762
323763
323764
323765
323766
323767
323768
323769
323770
323771
323772
323773
323774
323775
323776
323777
323778
323779
323780
323781
323782
323783
323784
323785
323786
323787
323788
323789
323790
323791
323792
323793
323794
323795
323796
323797
323798
323799
323800
323801
323802
323803
323804
323805
323806
323807
323808
323809
323810
323811
323812
323813
323814
323815
323816
323817
323818
323819
323820
323821
323822
323823
323824
323825
323826
323827
323828
323829
323830
323831
323832
323833
323834
323835
323836
323837
323838
323839
323840
323841
323842
323843
323844
323845
323846
323847
323848
323849
323850
323851
323852
323853
323854
323855
323856
323857
323858
323859
323860
323861
323862
323863
323864
323865
323866
323867
323868
323869
323870
323871
323872
323873
323874
323875
323876
323877
323878
323879
323880
323881
323882
323883
323884
323885
323886
323887
323888
323889
323890
323891
323892
323893
323894
323895
323896
323897
323898
323899
323900
323901
323902
323903
323904
323905
323906
323907
323908
323909
323910
323911
323912
323913
323914
323915
323916
323917
323918
323919
323920
323921
323922
323923
323924
323925
323926
323927
323928
323929
323930
323931
323932
323933
323934
323935
323936
323937
323938
323939
323940
323941
323942
323943
323944
323945
323946
323947
323948
323949
323950
323951
323952
323953
323954
323955
323956
323957
323958
323959
323960
323961
323962
323963
323964
323965
323966
323967
323968
323969
323970
323971
323972
323973
323974
323975
323976
323977
323978
323979
323980
323981
323982
323983
323984
323985
323986
323987
323988
323989
323990
323991
323992
323993
323994
323995
323996
323997
323998
323999
324000
324001
324002
324003
324004
324005
324006
324007
324008
324009
324010
324011
324012
324013
324014
324015
324016
324017
324018
324019
324020
324021
324022
324023
326454
326455
326456
326457
326458
326459
326460
326461
326462
326463
326464
326465
326466
326467
326468
326469
326470
326471
326472
326473
326474
326475
326476
326477
326478
326479
326480
326481
326482
326483
326484
326485
326486
326487
326488
326489
326490
326491
326492
326493
326494
326495
326496
326497
326498
326499
326500
326501
326502
326503
326504
326505
326506
326507
326508
326509
326510
326511
326512
326513
326514
326515
326516
326517
326518
326519
326520
326521
326522
326523
326524
326525
326526
326527
326528
326529
326530
326531
326532
326533
326534
326535
326536
326537
326538
326539
326540
326541
326542
326543
326544
326545
326546
326547
326548
326549
326550
326551
326552
326553
326554
326555
326556
326557
326558
326559
326560
326561
326562
326563
326564
326565
326566
326567
326568
326569
326570
326571
326572
326573
326574
326575
326576
326577
326578
326579
326580
326581
326582
326583
326584
326585
326586
326587
326588
326589
326590
326591
326592
326593
326594
326595
326596
326597
326598
326599
326600
326601
326602
326603
326604
326605
326606
326607
326608
326609
326610
326611
326612
326613
326614
326615
326616
326617
326618
326619
326620
326621
326622
326623
326624
326625
326626
326627
326628
326629
326630
326631
326632
326633
326634
326635
326636
326637
326638
326639
326640
326641
326642
326643
326644
326645
326646
326647
326648
326649
326650
326651
326652
326653
326654
326655
326656
326657
326658
326659
326660
326661
326662
326663
326664
326665
326666
326667
326668
326669
326670
326671
326672
326673
326674
326675
326676
326677
326678
326679
326680
326681
326682
326683
326684
326685
326686
326687
326688
326689
326690
326691
326692
326693
326694
326695
326696
326697
326698
326699
326700
326701
326702
326703
326704
326705
326706
326707
326708
326709
326710
326711
326712
326713
326714
326715
326716
326717
326718
326719
326720
326721
326722
326723
816180
816181
816182
816183
816184
816185
816186
816187
816188
816189
816190
816191
816192
816193
816194
816195
816196
816197
816198
816199
816200
816201
816202
816203
816204
816205
816206
816207
816208
816209
816210
816211
816212
816213
816214
816215
816216
816217
816218
816219
816220
816221
816222
816223
816224
816225
816226
816227
816228
816229
816230
816231
816232
816233
816234
816235
816236
816237
816238
816239
816240
816241
816242
816243
816244
816245
816246
816247
816248
816249
816250
816251
816252
816253
816254
816255
816256
816257
816258
816259
816260
816261
816262
816263
816264
816265
816266
816267
816268
816269
816270
816271
816272
816273
816274
816275
816276
816277
816278
816279
816280
816281
816282
816283
816284
816285
816286
816287
816288
816289
816290
816291
816292
816293
816294
816295
816296
816297
816298
816299
816300
816301
816302
816303
816304
816305
816306
816307
816308
816309
816310
816311
816312
816313
816314
816315
816316
816317
816318
816319
816320
816321
816322
816323
816324
816325
816326
816327
816328
816329
816330
816331
816332
816333
816334
816335
816336
816337
816338
816339
816340
816341
816342
816343
816344
816345
816346
816347
816348
816349
816350
816351
816352
816353
816354
816355
816356
816357
816358
816359
816360
816361
816362
816363
816364
816365
816366
816367
816368
816369
816370
816371
816372
816373
816374
816375
816376
816377
816378
816379
816380
816381
816382
816383
816384
816385
816386
816387
816388
816389
816390
816391
816392
816393
816394
816395
816396
816397
816398
816399
816400
816401
816402
816403
816404
816405
816406
816407
816408
816409
816410
816411
816412
816413
816414
816415
816416
816417
816418
816419
816420
816421
816422
816423
816424
816425
816426
816427
816428
816429
816430
816431
816432
816433
816434
816435
816436
816437
816438
816439
816440
816441
816442
816443
816444
816445
816446
816447
816448
816449
816450
816451
816452
816453
816454
816455
816456
816457
816458
816459
816460
816461
816462
816463
816464
816465
816466
816467
816468
816469
816470
816471
816472
816473
816474
816475
816476
816477
816478
816479
816480
816481
816482
816483
816484
816485
816486
816487
816488
816489
816490
816491
816492
816493
816494
816495
816496
816497
816498
816499
816500
816501
816502
816503
816504
816505
816506
816507
816508
816509
816510
816511
816512
816513
816514
816515
816516
816517
816518
816519
816520
816521
816522
816523
816524
816525
816526
816527
816528
816529
816530
816531
816532
816533
816534
816535
816536
816537
816538
816539
816540
816541
816542
816543
816544
816545
816546
816547
816548
816549
816550
816551
816552
816553
816554
816555
816556
816557
816558
816559
816560
816561
816562
816563
816564
816565
816566
816567
816568
816569
816570
816571
816572
816573
816574
816575
816576
816577
816578
816579
816580
816581
816582
816583
816584
816585
816586
816587
816588
816589
816590
816591
816592
816593
816594
816595
816596
816597
816598
816599
816600
816601
816602
816603
816604
816605
816606
816607
816608
816609
816610
816611
816612
816613
816614
816615
816616
816617
816618
816619
816620
816621
816622
816623
816624
816625
816626
816627
816628
816629
816630
816631
816632
816633
816634
816635
816636
816637
816638
816639
816640
816641
816642
816643
816644
816645
816646
816647
816648
816649
816650
816651
816652
816653
816654
816655
816656
816657
816658
816659
816660
816661
816662
816663
816664
816665
816666
816667
816668
816669
816670
816671
816672
816673
816674
816675
816676
816677
816678
816679
816680
816681
816682
816683
816684
816685
816686
816687
816688
816689
816690
816691
816692
816693
816694
816695
816696
816697
816698
816699
816700
816701
816702
816703
816704
816705
816706
816707
816708
816709
816710
816711
816712
816713
816714
816715
816716
816717
816718
816719
816720
816721
816722
816723
816724
816725
816726
816727
816728
816729
816730
816731
816732
816733
816734
816735
816736
816737
816738
816739
816740
816741
816742
816743
816744
816745
816746
816747
816748
816749
816750
816751
816752
816753
816754
816755
816756
816757
816758
816759
816760
816761
816762
816763
816764
816765
816766
816767
816768
816769
816770
816771
816772
816773
816774
816775
816776
816777
816778
816779
816780
816781
816782
816783
816784
816785
816786
816787
816788
816789
816790
816791
816792
816793
816794
816795
816796
816797
816798
816799
816800
816801
816802
816803
816804
816805
816806
816807
816808
816809
816810
816811
816812
816813
816814
816815
816816
816817
816818
816819
816820
816821
816822
816823
816824
816825
816826
816827
816828
816829
816830
816831
816832
816833
816834
816835
816836
816837
816838
816839
816840
816841
816842
816843
816844
816845
816846
816847
816848
816849
816850
816851
816852
816853
816854
816855
816856
816857
816858
816859
816860
816861
816862
816863
816864
816865
816866
816867
816868
816869
816870
816871
816872
816873
816874
816875
816876
816877
816878
816879
816880
816881
816882
816883
816884
816885
816886
816887
816888
816889
816890
816891
816892
816893
816894
816895
816896
816897
816898
816899
816900
816901
816902
816903
816904
816905
816906
816907
816908
816909
816910
816911
816912
816913
816914
816915
816916
816917
816918
816919
816920
816921
816922
816923
816924
816925
816926
816927
816928
816929
816930
816931
816932
816933
816934
816935
819456
819457
819458
819459
819460
819461
819462
819463
819464
819465
819466
819467
819468
819469
819470
819471
819472
819473
819474
819475
819476
819477
819478
819479
819480
819481
819482
819483
819484
819485
819486
819487
819488
819489
819490
819491
819492
819493
819494
819495
819496
819497
819498
819499
819500
819501
819502
819503
819504
819505
819506
819507
819508
819509
819510
819511
819512
819513
819514
819515
819516
819517
819518
819519
819520
819521
819522
819523
819524
819525
819526
819527
819528
819529
819530
819531
819532
819533
819534
819535
819536
819537
819538
819539
819540
819541
819542
819543
819544
819545
819546
819547
819548
819549
819550
819551
819552
819553
819554
819555
819556
819557
819558
819559
819560
819561
819562
819563
819564
819565
819566
819567
819568
819569
819570
819571
819572
819573
819574
819575
819576
819577
819578
819579
819580
819581
819582
819583
819584
819585
819586
819587
819588
819589
819590
819591
819592
819593
819594
819595
819596
819597
819598
819599
819600
819601
819602
819603
819604
819605
819606
819607
819608
819609
819610
819611
819612
819613
819614
819615
819616
819617
819618
819619
819620
819621
819622
819623
819624
819625
819626
819627
819628
819629
819630
819631
819632
819633
819634
819635
819636
819637
819638
819639
819640
819641
819642
819643
819644
819645
819646
819647
819648
819649
819650
819651
819652
819653
819654
819655
819656
819657
819658
819659
819660
819661
819662
819663
819664
819665
819666
819667
819668
819669
819670
819671
819672
819673
819674
819675
819676
819677
819678
819679
819680
819681
819682
819683
819684
819685
819686
819687
819688
819689
819690
819691
819692
819693
819694
819695
819696
819697
819698
819699
819700
819701
819702
819703
819704
819705
819706
819707
819708
819709
819710
819711
819712
819713
819714
819715
819716
819717
819718
819719
819720
819721
819722
819723
819724
819725
819726
819727
819728
819729
819730
819731
819732
819733
819734
819735
822076
822077
822078
822079
822080
822081
822082
822083
822084
822085
822086
822087
822088
822089
822090
822091
822092
822093
822094
822095
822096
822097
822098
822099
822100
822101
822102
822103
822104
822105
822106
822107
822108
822109
822110
822111
822112
822113
822114
822115
822116
822117
822118
822119
822120
822121
822122
822123
822124
822125
822126
822127
822128
822129
822130
822131
822132
822133
822134
822135
822136
822137
822138
822139
822140
822141
822142
822143
822144
822145
822146
822147
822148
822149
822150
822151
822152
822153
822154
822155
822156
822157
822158
822159
822160
822161
822162
822163
822164
822165
822166
822167
822168
822169
822170
822171
822172
822173
822174
822175
822176
822177
822178
822179
822180
822181
822182
822183
822184
822185
822186
822187
822188
822189
822190
822191
822192
822193
822194
822195
822196
822197
822198
822199
822200
822201
822202
822203
822204
822205
822206
822207
822208
822209
822210
822211
822212
822213
822214
822215
822216
822217
822218
822219
822220
822221
822222
822223
822224
822225
822226
822227
822228
822229
822230
822231
822232
822233
822234
822235
822236
822237
822238
822239
822240
822241
822242
822243
822244
822245
822246
822247
822248
822249
822250
822251
822252
822253
822254
822255
822256
822257
822258
822259
822260
822261
822262
822263
822264
822265
822266
822267
822268
822269
822270
822271
822272
822273
822274
822275
822276
822277
822278
822279
822280
822281
822282
822283
822284
822285
822286
822287
822288
822289
822290
822291
822292
822293
822294
822295
822296
822297
822298
822299
822300
822301
822302
822303
822304
822305
822306
822307
822308
822309
822310
822311
822312
822313
822314
822315
822316
822317
822318
822319
822320
822321
822322
822323
822324
822325
822326
822327
822328
822329
822330
822331
822332
822333
822334
822335
1308012
1308013
1308014
1308015
1308016
1308017
1308018
1308019
1308020
1308021
1308022
1308023
1308024
1308025
1308026
1308027
1308028
1308029
1308030
1308031
1308032
1308033
1308034
1308035
1308036
1308037
1308038
1308039
1308040
1308041
1308042
1308043
1308044
1308045
1308046
1308047
1308048
1308049
1308050
1308051
1308052
1308053
1308054
1308055
1308056
1308057
1308058
1308059
1308060
1308061
1308062
1308063
1308064
1308065
1308066
1308067
1308068
1308069
1308070
1308071
1308072
1308073
1308074
1308075
1308076
1308077
1308078
1308079
1308080
1308081
1308082
1308083
1308084
1308085
1308086
1308087
1308088
1308089
1308090
1308091
1308092
1308093
1308094
1308095
1308096
1308097
1308098
1308099
1308100
1308101
1308102
1308103
1308104
1308105
1308106
1308107
1308108
1308109
1308110
1308111
1308112
1308113
1308114
1308115
1308116
1308117
1308118
1308119
1308120
1308121
1308122
1308123
1308124
1308125
1308126
1308127
1308128
1308129
1308130
1308131
1308132
1308133
1308134
1308135
1308136
1308137
1308138
1308139
1308140
1308141
1308142
1308143
1308144
1308145
1308146
1308147
1308148
1308149
1308150
1308151
1308152
1308153
1308154
1308155
1308156
1308157
1308158
1308159
1308160
1308161
1308162
1308163
1308164
1308165
1308166
1308167
1308168
1308169
1308170
1308171
1308172
1308173
1308174
1308175
1308176
1308177
1308178
1308179
1308180
1308181
1308182
1308183
1308184
1308185
1308186
1308187
1308188
1308189
1308190
1308191
1308192
1308193
1308194
1308195
1308196
1308197
1308198
1308199
1308200
1308201
1308202
1308203
1308204
1308205
1308206
1308207
1308208
1308209
1308210
1308211
1308212
1308213
1308214
1308215
1308216
1308217
1308218
1308219
1308220
1308221
1308222
1308223
1308224
1308225
1308226
1308227
1308228
1308229
1308230
1308231
1308232
1308233
1308234
1308235
1308236
1308237
1308238
1308239
1308240
1308241
1308242
1308243
1308244
1308245
1308246
1308247
1308248
1308249
1308250
1308251
1308252
1308253
1308254
1308255
1308256
1308257
1308258
1308259
1308260
1308261
1308262
1308263
1308264
1308265
1308266
1308267
1308268
1308269
1308270
1308271
1308272
1308273
1308274
1308275
1308276
1308277
1308278
1308279
1308280
1308281
1308282
1308283
1308284
1308285
1308286
1308287
1308288
1308289
1308290
1308291
1308292
1308293
1308294
1308295
1308296
1308297
1308298
1308299
1308300
1308301
1308302
1308303
1308304
1308305
1308306
1308307
1308308
1308309
1308310
1308311
1308312
1308313
1308314
1308315
1308316
1308317
1308318
1308319
1308320
1308321
1308322
1308323
1308324
1308325
1308326
1308327
1308328
1308329
1308330
1308331
1308332
1308333
1308334
1308335
1308336
1308337
1308338
1308339
1308340
1308341
1308342
1308343
1308344
1308345
1308346
1308347
1308348
1308349
1308350
1308351
1308352
1308353
1308354
1308355
1308356
1308357
1308358
1308359
1308360
1308361
1308362
1308363
1308364
1308365
1308366
1308367
1308368
1308369
1308370
1308371
1308372
1308373
1308374
1308375
1308376
1308377
1308378
1308379
1308380
1308381
1308382
1308383
1308384
1308385
1308386
1308387
1308388
1308389
1308390
1308391
1308392
1308393
1308394
1308395
1308396
1308397
1308398
1308399
1308400
1308401
1308402
1308403
1308404
1308405
1308406
1308407
1308408
1308409
1308410
1308411
1308412
1308413
1308414
1308415
1308416
1308417
1308418
1308419
1308420
1308421
1308422
1308423
1308424
1308425
1308426
1308427
1308428
1308429
1308430
1308431
1308432
1308433
1308434
1308435
1308436
1308437
1308438
1308439
1308440
1308441
1308442
1308443
1308444
1308445
1308446
1308447
1308448
1308449
1308450
1308451
1308452
1308453
1308454
1308455
1308456
1308457
1308458
1308459
1308460
1308461
1308462
1308463
1308464
1308465
1308466
1308467
1308468
1308469
1308470
1308471
1308472
1308473
1308474
1308475
1308476
1308477
1308478
1308479
1308480
1308481
1308482
1308483
1308484
1308485
1308486
1308487
1308488
1308489
1308490
1308491
1308492
1308493
1308494
1308495
1308496
1308497
1308498
1308499
1308500
1308501
1308502
1308503
1308504
1308505
1308506
1308507
1308508
1308509
1308510
1308511
1308512
1308513
1308514
1308515
1308516
1308517
1308518
1308519
1308520
1308521
1308522
1308523
1308524
1308525
1308526
1308527
1308528
1308529
1308530
1308531
1308532
1308533
1308534
1308535
1308536
1308537
1308538
1308539
1308540
1308541
1308542
1308543
1308544
1308545
1308546
1308547
1308548
1308549
1308550
1308551
1308552
1308553
1308554
1308555
1308556
1308557
1308558
1308559
1308560
1308561
1308562
1308563
1308564
1308565
1308566
1308567
1308568
1308569
1308570
1308571
1308572
1308573
1308574
1308575
1308576
1308577
1308578
1308579
1308580
1308581
1308582
1308583
1308584
1308585
1308586
1308587
1308588
1308589
1308590
1308591
1308592
1308593
1308594
1308595
1308596
1308597
1308598
1308599
1308600
1308601
1308602
1308603
1308604
1308605
1308606
1308607
1308608
1308609
1308610
1308611
1308612
1308613
1308614
1308615
1308616
1308617
1308618
1308619
1308620
1308621
1308622
1308623
1308624
1308625
1308626
1308627
1308628
1308629
1308630
1308631
1308632
1308633
1308634
1308635
1308636
1308637
1308638
1308639
1308640
1308641
1308642
1308643
1308644
1308645
1308646
1308647
1308648
1308649
1308650
1308651
1308652
1308653
1308654
1308655
1308656
1308657
1308658
1308659
1308660
1308661
1308662
1308663
1308664
1308665
1308666
1308667
1308668
1308669
1308670
1308671
1308672
1308673
1308674
1308675
1308676
1308677
1308678
1308679
1308680
1308681
1308682
1308683
1308684
1308685
1308686
1308687
1308688
1308689
1308690
1308691
1308692
1308693
1308694
1308695
1308696
1308697
1308698
1308699
1308700
1308701
1308702
1308703
1308704
1308705
1308706
1308707
1308708
1308709
1308710
1308711
1308712
1308713
1308714
1308715
1308716
1308717
1308718
1308719
1308720
1308721
1308722
1308723
1308724
1308725
1308726
1308727
1308728
1308729
1308730
1308731
1308732
1308733
1308734
1308735
1308736
1308737
1308738
1308739
1308740
1308741
1308742
1308743
1308744
1308745
1308746
1308747
1308748
1308749
1308750
1308751
1308752
1308753
1308754
1308755
1308756
1308757
1308758
1308759
1308760
1308761
1308762
1308763
1308764
1308765
1308766
1308767
1311198
1311199
1311200
1311201
1311202
1311203
1311204
1311205
1311206
1311207
1311208
1311209
1311210
1311211
1311212
1311213
1311214
1311215
1311216
1311217
1311218
1311219
1311220
1311221
1311222
1311223
1311224
1311225
1311226
1311227
1311228
1311229
1311230
1311231
1311232
1311233
1311234
1311235
1311236
1311237
1311238
1311239
1311240
1311241
1311242
1311243
1311244
1311245
1311246
1311247
1311248
1311249
1311250
1311251
1311252
1311253
1311254
1311255
1311256
1311257
1311258
1311259
1311260
1311261
1311262
1311263
1311264
1311265
1311266
1311267
1311268
1311269
1311270
1311271
1311272
1311273
1311274
1311275
1311276
1311277
1311278
1311279
1311280
1311281
1311282
1311283
1311284
1311285
1311286
1311287
1311288
1311289
1311290
1311291
1311292
1311293
1311294
1311295
1311296
1311297
1311298
1311299
1311300
1311301
1311302
1311303
1311304
1311305
1311306
1311307
1311308
1311309
1311310
1311311
1311312
1311313
1311314
1311315
1311316
1311317
1311318
1311319
1311320
1311321
1311322
1311323
1311324
1311325
1311326
1311327
1311328
1311329
1311330
1311331
1311332
1311333
1311334
1311335
1311336
1311337
1311338
1311339
1311340
1311341
1311342
1311343
1311344
1311345
1311346
1311347
1311348
1311349
1311350
1311351
1311352
1311353
1311354
1311355
1311356
1311357
1311358
1311359
1311360
1311361
1311362
1311363
1311364
1311365
1311366
1311367
1311368
1311369
1311370
1311371
1311372
1311373
1311374
1311375
1311376
1311377
1311378
1311379
1311380
1311381
1311382
1311383
1311384
1311385
1311386
1311387
1311388
1311389
1311390
1311391
1311392
1311393
1311394
1311395
1311396
1311397
1311398
1311399
1311400
1311401
1311402
1311403
1311404
1311405
1311406
1311407
1311408
1311409
1311410
1311411
1311412
1311413
1311414
1311415
1311416
1311417
1311418
1311419
1311420
1311421
1311422
1311423
1311424
1311425
1311426
1311427
1311428
1311429
1311430
1311431
1311432
1311433
1311434
1311435
1311436
1311437
1311438
1311439
1311440
1311441
1311442
1311443
1311444
1311445
1311446
1311447
1311448
1311449
1311450
1311451
1311452
1311453
1311454
1311455
1311456
1311457
1311458
1311459
1311460
1311461
1311462
1311463
1311464
1311465
1311466
1311467
1313898
1313899
1313900
1313901
1313902
1313903
1313904
1313905
1313906
1313907
1313908
1313909
1313910
1313911
1313912
1313913
1313914
1313915
1313916
1313917
1313918
1313919
1313920
1313921
1313922
1313923
1313924
1313925
1313926
1313927
1313928
1313929
1313930
1313931
1313932
1313933
1313934
1313935
1313936
1313937
1313938
1313939
1313940
1313941
1313942
1313943
1313944
1313945
1313946
1313947
1313948
1313949
1313950
1313951
1313952
1313953
1313954
1313955
1313956
1313957
1313958
1313959
1313960
1313961
1313962
1313963
1313964
1313965
1313966
1313967
1313968
1313969
1313970
1313971
1313972
1313973
1313974
1313975
1313976
1313977
1313978
1313979
1313980
1313981
1313982
1313983
1313984
1313985
1313986
1313987
1313988
1313989
1313990
1313991
1313992
1313993
1313994
1313995
1313996
1313997
1313998
1313999
1314000
1314001
1314002
1314003
1314004
1314005
1314006
1314007
1314008
1314009
1314010
1314011
1314012
1314013
1314014
1314015
1314016
1314017
1314018
1314019
1314020
1314021
1314022
1314023
1314024
1314025
1314026
1314027
1314028
1314029
1314030
1314031
1314032
1314033
1314034
1314035
1314036
1314037
1314038
1314039
1314040
1314041
1314042
1314043
1314044
1314045
1314046
1314047
1314048
1314049
1314050
1314051
1314052
1314053
1314054
1314055
1314056
1314057
1314058
1314059
1314060
1314061
1314062
1314063
1314064
1314065
1314066
1314067
1314068
1314069
1314070
1314071
1314072
1314073
1314074
1314075
1314076
1314077
1314078
1314079
1314080
1314081
1314082
1314083
1314084
1314085
1314086
1314087
1314088
1314089
1314090
1314091
1314092
1314093
1314094
1314095
1314096
1314097
1314098
1314099
1314100
1314101
1314102
1314103
1314104
1314105
1314106
1314107
1314108
1314109
1314110
1314111
1314112
1314113
1314114
1314115
1314116
1314117
1314118
1314119
1314120
1314121
1314122
1314123
1314124
1314125
1314126
1314127
1314128
1314129
1314130
1314131
1314132
1314133
1314134
1314135
1314136
1314137
1314138
1314139
1314140
1314141
1314142
1314143
1314144
1314145
1314146
1314147
1314148
1314149
1314150
1314151
1314152
1314153
1314154
1314155
1314156
1314157
1314158
1314159
1314160
1314161
1314162
1314163
1314164
1314165
1314166
1314167
1792807
1792808
1792809
1792810
1792811
1792812
1792813
1792814
1792815
1792816
1792817
1792818
1792819
1792820
1792821
1792822
1792823
1792824
1792825
1792826
1792827
1792828
1792829
1792830
1792831
1792832
1792833
1792834
1792835
1792836
1792837
1792838
1792839
1792840
1792841
1792842
1792843
1792844
1792845
1792846
1792847
1792848
1792849
1792850
1792851
1792852
1792853
1792854
1792855
1792856
1792857
1792858
1792859
1792860
1792861
1792862
1792863
1792864
1792865
1792866
1792867
1792868
1792869
1792870
1792871
1792872
1792873
1792874
1792875
1792876
1792877
1792878
1792879
1792880
1792881
1792882
1792883
1792884
1792885
1792886
1792887
1792888
1792889
1792890
1792891
1792892
1792893
1792894
1792895
1792896
1792897
1792898
1792899
1792900
1792901
1792902
1792903
1792904
1792905
1792906
1792907
1792908
1792909
1792910
1792911
1792912
1792913
1792914
1792915
1792916
1792917
1792918
1792919
1792920
1792921
1792922
1792923
1792924
1792925
1792926
1792927
1792928
1792929
1792930
1792931
1792932
1792933
1792934
1792935
1792936
1792937
1792938
1792939
1792940
1792941
1792942
1792943
1792944
1792945
1792946
1792947
1792948
1792949
1792950
1792951
1792952
1792953
1792954
1792955
1792956
1792957
1792958
1792959
1792960
1792961
1792962
1792963
1792964
1792965
1792966
1792967
1792968
1792969
1792970
1792971
1792972
1792973
1792974
1792975
1792976
1792977
1792978
1792979
1792980
1792981
1792982
1792983
1792984
1792985
1792986
1792987
1792988
1792989
1792990
1792991
1792992
1792993
1792994
1792995
1792996
1792997
1792998
1792999
1793000
1793001
1793002
1793003
1793004
1793005
1793006
1793007
1793008
1793009
1793010
1793011
1793012
1793013
1793014
1793015
1793016
1793017
1793018
1793019
1793020
1793021
1793022
1793023
1793024
1793025
1793026
1793027
1793028
1793029
1793030
1793031
1793032
1793033
1793034
1793035
1793036
1793037
1793038
1793039
1793040
1793041
1793042
1793043
1793044
1793045
1793046
1793047
1793048
1793049
1793050
1793051
1793052
1793053
1793054
1793055
1793056
1793057
1793058
1793059
1793060
1793061
1793062
1793063
1793064
1793065
1793066
1793067
1793068
1793069
1793070
1793071
1793072
1793073
1793074
1793075
1793076
1793077
1793078
1793079
1793080
1793081
1793082
1793083
1793084
1793085
1793086
1793087
1793088
1793089
1793090
1793091
1793092
1793093
1793094
1793095
1793096
1793097
1793098
1793099
1793100
1793101
1793102
1793103
1793104
1793105
1793106
1793107
1793108
1793109
1793110
1793111
1793112
1793113
1793114
1793115
1793116
1793117
1793118
1793119
1793120
1793121
1793122
1793123
1793124
1793125
1793126
1793127
1793128
1793129
1793130
1793131
1793132
1793133
1793134
1793135
1793136
1793137
1793138
1793139
1793140
1793141
1793142
1793143
1793144
1793145
1793146
1793147
1793148
1793149
1793150
1793151
1793152
1793153
1793154
1793155
1793156
1793157
1793158
1793159
1793160
1793161
1793162
1793163
1793164
1793165
1793166
1793167
1793168
1793169
1793170
1793171
1793172
1793173
1793174
1793175
1793176
1793177
1793178
1793179
1793180
1793181
1793182
1793183
1793184
1793185
1793186
1793187
1793188
1793189
1793190
1793191
1793192
1793193
1793194
1793195
1793196
1793197
1793198
1793199
1793200
1793201
1793202
1793203
1793204
1793205
1793206
1793207
1793208
1793209
1793210
1793211
1793212
1793213
1793214
1793215
1793216
1793217
1793218
1793219
1793220
1793221
1793222
1793223
1793224
1793225
1793226
1793227
1793228
1793229
1793230
1793231
1793232
1793233
1793234
1793235
1793236
1793237
1793238
1793239
1793240
1793241
1793242
1793243
1793244
1793245
1793246
1793247
1793248
1793249
1793250
1793251
1793252
1793253
1793254
1793255
1793256
1793257
1793258
1793259
1793260
1793261
1793262
1793263
1793264
1793265
1793266
1793267
1793268
1793269
1793270
1793271
1793272
1793273
1793274
1793275
1793276
1793277
1793278
1793279
1793280
1793281
1793282
1793283
1793284
1793285
1793286
1793287
1793288
1793289
1793290
1793291
1793292
1793293
1793294
1793295
1793296
1793297
1793298
1793299
1793300
1793301
1793302
1793303
1793304
1793305
1793306
1793307
1793308
1793309
1793310
1793311
1793312
1793313
1793314
1793315
1793316
1793317
1793318
1793319
1793320
1793321
1793322
1793323
1793324
1793325
1793326
1793327
1793328
1793329
1793330
1793331
1793332
1793333
1793334
1793335
1793336
1793337
1793338
1793339
1793340
1793341
1793342
1793343
1793344
1793345
1793346
1793347
1793348
1793349
1793350
1793351
1793352
1793353
1793354
1793355
1793356
1793357
1793358
1793359
1793360
1793361
1793362
1793363
1793364
1793365
1793366
1793367
1793368
1793369
1793370
1793371
1793372
1793373
1793374
1793375
1793376
1793377
1793378
1793379
1793380
1793381
1793382
1793383
1793384
1793385
1793386
1793387
1793388
1793389
1793390
1793391
1793392
1793393
1793394
1793395
1793396
1793397
1793398
1793399
1793400
1793401
1793402
1793403
1793404
1793405
1793406
1793407
1793408
1793409
1793410
1793411
1793412
1793413
1793414
1793415
1793416
1793417
1793418
1793419
1793420
1793421
1793422
1793423
1793424
1793425
1793426
1793427
1793428
1793429
1793430
1793431
1793432
1793433
1793434
1793435
1793436
1793437
1793438
1793439
1793440
1793441
1793442
1793443
1793444
1793445
1793446
1793447
1793448
1793449
1793450
1793451
1793452
1793453
1793454
1793455
1793456
1793457
1793458
1793459
1793460
1793461
1793462
1793463
1793464
1793465
1793466
1793467
1793468
1793469
1793470
1793471
1793472
1793473
1793474
1793475
1793476
1793477
1793478
1793479
1793480
1793481
1793482
1793483
1793484
1793485
1793486
1793487
1793488
1793489
1793490
1793491
1793492
1793493
1793494
1793495
1793496
1793497
1793498
1793499
1793500
1793501
1793502
1793503
1793504
1793505
1793506
1793507
1793508
1793509
1793510
1793511
1793512
1793513
1793514
1793515
1793516
1793517
1793518
1793519
1793520
1793521
1793522
1793523
1793524
1793525
1793526
1793527
1793528
1793529
1793530
1793531
1793532
1793533
1793534
1793535
1795966
1795967
1795968
1795969
1795970
1795971
1795972
1795973
1795974
1795975
1795976
1795977
1795978
1795979
1795980
1795981
1795982
1795983
1795984
1795985
1795986
1795987
1795988
1795989
1795990
1795991
1795992
1795993
1795994
1795995
1795996
1795997
1795998
1795999
1796000
1796001
1796002
1796003
1796004
1796005
1796006
1796007
1796008
1796009
1796010
1796011
1796012
1796013
1796014
1796015
1796016
1796017
1796018
1796019
1796020
1796021
1796022
1796023
1796024
1796025
1796026
1796027
1796028
1796029
1796030
1796031
1796032
1796033
1796034
1796035
1796036
1796037
1796038
1796039
1796040
1796041
1796042
1796043
1796044
1796045
1796046
1796047
1796048
1796049
1796050
1796051
1796052
1796053
1796054
1796055
1796056
1796057
1796058
1796059
1796060
1796061
1796062
1796063
1796064
1796065
1796066
1796067
1796068
1796069
1796070
1796071
1796072
1796073
1796074
1796075
1796076
1796077
1796078
1796079
1796080
1796081
1796082
1796083
1796084
1796085
1796086
1796087
1796088
1796089
1796090
1796091
1796092
1796093
1796094
1796095
1796096
1796097
1796098
1796099
1796100
1796101
1796102
1796103
1796104
1796105
1796106
1796107
1796108
1796109
1796110
1796111
1796112
1796113
1796114
1796115
1796116
1796117
1796118
1796119
1796120
1796121
1796122
1796123
1796124
1796125
1796126
1796127
1796128
1796129
1796130
1796131
1796132
1796133
1796134
1796135
1796136
1796137
1796138
1796139
1796140
1796141
1796142
1796143
1796144
1796145
1796146
1796147
1796148
1796149
1796150
1796151
1796152
1796153
1796154
1796155
1796156
1796157
1796158
1796159
1796160
1796161
1796162
1796163
1796164
1796165
1796166
1796167
1796168
1796169
1796170
1796171
1796172
1796173
1796174
1796175
1796176
1796177
1796178
1796179
1796180
1796181
1796182
1796183
1796184
1796185
1796186
1796187
1796188
1796189
1796190
1796191
1796192
1796193
1796194
1796195
1796196
1796197
1796198
1796199
1796200
1796201
1796202
1796203
1796204
1796205
1796206
1796207
1796208
1796209
1796210
1796211
1796212
1796213
1796214
1796215
1796216
1796217
1796218
1796219
1796220
1796221
1796222
1796223
1796224
1796225
1796226
1796227
1796228
1796229
1796230
1796231
1796232
1796233
1796234
1796235
1798576
1798577
1798578
1798579
1798580
1798581
1798582
1798583
1798584
1798585
1798586
1798587
1798588
1798589
1798590
1798591
1798592
1798593
1798594
1798595
1798596
1798597
1798598
1798599
1798600
1798601
1798602
1798603
1798604
1798605
1798606
1798607
1798608
1798609
1798610
1798611
1798612
1798613
1798614
1798615
1798616
1798617
1798618
1798619
1798620
1798621
1798622
1798623
1798624
1798625
1798626
1798627
1798628
1798629
1798630
1798631
1798632
1798633
1798634
1798635
1798636
1798637
1798638
1798639
1798640
1798641
1798642
1798643
1798644
1798645
1798646
1798647
1798648
1798649
1798650
1798651
1798652
1798653
1798654
1798655
1798656
1798657
1798658
1798659
1798660
1798661
1798662
1798663
1798664
1798665
1798666
1798667
1798668
1798669
1798670
1798671
1798672
1798673
1798674
1798675
1798676
1798677
1798678
1798679
1798680
1798681
1798682
1798683
1798684
1798685
1798686
1798687
1798688
1798689
1798690
1798691
1798692
1798693
1798694
1798695
1798696
1798697
1798698
1798699
1798700
1798701
1798702
1798703
1798704
1798705
1798706
1798707
1798708
1798709
1798710
1798711
1798712
1798713
1798714
1798715
1798716
1798717
1798718
1798719
1798720
1798721
1798722
1798723
1798724
1798725
1798726
1798727
1798728
1798729
1798730
1798731
1798732
1798733
1798734
1798735
1798736
1798737
1798738
1798739
1798740
1798741
1798742
1798743
1798744
1798745
1798746
1798747
1798748
1798749
1798750
1798751
1798752
1798753
1798754
1798755
1798756
1798757
1798758
1798759
1798760
1798761
1798762
1798763
1798764
1798765
1798766
1798767
1798768
1798769
1798770
1798771
1798772
1798773
1798774
1798775
1798776
1798777
1798778
1798779
1798780
1798781
1798782
1798783
1798784
1798785
1798786
1798787
1798788
1798789
1798790
1798791
1798792
1798793
1798794
1798795
1798796
1798797
1798798
1798799
1798800
1798801
1798802
1798803
1798804
1798805
1798806
1798807
1798808
1798809
1798810
1798811
1798812
1798813
1798814
1798815
1798816
1798817
1798818
1798819
1798820
1798821
1798822
1798823
1798824
1798825
1798826
1798827
1798828
1798829
1798830
1798831
1798832
1798833
1798834
1798835
-1
-1
-1
-1
-1
-1
-1
-1
-1
-1
-1
-1
-1
-1
-1
-1
-1
-1
-1
-1
-1
-1
-1
-1
-1
-1
-1
-1
-1
-1
-1
-1
-1
-1
-1
-1
-1
-1
-1
-1
-1
-1
-1
-1
-1
-1
-1
-1
-1
-1
-1
-1
-1
-1
-1
-1
-1
-1
-1
-1
-1
-1
-1
-1
-1
-1
-1
-1
-1
-1
-1
-1
-1
-1
-1
-1
-1
-1
-1
-1
-1
-1
-1
-1
-1
-1
-1
-1
-1
-1
-1
-1
-1
-1
-1
-1
-1
-1
-1
-1
-1
-1
-1
-1
-1
-1
-1
-1
-1
-1
-1
-1
-1
-1
-1
-1
-1
-1
-1
-1
-1
-1
-1
-1
-1
-1
-1
-1
-1
-1
-1
-1
-1
-1
-1
-1
-1
-1
-1
-1
-1
-1
-1
-1
-1
-1
-1
-1
-1
-1
-1
-1
-1
-1
-1
-1
-1
-1
-1
-1
-1
-1
-1
-1
-1
-1
-1
-1
-1
-1
-1
-1
-1
-1
-1
-1
-1
-1
-1
-1
-1
-1
-1
-1
-1
-1
-1
-1
-1
-1
-1
-1
-1
-1
-1
-1
-1
-1
-1
-1
-1
-1
-1
-1
-1
-1
-1
-1
-1
-1
-1
-1
-1
-1
-1
-1
-1
-1
-1
-1
-1
-1
-1
-1
-1
-1
-1
-1
-1
-1
-1
-1
-1
-1
-1
-1
-1
-1
-1
-1
-1
-1
-1
-1
-1
-1
-1
-1
-1
-1
-1
-1
-1
-1
-1
-1
-1
-1
-1
-1
-1
-1
-1
-1
-1
-1
-1
-1
-1
-1
-1
-1
-1
-1
-1
-1
-1
-1
-1
-1
-1
-1
-1
-1
-1
-1
-1
-1
-1
-1
-1
-1
-1
-1
-1
-1
-1
-1
-1
-1
-1
-1
-1
-1
-1
-1
-1
-1
-1
-1
-1
-1
-1
-1
-1
-1
-1
-1
-1
-1
-1
-1
-1
-1
-1
-1
-1
-1
-1
-1
-1
-1
-1
-1
-1
-1
-1
-1
-1
-1
-1
-1
-1
-1
-1
-1
-1
-1
-1
-1
-1
-1
-1
-1
-1
-1
-1
-1
-1
-1
-1
-1
-1
-1
-1
-1
-1
-1
-1
-1
-1
-1
-1
-1
-1
-1
-1
-1
-1
-1
-1
-1
-1
-1
-1
-1
-1
-1
-1
-1
-1
-1
-1
-1
-1
-1
-1
-1
-1
-1
-1
-1
-1
-1
-1
-1
-1
-1
-1
-1
-1
-1
-1
-1
-1
-1
-1
-1
-1
-1
-1
-1
-1
-1
-1
-1
-1
-1
-1
-1
-1
-1
-1
-1
-1
-1
-1
-1
-1
-1
-1
-1
-1
-1
-1
-1
-1
-1
-1
-1
-1
-1
-1
-1
-1
-1
-1
-1
-1
-1
-1
-1
-1
-1
-1
-1
-1
-1
-1
-1
-1
-1
-1
-1
-1
-1
-1
-1
-1
-1
-1
-1
-1
-1
-1
-1
-1
-1
-1
-1
-1
-1
-1
-1
-1
-1
-1
-1
-1
-1
-1
-1
-1
-1
-1
-1
-1
-1
-1
-1
-1
-1
-1
-1
-1
-1
-1
-1
-1
-1
-1
-1
-1
-1
-1
-1
-1
-1
-1
-1
-1
-1
-1
-1
-1
-1
-1
-1
-1
-1
-1
-1
-1
-1
-1
-1
-1
-1
-1
-1
-1
-1
-1
-1
-1
-1
-1
-1
-1
-1
-1
-1
-1
-1
-1
-1
-1
-1
-1
-1
-1
-1
-1
-1
-1
-1
-1
-1
-1
-1
-1
-1
-1
-1
-1
-1
-1
-1
-1
-1
-1
-1
-1
-1
-1
-1
-1
-1
-1
-1
-1
-1
-1
-1
-1
-1
-1
-1
-1
-1
-1
-1
-1
-1
-1
-1
-1
-1
-1
-1
-1
-1
-1
-1
-1
-1
-1
-1
-1
-1
-1
-1
-1
-1
-1
-1
-1
-1
-1
-1
-1
-1
-1
-1
-1
-1
-1
-1
-1
-1
-1
-1
-1
-1
-1
-1
-1
-1
-1
-1
-1
-1
-1
-1
-1
-1
-1
-1
-1
-1
-1
-1
-1
-1
-1
-1
-1
-1
-1
-1
-1
-1
-1
-1
-1
-1
-1
-1
-1
-1
-1
-1
-1
-1
-1
-1
-1
-1
-1
-1
-1
-1
-1
-1
-1
-1
-1
-1
-1
-1
-1
-1
-1
-1
-1
-1
-1
-1
-1
-1
-1
-1
-1
-1
-1
-1
-1
-1
-1
-1
-1
-1
-1
-1
-1
-1
-1
-1
-1
-1
-1
-1
-1
-1
-1
-1
-1
-1
-1
-1
-1
-1
-1
-1
-1
-1
-1
-1
-1
-1
-1
-1
-1
-1
-1
-1
-1
-1
-1
-1
-1
-1
-1
-1
-1
-1
-1
-1
-1
-1
-1
-1
-1
-1
-1
-1
-1
-1
-1
-1
-1
-1
-1
-1
-1
-1
-1
-1
-1
-1
-1
-1
-1
-1
-1
-1
-1
-1
-1
-1
-1
-1
-1
-1
-1
-1
-1
-1
-1
-1
-1
-1
-1
-1
-1
-1
-1
-1
-1
-1
-1
-1
-1
-1
-1
-1
-1
-1
-1
-1
-1
-1
-1
-1
-1
-1
-1
-1
-1
-1
-1
-1
-1
-1
-1
-1
-1
-1
-1
-1
-1
-1
-1
-1
-1
-1
-1
-1
-1
-1
-1
-1
-1
-1
-1
-1
-1
-1
-1
-1
-1
-1
-1
-1
-1
-1
-1
-1
-1
-1
-1
-1
-1
-1
-1
-1
-1
-1
-1
-1
-1
-1
-1
-1
-1
-1
-1
-1
-1
-1
-1
-1
-1
-1
-1
-1
-1
-1
-1
-1
-1
-1
-1
-1
-1
-1
-1
-1
-1
-1
-1
-1
-1
-1
-1
-1
-1
-1
-1
-1
-1
-1
-1
-1
-1
-1
-1
-1
-1
-1
-1
-1
-1
-1
-1
-1
-1
-1
-1
-1
-1
-1
-1
-1
-1
-1
-1
-1
-1
-1
-1
-1
-1
-1
-1
-1
-1
-1
-1
-1
-1
-1
-1
-1
-1
-1
-1
-1
-1
-1
-1
-1
-1
-1
-1
-1
-1
-1
-1
-1
-1
-1
-1
-1
-1
-1
-1
-1
-1
-1
-1
-1
-1
-1
-1
-1
-1
-1
-1
-1
-1
-1
-1
-1
-1
-1
-1
-1
-1
-1
-1
-1
-1
-1
-1
-1
-1
-1
-1
-1
-1
-1
-1
-1
-1
-1
-1
-1
-1
-1
-1
-1
-1
-1
-1
-1
-1
-1
-1
-1
-1
-1
-1
-1
-1
-1
-1
-1
-1
-1
-1
-1
-1
-1
-1
-1
-1
-1
-1
-1
-1
-1
-1
-1
-1
-1
-1
-1
-1
-1
-1
-1
-1
-1
-1
-1
-1
-1
-1
-1
-1
-1
-1
-1
-1
-1
-1
-1
-1
-1
-1
-1
-1
-1
-1
-1
-1
-1
-1
-1
-1
-1
-1
-1
-1
-1
-1
-1
-1
-1
-1
-1
-1
-1
-1
-1
-1
-1
-1
-1
-1
-1
-1
-1
-1
-1
-1
-1
-1
-1
-1
-1
-1
-1
-1
-1
-1
-1
-1
-1
-1
-1
-1
-1
-1
-1
-1
-1
-1
-1
-1
-1
-1
-1
-1
-1
-1
-1
-1
-1
-1
-1
-1
-1
-1
-1
-1
-1
-1
-1
-1
-1
-1
-1
-1
-1
-1
-1
-1
-1
-1
-1
-1
-1
-1
-1
-1
-1
-1
-1
-1
-1
-1
-1
-1
-1
-1
-1
-1
-1
-1
-1
-1
-1
-1
-1
-1
-1
-1
-1
-1
-1
-1
-1
-1
-1
-1
-1
-1
-1
-1
-1
-1
-1
-1
-1
-1
-1
-1
-1
-1
-1
-1
-1
-1
-1
-1
-1
-1
-1
-1
-1
-1
-1
-1
-1
-1
-1
-1
-1
-1
-1
-1
-1
-1
-1
-1
-1
-1
-1
-1
-1
-1
-1
-1
-1
-1
-1
-1
-1
-1
-1
-1
-1
-1
-1
-1
-1
-1
-1
-1
-1
-1
-1
-1
-1
-1
-1
-1
-1
-1
-1
-1
-1
-1
-1
-1
-1
-1
-1
-1
-1
-1
-1
-1
-1
-1
-1
-1
-1
-1
-1
-1
-1
-1
-1
-1
-1
-1
-1
-1
-1
-1
-1
-1
-1
-1
-1
-1
-1
-1
-1
-1
-1
-1
-1
-1
-1
-1
-1
-1
-1
-1
-1
-1
-1
-1
-1
-1
-1
-1
-1
-1
-1
-1
-1
-1
-1
-1
-1
-1
-1
-1
-1
-1
-1
-1
-1
-1
-1
-1
-1
-1
-1
-1
-1
-1
-1
-1
-1
-1
-1
-1
-1
-1
-1
-1
-1
-1
-1
-1
-1
-1
-1
-1
-1
-1
-1
-1
-1
-1
-1
-1
-1
-1
-1
-1
-1
-1
-1
-1
-1
-1
-1
-1
-1
-1
-1
-1
-1
-1
-1
-1
-1
-1
-1
-1
-1
-1
-1
-1
-1
-1
-1
-1
-1
-1
-1
-1
-1
-1
-1
-1
-1
-1
-1
-1
-1
-1
-1
-1
-1
-1
-1
-1
-1
-1
-1
-1
-1
-1
-1
-1
-1
-1
-1
-1
-1
-1
-1
-1
-1
-1
-1
-1
-1
-1
-1
-1
-1
-1
-1
-1
-1
-1
-1
-1
-1
-1
-1
-1
-1
-1
-1
-1
-1
-1
-1
-1
-1
-1
-1
-1
-1
-1
-1
-1
-1
-1
-1
-1
-1
-1
-1
-1
-1
-1
-1
-1
-1
-1
-1
-1
-1
-1
-1
-1
-1
-1
-1
-1
-1
-1
-1
-1
-1
-1
-1
-1
-1
-1
-1
-1
-1
-1
-1
-1
-1
-1
-1
-1
-1
-1
-1
-1
-1
-1
-1
-1
-1
-1
-1
-1
-1
-1
-1
-1
-1
-1
-1
-1
-1
-1
-1
-1
-1
-1
-1
-1
-1
-1
-1
-1
-1
-1
-1
-1
-1
-1
-1
-1
-1
-1
-1
-1
-1
-1
-1
-1
-1
-1
-1
-1
-1
-1
-1
-1
-1
-1
-1
-1
-1
-1
-1
-1
-1
-1
-1
-1
-1
-1
-1
-1
-1
-1
-1
-1
-1
-1
-1
-1
-1
-1
-1
-1
-1
-1
-1
-1
-1
-1
-1
-1
-1
-1
-1
-1
-1
-1
-1
-1
-1
-1
-1
-1
-1
-1
-1
-1
-1
-1
-1
-1
-1
-1
-1
-1
-1
-1
-1
-1
-1
-1
-1
-1
-1
-1
-1
-1
-1
-1
-1
-1
-1
-1
-1
-1
-1
-1
-1
-1
-1
-1
-1
-1
-1
-1
-1
-1
-1
-1
-1
-1
-1
-1
-1
-1
-1
-1
-1
-1
-1
-1
-1
-1
-1
-1
-1
-1
-1
-1
-1
-1
-1
-1
-1
-1
-1
-1
-1
-1
-1
-1
-1
-1
-1
-1
-1
-1
-1
-1
-1
-1
-1
-1
-1
-1
-1
-1
-1
-1
-1
-1
-1
-1
-1
-1
-1
-1
-1
-1
-1
-1
-1
-1
-1
-1
-1
-1
-1
-1
-1
-1
-1
-1
-1
-1
-1
-1
-1
-1
-1
-1
-1
-1
-1
-1
-1
-1
-1
-1
-1
-1
-1
-1
-1
-1
-1
-1
-1
-1
-1
-1
-1
-1
-1
-1
-1
-1
-1
-1
-1
-1
-1
-1
-1
-1
-1
-1
-1
-1
-1
-1
-1
-1
-1
-1
-1
-1
-1
-1
-1
-1
-1
-1
-1
-1
-1
-1
-1
-1
-1
-1
-1
-1
-1
-1
-1
-1
-1
-1
-1
-1
-1
-1
-1
-1
-1
-1
-1
-1
-1
-1
-1
-1
-1
-1
-1
-1
-1
-1
-1
-1
-1
-1
-1
-1
-1
-1
-1
-1
-1
-1
-1
-1
-1
-1
-1
-1
-1
-1
-1
-1
-1
-1
-1
-1
-1
-1
-1
-1
-1
-1
-1
-1
-1
-1
-1
-1
-1
-1
-1
-1
-1
-1
-1
-1
-1
-1
-1
-1
-1
-1
-1
-1
-1
-1
-1
-1
-1
-1
-1
-1
-1
-1
-1
-1
-1
-1
-1
-1
-1
-1
-1
-1
-1
-1
-1
-1
-1
-1
-1
-1
-1
-1
-1
-1
-1
-1
-1
-1
-1
-1
-1
-1
-1
-1
-1
-1
-1
-1
-1
-1
-1
-1
-1
-1
-1
-1
-1
-1
-1
-1
-1
-1
-1
-1
-1
-1
-1
-1
-1
-1
-1
-1
-1
-1
-1
-1
-1
-1
-1
-1
-1
-1
-1
-1
-1
-1
-1
-1
-1
-1
-1
-1
-1
-1
-1
-1
-1
-1
-1
-1
-1
-1
-1
-1
-1
-1
-1
-1
-1
-1
-1
-1
-1
-1
-1
-1
-1
-1
-1
-1
-1
-1
-1
-1
-1
-1
-1
-1
-1
-1
-1
-1
-1
-1
-1
-1
-1
-1
-1
-1
-1
-1
-1
-1
-1
-1
-1
-1
-1
-1
-1
-1
-1
-1
-1
-1
-1
-1
-1
-1
-1
-1
-1
-1
-1
-1
-1
-1
-1
-1
-1
-1
-1
-1
-1
-1
-1
-1
-1
-1
-1
-1
-1
-1
-1
-1
-1
-1
-1
-1
-1
-1
-1
-1
-1
-1
-1
-1
-1
-1
-1
-1
-1
-1
-1
-1
-1
-1
-1
-1
-1
-1
-1
-1
-1
-1
-1
-1
-1
-1
-1
-1
-1
-1
-1
-1
-1
-1
-1
-1
-1
-1
-1
-1
-1
-1
-1
-1
-1
-1
-1
-1
-1
-1
-1
-1
-1
-1
-1
-1
-1
-1
-1
-1
-1
-1
-1
-1
-1
-1
-1
-1
-1
-1
-1
-1
-1
-1
-1
-1
-1
-1
-1
-1
-1
-1
-1
-1
-1
-1
-1
-1
-1
-1
-1
-1
-1
-1
-1
-1
-1
-1
-1
-1
-1
-1
-1
-1
-1
-1
-1
-1
-1
-1
-1
-1
-1
-1
-1
-1
-1
-1
-1
-1
-1
-1
-1
-1
-1
-1
-1
-1
-1
-1
-1
-1
-1
-1
-1
-1
-1
-1
-1
-1
-1
-1
-1
-1
-1
-1
-1
-1
-1
-1
-1
-1
-1
-1
-1
-1
-1
-1
-1
-1
-1
-1
-1
-1
-1
-1
-1
-1
-1
-1
-1
-1
-1
-1
-1
-1
-1
-1
-1
-1
-1
-1
-1
-1
-1
-1
-1
-1
-1
-1
-1
-1
-1
-1
-1
-1
-1
-1
-1
-1
-1
-1
-1
-1
-1
-1
-1
-1
-1
-1
-1
-1
-1
-1
-1
-1
-1
-1
-1
-1
-1
-1
-1
-1
-1
-1
-1
-1
-1
-1
-1
-1
-1
-1
-1
-1
-1
-1
-1
-1
-1
-1
-1
-1
-1
-1
-1
-1
-1
-1
-1
-1
-1
-1
-1
-1
-1
-1
-1
-1
-1
-1
-1
-1
-1
-1
-1
-1
-1
-1
-1
-1
-1
-1
-1
-1
-1
-1
-1
-1
-1
-1
-1
-1
-1
-1
-1
-1
-1
-1
-1
-1
-1
-1
-1
-1
-1
-1
-1
-1
-1
-1
-1
-1
-1
-1
-1
-1
-1
-1
-1
-1
-1
-1
-1
-1
-1
-1
-1
-1
-1
-1
-1
-1
-1
-1
-1
-1
-1
-1
-1
-1
-1
-1
-1
-1
-1
-1
-1
-1
-1
-1
-1
-1
-1
-1
-1
-1
-1
-1
-1
-1
-1
-1
-1
-1
-1
-1
-1
-1
-1
-1
-1
-1
-1
-1
-1
-1
-1
-1
-1
-1
-1
-1
-1
-1
-1
-1
-1
-1
-1
-1
-1
-1
-1
-1
-1
-1
-1
-1
-1
-1
-1
-1
-1
-1
-1
-1
-1
-1
-1
-1
-1
-1
-1
-1
-1
-1
-1
-1
-1
-1
-1
-1
-1
-1
-1
-1
-1
-1
-1
-1
-1
-1
-1
-1
-1
-1
-1
-1
-1
-1
-1
-1
-1
-1
-1
-1
-1
-1
-1
-1
-1
-1
-1
-1
-1
-1
-1
-1
-1
-1
-1
-1
-1
-1
-1
-1
-1
-1
-1
-1
-1
-1
-1
-1
-1
-1
-1
-1
-1
-1
-1
-1
-1
-1
-1
-1
-1
-1
-1
-1
-1
-1
-1
-1
-1
-1
-1
-1
-1
-1
-1
-1
-1
-1
-1
-1
-1
-1
-1
-1
-1
-1
-1
-1
-1
-1
-1
-1
-1
-1
-1
-1
-1
-1
-1
-1
-1
-1
-1
-1
-1
-1
-1
-1
-1
-1
-1
-1
-1
-1
-1
-1
-1
-1
-1
-1
-1
-1
-1
-1
-1
-1
-1
-1
-1
-1
-1
-1
-1
-1
-1
-1
-1
-1
-1
-1
-1
-1
-1
-1
-1
-1
-1
-1
-1
-1
-1
-1
-1
-1
-1
-1
-1
-1
-1
-1
-1
-1
-1
-1
-1
-1
-1
-1
-1
-1
-1
-1
-1
-1
-1
-1
-1
-1
-1
-1
-1
-1
-1
-1
-1
-1
-1
-1
-1
-1
-1
-1
-1
-1
-1
-1
-1
-1
-1
-1
-1
-1
-1
-1
-1
-1
-1
-1
-1
-1
-1
-1
-1
-1
-1
-1
-1
-1
-1
-1
-1
-1
-1
-1
-1
-1
-1
-1
-1
-1
-1
-1
-1
-1
-1
-1
-1
-1
-1
-1
-1
-1
-1
-1
-1
-1
-1
-1
-1
-1
-1
-1
-1
-1
-1
-1
-1
-1
-1
-1
-1
-1
-1
-1
-1
-1
-1
-1
-1
-1
-1
-1
-1
-1
-1
-1
-1
-1
-1
-1
-1
-1
-1
-1
-1
-1
-1
-1
-1
-1
-1
-1
-1
-1
-1
-1
-1
-1
-1
-1
-1
-1
-1
-1
-1
-1
-1
-1
-1
-1
-1
-1
-1
-1
-1
-1
-1
-1
-1
-1
-1
-1
-1
-1
-1
-1
-1
-1
-1
-1
-1
-1
-1
-1
-1
-1
-1
-1
-1
-1
-1
-1
-1
-1
-1
-1
-1
-1
-1
-1
-1
-1
-1
-1
-1
-1
-1
-1
-1
-1
-1
-1
-1
-1
-1
-1
-1
-1
-1
-1
-1
-1
-1
-1
-1
-1
-1
-1
-1
-1
-1
-1
-1
-1
-1
-1
-1
-1
-1
-1
-1
-1
-1
-1
-1
-1
-1
-1
-1
-1
-1
-1
-1
-1
-1
-1
-1
-1
-1
-1
-1
-1
-1
-1
-1
-1
-1
-1
-1
-1
-1
-1
-1
-1
-1
-1
-1
-1
-1
-1
-1
-1
-1
-1
-1
-1
-1
-1
-1
-1
-1
-1
-1
-1
-1
-1
-1
-1
-1
-1
-1
-1
-1
-1
-1
-1
-1
-1
-1
-1
-1
-1
-1
-1
-1
-1
-1
-1
-1
-1
-1
-1
-1
-1
-1
-1
-1
-1
-1
-1
-1
-1
-1
-1
-1
-1
-1
-1
-1
-1
-1
-1
-1
-1
-1
-1
-1
-1
-1
-1
-1
-1
-1
-1
-1
-1
-1
-1
-1
-1
-1
-1
-1
-1
-1
-1
-1
-1
-1
-1
-1
-1
-1
-1
-1
-1
-1
-1
-1
-1
-1
-1
-1
-1
-1
-1
-1
-1
-1
-1
-1
-1
-1
-1
-1
-1
-1
-1
-1
-1
-1
-1
-1
-1
-1
-1
-1
-1
-1
-1
-1
-1
-1
-1
-1
-1
-1
-1
-1
-1
-1
-1
-1
-1
-1
-1
-1
-1
-1
-1
-1
-1
-1
-1
-1
-1
-1
-1
-1
-1
-1
-1
-1
-1
-1
-1
-1
-1
-1
-1
-1
-1
-1
-1
-1
-1
-1
-1
-1
-1
-1
-1
-1
-1
-1
-1
-1
-1
-1
-1
-1
-1
-1
-1
-1
-1
-1
-1
-1
-1
-1
-1
-1
-1
-1
-1
-1
-1
-1
-1
-1
-1
-1
-1
-1
-1
-1
-1
-1
-1
-1
-1
-1
-1
-1
-1
-1
-1
-1
-1
-1
-1
-1
-1
-1
-1
-1
-1
-1
-1
-1
-1
-1
-1
-1
-1
-1
-1
-1
-1
-1
-1
-1
-1
-1
-1
-1
-1
-1
-1
-1
-1
-1
-1
-1
-1
-1
-1
-1
-1
-1
-1
-1
-1
-1
-1
-1
-1
-1
-1
-1
-1
-1
-1
-1
-1
-1
-1
-1
-1
-1
-1
-1
-1
-1
-1
-1
-1
-1
-1
-1
-1
-1
-1
-1
-1
-1
-1
-1
-1
-1
-1
-1
-1
-1
-1
-1
-1
-1
-1
-1
-1
-1
-1
-1
-1
-1
-1
-1
-1
-1
-1
-1
-1
-1
-1
-1
-1
-1
-1
-1
-1
-1
-1
-1
-1
-1
-1
-1
-1
-1
-1
-1
-1
-1
-1
-1
-1
-1
-1
-1
-1
-1
-1
-1
-1
-1
-1
-1
-1
-1
-1
-1
-1
-1
-1
-1
-1
-1
-1
-1
-1
-1
-1
-1
-1
-1
-1
-1
-1
-1
-1
-1
-1
-1
-1
-1
-1
-1
-1
-1
-1
-1
-1
-1
-1
-1
-1
-1
-1
-1
-1
-1
-1
-1
-1
-1
-1
-1
-1
-1
-1
-1
-1
-1
-1
-1
-1
-1
-1
-1
-1
-1
-1
-1
-1
-1
-1
-1
-1
-1
-1
-1
-1
-1
-1
-1
-1
-1
-1
-1
-1
-1
-1
-1
-1
-1
-1
-1
-1
-1
-1
-1
-1
-1
-1
-1
-1
-1
-1
-1
-1
-1
-1
-1
-1
-1
-1
-1
-1
-1
-1
-1
-1
-1
-1
-1
-1
-1
-1
-1
-1
-1
-1
-1
-1
-1
-1
-1
-1
-1
-1
-1
-1
-1
-1
-1
-1
-1
-1
-1
-1
-1
-1
-1
-1
-1
-1
-1
-1
-1
-1
-1
-1
-1
-1
-1
-1
-1
-1
-1
-1
-1
-1
-1
-1
-1
-1
-1
-1
-1
-1
-1
-1
-1
-1
-1
-1
-1
-1
-1
-1
-1
-1
-1
-1
-1
-1
-1
-1
-1
-1
-1
-1
-1
-1
-1
-1
-1
-1
-1
-1
-1
-1
-1
-1
-1
-1
-1
-1
-1
-1
-1
-1
-1
-1
-1
-1
-1
-1
-1
-1
-1
-1
-1
-1
-1
-1
-1
-1
-1
-1
-1
-1
-1
-1
-1
-1
-1
-1
-1
-1
-1
-1
-1
-1
-1
-1
-1
-1
-1
-1
-1
-1
-1
-1
-1
-1
-1
-1
-1
-1
-1
-1
-1
-1
-1
-1
-1
-1
-1
-1
-1
-1
-1
-1
-1
-1
-1
-1
-1
-1
-1
-1
-1
-1
-1
-1
-1
-1
-1
-1
-1
-1
-1
-1
-1
-1
-1
-1
-1
-1
-1
-1
-1
-1
-1
-1
-1
-1
-1
-1
-1
-1
-1
-1
-1
-1
-1
-1
-1
-1
-1
-1
-1
-1
-1
-1
-1
-1
-1
-1
-1
-1
-1
-1
-1
-1
-1
-1
-1
-1
-1
-1
-1
-1
-1
-1
-1
-1
-1
-1
-1
-1
-1
-1
-1
-1
-1
-1
-1
-1
-1
-1
-1
-1
-1
-1
-1
-1
-1
-1
-1
-1
-1
-1
-1
-1
-1
-1
-1
-1
-1
-1
-1
-1
-1
-1
-1
-1
-1
-1
-1
-1
-1
-1
-1
-1
-1
-1
-1
-1
-1
-1
-1
-1
-1
-1
-1
-1
-1
-1
-1
-1
-1
-1
-1
-1
-1
-1
-1
-1
-1
-1
-1
-1
-1
-1
-1
-1
-1
-1
-1
-1
-1
-1
-1
-1
-1
-1
-1
-1
-1
-1
-1
-1
-1
-1
-1
-1
-1
-1
-1
-1
-1
-1
-1
-1
-1
-1
-1
-1
-1
-1
-1
-1
-1
-1
-1
-1
-1
-1
-1
-1
-1
-1
-1
-1
-1
-1
-1
-1
-1
-1
-1
-1
-1
-1
-1
-1
-1
-1
-1
-1
-1
-1
-1
-1
-1
-1
-1
-1
-1
-1
-1
-1
-1
-1
-1
-1
-1
-1
-1
-1
-1
-1
-1
-1
-1
-1
-1
-1
-1
-1
-1
-1
-1
-1
-1
-1
-1
-1
-1
-1
-1
-1
-1
-1
-1
-1
-1
-1
-1
-1
-1
-1
-1
-1
-1
-1
-1
-1
-1
-1
-1
-1
-1
-1
-1
-1
-1
-1
-1
-1
-1
-1
-1
-1
-1
-1
-1
-1
-1
-1
-1
-1
-1
-1
-1
-1
-1
-1
-1
-1
-1
-1
-1
-1
-1
-1
-1
-1
-1
-1
-1
-1
-1
-1
-1
-1
-1
-1
-1
-1
-1
-1
-1
-1
-1
-1
-1
-1
-1
-1
-1
-1
-1
-1
-1
-1
-1
-1
-1
-1
-1
-1
-1
-1
-1
-1
-1
-1
-1
-1
-1
-1
-1
-1
-1
-1
-1
-1
-1
-1
-1
-1
-1
-1
-1
-1
-1
-1
-1
-1
-1
-1
-1
-1
-1
-1
-1
-1
-1
-1
-1
-1
-1
-1
-1
-1
-1
-1
-1
-1
-1
-1
-1
-1
-1
-1
-1
-1
-1
-1
-1
-1
-1
-1
-1
-1
-1
-1
-1
-1
-1
-1
-1
-1
-1
-1
-1
-1
-1
-1
-1
-1
-1
-1
-1
-1
-1
-1
-1
-1
-1
-1
-1
-1
-1
-1
-1
-1
-1
-1
-1
-1
-1
-1
-1
-1
-1
-1
-1
-1
-1
-1
-1
-1
-1
-1
-1
-1
-1
-1
-1
-1
-1
-1
-1
-1
-1
-1
-1
-1
-1
-1
-1
-1
-1
-1
-1
-1
-1
-1
-1
-1
-1
-1
-1
-1
-1
-1
-1
-1
-1
-1
-1
-1
-1
-1
-1
-1
-1
-1
-1
-1
-1
-1
-1
-1
-1
-1
-1
-1
-1
-1
-1
-1
-1
-1
-1
-1
-1
-1
-1
-1
-1
-1
-1
-1
-1
-1
-1
-1
-1
-1
-1
-1
-1
-1
-1
-1
-1
-1
-1
-1
-1
-1
-1
-1
-1
-1
-1
-1
-1
-1
-1
-1
-1
-1
-1
-1
-1
-1
-1
-1
-1
-1
-1
-1
-1
-1
-1
-1
-1
-1
-1
-1
-1
-1
-1
-1
-1
-1
-1
-1
-1
-1
-1
-1
-1
-1
-1
-1
-1
-1
-1
-1
-1
-1
-1
-1
-1
-1
-1
-1
-1
-1
-1
-1
-1
-1
-1
-1
-1
-1
-1
-1
-1
-1
-1
-1
-1
-1
-1
-1
-1
-1
-1
-1
-1
-1
-1
-1
-1
-1
-1
-1
-1
-1
-1
-1
-1
-1
-1
-1
-1
-1
-1
-1
-1
-1
-1
-1
-1
-1
-1
-1
-1
-1
-1
-1
-1
-1
-1
-1
-1
-1
-1
-1
-1
-1
-1
-1
-1
-1
-1
-1
-1
-1
-1
-1
-1
-1
-1
-1
-1
-1
-1
-1
-1
-1
-1
-1
-1
-1
-1
-1
-1
-1
-1
-1
-1
-1
-1
-1
-1
-1
-1
-1
-1
-1
-1
-1
-1
-1
-1
-1
-1
-1
-1
-1
-1
-1
-1
-1
-1
-1
-1
-1
-1
-1
-1
-1
-1
-1
-1
-1
-1
-1
-1
-1
-1
-1
-1
-1
-1
-1
-1
-1
-1
-1
-1
-1
-1
-1
-1
-1
-1
-1
-1
-1
-1
-1
-1
-1
-1
-1
-1
-1
-1
-1
-1
-1
-1
-1
-1
-1
-1
-1
-1
-1
-1
-1
-1
-1
-1
-1
-1
-1
-1
-1
-1
-1
-1
-1
-1
-1
-1
-1
-1
-1
-1
-1
-1
-1
-1
-1
-1
-1
-1
-1
-1
-1
-1
-1
-1
-1
-1
-1
-1
-1
-1
-1
-1
-1
-1
-1
-1
-1
-1
-1
-1
-1
-1
-1
-1
-1
-1
-1
-1
-1
-1
-1
-1
-1
-1
-1
-1
-1
-1
-1
-1
-1
-1
-1
-1
-1
-1
-1
-1
-1
-1
-1
-1
-1
-1
-1
-1
-1
-1
-1
-1
-1
-1
-1
-1
-1
-1
-1
-1
-1
-1
-1
-1
-1
-1
-1
-1
-1
-1
-1
-1
-1
-1
-1
-1
-1
-1
-1
-1
-1
-1
-1
-1
-1
-1
-1
-1
-1
-1
-1
-1
-1
-1
-1
-1
-1
-1
-1
-1
-1
-1
-1
-1
-1
-1
-1
-1
-1
-1
-1
-1
-1
-1
-1
-1
-1
-1
-1
-1
-1
-1
-1
-1
-1
-1
-1
-1
-1
-1
-1
-1
-1
-1
-1
-1
-1
-1
-1
-1
-1
-1
-1
-1
-1
-1
-1
-1
-1
-1
-1
-1
-1
-1
-1
-1
-1
-1
-1
-1
-1
-1
-1
-1
-1
-1
-1
-1
-1
-1
-1
-1
-1
-1
-1
-1
-1
-1
-1
-1
-1
-1
-1
-1
-1
-1
-1
-1
-1
-1
-1
-1
-1
-1
-1
-1
-1
-1
-1
-1
-1
-1
-1
-1
-1
-1
-1
-1
-1
-1
-1
-1
-1
-1
-1
-1
-1
-1
-1
-1
-1
-1
-1
-1
-1
-1
-1
-1
-1
-1
-1
-1
-1
-1
-1
-1
-1
-1
-1
-1
-1
-1
-1
-1
-1
-1
-1
-1
-1
-1
-1
-1
-1
-1
-1
-1
-1
-1
-1
-1
-1
-1
-1
-1
-1
-1
-1
-1
-1
-1
-1
-1
-1
-1
-1
-1
-1
-1
-1
-1
-1
-1
-1
-1
-1
-1
-1
-1
-1
-1
-1
-1
-1
-1
-1
-1
-1
-1
-1
-1
-1
-1
-1
-1
-1
-1
-1
-1
-1
-1
-1
-1
-1
-1
-1
-1
-1
-1
-1
-1
-1
-1
-1
-1
-1
-1
-1
-1
-1
-1
-1
-1
-1
-1
-1
-1
-1
-1
-1
-1
-1
-1
-1
-1
-1
-1
-1
-1
-1
-1
-1
-1
-1
-1
-1
-1
-1
-1
-1
-1
-1
-1
-1
-1
-1
-1
-1
-1
-1
-1
-1
-1
-1
-1
-1
-1
-1
-1
-1
-1
-1
-1
-1
-1
-1
-1
-1
-1
-1
-1
-1
-1
-1
-1
-1
-1
-1
-1
-1
-1
-1
-1
-1
-1
-1
-1
-1
-1
-1
-1
-1
-1
-1
-1
-1
-1
-1
-1
-1
-1
-1
-1
-1
-1
-1
-1
-1
-1
-1
-1
-1
-1
-1
-1
-1
-1
-1
-1
-1
-1
-1
-1
-1
-1
-1
-1
-1
-1
-1
-1
-1
-1
-1
-1
-1
-1
-1
-1
-1
-1
-1
-1
-1
-1
-1
-1
-1
-1
-1
-1
-1
-1
-1
-1
-1
-1
-1
-1
-1
-1
-1
-1
-1
-1
-1
-1
-1
-1
-1
-1
-1
-1
-1
-1
-1
-1
-1
-1
-1
-1
-1
-1
-1
-1
-1
-1
-1
-1
-1
-1
-1
-1
-1
-1
-1
-1
-1
-1
-1
-1
-1
-1
-1
-1
-1
-1
-1
-1
-1
-1
-1
-1
-1
-1
-1
-1
-1
-1
-1
-1
-1
-1
-1
-1
-1
-1
-1
-1
-1
-1
-1
-1
-1
-1
-1
-1
-1
-1
-1
-1
-1
-1
-1
-1
-1
-1
-1
-1
-1
-1
-1
-1
-1
-1
-1
-1
-1
-1
-1
-1
-1
-1
-1
-1
-1
-1
-1
-1
-1
-1
-1
-1
-1
-1
-1
-1
-1
-1
-1
-1
-1
-1
-1
-1
-1
-1
-1
-1
-1
-1
-1
-1
-1
-1
-1
-1
-1
-1
-1
-1
)


// ************************************************************************* //
