#         Time trackedSurface       bottom        right          top
          0.1    -0.202959    -0.406401    -0.203201 -7.51837e-07
          0.2    -0.202719    -0.406402    -0.203202 -2.09325e-06
          0.3    -0.202506    -0.406403    -0.203203 -3.36674e-06
          0.4    -0.202323    -0.406403    -0.203204 -4.52879e-06
          0.5     -0.20217    -0.406403    -0.203204 -5.58312e-06
          0.6    -0.202046    -0.406403    -0.203205 -6.53192e-06
          0.7    -0.201951    -0.406402    -0.203205 -7.36791e-06
          0.8    -0.201884    -0.406401    -0.203204 -8.10281e-06
          0.9    -0.201842      -0.4064    -0.203204  -8.7463e-06
            1    -0.201823    -0.406399    -0.203203 -9.30942e-06
          1.1    -0.201825    -0.406398    -0.203203 -9.80355e-06
          1.2    -0.201844    -0.406397    -0.203202 -1.02398e-05
          1.3    -0.201877    -0.406395    -0.203201 -1.06287e-05
          1.4    -0.201922    -0.406394      -0.2032 -1.09797e-05
          1.5    -0.201975    -0.406392    -0.203199 -1.13013e-05
          1.6    -0.202035    -0.406391    -0.203198 -1.15666e-05
          1.7    -0.202099    -0.406389    -0.203197 -1.18125e-05
          1.8    -0.202165    -0.406387    -0.203196 -1.20474e-05
          1.9    -0.202233    -0.406386    -0.203194 -1.22752e-05
            2    -0.202302    -0.406384    -0.203193  -1.2499e-05
          2.1    -0.202369    -0.406382    -0.203192  -1.2721e-05
          2.2    -0.202435    -0.406381    -0.203191 -1.29429e-05
          2.3      -0.2025    -0.406379     -0.20319 -1.31659e-05
          2.4    -0.202562    -0.406378    -0.203189 -1.33909e-05
          2.5    -0.202622    -0.406376    -0.203188 -1.36183e-05
          2.6     -0.20268    -0.406375    -0.203186 -1.38142e-05
          2.7    -0.202736    -0.406373    -0.203185 -1.40093e-05
          2.8    -0.202789    -0.406371    -0.203184 -1.42073e-05
          2.9    -0.202839     -0.40637    -0.203182 -1.44081e-05
            3    -0.202887    -0.406368    -0.203181 -1.46116e-05
          3.1    -0.202933    -0.406367     -0.20318 -1.48173e-05
          3.2    -0.202977    -0.406365    -0.203179 -1.50252e-05
          3.3    -0.203019    -0.406363    -0.203178 -1.52349e-05
          3.4    -0.203059    -0.406362    -0.203176 -1.54462e-05
          3.5    -0.203097     -0.40636    -0.203175 -1.56587e-05
          3.6    -0.203133    -0.406359    -0.203174 -1.58722e-05
          3.7    -0.203167    -0.406357    -0.203173 -1.60865e-05
          3.8      -0.2032    -0.406355    -0.203171 -1.63014e-05
          3.9    -0.203231    -0.406354     -0.20317 -1.65167e-05
            4    -0.203261    -0.406352    -0.203169 -1.67323e-05
          4.1    -0.203289    -0.406351    -0.203168 -1.69478e-05
          4.2    -0.203316    -0.406349    -0.203167 -1.71633e-05
          4.3    -0.203342    -0.406347    -0.203165 -1.73787e-05
          4.4    -0.203367    -0.406346    -0.203164 -1.75937e-05
          4.5     -0.20339    -0.406344    -0.203163 -1.78084e-05
          4.6    -0.203413    -0.406343    -0.203162 -1.80557e-05
          4.7    -0.203434    -0.406341    -0.203161 -1.83073e-05
          4.8    -0.203455     -0.40634     -0.20316 -1.85585e-05
          4.9    -0.203475    -0.406338    -0.203158 -1.88094e-05
            5    -0.203494    -0.406337    -0.203157 -1.90601e-05
          5.1    -0.203512    -0.406335    -0.203156 -1.93106e-05
          5.2    -0.203529    -0.406334    -0.203155 -1.95609e-05
          5.3    -0.203545    -0.406332    -0.203154 -1.98109e-05
          5.4    -0.203561    -0.406331    -0.203153 -2.00606e-05
          5.5    -0.203576    -0.406329    -0.203152   -2.031e-05
          5.6     -0.20359    -0.406328    -0.203151 -2.05592e-05
          5.7    -0.203604    -0.406326     -0.20315 -2.08081e-05
          5.8    -0.203617    -0.406325    -0.203149 -2.10567e-05
          5.9    -0.203629    -0.406323    -0.203148  -2.1305e-05
            6    -0.203641    -0.406322    -0.203146 -2.15531e-05
          6.1    -0.203652     -0.40632    -0.203145  -2.1801e-05
          6.2    -0.203663    -0.406319    -0.203144 -2.20486e-05
          6.3    -0.203673    -0.406317    -0.203143 -2.22959e-05
          6.4    -0.203683    -0.406315    -0.203142 -2.25431e-05
          6.5    -0.203692    -0.406314    -0.203141   -2.279e-05
          6.6    -0.203701    -0.406312     -0.20314 -2.30367e-05
          6.7     -0.20371    -0.406311    -0.203139 -2.32832e-05
          6.8    -0.203718    -0.406309    -0.203137 -2.35295e-05
          6.9    -0.203725    -0.406308    -0.203136 -2.37756e-05
            7    -0.203733    -0.406306    -0.203135 -2.40215e-05
          7.1     -0.20374    -0.406305    -0.203134 -2.42673e-05
          7.2    -0.203746    -0.406303    -0.203133 -2.45128e-05
          7.3    -0.203752    -0.406301    -0.203132 -2.47582e-05
          7.4    -0.203758      -0.4063    -0.203131 -2.50035e-05
          7.5    -0.203764    -0.406298    -0.203129 -2.52485e-05
          7.6    -0.203769    -0.406297    -0.203128 -2.54934e-05
          7.7    -0.203774    -0.406295    -0.203127 -2.57382e-05
          7.8    -0.203779    -0.406293    -0.203126 -2.59828e-05
          7.9    -0.203783    -0.406292    -0.203125 -2.62272e-05
            8    -0.203788     -0.40629    -0.203124 -2.64715e-05
          8.1    -0.203792    -0.406289    -0.203123 -2.67156e-05
          8.2    -0.203795    -0.406287    -0.203122 -2.69595e-05
          8.3    -0.203799    -0.406285     -0.20312 -2.72033e-05
          8.4    -0.203802    -0.406284    -0.203119 -2.74469e-05
          8.5    -0.203805    -0.406282    -0.203118 -2.76903e-05
          8.6    -0.203808    -0.406281    -0.203117 -2.79336e-05
          8.7    -0.203811    -0.406279    -0.203116 -2.81767e-05
          8.8    -0.203814    -0.406277    -0.203115 -2.84196e-05
          8.9    -0.203816    -0.406276    -0.203113 -2.86623e-05
            9    -0.203818    -0.406274    -0.203112 -2.89048e-05
          9.1     -0.20382    -0.406272    -0.203111 -2.91472e-05
          9.2    -0.203822    -0.406271     -0.20311 -2.93893e-05
          9.3    -0.203823    -0.406269    -0.203109 -2.96313e-05
          9.4    -0.203825    -0.406268    -0.203108  -2.9873e-05
          9.5    -0.203826    -0.406266    -0.203107 -3.01145e-05
          9.6    -0.203828    -0.406264    -0.203105 -3.03558e-05
          9.7    -0.203829    -0.406263    -0.203104 -3.05969e-05
          9.8     -0.20383    -0.406261    -0.203103 -3.08378e-05
          9.9     -0.20383    -0.406259    -0.203102 -3.10784e-05
           10    -0.203831    -0.406258    -0.203101 -3.13188e-05
         10.1    -0.203832    -0.406256      -0.2031 -3.15589e-05
         10.2    -0.203832    -0.406254    -0.203099 -3.17988e-05
         10.3    -0.203832    -0.406253    -0.203097 -3.20385e-05
         10.4    -0.203832    -0.406251    -0.203096 -3.22778e-05
         10.5    -0.203832    -0.406249    -0.203095 -3.25169e-05
         10.6    -0.203832    -0.406248    -0.203094 -3.27558e-05
         10.7    -0.203832    -0.406246    -0.203093 -3.29943e-05
         10.8    -0.203832    -0.406244    -0.203092 -3.32326e-05
         10.9    -0.203832    -0.406243    -0.203091 -3.34706e-05
           11    -0.203831    -0.406241    -0.203089 -3.37083e-05
         11.1    -0.203831    -0.406239    -0.203088 -3.39457e-05
         11.2     -0.20383    -0.406238    -0.203087 -3.41828e-05
         11.3     -0.20383    -0.406236    -0.203086 -3.44196e-05
         11.4    -0.203829    -0.406234    -0.203085 -3.46561e-05
         11.5    -0.203828    -0.406233    -0.203084 -3.48922e-05
         11.6    -0.203827    -0.406231    -0.203083 -3.51281e-05
         11.7    -0.203826    -0.406229    -0.203081 -3.53636e-05
         11.8    -0.203825    -0.406228     -0.20308 -3.55988e-05
         11.9    -0.203824    -0.406226    -0.203079 -3.58337e-05
           12    -0.203823    -0.406224    -0.203078 -3.60682e-05
         12.1    -0.203821    -0.406223    -0.203077 -3.63024e-05
         12.2     -0.20382    -0.406221    -0.203076 -3.65362e-05
         12.3    -0.203819    -0.406219    -0.203075 -3.67697e-05
         12.4    -0.203817    -0.406218    -0.203073 -3.70029e-05
         12.5    -0.203816    -0.406216    -0.203072 -3.72357e-05
         12.6    -0.203814    -0.406214    -0.203071 -3.74681e-05
         12.7    -0.203812    -0.406213     -0.20307 -3.77002e-05
         12.8    -0.203811    -0.406211    -0.203069  -3.7932e-05
         12.9    -0.203809    -0.406209    -0.203068 -3.81634e-05
           13    -0.203807    -0.406208    -0.203067 -3.83944e-05
         13.1    -0.203805    -0.406206    -0.203065  -3.8625e-05
         13.2    -0.203803    -0.406204    -0.203064 -3.88553e-05
         13.3    -0.203801    -0.406202    -0.203063 -3.90852e-05
         13.4    -0.203799    -0.406201    -0.203062 -3.93148e-05
         13.5    -0.203797    -0.406199    -0.203061  -3.9544e-05
         13.6    -0.203795    -0.406197     -0.20306 -3.97728e-05
         13.7    -0.203793    -0.406196    -0.203059 -4.00012e-05
         13.8    -0.203791    -0.406194    -0.203058 -4.02293e-05
         13.9    -0.203789    -0.406192    -0.203056  -4.0457e-05
           14    -0.203786     -0.40619    -0.203055 -4.06843e-05
         14.1    -0.203784    -0.406189    -0.203054 -4.09112e-05
         14.2    -0.203782    -0.406187    -0.203053 -4.11378e-05
         14.3    -0.203779    -0.406185    -0.203052  -4.1364e-05
         14.4    -0.203777    -0.406184    -0.203051 -4.15898e-05
         14.5    -0.203775    -0.406182     -0.20305 -4.18153e-05
         14.6    -0.203772     -0.40618    -0.203048 -4.20404e-05
         14.7     -0.20377    -0.406178    -0.203047 -4.22651e-05
         14.8    -0.203767    -0.406177    -0.203046 -4.24894e-05
         14.9    -0.203765    -0.406175    -0.203045 -4.27133e-05
           15    -0.203762    -0.406173    -0.203044 -4.29369e-05
         15.1    -0.203759    -0.406172    -0.203043 -4.31601e-05
         15.2    -0.203757     -0.40617    -0.203042 -4.33829e-05
         15.3    -0.203754    -0.406168    -0.203041 -4.36054e-05
         15.4    -0.203751    -0.406166    -0.203039 -4.38275e-05
         15.5    -0.203749    -0.406165    -0.203038 -4.40492e-05
         15.6    -0.203746    -0.406163    -0.203037 -4.42705e-05
         15.7    -0.203743    -0.406161    -0.203036 -4.44915e-05
         15.8     -0.20374     -0.40616    -0.203035 -4.47121e-05
         15.9    -0.203737    -0.406158    -0.203034 -4.49323e-05
           16    -0.203734    -0.406156    -0.203033 -4.51522e-05
         16.1    -0.203732    -0.406154    -0.203032 -4.53717e-05
         16.2    -0.203729    -0.406153    -0.203031 -4.55908e-05
         16.3    -0.203726    -0.406151    -0.203029 -4.58096e-05
         16.4    -0.203723    -0.406149    -0.203028  -4.6028e-05
         16.5     -0.20372    -0.406148    -0.203027 -4.62461e-05
         16.6    -0.203717    -0.406146    -0.203026 -4.64638e-05
         16.7    -0.203714    -0.406144    -0.203025 -4.66811e-05
         16.8    -0.203711    -0.406142    -0.203024 -4.68981e-05
         16.9    -0.203708    -0.406141    -0.203023 -4.71147e-05
           17    -0.203705    -0.406139    -0.203022 -4.73309e-05
         17.1    -0.203702    -0.406137    -0.203021 -4.75468e-05
         17.2    -0.203699    -0.406135     -0.20302 -4.77624e-05
         17.3    -0.203695    -0.406134    -0.203018 -4.79776e-05
         17.4    -0.203692    -0.406132    -0.203017 -4.81924e-05
         17.5    -0.203689     -0.40613    -0.203016 -4.84069e-05
         17.6    -0.203686    -0.406129    -0.203015 -4.86211e-05
         17.7    -0.203683    -0.406127    -0.203014 -4.88349e-05
         17.8     -0.20368    -0.406125    -0.203013 -4.90483e-05
         17.9    -0.203677    -0.406123    -0.203012 -4.92615e-05
           18    -0.203673    -0.406122    -0.203011 -4.94742e-05
         18.1     -0.20367     -0.40612     -0.20301 -4.96867e-05
         18.2    -0.203667    -0.406118    -0.203009 -4.98988e-05
         18.3    -0.203664    -0.406117    -0.203008 -5.01106e-05
         18.4     -0.20366    -0.406115    -0.203006  -5.0322e-05
         18.5    -0.203657    -0.406113    -0.203005 -5.05331e-05
         18.6    -0.203654    -0.406111    -0.203004 -5.07438e-05
         18.7    -0.203651     -0.40611    -0.203003 -5.09543e-05
         18.8    -0.203647    -0.406108    -0.203002 -5.11644e-05
         18.9    -0.203644    -0.406106    -0.203001 -5.13742e-05
           19    -0.203641    -0.406105       -0.203 -5.15836e-05
         19.1    -0.203638    -0.406103    -0.202999 -5.17927e-05
         19.2    -0.203634    -0.406101    -0.202998 -5.20015e-05
         19.3    -0.203631    -0.406099    -0.202997   -5.221e-05
         19.4    -0.203628    -0.406098    -0.202996 -5.24182e-05
         19.5    -0.203624    -0.406096    -0.202995  -5.2626e-05
         19.6    -0.203621    -0.406094    -0.202994 -5.28336e-05
         19.7    -0.203618    -0.406093    -0.202993 -5.30408e-05
         19.8    -0.203614    -0.406091    -0.202991 -5.32477e-05
         19.9    -0.203611    -0.406089     -0.20299 -5.34543e-05
           20    -0.203608    -0.406087    -0.202989 -5.36606e-05
