#         Time trackedSurface       bottom        right          top
          0.1  8.84586e-05  2.44254e-05  2.59313e-05  2.44278e-05
          0.2  0.000105447  4.40647e-05  4.53703e-05  4.40694e-05
          0.3   0.00011737  6.00424e-05  6.11204e-05  6.00482e-05
          0.4  0.000126113  7.30999e-05   7.3933e-05  7.31053e-05
          0.5  0.000132407  8.36442e-05  8.42459e-05  8.36488e-05
          0.6  0.000136702  9.19037e-05  9.23878e-05  9.19079e-05
          0.7   0.00013935  9.83073e-05  9.86609e-05  9.83107e-05
          0.8  0.000140656  0.000103083  0.000103327  0.000103086
          0.9  0.000140902  0.000106479  0.000106632  0.000106481
            1  0.000140335  0.000108726  0.000108805  0.000108727
          1.1  0.000139185  0.000110036  0.000110057  0.000110037
          1.2  0.000137642  0.000110602  0.000110578  0.000110603
          1.3  0.000135862  0.000110594  0.000110536  0.000110594
          1.4  0.000133969   0.00011016  0.000110078  0.000110159
          1.5  0.000132059  0.000109423  0.000109327  0.000109423
          1.6  0.000130198   0.00010849  0.000108383  0.000108489
          1.7  0.000128438  0.000107439  0.000107328  0.000107438
          1.8  0.000126808  0.000106336  0.000106226  0.000106335
          1.9  0.000125328  0.000105231  0.000105125   0.00010523
            2  0.000124005  0.000104159  0.000104058  0.000104158
          2.1  0.000122839  0.000103145  0.000103052  0.000103145
          2.2  0.000121826  0.000102207  0.000102121  0.000102207
          2.3  0.000120959  0.000101354  0.000101276  0.000101354
          2.4  0.000120228  0.000100591  0.000100521  0.000100591
          2.5  0.000119622  9.99195e-05  9.98563e-05  9.99191e-05
          2.6  0.000119128  9.93385e-05  9.92812e-05  9.93381e-05
          2.7  0.000118736  9.88412e-05  9.87908e-05  9.88409e-05
          2.8  0.000118435   9.8424e-05  9.83799e-05  9.84238e-05
          2.9  0.000118212   9.8081e-05  9.80426e-05  9.80808e-05
            3  0.000118059  9.78058e-05  9.77725e-05  9.78056e-05
          3.1  0.000117966  9.75917e-05   9.7563e-05  9.75916e-05
          3.2  0.000117924  9.74324e-05  9.74077e-05  9.74324e-05
          3.3  0.000117925  9.73217e-05  9.73004e-05  9.73216e-05
          3.4  0.000117965  9.72533e-05   9.7235e-05  9.72533e-05
          3.5  0.000118034  9.72216e-05  9.72058e-05  9.72216e-05
          3.6  0.000118129  9.72216e-05  9.72079e-05  9.72216e-05
          3.7  0.000118244  9.72486e-05  9.72367e-05  9.72486e-05
          3.8  0.000118375  9.72983e-05  9.72879e-05  9.72984e-05
          3.9  0.000118519  9.73671e-05  9.73578e-05  9.73671e-05
            4  0.000118672  9.74514e-05  9.74431e-05  9.74515e-05
          4.1  0.000118832  9.75484e-05  9.75408e-05  9.75485e-05
          4.2  0.000118997  9.76554e-05  9.76484e-05  9.76555e-05
          4.3  0.000119165  9.77702e-05  9.77636e-05  9.77703e-05
          4.4  0.000119333  9.78908e-05  9.78844e-05  9.78909e-05
          4.5  0.000119502  9.80154e-05  9.80092e-05  9.80155e-05
          4.6   0.00011967  9.81432e-05  9.81367e-05  9.81433e-05
          4.7  0.000119835  9.82721e-05  9.82656e-05  9.82722e-05
          4.8  0.000119998  9.84014e-05  9.83948e-05  9.84015e-05
          4.9  0.000120158  9.85303e-05  9.85236e-05  9.85304e-05
            5  0.000120313   9.8658e-05  9.86512e-05  9.86581e-05
          5.1  0.000120465  9.87841e-05   9.8777e-05  9.87842e-05
          5.2  0.000120613   9.8908e-05  9.89007e-05  9.89081e-05
          5.3  0.000120756  9.90294e-05  9.90218e-05  9.90295e-05
          5.4  0.000120895   9.9148e-05  9.91402e-05  9.91481e-05
          5.5  0.000121029  9.92635e-05  9.92555e-05  9.92636e-05
          5.6  0.000121159   9.9376e-05  9.93676e-05  9.93761e-05
          5.7  0.000121284  9.94851e-05  9.94765e-05  9.94852e-05
          5.8  0.000121405   9.9591e-05  9.95821e-05  9.95911e-05
          5.9  0.000121521  9.96934e-05  9.96843e-05  9.96935e-05
            6  0.000121634  9.97926e-05  9.97832e-05  9.97927e-05
          6.1  0.000121742  9.98884e-05  9.98787e-05  9.98884e-05
          6.2  0.000121846  9.99809e-05   9.9971e-05  9.99809e-05
          6.3  0.000121946   0.00010007   0.00010006   0.00010007
          6.4  0.000122043  0.000100156  0.000100146  0.000100156
          6.5  0.000122135  0.000100239  0.000100229  0.000100239
          6.6  0.000122225  0.000100319  0.000100308  0.000100319
          6.7  0.000122311  0.000100396  0.000100385  0.000100396
          6.8  0.000122393   0.00010047  0.000100459  0.000100471
          6.9  0.000122473  0.000100542   0.00010053  0.000100542
            7  0.000122549  0.000100611  0.000100599  0.000100611
          7.1  0.000122623  0.000100677  0.000100665  0.000100677
          7.2  0.000122694  0.000100741  0.000100729  0.000100741
          7.3  0.000122762  0.000100802   0.00010079  0.000100802
          7.4  0.000122828  0.000100862  0.000100849  0.000100862
          7.5  0.000122892  0.000100919  0.000100906  0.000100919
          7.6  0.000122953  0.000100973  0.000100961  0.000100974
          7.7  0.000123012  0.000101026  0.000101014  0.000101027
          7.8  0.000123068  0.000101077  0.000101065  0.000101078
          7.9  0.000123123  0.000101127  0.000101114  0.000101127
            8  0.000123176  0.000101174  0.000101161  0.000101174
          8.1  0.000123227   0.00010122  0.000101207   0.00010122
          8.2  0.000123277  0.000101264  0.000101251  0.000101264
          8.3  0.000123324  0.000101307  0.000101293  0.000101307
          8.4   0.00012337  0.000101348  0.000101334  0.000101348
          8.5  0.000123415  0.000101388  0.000101374  0.000101388
          8.6  0.000123458  0.000101426  0.000101413  0.000101426
          8.7    0.0001235  0.000101464   0.00010145  0.000101464
          8.8   0.00012354    0.0001015  0.000101486    0.0001015
          8.9   0.00012358  0.000101535  0.000101521  0.000101535
            9  0.000123618  0.000101568  0.000101554  0.000101569
          9.1  0.000123655  0.000101601  0.000101587  0.000101601
          9.2  0.000123691  0.000101633  0.000101619  0.000101633
          9.3  0.000123725  0.000101664  0.000101649  0.000101664
          9.4  0.000123759  0.000101694  0.000101679  0.000101694
          9.5  0.000123792  0.000101723  0.000101708  0.000101723
          9.6  0.000123824  0.000101751  0.000101737  0.000101751
          9.7  0.000123855  0.000101779  0.000101764  0.000101779
          9.8  0.000123886  0.000101805  0.000101791  0.000101805
          9.9  0.000123915  0.000101831  0.000101817  0.000101831
           10  0.000123944  0.000101856  0.000101842  0.000101857
         10.1  0.000123972  0.000101881  0.000101866  0.000101881
         10.2     0.000124  0.000101905   0.00010189  0.000101905
         10.3  0.000124026  0.000101928  0.000101914  0.000101929
         10.4  0.000124053  0.000101951  0.000101936  0.000101951
         10.5  0.000124078  0.000101974  0.000101959  0.000101974
         10.6  0.000124103  0.000101995   0.00010198  0.000101995
         10.7  0.000124127  0.000102016  0.000102001  0.000102016
         10.8  0.000124151  0.000102037  0.000102022  0.000102037
         10.9  0.000124174  0.000102057  0.000102042  0.000102057
           11  0.000124197  0.000102077  0.000102062  0.000102077
         11.1  0.000124219  0.000102096  0.000102081  0.000102096
         11.2  0.000124241  0.000102115    0.0001021  0.000102115
         11.3  0.000124262  0.000102134  0.000102118  0.000102134
         11.4  0.000124283  0.000102152  0.000102136  0.000102152
         11.5  0.000124303  0.000102169  0.000102154  0.000102169
         11.6  0.000124323  0.000102186  0.000102171  0.000102186
         11.7  0.000124342  0.000102203  0.000102188  0.000102203
         11.8  0.000124361   0.00010222  0.000102204   0.00010222
         11.9   0.00012438  0.000102236   0.00010222  0.000102236
           12  0.000124398  0.000102252  0.000102236  0.000102252
         12.1  0.000124416  0.000102267  0.000102252  0.000102267
         12.2  0.000124433  0.000102282  0.000102267  0.000102282
         12.3   0.00012445  0.000102297  0.000102281  0.000102297
         12.4  0.000124467  0.000102311  0.000102296  0.000102311
         12.5  0.000124483  0.000102326   0.00010231  0.000102326
         12.6  0.000124499  0.000102339  0.000102324  0.000102339
         12.7  0.000124515  0.000102353  0.000102337  0.000102353
         12.8  0.000124531  0.000102366  0.000102351  0.000102366
         12.9  0.000124546  0.000102379  0.000102364   0.00010238
           13  0.000124561  0.000102392  0.000102377  0.000102392
         13.1  0.000124575  0.000102405  0.000102389  0.000102405
         13.2   0.00012459  0.000102417  0.000102402  0.000102417
         13.3  0.000124604  0.000102429  0.000102414  0.000102429
         13.4  0.000124617  0.000102441  0.000102425  0.000102441
         13.5  0.000124631  0.000102453  0.000102437  0.000102453
         13.6  0.000124644  0.000102464  0.000102448  0.000102464
         13.7  0.000124657  0.000102475   0.00010246  0.000102475
         13.8   0.00012467  0.000102486  0.000102471  0.000102486
         13.9  0.000124682  0.000102497  0.000102481  0.000102497
           14  0.000124695  0.000102508  0.000102492  0.000102508
         14.1  0.000124707  0.000102518  0.000102502  0.000102518
         14.2  0.000124719  0.000102529  0.000102513  0.000102529
         14.3  0.000124731  0.000102539  0.000102523  0.000102539
         14.4  0.000124742  0.000102549  0.000102533  0.000102549
         14.5  0.000124754  0.000102558  0.000102542  0.000102558
         14.6  0.000124765  0.000102568  0.000102552  0.000102568
         14.7  0.000124776  0.000102577  0.000102562  0.000102577
         14.8  0.000124787  0.000102587  0.000102571  0.000102587
         14.9  0.000124797  0.000102596   0.00010258  0.000102596
           15  0.000124808  0.000102605  0.000102589  0.000102605
         15.1  0.000124818  0.000102614  0.000102598  0.000102614
         15.2  0.000124829  0.000102622  0.000102607  0.000102623
         15.3  0.000124839  0.000102631  0.000102615  0.000102631
         15.4  0.000124848   0.00010264  0.000102624   0.00010264
         15.5  0.000124858  0.000102648  0.000102632  0.000102648
         15.6  0.000124868  0.000102656   0.00010264  0.000102656
         15.7  0.000124877  0.000102664  0.000102648  0.000102664
         15.8  0.000124886  0.000102672  0.000102656  0.000102672
         15.9  0.000124896   0.00010268  0.000102664   0.00010268
           16  0.000124905  0.000102688  0.000102672  0.000102688
         16.1  0.000124913  0.000102695  0.000102679  0.000102695
         16.2  0.000124922  0.000102703  0.000102687  0.000102703
         16.3  0.000124931   0.00010271  0.000102694   0.00010271
         16.4  0.000124939  0.000102717  0.000102701  0.000102717
         16.5  0.000124947  0.000102724  0.000102708  0.000102724
         16.6  0.000124956  0.000102731  0.000102715  0.000102731
         16.7  0.000124964  0.000102738  0.000102722  0.000102738
         16.8  0.000124971  0.000102745  0.000102729  0.000102745
         16.9  0.000124979  0.000102751  0.000102735  0.000102752
           17  0.000124987  0.000102758  0.000102742  0.000102758
         17.1  0.000124994  0.000102764  0.000102748  0.000102764
         17.2  0.000125001  0.000102771  0.000102755  0.000102771
         17.3  0.000125009  0.000102777  0.000102761  0.000102777
         17.4  0.000125016  0.000102783  0.000102767  0.000102783
         17.5  0.000125023  0.000102789  0.000102773  0.000102789
         17.6  0.000125029  0.000102795  0.000102779  0.000102795
         17.7  0.000125036    0.0001028  0.000102784  0.000102801
         17.8  0.000125042  0.000102806   0.00010279  0.000102806
         17.9  0.000125049  0.000102812  0.000102795  0.000102812
           18  0.000125055  0.000102817  0.000102801  0.000102817
         18.1  0.000125061  0.000102822  0.000102806  0.000102822
         18.2  0.000125067  0.000102828  0.000102811  0.000102828
         18.3  0.000125073  0.000102833  0.000102816  0.000102833
         18.4  0.000125079  0.000102838  0.000102821  0.000102838
         18.5  0.000125085  0.000102843  0.000102826  0.000102843
         18.6   0.00012509  0.000102847  0.000102831  0.000102847
         18.7  0.000125096  0.000102852  0.000102836  0.000102852
         18.8  0.000125101  0.000102857  0.000102841  0.000102857
         18.9  0.000125106  0.000102861  0.000102845  0.000102861
           19  0.000125111  0.000102866   0.00010285  0.000102866
         19.1  0.000125116   0.00010287  0.000102854   0.00010287
         19.2  0.000125121  0.000102874  0.000102858  0.000102874
         19.3  0.000125126  0.000102879  0.000102862  0.000102879
         19.4  0.000125131  0.000102883  0.000102866  0.000102883
         19.5  0.000125135  0.000102887   0.00010287  0.000102887
         19.6   0.00012514  0.000102891  0.000102874  0.000102891
         19.7  0.000125144  0.000102895  0.000102878  0.000102895
         19.8  0.000125149  0.000102898  0.000102882  0.000102898
         19.9  0.000125153  0.000102902  0.000102886  0.000102902
           20  0.000125157  0.000102906  0.000102889  0.000102906
